1.0
0.9989725854527309
0.9958941397184503
0.9907760398146921
0.9836371918337695
0.9745039478168547
0.9634099899352767
0.9226593044178466
0.8616285472643043
0.8173920840171284
0.7347160445700325
0.7152790933341601
0.676253450281819
0.6542078824634473
0.6588533606982516
0.6615673582039595
0.6446701217582083
0.6182909753557416
0.5996696497163255
0.5709905549007911
0.5410236593622056
0.5103798843032421
0.4784343308391535
0.4366334330138792
0.4023044454315178
0.3599336308997346
0.2990272183087405
0.23549801808619067
0.19961557797686047
0.17985919879570564
0.1427217045814334
0.17047629993517194
0.16335791388730145
0.17489811788265305
0.17008068053330938
0.13927376632762806
0.10934235931995495
0.0803717243920975
0.05244210162743678
0.025628413765296818
3.137593470487149E-16
0.02437962278192794
0.04745297037168257
0.06916877240348826
0.08948212364992643
0.10835460493099902
0.12575437327165626
0.16791949487541086
0.2244953980911669
0.2593538113089539
0.3224831851349833
0.3234136081661531
0.33465706487487207
0.32891763462039997
0.2917797061920927
0.264307072763741
0.25218451106453105
0.24135315433080395
0.22696679752359494
0.218188710849299
0.21247617121610748
0.20558222838301923
0.2022804748531578
0.20455672481513248
0.20510958917958524
0.20634695252552918
0.22299649140080283
0.25553562287075093
0.259059171699549
0.2500771657971855
0.25034754225570455
0.19583917530901304
0.16643871873443683
0.1157317473677223
0.07826434592780047
0.06509537670314766
0.05187566279556132
0.038682351000813076
0.02559056798264997
0.01267308518248936
6.209072239725355E-16
0.01236156532820461
0.02434774582752831
0.035898195646727714
0.046956328580890556
0.05746953627456684
0.06738938324713131
0.057057887892865256
0.04357265974816427
0.03844379679836415
0.020658369140138213
0.05969700538540424
0.08036564312901748
0.09407787083295074
0.1405769073649739
0.1690300040436911
0.18466917471234126
0.20148159066750243
0.20830334863060737
0.21580662670526432
0.2161853378496077
0.21575004004117215
0.20849314339149308
0.20371975464921663
0.18868944945197916
0.17544131571095242
0.15181641721299644
0.10602956195672644
0.09388336625562953
0.0714647226467978
0.031155117291481644
0.03619478126379309
0.04073850380171868
0.045360424450873356
0.05093822132600378
0.04256756538062878
0.03407978162745374
0.025527457685862065
0.016962687462070913
0.008436783880032226
3.7398094432274E-16
0.008298740059596974
0.01641209904919157
0.024294572090918568
0.031902718564962886
0.03919537927375651
0.04613387787015439
0.07186500891694736
0.10127226823633943
0.10410958371020497
0.12239720864278555
0.09809847933469465
0.07842627093077083
0.043903043811750066
0.04564396177765498
0.056908889868053064
0.0662359161336574
0.06566945526188533
0.06551111403564495
0.05505006697486728
0.0548985570779805
0.05455977231343094
0.06474487798025473
0.0646073454650662
0.06792481563255362
0.06361752394827173
0.05574700891970582
0.02338900229775756
0.05623614809137709
0.07356452131742398
0.09805737189907314
0.07940915239354784
0.08236250962312916
0.060034217817728726
0.037850671909973925
0.03170319158088302
0.025439031390899657
0.019097499119954866
0.012717877975441393
0.0063391960691479305
1.2804132951786417E-15
0.006261866202460589
0.012409475561783796
0.01840702490262472
0.02422003275573007
0.029815527373657797
0.03516222387761057
0.039447856462207984
0.03870437935897792
0.039022182079323044
0.07097524173698493
0.1046656581328601
0.11608589197604396
0.11564898214369634
0.14173464308962186
0.13332799563473993
0.11897604979297446
0.10441201103520215
0.08266940032439249
0.07362564919577805
0.0715500612065965
0.0691072520682592
0.07364288881655229
0.09001404845628472
0.10082263190864751
0.11425893503525154
0.12428918001676771
0.10308381700911097
0.10736506924441515
0.1041837118393239
0.07825397107966774
0.041964277576210775
0.03665622539916935
0.03939105287836934
0.03019487674906565
0.025325216019945862
0.020348602879243644
0.015296350844885417
0.010199922616159684
0.0050907406937683985
2.0923007812681558E-15
0.005041516417229371
0.010003617540090536
0.014856879372914553
0.019572813786121704
0.0241240302717866
0.028484389719774086
0.04207839259988146
0.04780624050714813
0.036707974883825226
0.07055583723545678
0.03186460149838287
0.012429305886565807
0.050801937819084916
0.08353366094748178
0.07495224837524421
0.0751786770090441
0.09229234263405192
0.11029593759776153
0.12593800461050356
0.12682709808173884
0.1273574736236993
0.11360325634495373
0.09904711677107025
0.08234584148828454
0.07932807849571764
0.089096059142973
0.06351737649279657
0.02495436725976446
0.021563227153309283
0.06597605054468283
0.03120541474257971
0.03737343290742806
0.03518683514662183
0.025185915879489536
0.021143214447610387
0.01700365428408177
0.012793277347068423
0.008538345181070849
0.00426517889045538
1.3921990063540245E-15
0.0042312268559524715
0.008402948491871894
0.012490174076166155
0.016468621510460097
0.020314858443547332
0.024006437118555168
0.03976376344687303
0.030708695662912403
0.04635591708240833
0.066723010375161
0.06527019385926407
0.05174795672947025
0.03044654142633524
0.02047540311699246
0.02263359691996301
0.0643445943302306
0.08134306862190746
0.08702301404917301
0.07414034216614694
0.07332895516014533
0.07241026842706402
0.08497832483300058
0.08090414626022999
0.06920971737472063
0.031711889649371966
0.01477286701249961
0.023674802837972367
0.04566151266770418
0.049941611421251024
0.053636891059090724
0.044891078196195304
0.028244435890466737
0.03960856726027847
0.021665227760590544
0.01819948054447625
0.014645715469348035
0.011026264246841328
0.007363706582084982
0.003680731678742232
1.9826087214742504E-15
0.0036559938856952257
0.0072650565569696585
0.010805428289309162
0.014255912122850658
0.01759599869453671
0.02080598611094118
0.02299917475207758
0.027659783015783698
0.03119796562233415
0.048303142249028465
0.04045008864264667
0.07274921604152551
0.08925365204489082
0.08942240393356002
0.07010941310976807
0.07001022755304859
0.06307190402966507
0.04633354735286759
0.0444558162512586
0.043818547836156845
0.04303778881985476
0.041755374585822645
0.0538203265633668
0.059070670990977917
0.060362152752393546
0.07936853267210696
0.08271453295751051
0.07363367355352936
0.051750048617855704
0.04608206486993067
0.030606587771382462
0.028879227474874286
0.017917806642238812
0.01906471839956686
0.016022861053662123
0.012900431665654685
0.009717023953107052
0.006492489323494723
0.0032468146625350375
0.0
0.0032280632073167347
0.006417712443588905
0.009549632433256948
0.012604970668225177
0.015565449480289881
0.018413474000511187
0.03818502710383393
0.02286796726263174
0.03311093224284736
0.00965724989876361
0.03180549005867548
0.03732133437648771
0.012091085574330656
0.03239685929829772
0.06724203127908937
0.06371023536226356
0.04971793000148161
0.060802663312297986
0.08006041338145382
0.08070445275848248
0.0811727256189333
0.06316530250858504
0.05248875747806684
0.06363334036400413
0.07078317279483115
0.04065174287448203
0.0245454991639523
0.033257174994965874
0.03287660448761549
0.010044297434551219
0.027679307401407127
0.02041614495474877
0.03696486881260275
0.01707317065595514
0.01435464711438995
0.011561772961431778
0.008712048594937719
0.005823233049986213
0.0029132344336080277
4.016625754273448E-15
0.0028985934653051985
0.005764848289298663
0.008581352929303827
0.011331086723561402
0.013997521750358975
0.016564721191945686
0.008749279277101337
0.033281723025016245
0.024712902425349622
0.05344253042274235
0.05870353179744895
0.03393809048382328
0.027343673551005608
0.0069173360684249945
0.010704123513933768
0.03946328821835599
0.06542803772370791
0.08349100200255499
0.07375533737525296
0.07296013680276352
0.07201285734403684
0.0817739876803373
0.06574224769786077
0.04431255233944764
0.014002039511349876
0.003954652878954149
0.022028775287506942
0.020175873418692113
0.05109197532990558
0.05466215878613461
0.022401864700901886
0.03376427758433686
0.005010445705950921
0.015505857279760234
0.013041013712293034
0.010507026791997214
0.007919752519509623
0.005295302366411489
0.0026499437508190247
1.4266778227744839E-15
0.002638249589543051
0.0052486689873540845
0.007815363359245844
0.010322775102726969
0.01275577741173063
0.015099764812136556
0.03344854824938821
0.013759392751338343
0.022746576126485635
0.02476392353900962
0.02825129127539942
0.048383027467897945
0.06742412548068007
0.06025256215947942
0.05836665275268558
0.03669499374101958
0.030317060434393712
0.022115188451178717
0.031875897953579924
0.03228605177076086
0.032585746599487056
0.021369769717353205
0.025423197961352763
0.0290138583754697
0.05088993070415013
0.05594329450908429
0.067290903998496
0.05272831872315696
0.03113209872719851
0.023342308401515303
0.024820644653062243
0.010884912079488204
0.03135908595537884
0.014246258644907054
0.011984803983150886
0.00965858444441996
0.007282136745884039
0.004870248084481525
0.002437864729543306
3.859200138856182E-15
0.002428357810788824
0.004832337001509488
0.007197272964719137
0.009508797076708495
0.011752923439940763
0.01391613295761886
0.0024204981004438985
0.030253210814415628
0.01885145024911099
0.04654527886071864
0.01198453779463975
0.01181999688690432
0.01332321456240488
0.021903315832360923
0.02927168720385866
0.05109261086304649
0.03580858835884957
0.027727589188072013
0.04334102045036611
0.043650357650090676
0.04389104070114001
0.027986213495717328
0.035217490557780236
0.05097055464115951
0.03353832250501809
0.025225893847727936
0.009775190427388811
0.01141277689879442
0.003357632001647542
0.0421172369620805
0.017563298394912757
0.027058229497218766
0.004795883314196421
0.013217291849714206
0.011121676278224723
0.008964995797927578
0.006760710998605116
0.0045225273098675805
0.002264310251774467
4.5516690912123974E-15
0.0022564742107741283
0.004491279322585055
0.0066907628099801475
0.008841535644208236
0.010930553364367879
0.01294519476696223
0.02644438843949832
0.009305405280861346
0.028622962204314806
0.009474586909833198
0.04935918275946143
0.03683875706362406
0.031729504953689334
0.020225351951558175
0.015253870906861675
0.03417483563330515
0.04493794182500766
0.06482237697170841
0.06062210348351145
0.060007591356929235
0.05922857906819956
0.06356386117684881
0.04463783997621379
0.03668450118531585
0.016085940139101196
0.017290947630079538
0.02280627817320104
0.027032635515924604
0.050542303030232896
0.0057338350434729245
0.02769487832724018
0.011767342231360658
0.02391367124663833
0.012365975136842714
0.010407368373054547
0.008390836793723697
0.006328951709566039
0.004234523600867417
0.0021205228934355566
2.6056202695075917E-15
0.0021139948823741487
0.004208491728060467
0.00627067990419972
0.008287986175752715
0.010248151021483983
0.012139302799509687
0.008924160095390035
0.017520475276565847
0.012816029172111254
0.03280439565626702
0.007837145040588486
0.030554947219793828
0.034157321008057684
0.031498055417897776
0.04066155122320911
0.029091409031996213
0.020004215129753956
0.011403004456420573
0.02546935616692218
0.026189140043942433
0.026763652000102427
0.014212559015384908
0.02025552107911594
0.024751267195548838
0.03828139585383691
0.02964668062571516
0.03610382636102698
0.03763892296978613
0.004371052179332832
0.030340036674826546
0.012323936359368296
0.013345337187177191
0.010352202117221295
0.011654737426118842
0.009810470346242809
0.007910951711348585
0.005968010510532141
0.00399370952924693
0.0020002707528315256
3.1945986220835624E-15
0.001994788750868843
0.003971848879046076
0.005919076020935646
0.007824581895456652
0.009676766606716796
0.01146438898583965
0.018677664938947777
0.018791523557227897
0.01962689449592747
0.008160141161054313
0.03589737649193254
0.0041506419799077045
0.009994779306080252
0.02621833867074099
0.017990031575287817
0.029418654828095376
0.021984353224567967
0.014136719623280747
0.014892484073091537
0.014860884010761929
0.014777802736817204
0.012406755357932231
0.021394252411616816
0.027692415068040193
0.01888448568717782
0.028829835935248547
0.013735162755255664
0.006511623955471184
0.029071502810063172
0.010962247612720574
0.0155612260718119
0.021080167368752473
0.016344259127239632
0.011056240820028825
0.009308114012792964
0.007507015135160502
0.005664148820689409
0.0037909485941308913
0.0018990061775862209
5.099523453747241E-15
0.0018943766504754358
0.003772487390707049
0.005622823984443427
0.007434076627061807
0.009195202845300926
0.0108954945936917
0.012136895300611194
0.00702920163489031
0.018924903746709305
0.019921614562512492
0.019398511188450793
0.04447018924272747
0.024785817328914606
0.029594987884021283
0.022627043013772274
0.03018657837152247
0.0343912245592129
0.03989564386933563
0.040305029152042766
0.03994329074588773
0.039432052832832215
0.03894003626955708
0.03336139801606041
0.03185772552702806
0.021359631818655363
0.030090363687013535
0.023197874671042625
0.04130132806614642
0.024721554510785154
0.016362137084103178
0.02201874007090006
0.00715388149811139
0.012447104278155001
0.010550164881391006
0.008883293100558062
0.007165392548760001
0.005407139946444133
0.0036194365539002865
0.001813340784366066
3.1012641192073453E-15
0.0018094180900315986
0.0036037940082445804
0.005372124644467433
0.007103590532064891
0.008787621854592479
0.010413962781394588
0.01252376670229818
0.023161763058605477
0.006589162567963652
0.02378683873642243
0.010228159240744905
0.013401951129389803
0.03184110916414495
0.01886038460835653
0.026635804653752135
0.01313574186422157
0.023997679951325863
0.01837955390442618
0.02225973967900701
0.022606936828916964
0.022805581508526556
0.019415732425074838
0.02511115087503649
0.012416149841131667
0.027670045794055728
0.01341100510064637
0.032039120780685194
0.017060471243458865
0.005859093042708456
0.027455186220687617
0.00457922849064974
0.022534705783085834
0.011468823760286342
0.010121138014665132
0.008523137976574875
0.006875761877452617
0.005189238702480533
0.003474018218226229
0.0017407063958194574
3.898700898999308E-15
0.00173737925353101
0.0034607505683603686
0.005159539561484141
0.00682334298064714
0.008441992249959656
0.010005615456476977
0.012042642920507019
0.010108440385588283
0.02520114143381362
0.010772253794811663
0.031691517954875376
0.023448492841817263
0.02838720638333955
0.03207216748376388
0.01846657092173168
0.028965710808609605
0.012775748231694408
0.019811523797753562
0.018329161000188755
0.01848808920739428
0.01852018389760804
0.019859406888772385
0.012068925388930242
0.02783891816912384
0.01791246065130641
0.0327566754423917
0.030115321019628636
0.018585310909582747
0.03147484318418538
0.009167660963820226
0.02399683967727554
0.01105448703498831
0.011392708469348369
0.009757366466508774
0.00821777141827003
0.006630198648214896
0.005004497114994636
0.0033507334073900005
0.00167912955664162
3.161637077498878E-15
0.0016763119168682619
0.003339497508489125
0.004979345999436941
0.006585807068178167
0.008149052303006997
0.009659535194489659
0.01128774176236138
0.01817473664332678
0.005466523364295542
0.02935393664574468
0.011095105150936336
0.023665602943771905
0.012967675804599704
0.02262325819250834
0.022427750973823376
0.01998779571168099
0.028409444678045685
0.018839092205181898
0.017938350202273176
0.017877182567069588
0.017693729951762615
0.01847388726146639
0.027658665085362032
0.020983255908853162
0.02007681173910478
0.02492615131625589
0.006930126123950093
0.02407110807587616
0.014820078113409319
0.02676802256428754
0.008168731970863846
0.015664489667841452
0.011966080771931797
0.009449702303222982
0.007959530298472734
0.006422553345591827
0.004848298416954599
0.0032465075731310912
0.001627077802788112
1.3769265044633501E-14
0.0016247025454946583
0.0032370357671770936
0.004827096171897963
0.006385131545149814
0.007901600640546222
0.009367231488445819
0.009275128640136202
0.011904512252501994
0.015999584088356784
0.0061380873092020125
0.028669263908736396
0.012908980404179314
0.035937764746088584
0.014507345854923082
0.026960899017043474
0.026103776244937916
0.018497561451108584
0.021864233052299627
0.020647461733768295
0.020432924425231404
0.020085004204275368
0.021185027869344675
0.01913994392642824
0.025302799379711374
0.03005751591022343
0.007733772127150186
0.035179093410767935
0.016130583368060433
0.026687194662740228
0.010050594895937888
0.01232072226753643
0.011881047296128284
0.007981366607188596
0.009190996056048475
0.00774242472715194
0.00624801851986984
0.0047170329024173886
0.003158936495763838
0.0015833526258646575
1.435800036837013E-14
0.0015813671279489704
0.003151018935389845
0.004699309784063076
0.006216737382104461
0.007694000992687675
0.00912205833346637
0.01397818244216013
0.01180103322302126
0.016499065438217168
0.014474241624398296
0.015712955135958166
0.02593026108848468
0.02209157436939257
0.036205756658404746
0.014515729731551966
0.022497675249995498
0.02294885900036396
0.026123202257660374
0.033340159576585614
0.03371412970146201
0.03396070884599858
0.026720865413424916
0.022920123697349262
0.02393574322903261
0.013429768706557193
0.038218927299232264
0.028180735909450798
0.02471348920946505
0.013034053119731211
0.010550126529139944
0.018946346098653272
0.012208961628642849
0.014935403801229093
0.008975639047645636
0.007561755518893515
0.006102822496019926
0.004607868489188123
0.0030861338289934373
0.0015470136525473047
6.824619181902637E-15
0.0015453766227208293
0.003079605855298307
0.004593255909146539
0.0060770314496974166
0.007521830580315951
0.008918800579128158
0.005172032990271671
0.011377771244945665
0.007220326516115009
0.021233404322380953
0.019263587047142556
0.015145485373563257
0.02755212372249752
0.02628247987440033
0.03381029073533246
0.00928182952196304
0.01813527320075637
0.018742429570608895
0.011650348689734734
0.011695063440316839
0.011699123721575373
0.019854166176532035
0.018014614316997492
0.010884912079492834
0.031848077189940406
0.02803889695522254
0.026203041483321966
0.012363287679256455
0.02014940559177643
0.022761132567436698
0.007730505876076309
0.010931577593556082
0.004160696259074481
0.008799235330320019
0.0074138399131611086
0.0059840096969037086
0.004518586115970926
0.0030266216949438817
0.0015173242190251932
2.2191374201345663E-15
0.001516003413004865
0.0030213547264781137
0.004506796245609608
0.005963200715930923
0.007381627315086503
0.0087533764516085
0.016431979080736358
0.016161517193587386
0.020640827648618618
0.004306256535142915
0.014011137422160893
0.021063455203426208
0.042876733895625754
0.026340274153329738
0.01237707411455718
0.04520985571825535
0.017448746126089664
0.01766974418925026
0.01962849855397467
0.019171781118707557
0.01861049206022709
0.015903532749239457
0.016496629810777944
0.044671804660598925
0.015696836662883035
0.02053150326317008
0.04089454213597906
0.023403315427281135
0.016077071295210466
0.005610184391668341
0.019304451045038216
0.017752131993615635
0.01682248147137555
0.008658364370329706
0.007295813132381179
0.005889281682094723
0.004447460615537635
0.0029792514937075475
0.001493711970470852
3.532599902978072E-15
0.0014926825330990295
0.0029751464147071715
0.004438271585377618
0.005873063161213484
0.007270706647692207
0.008622622008374362
0.004618659091145179
0.008913644590602598
0.00975380645725018
0.01989866657078573
0.025853994950193176
0.01674641892400088
0.008705231994405685
0.02804927940812125
0.019740605407506932
0.004680680429451757
0.025834426302601275
0.030640717752632197
0.04028334333104676
0.040734344877498566
0.04107189761901841
0.03060378533508374
0.026566679879744547
0.00768587418757037
0.018242315696202795
0.028393193477828343
0.006784093316347203
0.017094325571996374
0.02504689458466527
0.017414553063572157
0.010558299434192946
0.0076095237897440835
0.005937384335594523
0.008550408863433358
0.007205484406083429
0.005816881820232469
0.004393174290419235
0.002943146454455943
0.0014757402795240306
9.733853712491905E-15
0.0014749835446356454
0.0029401288293561707
0.004386419477509142
0.005804959666128105
0.007187028762762023
0.008524134858665355
0.016832358134318298
0.01903468119070906
0.013183643106675079
0.013179618732939272
0.011393792899858559
0.026047754574835942
0.01662731089365169
0.009204736089747242
0.02285537024133571
0.00859987206382066
0.007969566195176548
0.02774746214525764
0.02756975896206715
0.027362403163030624
0.02711274280528171
0.029088102837876887
0.00801471152636857
0.0061219096098314805
0.022133380409017786
0.010627665991908187
0.013807406921982453
0.023911328672084644
0.008647967724183582
0.015015625973443154
0.011679481599965853
0.018347057792330625
0.016440784157396037
0.008473430582406242
0.007141233191080205
0.005765512186415745
0.004354754658460117
0.002917660267525153
0.001463087672366959
1.3470410440300286E-14
0.0014625903074144376
0.0029156769298960884
0.004350315050559692
0.00575767634010962
0.007129103207225553
0.00845616198229957
0.009260528388107788
0.005413167935900437
0.013801864440862874
0.010976729317016404
0.019690521486326627
0.008795012406813497
0.030104228384475358
0.02114686678805759
0.01568933062527819
0.04610240529842793
0.025960745581706957
0.007459241355018488
0.01880317467135619
0.01858925625080693
0.01831265051362947
0.00515614167999701
0.025387302297897967
0.046207726664811724
0.017740725956830267
0.019364287784664386
0.03152537653333909
0.012361615791926949
0.02068265039647224
0.010429022779517256
0.014907256595265093
0.006330276832474654
0.010842059152140789
0.008426082790690277
0.007101936019149442
0.005734275035341304
0.004331530647302647
0.0029023480018481856
0.0014555333780341705
9.916509010467792E-15
0.0014552867977775101
0.0029013647161464226
0.00432932960880301
0.005730390233518629
0.007095922300635019
0.008417521487012537
0.014840728836446751
0.014224252052861137
0.013598651928185037
0.015274948838981313
0.019573377230277342
0.023392257586583552
0.019513226698543933
0.017226319188800937
0.024401255227757084
0.0069980596261433325
0.017266336510007717
0.032504029257599515
0.037911850650926636
0.038318573788949595
0.038643236402683294
0.031598870806753575
0.018141263019098713
0.01000843256087445
0.02500018389771875
0.018344847390949586
0.021768327871930147
0.024156683817572334
0.022393044185844875
0.013893940355806165
0.014832302172304742
0.01174549028962008
0.01372624119343383
0.00840755161045649
0.007086917623856577
0.0057226337778189884
0.004323103446455628
0.002896946794170273
0.0014529477539626527
