1.0
0.9989725854527285
0.9958941397184456
0.9907760398146909
0.9836371918337681
0.9745039478168519
0.963409989935277
0.9503961825331828
0.9077550648923671
0.8817996255715492
0.8448390840294017
0.8247010756166221
0.8029488998089596
0.7796617213644869
0.7549240307074897
0.7288252765996606
0.7014594780739417
0.6729248175033684
0.6434074420339236
0.6128541776517595
0.5814479496314419
0.5492992592616049
0.5165205367234278
0.4830838903913929
0.44937374779789957
0.41537667537284345
0.38120795589614914
0.3469824166903324
0.31281397632075697
0.2788152140698727
0.2450969782761904
0.23017140397799102
0.20656469126494476
0.2016731299197532
0.1700806805333096
0.1392737663276273
0.1093423593199546
0.08037172439209718
0.052442101627436365
0.025628413765296714
2.510383892794414E-16
0.02437962278192764
0.0474529703716824
0.06916877240348787
0.08948212364992628
0.10835460493099748
0.1257543732716556
0.14165622109465462
0.18312600205394305
0.20519958029923402
0.2347953075806903
0.24454135088508946
0.25276294027651175
0.2594741179582429
0.26469515753572553
0.268452378006698
0.27077793459976485
0.27170958665446754
0.27070644860756155
0.2689658284576263
0.26597631816425726
0.26179546783478896
0.25648499474192943
0.25077979730119127
0.24342371303210517
0.23514298816072932
0.22601218427307945
0.21610818341324955
0.20550981069537075
0.19429746103284118
0.1825527358577359
0.15224749827838677
0.13044139534656538
0.09130375337943725
0.0782643459277998
0.06509537670314794
0.051875662795561446
0.038682351000812056
0.025590567982649588
0.012673085182488565
5.57256657974737E-16
0.012361565328205185
0.024347745827528508
0.035898195646728366
0.0469563285808896
0.05746953627456644
0.06738938324713134
0.07667177800935211
0.060937773686035805
0.0599595230453427
0.05029465755235305
0.05656586398160766
0.06210859525070352
0.06688805614978892
0.0708822710743354
0.07407842837863135
0.07647104883366669
0.07806098251972611
0.08266321626745206
0.08274244647809793
0.08207045814502001
0.08067030270996264
0.07857070267471018
0.07147636515334123
0.06791965419620621
0.06375614056501244
0.059035199518556375
0.053814959635307365
0.04816629346040487
0.042180945753717565
0.035989015399189424
0.04421267718140718
0.04523632995267334
0.059138962311213954
0.05093822132600483
0.04256756538062775
0.03407978162745253
0.025527457685863106
0.016962687462071285
0.008436783880032876
1.0279653665365836E-15
0.008298740059596188
0.016412099049191088
0.024294572090918114
0.03190271856496259
0.03919537927375629
0.04613387787015437
0.0526822056322384
0.08249286454517576
0.09727998493888372
0.1195426649481959
0.12408456149034511
0.12810964607578257
0.1315998003470459
0.13454059278407585
0.1369212596040083
0.1387346806013071
0.13997734591702857
0.13834831452397353
0.13841800228042891
0.13793491548413436
0.1369096868248772
0.13535634860021653
0.13569178682262384
0.13313144585487718
0.13009412344853083
0.12660524494989311
0.12269285175752415
0.11838746038727549
0.11372192626057041
0.10873131872833448
0.08669303963758777
0.0719288168107617
0.04384237336355531
0.03785067190997184
0.03170319158088152
0.025439031390898464
0.019097499119954106
0.01271787797544172
0.006339196069146898
1.2091260125029292E-15
0.006261866202462453
0.012409475561786081
0.0184070249026258
0.024220032755730574
0.029815527373655733
0.0351622238776097
0.04023068962729654
0.0311071967801914
0.02900045024009741
0.025512549785037544
0.027307716953017074
0.029262135212702812
0.03120653946892566
0.03302160972234995
0.03462514046779365
0.03596141488796185
0.036993758873980695
0.05007717843398857
0.05049194966101844
0.05059353347349814
0.050387229456716816
0.04988578549297599
0.036249011902903784
0.03506830791326681
0.03367051092201904
0.032115012350991005
0.03047951655823244
0.02886451868290805
0.027397055167464393
0.026230233191638235
0.027784033478340353
0.02938306983067171
0.03492661100535095
0.030194876749067612
0.025325216019946913
0.020348602879243567
0.015296350844887417
0.01019992261615911
0.005090740693765378
0.0
0.00504151641722957
0.010003617540091861
0.014856879372912678
0.019572813786122537
0.024124030271787205
0.028484389719773417
0.03262914937775154
0.05510280641981924
0.0677025490945924
0.0859751577376208
0.08877813049193667
0.09128803949097224
0.09348885927761469
0.0953671254042166
0.09691190988077555
0.09811480279498458
0.09896989563669834
0.09525909567331937
0.09535900407013294
0.09512671495324694
0.09456642397576416
0.0936849963344583
0.09677552361420347
0.09523580626898624
0.09338795441886046
0.09124720528011904
0.08883091871031226
0.08615853106489742
0.08325151758376234
0.08013336851683302
0.062348363127438335
0.04969969690277458
0.029106096167605983
0.0251859158794876
0.021143214447609405
0.017003654284083295
0.01279327734706647
0.008538345181070706
0.004265178890455606
1.6459060226938131E-15
0.00423122685595282
0.008402948491872233
0.012490174076164639
0.01646862151045521
0.02031485844354657
0.024006437118551962
0.027522022293952165
0.028582940678087646
0.027835355341650027
0.0290588147762227
0.029654694159361197
0.030405903496414536
0.03123324683825648
0.032068720460609476
0.0328566236463012
0.033553113651717016
0.03412509660849502
0.05109588438689025
0.05140404657055453
0.051527069394073394
0.051464449720299156
0.05122032559525409
0.0341707879823597
0.0336374796199751
0.0329970765805444
0.03228329566775287
0.03153754846218555
0.03080896743330966
0.030153766449157147
0.0296334498218948
0.028127199764036496
0.028681974274668034
0.025021011314592233
0.02166522776058751
0.018199480544475493
0.014645715469342636
0.011026264246838748
0.0073637065820861625
0.0036807316787433085
2.369436085819459E-15
0.0036559938856940686
0.007265056556970947
0.010805428289310305
0.01425591212285104
0.017595998694536086
0.020805986110944523
0.023867094172387446
0.03928128905463618
0.050743875209474175
0.06516224291824019
0.06708731387136896
0.06882144713792702
0.07035007328258837
0.07166077178508036
0.07274322815418148
0.07358920142853477
0.07419249857768163
0.06849186064457047
0.06852906432181052
0.06834868587343
0.0679527667009333
0.06734579492587299
0.07262224108556956
0.0715212643895592
0.07019945525582504
0.06866820061093641
0.06694076746400233
0.06503230508494906
0.06295985947262446
0.060742404145617435
0.04699507526823215
0.035450220834302035
0.02200678902194688
0.019064718399566378
0.016022861053655833
0.012900431665655559
0.009717023953106724
0.006492489323494348
0.003246814662534468
1.841116076443667E-15
0.003228063207313273
0.006417712443588303
0.009549632433256969
0.012604970668226264
0.015565449480291016
0.01841347400050795
0.021132235375585413
0.028791775761328547
0.028421032604447085
0.03001283231141631
0.03065489523238227
0.03135848599506396
0.032077965579671394
0.03277383185376628
0.033412998320035386
0.033968607679345106
0.03441963014851554
0.052309525723243475
0.05254672148865669
0.052621757820028404
0.052533497512153464
0.052283586758440054
0.03438099482715674
0.033918426229061535
0.033350887872081396
0.03269734739191198
0.0319812183549867
0.031230467162804927
0.03047758008060198
0.029759245187224684
0.02826727078635985
0.028656507541181202
0.019700210362089764
0.0170731706559515
0.014354647114386875
0.011561772961430523
0.00871204859494081
0.005823233049988083
0.0029132344336116165
7.516895076554265E-16
0.0028985934652956927
0.005764848289297233
0.00858135292930741
0.011331086723562183
0.013997521750362821
0.016564721191941623
0.019017433623293434
0.027524227754173326
0.03830554917335554
0.04863131456302681
0.05004275157980302
0.051322952243302654
0.05245772817931031
0.05343493196422858
0.05424438451506876
0.054877816857901274
0.0553288238607452
0.047746679367711785
0.047733100040287434
0.0475722282739561
0.04726480164960985
0.046814057798938276
0.054072345772332824
0.053217624026164076
0.0521933224031566
0.05100893171787996
0.04967573592233012
0.0482068580091614
0.04661732617238026
0.044924164427005926
0.035399194976619114
0.024493193974449018
0.017886055366202778
0.015505857279751985
0.013041013712288614
0.010507026791997533
0.007919752519502731
0.005295302366409914
0.0026499437508161416
1.1173012374300833E-15
0.0026382495895487155
0.0052486689873553535
0.007815363359243939
0.010322775102728098
0.012755777411734818
0.015099764812141885
0.017340740130545606
0.027790685226162546
0.027131460084743306
0.028187909492300895
0.02903810204352166
0.02988214422139301
0.030689144766175666
0.0314329945752758
0.03209207137607052
0.03264886623729854
0.033089611642334024
0.0501390583165602
0.050329152970402594
0.05036016297993856
0.050231238856791774
0.049943363335250214
0.03292628804530118
0.032428616181024356
0.03181187536548734
0.03108794063516758
0.03027163824557464
0.029380947335419936
0.028437229601766197
0.02746545134670292
0.026444392887243987
0.0271819335096586
0.016428752422941756
0.014246258644903255
0.011984803983149349
0.009658584444423178
0.007282136745885621
0.004870248084483121
0.002437864729544089
1.4721758353200903E-15
0.002428357810784743
0.004832337001506552
0.007197272964717432
0.009508797076710679
0.011752923439937486
0.013916132957619513
0.015985454238319718
0.018225956954924166
0.028714097085106676
0.0347576568190531
0.03588481668109072
0.036917153137573426
0.03783997501202426
0.038640775490786566
0.0393090860123276
0.03983635818474497
0.04021587040978133
0.03082646190727181
0.030803942814283423
0.03067239950167514
0.0304311665459464
0.030082351813454904
0.039228911756011065
0.03852811717695366
0.0376860726610728
0.036711022060904035
0.035612985250635165
0.03440386398255142
0.033097589263977996
0.031710320470238765
0.026569721350322855
0.01591558935042616
0.015238710305110793
0.013217291849713804
0.011121676278225818
0.008964995797925156
0.006760710998607294
0.004522527309869611
0.002264310251770615
2.5871704841055687E-15
0.0022564742107779364
0.004491279322588658
0.006690762809977186
0.00884153564420651
0.010930553364367468
0.01294519476696268
0.014873337741864681
0.025249089240115156
0.02406994428132871
0.02495547274772983
0.025988184231941734
0.026965268747161566
0.02786577478187666
0.02867237275967628
0.029370880121229737
0.02994987341804475
0.030400382331439435
0.044862339514577534
0.04501357774466404
0.04500871757203209
0.04484729077533056
0.044530136930097254
0.030163536878137873
0.029632597892757413
0.02897133733525352
0.0281875304243638
0.027290874331410152
0.02629315063696691
0.02520845771642377
0.024053530994171412
0.022993552092408352
0.02422313631842606
0.014254402945588622
0.012365975136845515
0.010407368373052757
0.008390836793721535
0.006328951709567049
0.004234523600871892
0.0021205228934396605
2.567333294553827E-15
0.0021139948823757342
0.004208491728061868
0.006270679904200824
0.008287986175759252
0.010248151021482287
0.012139302799507638
0.01395002931599495
0.011659071593080399
0.022100171817251067
0.0237940275220804
0.02483653785448797
0.025799262964926097
0.026667086404026725
0.027427425177326
0.028069906402907668
0.02858612514384547
0.028969464961828652
0.018511539873698753
0.018570124768232926
0.018518518518520537
0.018354323313884972
0.018077945118295205
0.02830732602052318
0.027705426651831497
0.02697226990790411
0.026114598381169207
0.025140761321925005
0.02406086791210606
0.0228870189797383
0.0216336516502123
0.020902546395800477
0.010461692802641632
0.01343223112505011
0.011654737426117674
0.00981047034624338
0.007910951711348181
0.005968010510534767
0.003993709529245338
0.002000270752828007
1.9302609576799626E-15
0.0019947887508714765
0.003971848879049134
0.0059190760209347024
0.00782458189546131
0.009676766606717286
0.011464388985834963
0.01317663454716782
0.02145010032087607
0.019849187129061426
0.021310454910874275
0.02244742904884465
0.0234959752329151
0.024442997729884185
0.025277661257983166
0.02599105211116908
0.026575942878870634
0.027026628131835356
0.03725320155527624
0.03737048825603558
0.037338591197065424
0.03715733777141147
0.036827567947124634
0.026761425134012754
0.026223068122608825
0.025550797591395003
0.02474995278327903
0.023827063878453708
0.022789906802537434
0.021647598823707512
0.02041075747823461
0.01859256110358867
0.02013017400072656
0.012740489276205804
0.011056240820025928
0.009308114012789762
0.007507015135160275
0.005664148820685719
0.0037909485941294177
0.0018990061775883043
2.8816361469172384E-15
0.0018943766504769715
0.0037724873907055215
0.005622823984443173
0.007434076627063276
0.009195202845304652
0.01089549459368805
0.012524643141227011
0.00948494309236711
0.019139125202925825
0.016917232629912408
0.01803564813288029
0.019063439129979428
0.019988800035501915
0.020802069619239076
0.021495347377848646
0.02206224729599034
0.022497737268538487
0.014839468759303103
0.01507030497796645
0.01516367485391395
0.01511864844400098
0.014935534977364778
0.02221891207178752
0.021691516412298245
0.021033305633317345
0.02024906784473452
0.01934463797490643
0.018326942527742727
0.017204086842791295
0.01598551540450571
0.01896790075631353
0.00978241027593714
0.012155621864998665
0.010550164881388737
0.00888329310055579
0.007165392548761208
0.005407139946449627
0.0036194365538992188
0.0018133407843646606
9.268993732624428E-16
0.0018094180900293862
0.003603794008248691
0.005372124644470464
0.007103590532063801
0.00878762185459717
0.010413962781403285
0.01197273374157437
0.016853587374391295
0.015348049091655741
0.01782991209915086
0.018979333774561964
0.02002586185029704
0.020961597277280083
0.0217797453246419
0.022474534151367537
0.023041168327041957
0.023475802250840477
0.028254253172636065
0.0283463167462524
0.0282992195704174
0.02811292160818892
0.027788246416106572
0.023212763488955977
0.022692999577286217
0.022043281235467713
0.021267781295036148
0.020371482390951677
0.019360154192387492
0.01824033227306096
0.017019302486739843
0.014230754796134738
0.015408498452940813
0.011659817132509612
0.01012113801466656
0.008523137976574141
0.006875761877445924
0.005189238702479728
0.00347401821822697
0.0017407063958154887
4.581518662786635E-15
0.0017373792535235303
0.0034607505683593286
0.005159539561487761
0.006823342980653307
0.008441992249958627
0.010005615456472123
0.011504697401000267
0.011416253320046301
0.019507946858020476
0.014940626238698296
0.016105952796903737
0.017168335003943266
0.018121080465363943
0.018958316169370854
0.019674978663679073
0.0202668160996702
0.02073039509961472
0.019450239267350428
0.01972686398885116
0.019869485143992276
0.01987803821816886
0.01975328404073037
0.0207308382910838
0.020270291004833487
0.019683882744952308
0.018975549178003634
0.01814997256912486
0.017212551103013316
0.016169363986590565
0.015027132526624642
0.019967235646444315
0.012279232605679187
0.011239413419890326
0.009757366466510696
0.008217771418263244
0.006630198648217377
0.005004497115001114
0.003350733407392157
0.0016791295566451793
2.0767742666380326E-15
0.0016763119168711664
0.0033394975084880692
0.004979345999417883
0.00658580706817767
0.00814905230301316
0.009659535194491089
0.01110804929968396
0.012115347896388465
0.011989246206698343
0.014764285434555414
0.015858153914096333
0.01685097034890348
0.01773665333762846
0.018509790497042173
0.019165670848507167
0.01970031289398563
0.020110488230247536
0.01916490144349655
0.019253545907689164
0.019212932685911916
0.019042977701504833
0.0187443951719187
0.019875652681486455
0.019390244088226344
0.018782957094088927
0.018057642357081304
0.017218891613246193
0.016272017354573617
0.0152230331536682
0.014078638421233095
0.01153183953445516
0.010818353168191016
0.010883816402479787
0.009449702303206135
0.00795953029847152
0.006422553345596568
0.004848298416954935
0.003246507573134311
0.0016270778027895852
3.889770541486852E-15
0.00162470254548888
0.003237035767176993
0.004827096171892319
0.006385131545157096
0.007901600640547466
0.009367231488449394
0.010773077968523986
0.014212626581963539
0.02143854567783672
0.015825398098959026
0.016931699418066447
0.017940849244625173
0.018846772593811078
0.019644080396452816
0.020328089197693508
0.020894841109917267
0.02134112213712588
0.02520131052828024
0.025452561817482344
0.025577804686736226
0.02557693392798561
0.025450625544232223
0.021405842252433516
0.020983677375727792
0.020443201853375736
0.019788147267454793
0.0190229768863163
0.018152868168508553
0.017183696203708163
0.016122021351635346
0.022003658484863162
0.014925188985395575
0.010584747402743167
0.009190996056047174
0.007742424727153687
0.006248018519867232
0.004717032902417158
0.0031589364957616277
0.001583352625866853
6.815711291018256E-15
0.0015813671279535126
0.0031510189353833175
0.0046993097840578165
0.006216737382105785
0.007694000992689779
0.009122058333470172
0.010492180819401226
0.00842925272676689
0.011627890873141528
0.01227457681613792
0.013301773865023524
0.014236838481447672
0.015073299151020347
0.015805521082345245
0.016428664455952955
0.01693866803070872
0.017332245265217837
0.012649950354453888
0.012782954867756614
0.012798897918242265
0.012698123543005679
0.012482018497966945
0.017162952296903747
0.01671510244012681
0.016152667562014077
0.015479387037856998
0.014699776164423252
0.01381913863465086
0.01284359995934359
0.011780181957369178
0.012124758365729814
0.007840899734833496
0.010335712165389532
0.00897563904764393
0.007561755518895269
0.006102822496013961
0.0046078684891891885
0.003086133828988958
0.0015470136525570972
2.815088200663183E-15
0.0015453766227189133
0.0030796058553009677
0.004593255909150196
0.0060770314496994176
0.0075218305803118005
0.008918800579123708
0.01025939204802629
0.016181509928391208
0.02327660733449453
0.016714124299940986
0.017754971182460902
0.018704311863719493
0.019556134509999493
0.020305115953746417
0.02094663030036269
0.02147676113057349
0.02189231436941661
0.02908523640143118
0.02929366084587254
0.02938433490938912
0.029357222307419866
0.029213084279794292
0.02189407321457293
0.021480615426443417
0.02095384698948478
0.020317244966495958
0.019574985412520004
0.018731924688765524
0.017793580340801467
0.01676611368137206
0.023632675613069202
0.016522791053337812
0.010131620185259307
0.008799235330312943
0.0074138399131610635
0.005984009696893386
0.004518586115970796
0.003026621694954413
0.0015173242190161214
4.59700047828245E-15
0.0015160034130014084
0.0030213547264753304
0.0045067962456074185
0.00596320071593767
0.007381627315090362
0.008753376451608645
0.010070043035636255
0.007828785900505765
0.014231306116874278
0.010753679209979149
0.011754980426624958
0.012668974159478152
0.013489125466617582
0.014209794526130621
0.014826156513979918
0.01533416425069533
0.015730532230698837
0.01328282359746858
0.01346108552840648
0.013556496436466307
0.013569214600150318
0.013501444717800834
0.015675506982100972
0.015261819504834429
0.014737330482003465
0.014105484165938377
0.013370446521471473
0.01253710498415202
0.011611081347679785
0.010598772309396513
0.015201212931395917
0.008347013652212281
0.009968509378498408
0.00865836437033271
0.007295813132383534
0.005889281682092932
0.004447460615538008
0.0029792514937102264
0.001493711970467501
2.149603967750184E-15
0.0014926825330965276
0.002975146414708412
0.004438271585382918
0.0058730631612042205
0.007270706647694886
0.008622622008376891
0.009920516256842373
0.016826308586578898
0.02413470670026666
0.01642220525214873
0.017417634810480136
0.018324074095254626
0.019135795354786492
0.019847695211047223
0.020455314672612704
0.020954858785472125
0.02134321450531927
0.0303449736089903
0.030502146770896518
0.03055281144627109
0.030497012646514197
0.030335683376528793
0.02125309273607104
0.02083555504362625
0.020307545563709863
0.019672331723018865
0.01893384531618386
0.0180966598299086
0.017165964859941138
0.01614753833478055
0.02414285497416964
0.016743060787035687
0.009843346313626246
0.008550408863446468
0.007205484406096555
0.005816881820236835
0.004393174290423937
0.0029431464544593896
0.0014757402795387536
9.151607122700677E-17
0.00147498354464207
0.0029401288293670995
0.004386419477512103
0.005804959666127525
0.007187028762768093
0.00852413485866082
0.009808066870152295
0.010223131999381126
0.01784554019022667
0.010780146235112033
0.011788140961177683
0.012708775222944292
0.013536291287463123
0.01426557931485032
0.01489218222470502
0.015412307511149245
0.015822840943176462
0.018934685480880144
0.01911506114240816
0.01922711763028618
0.01926995188931065
0.019244402662219464
0.015898397681699004
0.015513594512467348
0.015019646828942601
0.014419754587865687
0.01371777546214774
0.012918202716794896
0.012026140524791213
0.011047277892826722
0.018811005924122912
0.011144307898669525
0.009753882125000094
0.008473430582414869
0.007141233191078118
0.005765512186418799
0.0043547546584607735
0.002917660267526454
0.00146308767236166
2.6377105223791796E-15
0.0014625903074060084
0.0029156769298897406
0.0043503150505610445
0.005757676340101594
0.007129103207223315
0.008456161982298979
0.009730694707840958
0.01606514619756261
0.023657252706365345
0.014934274644350045
0.015901856329823754
0.01678188024314198
0.017568797710775977
0.018257638882811584
0.018844041629069313
0.019324277207548406
0.01969527235434327
0.028882571980969128
0.02898527291063141
0.028995740362223812
0.0289140149192424
0.028741192127940293
0.01954142811289314
0.019119551314921285
0.018588770141724116
0.017952233529409917
0.01721374015256919
0.016377714945394216
0.015449181811096734
0.014433732703418401
0.02328106914335783
0.01557830192157519
0.009698550779598665
0.008426082790694275
0.007101936019151745
0.0057342750353427474
0.0043315306473073086
0.002902348001855718
0.001455533378039791
4.721660723554178E-15
0.0014552867977827063
0.0029013647161481625
0.004329329608804401
0.005730390233523476
0.007095922300630416
0.008417521487002902
0.009687055090156972
0.013234549106211317
0.021083961195649897
0.01230867486895408
0.013321740630472135
0.014247894029805173
0.015081598011996267
0.01581788618944654
0.01645239307045501
0.016981380683256397
0.017401761393146215
0.02470472791265586
0.02488300238698763
0.024984875567710417
0.025009193025643993
0.02495612327973373
0.017556215273593592
0.017187431551030294
0.016710135318859995
0.016127435410701402
0.015443089384526817
0.014661480357044317
0.013787589995296714
0.012826967831334558
0.02180955522331598
0.014039478765377691
0.009676400843695214
0.008407551610458301
0.007086917623864377
0.005722633777812714
0.004323103446458484
0.002896946794166091
0.0014529477539589426
