1.0
0.9989725854527309
0.9958941397184476
0.9907760398146895
0.9836371918337676
0.9745039478168543
0.9634099899352755
0.9503961825331811
0.9355103927392279
0.9188072805050691
0.8452362171857749
0.751723346545615
0.7023602647746328
0.6516806067485909
0.6273250246519602
0.6045227243213682
0.6068057706183737
0.6146878178460057
0.6342481654836523
0.6036851129583389
0.5814479496314428
0.540150413411648
0.5074088218418352
0.4305143405432467
0.3645110410045105
0.3012061877792803
0.2585260836322719
0.22451581195658726
0.21774721798050817
0.21237594857961187
0.24857363649474595
0.26683328132118805
0.2339567767589832
0.20167312991975278
0.17008068053330958
0.1392737663276273
0.10934235931995483
0.08037172439209704
0.052442101627436684
0.02562841376529691
9.902001133172486E-17
0.024379622781927367
0.047452970371681814
0.06916877240348783
0.08948212364992593
0.10835460493099802
0.12575437327165545
0.14165622109465423
0.15604160438810766
0.16889863993921225
0.2252225830474918
0.2969110478243655
0.3320292052818653
0.36371367424164497
0.36527786564595166
0.3439714796860364
0.3167878366089527
0.287388502486728
0.2787911053519743
0.277428654313739
0.2659763181642579
0.27020552464885855
0.2643990462344837
0.2580033071033392
0.2759256437815889
0.29264689735826044
0.3132123538970088
0.30657443150239655
0.27021910548343137
0.230590228643508
0.16473310180470038
0.1166724524079371
0.10413347464621658
0.09130375337943762
0.0782643459277997
0.06509537670314822
0.05187566279556144
0.03868235100081205
0.025590567982649116
0.012673085182488391
6.309626758778285E-16
0.012361565328205346
0.024347745827528803
0.03589819564672794
0.046956328580889155
0.057469536274566024
0.06738938324713155
0.07667177800935256
0.08527711967004815
0.09317041956355236
0.07554056669028698
0.045240249603729084
0.023596435146805376
0.03015282659238126
0.021742229796849963
0.09450826794904445
0.13163654985632495
0.1266987700797964
0.07523050342578678
0.07601614455007388
0.08207045814502012
0.07403944571294474
0.07120156719638893
0.12239802681791566
0.12868516478358338
0.09581619180275343
0.02692200689161588
0.03351628724714767
0.026871416968430168
0.04709972655876944
0.06945958708963877
0.07482035430154822
0.06711710121238239
0.0591389623112143
0.05093822132600347
0.04256756538062651
0.03407978162745224
0.025527457685862284
0.01696268746207178
0.008436783880032142
1.248544595529441E-15
0.008298740059596006
0.016412099049191588
0.024294572090917704
0.031902718564962025
0.03919537927375567
0.046133877870154605
0.05268220563223892
0.05880718876800764
0.06447863753738878
0.07417145817276938
0.09543961218838339
0.12280183870352435
0.14398974721518895
0.12355741287306621
0.07408401396549709
0.06968131075046528
0.08732675635910526
0.14104079761571728
0.1437633947167872
0.13793491548413586
0.1421566485015543
0.13768700435455283
0.0862491243877969
0.06160510839604837
0.059107718653213945
0.09831077742485347
0.12033653469230196
0.0977765364728745
0.06971501026913281
0.057921657104048604
0.05520449656085576
0.0496396405249354
0.04384237336355444
0.03785067190997312
0.03170319158088206
0.02543903139089855
0.019097499119956216
0.012717877975441104
0.006339196069147303
8.346308694484986E-16
0.006261866202462397
0.012409475561785899
0.018407024902625073
0.02422003275573012
0.02981552737365704
0.03516222387760963
0.04023068962729649
0.044993496981779374
0.04942536269936554
0.07407884981750355
0.06850390261835523
0.057744831572340546
0.05962212442279191
0.0869384621605182
0.10577428309944804
0.0899845651122549
0.05877551525412879
0.041371671673060315
0.04589649710549312
0.05059353347349825
0.045764426943497166
0.040988624734491455
0.05349702597659554
0.08565169997569665
0.10439041518851255
0.09650414972167005
0.063639566588031
0.06284606918389335
0.07170684138728116
0.07588160036276863
0.04385524009181605
0.03948997423526498
0.034926611005349245
0.03019487674906509
0.025325216019944502
0.020348602879244244
0.015296350844884902
0.010199922616158933
0.005090740693765349
0.0
0.005041516417228254
0.01000361754009
0.014856879372910563
0.019572813786121707
0.024124030271785314
0.028484389719772518
0.03262914937774938
0.03653509821676705
0.0401806819868284
0.04223502513740764
0.02867340229759211
0.040815107744380665
0.051832269640127694
0.017006448620770637
0.032956490741115445
0.04702972190516067
0.09083019377386636
0.08997070310713204
0.09656128987490867
0.09512671495324708
0.09566887689467747
0.08798873111385819
0.0883190835026558
0.043616277069133985
0.028617197119856174
0.020840541404173095
0.04525223641807821
0.03658952564048008
0.027193399130385838
0.041893790357559364
0.036479093000140565
0.03287863137833126
0.029106096167608068
0.025185915879488343
0.021143214447610092
0.017003654284084697
0.012793277347067145
0.008538345181071902
0.004265178890456127
3.122681548197229E-16
0.004231226855953308
0.008402948491872293
0.01249017407616497
0.01646862151045524
0.02031485844354736
0.02400643711855128
0.027522022293951523
0.03084151152597076
0.03394614715006237
0.06867703098194045
0.059431407125320745
0.0586608869526548
0.055902439342428834
0.11516091807417887
0.09066011879220895
0.07749849656465556
0.032742668668062934
0.03832762251195364
0.043240644104648604
0.051527069394071014
0.043169236995935036
0.03828702966409878
0.03544912040868454
0.0797421335804067
0.09089368727610896
0.11156785081303314
0.0493587996548755
0.05278499078860685
0.05086945008844866
0.061686944941131826
0.03131765050089659
0.028245407809628496
0.025021011314591137
0.021665227760588514
0.018199480544475385
0.014645715469340742
0.011026264246838537
0.007363706582082973
0.0036807316787419784
5.843431345977442E-16
0.003655993885694673
0.007265056556971964
0.010805428289310985
0.014255912122852259
0.017595998694535334
0.02080598611094328
0.023867094172388144
0.026761572296944137
0.029472800534867102
0.034671724084852105
0.029649404497061965
0.040762566429825335
0.0416589571622317
0.02278366612042009
0.009876015231810507
0.030975622651137614
0.037055974447765885
0.056194792581013286
0.06668890903921076
0.06834868587343008
0.06607348321391758
0.054800399092071385
0.03430436446710718
0.034557464256171795
0.011781220397611883
0.019016672296288777
0.04521830595503933
0.043988017454131285
0.03252891626163312
0.03078380687889917
0.027517322639368912
0.024830357014187107
0.022006789021947415
0.01906471839956818
0.01602286105365587
0.012900431665655882
0.009717023953108007
0.006492489323494578
0.003246814662535171
6.906730429014216E-16
0.0032280632073131733
0.006417712443588617
0.009549632433254992
0.012604970668224847
0.01556544948029147
0.018413474000509286
0.021132235375583765
0.02370580864346462
0.02611924470554873
0.034883586270245535
0.026386564671548665
0.028535969876518526
0.017542456694508247
0.06496150730710783
0.08223072264886096
0.08113191176316598
0.05340692600409508
0.03785081942311997
0.03872344212734862
0.05262175782003005
0.038569731452943026
0.037832013924296186
0.05280574405184442
0.07773016677651115
0.07666932342747208
0.05478345896389021
0.015436235694733322
0.02498196538940167
0.024647077012191102
0.028185695624912917
0.024613779935094008
0.022219107024002965
0.01970021036208557
0.017073170655952936
0.014354647114387352
0.011561772961429623
0.008712048594940998
0.005823233049987429
0.0029132344336092754
1.3988310018547243E-15
0.002898593465301742
0.005764848289296697
0.0085813529293057
0.011331086723562644
0.013997521750361357
0.016564721191943965
0.019017433623291717
0.021341182673570738
0.023522351538322987
0.0264874893399636
0.03864143752439378
0.04884019276704187
0.05828233159619552
0.036138266145663664
0.011770644050210562
0.049658332203995105
0.037782739931738335
0.03370584619077359
0.04666291885073616
0.04757222827395631
0.04628578574468058
0.03289628858528972
0.03778067956850155
0.04872699875304298
0.018795035950321514
0.04217459391999382
0.05804704626235695
0.04645472843613536
0.037041012897438504
0.027537635789769283
0.022332853656680713
0.020166556388832833
0.01788605536620225
0.015505857279754284
0.013041013712291199
0.010507026791997056
0.007919752519504336
0.005295302366411393
0.0026499437508162695
2.8304995915719247E-15
0.002638249589545454
0.005248668987355176
0.007815363359244671
0.010322775102727121
0.012755777411734785
0.01509976481214064
0.017340740130545054
0.01946539738242501
0.021461200092843788
0.028906716156910168
0.02384205237519595
0.022365755292262136
0.022892881807981526
0.012159503410555583
0.02445054045080279
0.03422202617012866
0.03801608528133852
0.037105200706394115
0.03160088121614036
0.050360162979936965
0.031406586039093236
0.037034885123077954
0.03783509083184755
0.031154371198084275
0.02112842274070509
0.009606732170494374
0.024564083566064755
0.02454403045866507
0.02298563117962607
0.03169702312050111
0.020502305557442223
0.01851851851851957
0.01642875242294163
0.014246258644902865
0.011984803983145848
0.009658584444423995
0.007282136745884302
0.004870248084483045
0.002437864729541267
8.251803171856193E-16
0.002428357810787223
0.004832337001507751
0.007197272964718391
0.009508797076712655
0.011752923439940692
0.013916132957617563
0.015985454238324485
0.01794854084947807
0.019793744462760186
0.02574951980725084
0.024272031761612117
0.025810183489199372
0.042466596619237997
0.05567010447927348
0.05619618668585669
0.031108128004379308
0.025090245175906033
0.02322882892657618
0.036303318537885244
0.030672399501674157
0.03615945509804578
0.022979650368929093
0.02465184285792387
0.0293830743417835
0.05741466306433764
0.05372405325947731
0.0375461429222382
0.020066759520676422
0.022033146729474408
0.022114467407734286
0.019008557644271295
0.017173209640045595
0.015238710305111827
0.013217291849713821
0.011121676278226618
0.008964995797926919
0.006760710998606049
0.004522527309869448
0.0022643102517682125
2.3411073396814587E-15
0.0022564742107765295
0.004491279322584107
0.006690762809973155
0.00884153564420518
0.010930553364366173
0.012945194766960901
0.014873337741865049
0.01670343180137021
0.018424566870802725
0.03396011043751475
0.023828978824968018
0.0384774315818251
0.03409929175995164
0.0064770980674310075
0.02700079463488301
0.028058997030429283
0.03992613282993261
0.034845819956402346
0.023960196577409658
0.045008717572031766
0.02378304487445318
0.03468844713385733
0.038958962346051645
0.027187257020157837
0.025579221439362185
0.009799749609996853
0.03586888286124255
0.040742045989503387
0.02450124058331704
0.033105048188363205
0.017773746605174525
0.01606079112865843
0.014254402945585415
0.012365975136843493
0.010407368373054723
0.008390836793723542
0.0063289517095696576
0.004234523600871468
0.002120522893439161
2.4173649388540997E-15
0.002113994882376525
0.00420849172806255
0.006270679904200462
0.008287986175751738
0.010248151021482278
0.012139302799506738
0.013950029315996062
0.015669446367283287
0.017287262845731188
0.006428593984548741
0.02374210851734519
0.0073011164583670456
0.017577116306190285
0.026298732554877583
0.04104672460498005
0.031456211050672936
0.037002082882288775
0.020445617676781536
0.0333205179931545
0.018518518518520752
0.03329083891929269
0.020351369574557934
0.038083816153806356
0.03277498233750767
0.03814030171904322
0.020416886665059263
0.014586898196875003
0.006260427606756639
0.02368737796271656
0.006244261771030208
0.01674277486948784
0.01513180846432329
0.01343223112505303
0.01165473742611635
0.009810470346247827
0.007910951711350016
0.005968010510531766
0.003993709529247198
0.002000270752827864
1.7533588456565608E-15
0.0019947887508714192
0.003971848879048647
0.005919076020933148
0.007824581895463605
0.009676766606716944
0.011464388985834148
0.013176634547164438
0.014803180649467855
0.016334258471106533
0.030335187672344353
0.020773917898095365
0.03652856717486139
0.0358517336128926
0.03655687499040159
0.012765000705929343
0.011790403806125421
0.010224533017784698
0.03142827353653737
0.018259590836832047
0.03733859119706618
0.018164959484600465
0.031268690059701655
0.007974243198400875
0.011280533211245442
0.013072006346298482
0.040177280315187705
0.03409052330992848
0.03251986504015368
0.01887375823359107
0.029348076083772552
0.015875622498043706
0.01435031925391877
0.012740489276207429
0.011056240820025714
0.009308114012791364
0.0075070151351593365
0.005664148820687813
0.0037909485941303596
0.0018990061775864238
2.8358489488491966E-16
0.0018943766504769192
0.003772487390704165
0.005622823984447239
0.0074340766270627155
0.009195202845301509
0.010895494593685365
0.012524643141227955
0.014072801356566269
0.01553064301646466
0.01801470612269707
0.01850359221210429
0.013439333838480868
0.010506040627768783
0.00556213580417531
0.030244359433916814
0.03150663687388552
0.03874435300607732
0.017791397212500743
0.03201400318423231
0.015163674853912585
0.03196194335672988
0.017604557146620823
0.0377790731638976
0.02982983430984853
0.028580240170009565
0.0066953968640009074
0.012093721639751118
0.017376292250557816
0.01726660581819316
0.019758301475604544
0.015142585844551961
0.013689633232424472
0.012155621864997754
0.010550164881392342
0.008883293100557165
0.007165392548762403
0.005407139946447535
0.0036194365539010532
0.001813340784365072
2.486965371685129E-15
0.0018094180900251207
0.003603794008250171
0.005372124644466743
0.007103590532064203
0.008787621854596616
0.010413962781397428
0.011972733741572735
0.013454491259357952
0.014850284989615166
0.022888658510480313
0.02082373968692758
0.01423385280769093
0.02477064738802141
0.0438303735945414
0.021921917312652747
0.019312779460611346
0.0214451599668745
0.02948842585464406
0.016835194533399222
0.02829921957042179
0.016859723554945773
0.02948150226896103
0.021942392967908786
0.020044077066878628
0.024628518159910708
0.04149241967265416
0.023714647616494045
0.01097045168841921
0.022516997875870276
0.019620409349372876
0.014521222122821234
0.013129576318162089
0.0116598171325113
0.010121138014666442
0.008523137976578816
0.006875761877447617
0.005189238702480518
0.003474018218228354
0.0017407063958169403
3.4983782822212104E-15
0.00173737925352688
0.0034607505683599844
0.005159539561486222
0.006823342980656564
0.008441992249957227
0.010005615456469065
0.011504697401000434
0.01293013734856919
0.014273304129177267
0.0175434088146098
0.015580737818631984
0.027352395689483888
0.017063714050023927
0.009885955461106507
0.00709702426827413
0.028582019975165712
0.025896658986744422
0.013270549295486152
0.02855197283738943
0.01986948514399404
0.02842750200638888
0.01301598303751058
0.02586547491252724
0.030385291693185715
0.004326718272380398
0.012666601294366177
0.016640480466654905
0.027297416858634526
0.014695397301754155
0.015810605669301658
0.013994328584074426
0.01265467983793325
0.011239413419893414
0.009757366466510252
0.008217771418267392
0.006630198648215539
0.005004497114997443
0.0033507334073899584
0.001679129556641364
3.7114931761058695E-15
0.0016763119168783553
0.0033394975084831942
0.004979345999420989
0.006585807068178531
0.008149052303008112
0.009659535194487923
0.011108049299683172
0.012485784224260424
0.013784379082909099
0.015730940251778847
0.021262097655502108
0.008960872234710825
0.025180862805217658
0.020487759255945745
0.039327877990757314
0.017100159335653082
0.016267149429930506
0.030948003777465996
0.01930051876776762
0.019212932685915018
0.019386878780599123
0.03108488971672109
0.015885463985251085
0.015572391179393933
0.03913770160795297
0.017007431665278523
0.026373299715803468
0.010852005998619484
0.018900855110029306
0.018159245617372814
0.013548571158448094
0.012252950983886495
0.010883816402483216
0.009449702303204676
0.0079595302984652
0.00642255334560143
0.004848298416956549
0.0032465075731327292
0.001627077802785944
4.225524657284352E-16
0.0016247025454965303
0.0032370357671745015
0.004827096171892125
0.006385131545147636
0.00790160064055136
0.009367231488453438
0.01077307796852822
0.012110574301542219
0.013371587129270848
0.01490357449383036
0.015578396706928009
0.018761237891517058
0.010073734848249577
0.029610177622873338
0.004444586406373857
0.033864713876613495
0.028668458729636175
0.00821659444231836
0.022391041826678247
0.025577804686735175
0.022214220084657926
0.007978856394252828
0.028193233832831798
0.03230049923882011
0.0071460538961076224
0.031058910000834952
0.008674931409900435
0.015943159528881697
0.017999148569989427
0.015557851679894595
0.01317353335992153
0.011915019650560648
0.010584747402741087
0.009190996056046601
0.007742424727155306
0.006248018519875195
0.004717032902420536
0.0031589364957652142
0.0015833526258685377
4.512996413247069E-15
0.0015813671279502682
0.0031510189353858016
0.004699309784058779
0.00621673738210241
0.007694000992688755
0.009122058333467829
0.010492180819395168
0.011796006812023944
0.013025592550938785
0.025551569215977243
0.01131980697085687
0.020015358780832083
0.029529917180246033
0.008601278791787619
0.030091928941527193
0.014175579869299163
0.018152282990098422
0.03360246608769266
0.02276678339878736
0.012798897918242607
0.022844511838109368
0.03369656026566329
0.018082580401043026
0.016208162097374693
0.030451054609504345
0.008904512188713992
0.02870756364632784
0.02119511534420671
0.010270779784161823
0.026133686923566667
0.012861044675946355
0.011633535736643053
0.010335712165390672
0.008975639047641067
0.00756175551889466
0.006102822496014979
0.004607868489188635
0.0030861338289899076
0.0015470136525548895
8.886198375995207E-15
0.0015453766227168282
0.003079605855298908
0.004593255909151814
0.006077031449699179
0.0075218305803108135
0.008918800579130413
0.010259392048036501
0.011535411143216776
0.012739069568689627
0.01456163838634747
0.023389386874836982
0.010941840628308767
0.008664854235672703
0.024702931615308964
0.027688023024304304
0.015021094314080673
0.022565075929345875
0.004383253086521118
0.015516804829260367
0.029384334909389926
0.015371953599792664
0.004290032830063453
0.023602948143089754
0.014290388133572359
0.028941832977320208
0.02140976088632461
0.010975061394051432
0.011956630230432919
0.022621280080048472
0.013316652274096888
0.01260469958121911
0.011402737382910724
0.010131620185262032
0.008799235330319573
0.007413839913159549
0.00598400969688363
0.0045185861159745735
0.003026621694943324
0.0015173242190193248
9.254098853947133E-16
0.0015160034130039864
0.0030213547264792903
0.004506796245608923
0.005963200715939573
0.007381627315091971
0.008753376451606665
0.010070043035633289
0.011323567895701176
0.012506287027608125
0.0215200174369968
0.009859753868865513
0.01744183248939848
0.01589506039815805
0.022808771990321247
0.03800870992661454
0.023730625423992596
0.00925443121451179
0.03387359392955089
0.025011661080090668
0.013556496436469976
0.025040094546567148
0.03378408771078082
0.008150279308435012
0.023283732359746376
0.03750072739867433
0.026430237370014754
0.012015275536589546
0.01496909365708636
0.011824456353266694
0.018698980693662534
0.012399509771530681
0.011218138743396585
0.009968509378497534
0.008658364370338446
0.007295813132373955
0.005889281682099627
0.004447460615539167
0.002979251493713155
0.0014937119704699392
5.3576112916379905E-15
0.0014926825331014776
0.0029751464147138892
0.004438271585378194
0.005873063161213918
0.007270706647690657
0.008622622008380813
0.009920516256840015
0.011156434250418842
0.012322807374822083
0.012840922231400405
0.01350134245752613
0.021949808738595374
0.027212223557189857
0.0029370585997380285
0.018877213804018883
0.014081418510194897
0.03985154190759895
0.006463636432413956
0.012813402958238273
0.030552811446268178
0.012844024298033035
0.006752979834700963
0.040218307215152765
0.01366012101181563
0.01629082685838559
0.0038401548857426478
0.0302088132371561
0.02461661945779727
0.010467637435650705
0.01419368878269733
0.01224165183062642
0.011076303439823517
0.009843346313623562
0.008550408863443902
0.007205484406089375
0.005816881820235227
0.004393174290420193
0.002943146454454837
0.0014757402795411332
8.298715227116907E-15
0.0014749835446519
0.0029401288293562852
0.004386419477513694
0.005804959666126752
0.007187028762768233
0.008524134858662909
0.00980806687015449
0.011030944889169818
0.01218526847442347
0.0112085321730213
0.02148686563665693
0.008352898449910731
0.0019153711542929635
0.039910512010528115
0.022969705170476515
0.025769538077774427
0.008952653580583997
0.03008970473454778
0.024836339204381934
0.019227117630289055
0.024795707960285667
0.029796703893936845
0.010068126080390146
0.02686165606123197
0.020685276096482064
0.04000423867204873
0.0026258955030583142
0.00840977837395691
0.022985083272864776
0.009945104273941881
0.012128285123688638
0.010974681112928517
0.009753882125001499
0.008473430582412988
0.0071412331910864265
0.005765512186414505
0.004354754658462549
0.00291766026752929
0.0014630876723659358
1.0392020558480813E-14
0.0014625903074028809
0.00291567692989677
0.0043503150505629275
0.00575767634010245
0.007129103207227062
0.00845616198229273
0.00973069470783631
0.010944869218239088
0.012091227201860188
0.016829810677032014
0.005473546951870342
0.02811932902335818
0.032890440324191125
0.0038970575540661725
0.01870631330898887
0.005921791264383996
0.029890157273272384
0.01378459895092542
0.01665585296817323
0.028995740362220395
0.016789632815666013
0.014207263955324527
0.028504650639706766
0.006189003968062212
0.019570520695955586
0.0013864715868586149
0.03060775085178166
0.026655365101465843
0.006319857846748633
0.016407582452298033
0.012057423013996852
0.01091149192540799
0.009698550779602997
0.008426082790692924
0.007101936019152219
0.005734275035347137
0.004331530647310773
0.0029023480018481483
0.0014555333780380492
6.6386292180472156E-15
0.0014552867977768729
0.0029013647161475493
0.004329329608800657
0.005730390233529698
0.00709592230061795
0.00841752148701492
0.009687055090154795
0.01089671200536364
0.012039050719146975
0.010852959351560115
0.019240641122979376
0.012729765639806698
0.00739874228220195
0.026028176292948693
0.014806517348027856
0.025652137034450805
0.019060043644425238
0.02284373014675773
0.021849614188516876
0.024984875567710663
0.021741917199350893
0.02242415772473405
0.019367328626825928
0.023952448511340648
0.015580271014533067
0.021737380230640358
0.011627189462141944
0.01534899099767757
0.016139366419596877
0.012294329381686947
0.012027846164576902
0.010885648950798184
0.009676400843695636
0.008407551610458456
0.007086917623861301
0.005722633777816485
0.004323103446454677
0.002896946794168782
0.0014529477539626224
