1.0
0.9989725854527269
0.9958941397184441
0.9907760398146903
0.9836371918337663
0.9745039478168512
0.9634099899352744
0.9503961825331808
0.9355103927392254
0.9188072805050683
0.9003480590739805
0.8802002270235771
0.8584372731615404
0.7981620935222387
0.7273022013908166
0.6460197033033311
0.6372398416420141
0.6366774626132825
0.6347627262508713
0.548547755648843
0.5261461064776765
0.48510608154698104
0.508197723598811
0.4474972224835262
0.38589172974067043
0.3335008999021955
0.35395571668290743
0.3654138565873184
0.367984717567199
0.3339538200796364
0.300200686275095
0.26683328132118733
0.23395677675898327
0.20167312991975314
0.17008068053330946
0.13927376632762675
0.10934235931995481
0.08037172439209701
0.05244210162743649
0.025628413765297148
2.0360202576572675E-16
0.02437962278192743
0.04745297037168251
0.06916877240348811
0.08948212364992567
0.1083546049309977
0.1257543732716559
0.1416562210946546
0.15604160438810744
0.16889863993921123
0.18022207187652875
0.19001320791217938
0.198279825821516
0.2411574342555758
0.2900148805009177
0.344683188754636
0.3282995529423599
0.3004251246588717
0.27552207594446226
0.3289681250035271
0.3187142568241611
0.32147011202527137
0.2607538379452271
0.27772949203017044
0.2987577968974124
0.3086134558705677
0.2501192300315917
0.19789163083165043
0.151728476671817
0.1405515959584026
0.12883908052317317
0.11667245240793628
0.10413347464621618
0.0913037533794376
0.0782643459278
0.06509537670314842
0.051875662795561495
0.038682351000812534
0.02559056798264959
0.012673085182488483
3.8819693213150265E-16
0.012361565328204862
0.024347745827528525
0.03589819564672817
0.04695632858088959
0.05746953627456665
0.0673893832471312
0.07667177800935193
0.0852771196700482
0.09317041956355218
0.10032139756208593
0.10670455287113892
0.11229920923996514
0.0835479176960967
0.048452132875121505
0.012042390488015881
0.03142216890267356
0.06631968813996318
0.09601732579126983
0.03515259235507458
0.029893429459334857
0.03395986962894309
0.09358885846086348
0.06256327488529244
0.026020266218465222
0.008502542732793784
0.03757888267709145
0.06953536228280344
0.09577043133222568
0.0891969190277808
0.08219714680739787
0.07482035430154853
0.0671171012123827
0.059138962311213274
0.05093822132600434
0.04256756538062732
0.03407978162745247
0.02552745768586294
0.016962687462071958
0.008436783880032684
1.1197203985453152E-15
0.00829874005959619
0.016412099049191487
0.024294572090917853
0.0319027185649626
0.03919537927375661
0.04613387787015468
0.05268220563223865
0.05880718876800674
0.06447863753738921
0.06966947658610946
0.07435585599533745
0.07851724266229351
0.11401810200252062
0.14792982787164982
0.18104154052600352
0.164230216397195
0.1354274878966311
0.12937282010726703
0.17820881383743054
0.17763161383065543
0.17604135586345288
0.12559850360767041
0.12808656068466603
0.1544840206068142
0.16897333476429793
0.13758986780194765
0.10527622501119285
0.0701398984331459
0.06548986096701218
0.060499877003650386
0.0552044965608559
0.049639640524935594
0.04384237336355524
0.03785067190997273
0.03170319158088166
0.025439031390900278
0.019097499119955383
0.01271787797544099
0.00633919606914739
4.171227565517032E-16
0.0062618662024633955
0.01240947556178541
0.018407024902623803
0.02422003275573031
0.029815527373656267
0.03516222387760945
0.04023068962729697
0.04499349698177998
0.049425362699366454
0.05350327330829007
0.057206595866655496
0.06051717361937795
0.03895960937234638
0.015140213580919933
0.00905863881978287
0.022375760720972526
0.057872707954633444
0.08469759734459063
0.027721881433371988
5.679116013546731E-16
0.02772063616800847
0.08480245538822702
0.05894939344929255
0.024406951496821774
0.009411153678044614
0.014790159754151277
0.03627662835551961
0.05547984723424885
0.05187727902217734
0.04799358665120044
0.04385524009181558
0.03948997423526606
0.03492661100534938
0.030194876749065788
0.02532521601994569
0.02034860287924282
0.015296350844886999
0.010199922616160243
0.005090740693764861
1.233618547262444E-15
0.0050415164172285245
0.010003617540090512
0.014856879372912135
0.019572813786122325
0.024124030271786338
0.028484389719773455
0.032629149377750376
0.036535098216767675
0.040180681986826804
0.0435461173132004
0.04661349425376638
0.049366866810154994
0.07699882545527126
0.09186362340173153
0.09722068264468928
0.08039848545445291
0.05460642230847357
0.07076779781254236
0.1062798505456891
0.11419752838271383
0.10475169254410747
0.06846561257920335
0.04981996804602043
0.07336442943611601
0.08841098492061335
0.08529926336925109
0.07257243936274442
0.046017388331817025
0.0430704786374653
0.039883901941637025
0.03647909300014342
0.032878631378332
0.029106096167605934
0.025185915879489082
0.02114321444761224
0.017003654284084194
0.012793277347067868
0.0085383451810717
0.004265178890455529
1.0014058454827848E-15
0.004231226855953118
0.00840294849187219
0.012490174076165287
0.01646862151045348
0.020314858443546184
0.02400643711855254
0.02752202229395179
0.030841511525969104
0.03394614715006186
0.036818619353300254
0.03944315978678564
0.041805625227192875
0.03026690702882095
0.021407999124418105
0.030793645837112887
0.049667367903171
0.0743149512418116
0.08356172681191988
0.03042723871847872
0.01173466461527353
0.030644361323875834
0.08326413720340152
0.07533636917332122
0.05257152863839203
0.034510283249560056
0.023367343285709212
0.02970325398709951
0.03942636457364705
0.03692667386834144
0.03421776046338119
0.03131765050089833
0.028245407809626612
0.025021011314592126
0.02166522776058867
0.018199480544475427
0.014645715469340055
0.011026264246838646
0.007363706582083673
0.00368073167874241
1.9126925403060232E-16
0.003655993885694323
0.0072650565569720525
0.010805428289310309
0.014255912122851174
0.01759599869453544
0.0208059861109444
0.023867094172386315
0.02676157229694588
0.0294728005348672
0.031985383108940786
0.03428523396467451
0.03635965386519381
0.05539117260131374
0.05503021040540496
0.03755144278573051
0.021368612585699446
0.006770100542734342
0.031571066811557184
0.05378651777224955
0.06572782175423436
0.05272920071140699
0.029953116269524144
0.005451234833793242
0.016999589043506437
0.032027782752848274
0.05097340675105117
0.05231034115585658
0.03458922414218275
0.03241281085604814
0.030050316655056867
0.02751732263936776
0.02483035701418471
0.022006789021950718
0.019064718399568546
0.016022861053655166
0.012900431665655616
0.00971702395310687
0.00649248932349556
0.0032468146625350444
5.250493063664E-16
0.0032280632073141036
0.0064177124435879935
0.009549632433256525
0.012604970668225583
0.015565449480290981
0.01841347400050471
0.02113223537558409
0.023705808643463538
0.026119244705548814
0.02835865587171171
0.03041129449570889
0.03226562426294139
0.027954640249629938
0.034475092026478756
0.054815433198072354
0.07241127067935466
0.07962636393341901
0.07337216751549484
0.04229030294133576
0.032243572698487315
0.04258642015630478
0.07266044316095954
0.07920158598235019
0.07365280891142283
0.056533648163882066
0.03612370817427195
0.02764236920453115
0.030902431730861935
0.02896962945826218
0.026868828375114368
0.02461377993509342
0.022219107024004547
0.019700210362088775
0.017073170655953075
0.014354647114389406
0.011561772961433098
0.00871204859493945
0.005823233049990199
0.0029132344336064734
1.0192426320259191E-15
0.0028985934652991053
0.005764848289298384
0.008581352929304061
0.011331086723562795
0.01399752175036175
0.016564721191941193
0.019017433623293195
0.021341182673568534
0.02352235153832216
0.02554826185445304
0.027407246486222225
0.029088715809494497
0.039719096792914466
0.035736930702389286
0.00882610801474698
0.010239471750028813
0.016626934596634804
0.00639360402223414
0.025557315272612527
0.029149512755279817
0.02528475316700296
0.005846287637848618
0.01721108760273414
0.011652416216598913
0.008127951373960737
0.03429135557663623
0.037429627790567244
0.028011524569116163
0.026268079742023817
0.024371076804362284
0.02233285365668087
0.020166556388835178
0.017886055366203538
0.01550585727975575
0.013041013712293397
0.01050702679199507
0.007919752519499825
0.005295302366405737
0.0026499437508181027
3.5012480650523912E-15
0.002638249589547154
0.005248668987356414
0.007815363359244694
0.010322775102727782
0.012755777411732765
0.015099764812139963
0.017340740130548718
0.019465397382425947
0.02146120009284605
0.02331645459268406
0.025020377865607044
0.026563159556027734
0.026068428115166815
0.04196978217705653
0.05878451757303949
0.07468824709669886
0.06530075112985423
0.056982938582537855
0.049559666411847315
0.048429077656139935
0.04959153097966269
0.056093374816911186
0.06362119780398645
0.07373051932763912
0.0577758335825359
0.04229907200125434
0.02570055239082207
0.025694737479842435
0.024102011149965078
0.022367460989530238
0.020502305557444613
0.01851851851851919
0.01642875242293999
0.01424625864489901
0.011984803983147743
0.00965858444442126
0.007282136745883169
0.004870248084480815
0.002437864729541257
2.7289122190489856E-15
0.0024283578107880646
0.004832337001508761
0.007197272964717663
0.00950879707671154
0.011752923439940464
0.013916132957621011
0.01598545423832158
0.017948540849477168
0.019793744462760922
0.021510183461024998
0.023087806605619335
0.02451745139445933
0.028524213809865535
0.029915355351809735
0.009837221229071914
0.013817630906902112
0.021255343863426666
0.014031179437176387
0.025506333360806578
0.006985266682745518
0.025613825891558438
0.014550383679221426
0.021630100098003695
0.01312532476612347
0.010278787749096203
0.029418208969052364
0.02707410892853529
0.023806309798953356
0.02233577778846539
0.020733088768744252
0.019008557644272107
0.01717320964004372
0.015238710305113546
0.013217291849712357
0.01112167627822797
0.008964995797926735
0.006760710998605087
0.004522527309870407
0.0022643102517697585
1.570806267219891E-15
0.0022564742107754584
0.004491279322589154
0.0066907628099735625
0.008841535644208108
0.010930553364365775
0.012945194766962166
0.014873337741865866
0.016703431801371637
0.018424566870801403
0.02002653793330737
0.021499905148103963
0.022836049090253115
0.02380891851263162
0.040226260148519544
0.04385310830185996
0.05803576935316533
0.04066241478118419
0.03993895682420618
0.04468230237008784
0.05403197519149224
0.04441291588271653
0.03919140205288078
0.038840934376997115
0.05575104728348747
0.041193357982598995
0.039249285066140414
0.02337858215099022
0.022246578963336976
0.020876550878772285
0.019382415367129955
0.017773746605168637
0.01606079112866112
0.014254402945591145
0.012365975136845004
0.010407368373056025
0.008390836793719972
0.006328951709567537
0.004234523600870707
0.0021205228934412647
4.307363713295266E-15
0.0021139948823759077
0.004208491728061513
0.006270679904201144
0.008287986175751487
0.010248151021480568
0.012139302799506365
0.013950029315996653
0.01566944636728044
0.017287262845732773
0.018793842021816796
0.020180258639177377
0.021438351486314754
0.022578161244514252
0.026173345661828308
0.01799749909887121
0.008096746862719611
0.028353461657690864
0.02034797834641953
0.027720679057211192
4.9771809148568265E-15
0.02772034970223111
0.02044456318442233
0.028910560781872523
0.008785442389490514
0.01966617758590831
0.025498621139201032
0.02212303870004027
0.020945174511594174
0.01965873761033682
0.018254951168103974
0.016742774869489805
0.015131808464321312
0.013432231125051734
0.011654737426119192
0.009810470346244717
0.007910951711352419
0.005968010510536351
0.003993709529248472
0.0020002707528280154
9.995389137194684E-16
0.0019947887508715047
0.003971848879048249
0.005919076020935756
0.007824581895461381
0.009676766606714852
0.011464388985830088
0.013176634547166789
0.014803180649466135
0.016334258471108688
0.01776071142865705
0.01907404969099608
0.020266500465844633
0.02123560888271976
0.03159008398416304
0.021930487190029553
0.034619492604992086
0.02094358715106076
0.029190882300190846
0.030558545745526966
0.04808437507804605
0.030162357988750693
0.02892930336327024
0.019982438159418445
0.03248590039453867
0.019437637787062405
0.030060321320229188
0.020757650259333228
0.0198510746182726
0.018634751619662965
0.01730678585520735
0.015875622498043845
0.014350319253918647
0.012740489276206447
0.011056240820024012
0.00930811401278813
0.007507015135161583
0.005664148820685739
0.0037909485941286384
0.0018990061775894978
2.8266636612508425E-15
0.0018943766504763457
0.0037724873907053337
0.005622823984445263
0.007434076627064878
0.009195202845305686
0.010895494593691627
0.012524643141230514
0.014072801356567017
0.015530643016464743
0.016889418781759258
0.018141008505864233
0.01927796956448254
0.021859058152130326
0.021826231603505157
0.03087119969171842
0.020073074312575254
0.032473996734068755
0.019028177576746803
0.027208126289343233
0.0055232327787071754
0.02720243542475053
0.018811963139391433
0.03242856760563838
0.021204808099869715
0.032077725091369205
0.021311033516346087
0.022085806078244074
0.018926465904998174
0.017769308106983458
0.016505344286024435
0.015142585844550588
0.01368963323242397
0.012155621864995943
0.010550164881393707
0.008883293100555923
0.007165392548761701
0.005407139946451685
0.0036194365539002713
0.001813340784368485
1.459883335914381E-15
0.0018094180900284787
0.003603794008247728
0.00537212464446968
0.007103590532062833
0.008787621854597654
0.010413962781401977
0.011972733741570209
0.013454491259358206
0.014850284989620082
0.016151711609939366
0.017350965245904463
0.018440884127871423
0.018388482837078945
0.022397113905235744
0.008234741419652783
0.01903288244425359
0.014895390566931788
0.02831620508198501
0.017992493095410088
0.03391040524337282
0.017848168178268384
0.028435623811937677
0.014974192839125645
0.01834057761667329
0.007914495862817748
0.02142862831762357
0.017860565639621115
0.018142812882802895
0.017035768917319144
0.015826024000832092
0.014521222122822953
0.013129576318166187
0.011659817132505843
0.010121138014667087
0.008523137976577824
0.006875761877448796
0.005189238702478015
0.003474018218226076
0.001740706395814672
5.429657165920386E-15
0.0017373792535226573
0.003460750568358418
0.005159539561486538
0.00682334298065482
0.008441992249954953
0.010005615456473363
0.01150469740099333
0.012930137348572953
0.014273304129174753
0.015526088255911084
0.01668095074674127
0.017730968356764718
0.023616336369455426
0.019470875908271287
0.035577228542779615
0.026559260697170642
0.028512233857332123
0.01341091084363812
0.027313239061749976
0.017979687180693923
0.027306948442674082
0.013113475780695385
0.028031957997397338
0.02656221016462482
0.03531794659922269
0.019274245264734334
0.023944335572512725
0.01747826378800291
0.01641372860143091
0.015249972865771014
0.01399432858407874
0.012654679837932165
0.011239413419890851
0.009757366466511761
0.008217771418265128
0.0066301986482130955
0.005004497114996201
0.0033507334073907126
0.0016791295566416498
2.938246195533248E-15
0.001676311916874645
0.0033394975084877552
0.0049793459994143105
0.006585807068181694
0.008149052303019598
0.009659535194493394
0.01110804929968154
0.01248578422425543
0.013784379082909129
0.014995973114482242
0.016113253146075764
0.01712949762031782
0.015269900476386518
0.01890919209974513
0.010919000462549474
0.01838441241240295
0.01942721064133432
0.030834267307227218
0.02000553410178505
0.017385579798017373
0.02017349102849491
0.03091550450935443
0.019929575028069472
0.018856488021253084
0.011621279709710278
0.01889648584002411
0.014707647722633454
0.01691589328892615
0.01588737822922267
0.014762581844752324
0.01354857115844903
0.012252950983887179
0.010883816402481254
0.009449702303207037
0.007959530298470522
0.006422553345602741
0.0048482984169587115
0.0032465075731333945
0.0016270778027927969
3.197436091803774E-15
0.0016247025454888082
0.00323703576717823
0.004827096171888847
0.006385131545151212
0.007901600640548501
0.009367231488446946
0.010773077968526504
0.01211057430153737
0.013371587129260336
0.014548464866401167
0.015634084025902707
0.0166218922375695
0.02504420920066501
0.01794160250493582
0.02891997867313677
0.021934325786705847
0.022717727008086417
0.009930083090391758
0.02515848229916609
0.030649386637840753
0.02504092959412197
0.009962785576898543
0.022403492928413572
0.02101771102931213
0.027504173133440366
0.017592096826777863
0.025145980981329332
0.016442485557058975
0.015444371757690617
0.014352440193509255
0.013173533359924846
0.011915019650557853
0.01058474740274713
0.009190996056053625
0.007742424727152661
0.006248018519874338
0.004717032902415142
0.003158936495764202
0.0015833526258710545
4.047207058881104E-15
0.001581367127950867
0.0031510189353862778
0.004699309784056174
0.006216737382104177
0.00769400099269192
0.009122058333472184
0.010492180819405393
0.011796006812020712
0.013025592550942088
0.014173460457964068
0.015232644520593076
0.016196732480063078
0.012151922043668932
0.019708142410123607
0.017745568378684243
0.024710303171305226
0.025046736798658105
0.030771251392962686
0.025856578256078247
0.00466188395585627
0.025954636124619353
0.030672855014272398
0.025282776234263872
0.025425801146944763
0.018756114674145983
0.01987758927003594
0.011668913370701884
0.016047675986888832
0.015075026171652368
0.014010597974016705
0.012861044675940736
0.011633535736640834
0.010335712165390759
0.008975639047642014
0.007561755518896655
0.006102822496014848
0.004607868489192056
0.0030861338289844952
0.0015470136525573388
5.378448658016351E-15
0.0015453766227217286
0.00307960585529881
0.004593255909156943
0.0060770314496989344
0.007521830580310649
0.00891880057912484
0.010259392048027165
0.011535411143217437
0.012739069568686557
0.013863032028236104
0.014900460847377584
0.015845057494124952
0.024870687073884963
0.015021052158685542
0.01642758261853266
0.011437639103679209
0.019542832504114156
0.013443954808751568
0.018050322839405067
0.03784093978653461
0.017826439070275743
0.013693141974358976
0.019334708782874483
0.010382574720750182
0.014904126068551937
0.014562428883856417
0.02464751835024237
0.015723337082128877
0.014771748995777066
0.013730038049234268
0.012604699581217646
0.011402737382909941
0.010131620185259859
0.008799235330316615
0.007413839913163441
0.005984009696893533
0.004518586115965668
0.0030266216949523883
0.0015173242190159272
2.9586378541401253E-15
0.0015160034130011664
0.0030213547264764874
0.0045067962456037825
0.005963200715940773
0.00738162731509516
0.008753376451606487
0.01007004303563417
0.011323567895694263
0.012506287027608616
0.013610978374999812
0.014630905856396436
0.015559860370933891
0.010117242487997946
0.02055377503761981
0.02514856008071456
0.030609694345748985
0.025278910842184168
0.027501711225226908
0.027720505020323985
8.583555880804201E-15
0.02772041685289442
0.027288501510506435
0.025072638003181952
0.030932008859106273
0.025796905545290964
0.0206248083050379
0.010015208404969823
0.015463134670329805
0.014528624515094454
0.013505294387047147
0.012399509771529848
0.01121813874339488
0.00996850937850149
0.008658364370331064
0.007295813132379289
0.005889281682091585
0.004447460615538988
0.00297925149370545
0.001493711970467817
3.0178276437735974E-15
0.0014926825330947996
0.0029751464147092822
0.004438271585384994
0.005873063161207479
0.007270706647694061
0.008622622008380071
0.009920516256842453
0.011156434250424325
0.012322807374822331
0.013412499822265098
0.014418852180573188
0.01533572206730148
0.022857709101330892
0.013369924419925742
0.007952566516517774
0.004637543119517486
0.01682119107988692
0.017787142144812734
0.01067341658533759
0.03667797793733742
0.010611224590090791
0.01794696523185994
0.016670911988137537
0.004849873461309627
0.007854627329172135
0.013525503827973588
0.02233502108194068
0.015262205901334999
0.014341113543084108
0.013332175107205524
0.012241651830629748
0.011076303439813149
0.009843346313626168
0.008550408863454623
0.007205484406093066
0.005816881820234194
0.00439317429041971
0.002943146454455907
0.0014757402795341095
9.515562769472336E-15
0.0014749835446483796
0.0029401288293693876
0.004386419477504884
0.005804959666123431
0.007187028762770796
0.008524134858664711
0.009808066870150027
0.011030944889170764
0.012185268474425645
0.013263962587798491
0.014260420895061807
0.015168546166190507
0.010909671119072643
0.020757641257006527
0.02716667515189577
0.03040125254024502
0.021579991556438513
0.023306613339805878
0.026419931041905046
0.004378742660183574
0.026354612193460494
0.023126948998558324
0.021299587846822853
0.029945182144763778
0.026877183958502318
0.02071187907883818
0.011370372573591145
0.015116926671639044
0.01420583662689192
0.01320756255050461
0.012128285123686116
0.010974681112943002
0.009753882124999997
0.008473430582412692
0.0071412331910714775
0.005765512186422868
0.0043547546584613885
0.002917660267524458
0.0014630876723622593
4.2119295190617224E-15
0.0014625903074023652
0.0029156769298880653
0.004350315050558636
0.005757676340101602
0.007129103207218846
0.008456161982296229
0.009730694707845464
0.010944869218246748
0.012091227201865179
0.01316272995077053
0.014152801518092055
0.015055369018597326
0.019345327944098416
0.016042757285285023
0.012473105731948842
0.011610302989758327
0.016496079790679435
0.019837234603337608
0.014820256064377667
0.027883884376199247
0.015019929488496413
0.01988879919326075
0.016606369047387194
0.012595450562627114
0.013501102839755478
0.01661524514667717
0.018626620037064456
0.015024746775900266
0.014120420498244399
0.01312927178095441
0.012057423014000047
0.010911491925410622
0.009698550779603344
0.008426082790694461
0.007101936019151988
0.005734275035347215
0.004331530647312153
0.002902348001854805
0.00145553337803446
6.860081669026573E-15
0.0014552867977847624
0.0029013647161419067
0.00432932960880411
0.005730390233527109
0.0070959223006295995
0.008417521487004354
0.009687055090155305
0.010896712005368658
0.012039050719144906
0.013107045024552838
0.01409412717791598
0.014994228232285365
0.014357149527398225
0.019716780503408284
0.022010219717122873
0.022966823787782923
0.01863985124523558
0.020815816212550933
0.02230395046317545
0.015309288117768168
0.022157238503739535
0.02074980268285897
0.01847141047669003
0.021965234531607095
0.02101783499436894
0.01937951722125313
0.015093234869995392
0.01498407833983284
0.014083394332790156
0.013095955155908756
0.012027846164578408
0.010885648950796602
0.009676400843691937
0.008407551610464463
0.007086917623863313
0.005722633777811344
0.004323103446449929
0.0028969467941640805
0.0014529477539610336
