1.0
0.9989725854527276
0.9958941397184461
0.9907760398146898
0.9836371918337671
0.9652567980029554
0.9356883748841437
0.9226948662687107
0.9078325108059888
0.8911559747538796
0.854400871259822
0.8251254198661258
0.8128499755238224
0.7806093436863062
0.7287346686877716
0.7031775619305453
0.6672840399440038
0.6391166227403835
0.5364331775559404
0.4888443201311826
0.36782158029349693
0.42652027727478464
0.41156392145681264
0.451940737245041
0.4187524599840772
0.3934632997892973
0.35888122273877576
0.3510071471295875
0.3255301295896101
0.2817105469720874
0.25700876427454344
0.24065275628212643
0.20790524053213244
0.17576620650892577
0.14434171641647248
0.13063610692811903
0.10934235931995483
0.08037172439209714
0.052442101627436614
0.02562841376529689
0.0
0.02437962278192771
0.04745297037168257
0.06916877240348768
0.0894821236499257
0.11673084134487315
0.15090902577862741
0.1666461176097967
0.1808734371739595
0.19357659782999673
0.21810739207048777
0.23563222132216152
0.2322416821778339
0.24447338895546764
0.2704995185617424
0.26975453949139255
0.27621390224709397
0.2761063903783937
0.3416203718457343
0.347987588454453
0.41731494231595256
0.3376311252008217
0.3221811955478378
0.24879782135743164
0.24036394440131284
0.22716059724938212
0.22202073576486986
0.192972298273779
0.17776497590319756
0.17847642411419581
0.15925379173806006
0.13839911379992967
0.12581602123617905
0.1129775169477243
0.09997929856330567
0.07206892528265377
0.05187566279556115
0.03868235100081246
0.025590567982649665
0.012673085182488896
2.0091134164598458E-16
0.012361565328205695
0.024347745827528938
0.03589819564672788
0.046956328580889856
0.05194693172135778
0.05415586180610624
0.06308674689366221
0.0715186998546234
0.07935164338103327
0.07913495670398776
0.08042949089779247
0.101402994721898
0.10547569696573288
0.10398560672258719
0.11557535392233212
0.12344287789194906
0.1262667984503683
0.06908071073244143
0.07109428705141405
0.028572210216514866
0.07251905746588679
0.0708569095172468
0.12730723917834144
0.1250386346774344
0.11626859216637492
0.10434701597763105
0.10109747872058106
0.09476427981769237
0.07343939033965131
0.07127723612241688
0.06786320091150692
0.06100468127303723
0.05405626888870662
0.04715759994066557
0.039884564048541404
0.03407978162745186
0.025527457685862388
0.01696268746207167
0.008436783880033018
9.761524096274562E-16
0.008298740059597236
0.01641209904919257
0.024294572090918273
0.031902718564961643
0.04283965638778867
0.059403842520014315
0.0651591151480028
0.07060783287355842
0.07568941497130598
0.07092566827976665
0.0767738699361642
0.06569297025929403
0.06380430788301127
0.06810157498291097
0.06673073999286358
0.06451216992946363
0.0648346990526271
0.09473035924117089
0.07772167410239558
0.09940688704072814
0.07355636489012227
0.08725415722190623
0.058321161057406916
0.05611395891156832
0.056701364692795186
0.05246239980013059
0.047373239295602845
0.04875467670574191
0.05726200099727767
0.05247672271369933
0.0618114558686748
0.05656845404419339
0.05125040199796673
0.04595452486555428
0.03296296091769242
0.02543903139089961
0.01909749911995538
0.012717877975441461
0.006339196069146932
4.240266839173591E-16
0.006261866202464621
0.01240947556178766
0.01840702490262693
0.0242200327557327
0.03216845108338083
0.04592983110606065
0.05041761784254844
0.05478165347606705
0.058948334210833724
0.07303279173609488
0.07750725549435271
0.09183792275947861
0.10394626808448532
0.12637231323469686
0.1334948841052783
0.14352474168897972
0.14487877284734335
0.11518268836359445
0.1335336085695909
0.12112952868628749
0.13402393359112247
0.11595882828526857
0.14369062229362145
0.14199979047138545
0.132585107862338
0.12796657146330376
0.10363495483232579
0.09133402467000708
0.08061567972275549
0.07534779054236117
0.057864799507782526
0.0540485230896998
0.0501052382089576
0.04608456017294743
0.030265207729241888
0.020348602879241624
0.015296350844884695
0.010199922616159374
0.00509074069376542
1.100846859586061E-15
0.0050415164172280275
0.01000361754009028
0.014856879372910834
0.01957281378612154
0.021145956778319965
0.026669787148710055
0.029116455974130206
0.03168617006698223
0.03425743287883089
0.022976938415921265
0.015591549054687346
0.020844383307870182
0.015805238147636447
0.027609863346384298
0.0353224096114002
0.028497069788660373
0.027622735260758112
0.017690027399550622
0.02751782759013029
0.01872369204918441
0.02728390586761945
0.016291625778014972
0.024375982534999018
0.024138555530647327
0.031131466862883993
0.0261065540566707
0.015826951788969566
0.022032131290183523
0.01417394819368814
0.021506201179186297
0.02597869526746767
0.023115480397501973
0.020438749870991802
0.01815290645652197
0.01568522733685811
0.017003654284083385
0.012793277347068099
0.008538345181071098
0.004265178890455695
3.294003926690435E-15
0.004231226855953787
0.008402948491871518
0.01249017407616455
0.016468621510455802
0.028258543676006727
0.04486614572552586
0.048269258592994246
0.051511653398098725
0.054566368724037674
0.0742463712607867
0.08303861654318984
0.07629190227073177
0.08196336583660378
0.10515899684675024
0.09071651919725489
0.08915260047794918
0.08923129451433781
0.08638868312692324
0.09093895247600149
0.07762445478306823
0.0886956421922634
0.0833324922964034
0.08323913745934247
0.08119744538452735
0.08188322543382882
0.09622439752776481
0.07344212955363684
0.06901360817789849
0.08016349592924003
0.07007997540891633
0.05268316573380283
0.04966211978727956
0.046490075979327146
0.04318836882084958
0.027101421326063625
0.014645715469340827
0.011026264246839265
0.007363706582085849
0.00368073167874342
1.308838256392569E-15
0.0036559938856946207
0.00726505655697175
0.010805428289308437
0.014255912122850803
0.008879158932041708
0.0049624350385500575
0.0054412334489399045
0.007172522417918931
0.009328491936998133
0.019128879850434283
0.017577879465880256
0.02574827414223325
0.022541916715654912
0.009516777768982474
0.02904171869551371
0.04004289266236458
0.041681147314585
0.036480900296689274
0.04157575400354309
0.054308962212918914
0.043112896744960355
0.03888297832385548
0.04651478851122616
0.04651715687254377
0.03708490038684178
0.01872424306954729
0.027703875525323874
0.027351923778193385
0.016281486550784194
0.017086398349706836
0.006840029552988423
0.004244240613720185
0.0016885641353921255
0.0018654206747657793
0.006810404450442704
0.01290043166565443
0.009717023953107123
0.006492489323495318
0.0032468146625344403
1.7546614741617567E-15
0.003228063207312451
0.006417712443586574
0.009549632433254131
0.01260497066822415
0.024743554838263352
0.038319269465286465
0.04096446877392429
0.04346306075067046
0.04580013672772828
0.04788065765747954
0.05876001646276202
0.033869340640856095
0.02944697760204357
0.04254728102776485
0.04831942601842571
0.043364238535958735
0.043741619490278744
0.03954526054895161
0.02519745888426436
0.018546513861338213
0.02527570486165412
0.038508086238471136
0.04363137342876499
0.043294464389083145
0.04878944890039952
0.036671789080709644
0.022500188999527257
0.02648101797037783
0.05040173743593603
0.038899091114299025
0.0425545225885191
0.04011445849566376
0.03756226896582285
0.03491751689127712
0.022988419061893778
0.011561772961430418
0.008712048594939015
0.005823233049990294
0.0029132344336053025
5.85064864861687E-16
0.002898593465302521
0.005764848289296531
0.008581352929307222
0.011331086723558582
0.008004047217219541
0.010156847788364561
0.01093294719184655
0.012153230286900192
0.013621424920312207
0.020865998445947907
0.01706477883114997
0.04108692419024898
0.05205975005140649
0.06297565013522356
0.07081289506323313
0.07231456668171576
0.072823294443941
0.05899733306077212
0.07486575872789121
0.06469987098174318
0.07461936934537644
0.05846819181898585
0.07186955307318611
0.0710523552234012
0.07090782929969106
0.06714975668235423
0.05469535909740012
0.04435261749444407
0.02118815877023157
0.02587912428307928
0.016752590057363802
0.015580811173276804
0.014536247669109692
0.013705826047688207
0.010095444518645316
0.010507026791993121
0.007919752519503971
0.005295302366407655
0.0026499437508204294
2.2758679188390808E-15
0.0026382495895469725
0.005248668987353352
0.007815363359243432
0.010322775102728493
0.01948536590339204
0.027618932743620497
0.02946311789693632
0.031230764648421803
0.03290205855843496
0.01925559574260192
0.023204147873379728
0.022480972817915924
0.017539187791861366
0.03018844850808122
0.04070880355458505
0.03167074791614064
0.0315759842792302
0.02229765874329189
0.0285490784690053
0.025888562072582902
0.028321097391831314
0.02174583755250339
0.029647068068644766
0.029051838515861513
0.036500564624003765
0.028755290525566
0.0178502731886454
0.024313134515167256
0.01800304049074044
0.018502934152307388
0.029030664164389784
0.027181933509658324
0.02529159211524434
0.023390549287455556
0.017072635644214025
0.009658584444418295
0.00728213674588076
0.004870248084483057
0.0024378647295403956
1.2530977091870295E-16
0.0024283578107917292
0.004832337001503051
0.0071972729647175465
0.00950879707671196
0.013583571716690628
0.01814455441977373
0.019605831475625557
0.021118107170321535
0.02263205196894099
0.03822949076826059
0.03549078880430707
0.046806663291030476
0.049484839132421944
0.06415377818716078
0.04843716665518563
0.040495678469211344
0.04067241171200561
0.03635891752919619
0.036453374354792116
0.019559231125266856
0.03523832878412257
0.035437966968299435
0.03817535030046069
0.0371651137591938
0.04460254662490314
0.05989073156980706
0.045378804085822955
0.04449914939526419
0.037759632809660486
0.03961832332543395
0.023871166329283527
0.022415787822383525
0.020918532863574243
0.019407049361111425
0.015323925689565341
0.008964995797927592
0.006760710998606647
0.004522527309871177
0.002264310251767668
2.8516491551294515E-15
0.002256474210775679
0.0044912793225866275
0.006690762809974423
0.008841535644206592
0.012647676507202261
0.015552465539506528
0.016735970516477114
0.017952119520478496
0.01915997157387211
0.023187425391760053
0.01457796092218294
0.022258365489499072
0.016115941645851235
0.007874794951021552
0.015176985783990415
0.0252349452939827
0.025966701356573564
0.029293560350461385
0.03764752031379314
0.05197033463451829
0.03805763246468224
0.029664616863645084
0.02678995188916279
0.02634956562697359
0.017680973524145844
0.007165796751792981
0.01735084070739767
0.019928510676943588
0.014954751688474089
0.023635598997799687
0.015871758472240774
0.014420829279867872
0.01298915856195126
0.011635412129158439
0.00982198779687585
0.008390836793720984
0.006328951709566411
0.004234523600870617
0.0021205228934432045
1.908578662463057E-15
0.0021139948823743456
0.00420849172806293
0.006270679904202184
0.008287986175755777
0.017406250777995538
0.019833477024847897
0.021508756442914893
0.023125104973396843
0.024664405013182428
0.033972562412588496
0.03664963356662597
0.03005426896779383
0.02399904960123836
0.03241513344235709
0.036477991968935856
0.02802938767351518
0.028555415405173448
0.029077276609464523
0.018353779511994694
0.018518518518521838
0.018569859785089557
0.02890699972135042
0.02871720831999757
0.02825390164887652
0.036427576420690055
0.028946045142908782
0.02088224875825851
0.027167470725891537
0.03420371591784216
0.029490577913785718
0.024130770774726182
0.022551220825015216
0.020887990288663165
0.019153397602326032
0.018124302408070492
0.007910951711348277
0.005968010510533801
0.003993709529246897
0.002000270752830852
2.995599638433317E-15
0.001994788750870588
0.003971848879045838
0.005919076020938365
0.007824581895463806
0.004983789963153821
0.006072478921827751
0.007420964404987446
0.008822958690827073
0.010206908197466244
0.02203834425996023
0.014145242616491903
0.01610324829515024
0.02647730110838798
0.027398122582296222
0.028683524586539718
0.02410832687398043
0.024404130476036096
0.023075916092213312
0.03480488193511394
0.023409061015077098
0.034269212401156796
0.022427903887030115
0.023379078105277926
0.022744836061617268
0.028208088831276446
0.029276307996609623
0.027302707359620607
0.017416613312836823
0.014120292097727773
0.021901077310890197
0.00973556924875733
0.00825640623547218
0.0067021289482521625
0.005091172311761637
0.002089034106882391
0.007507015135159229
0.005664148820685584
0.0037909485941331872
0.001899006177588534
1.4013643945316505E-15
0.0018943766504762917
0.0037724873907054334
0.0056228239844464695
0.007434076627065604
0.018419217067431933
0.016597109482687843
0.018176727748579223
0.019675469589917997
0.021083823582081655
0.01405007495119983
0.02352115126925203
0.024443783920652138
0.016150241768487613
0.019031002022465982
0.02720273967454925
0.029977656653881614
0.03048668084182008
0.02812734119749938
0.027466825488503852
0.03869951173578574
0.027738845860305252
0.028188677706359466
0.030573996623777636
0.03009468290531227
0.025238355378609974
0.017977449887542744
0.016153307738208507
0.024436899723896267
0.020902089783583332
0.010312011214385308
0.0195228995414308
0.01801415051470719
0.016424592060386264
0.014764038156279056
0.018067677734972733
0.007165392548760376
0.005407139946448991
0.003619436553899268
0.0018133407843653072
1.3725651801509602E-15
0.0018094180900321674
0.00360379400824589
0.005372124644471572
0.007103590532062807
0.0025930056638613936
0.007010291319967482
0.008616442580640099
0.01014988041003858
0.011599806254811803
0.023788228527385286
0.016331579115333995
0.02183212399301083
0.023825644320043714
0.0272135544681337
0.022699953841578496
0.014036124907961522
0.014481954387741537
0.019340355569862692
0.013385278708460794
0.02053312439022667
0.013095824681362745
0.01944708684220023
0.014410560768183067
0.01394398139175119
0.022403266424392353
0.025570708735375803
0.022314645153042226
0.022142541869026085
0.01684406818609991
0.02404566424639765
0.012557914943515755
0.011227957026834653
0.009821774391260358
0.008349853051553401
0.005209800189715087
0.006875761877445283
0.005189238702476076
0.0034740182182266916
0.0017407063958140062
5.129383980811098E-15
0.0017373792535226283
0.0034607505683609636
0.0051595395614883275
0.006823342980654116
0.016657937755973642
0.011299250084088299
0.012743255838522672
0.014115811380062394
0.015407808645049505
0.0107544262163131
0.016411958457003273
0.0193467648200972
0.017664933144699888
0.01741268555146813
0.018938720071937275
0.02772018161612887
0.02811015074283468
0.023520494093766497
0.03238480484605862
0.0277132518170949
0.03226408040283527
0.023038571940271067
0.027708989686556575
0.02719229879707915
0.019135836373455044
0.018200155602968452
0.018036082177972944
0.01692496779660854
0.016212290489822336
0.012415882904309278
0.014242642334307415
0.012872077935997997
0.01142671781912193
0.009915403307689646
0.015361107336642867
0.006630198648209746
0.005004497114998285
0.0033507334073884934
0.0016791295566441586
4.578958056906581E-15
0.0016763119168748918
0.0033394975084896166
0.004979345999421398
0.006585807068181724
0.009134247332170498
0.009786967383509577
0.01125371542409417
0.012648825062265553
0.013963936622403738
0.02015794274217707
0.015822731020791868
0.023963464487406636
0.017851535480864877
0.018006545063844182
0.01834786848761417
0.019549513454631972
0.02005580864848084
0.022248720704684935
0.013872576497587977
0.026443513804481275
0.0141019211752088
0.02253793864390313
0.020761818348356553
0.020498799831632476
0.01736091856024914
0.01738126922562218
0.01769444780688645
0.024923146494143247
0.0150659594996702
0.01736076167584974
0.013907287946523432
0.012618433454891342
0.011258726971208778
0.009838446235899962
0.011160142639796002
0.006422553345596863
0.004848298416957433
0.0032465075731405433
0.0016270778027900649
3.639499381752086E-15
0.0016247025454957222
0.0032370357671751507
0.004827096171894281
0.0063851315451454544
0.012559432667585184
0.00947875675207449
0.010882455021081405
0.012224692765505517
0.01349541542609573
0.01711655603805315
0.01778929628937748
0.00769759350823058
0.017040301884259264
0.019750191176135537
0.024398932346113032
0.023841733449590344
0.02414789134526434
0.02081530382867854
0.02248509261371899
0.02159110407996264
0.02221488760607921
0.020974335106512393
0.02377711565649784
0.023353566206909215
0.025257310713531666
0.01950419214303954
0.016449969631641907
0.006428658661734791
0.01862317832955985
0.01888529920357851
0.014114795259766803
0.012934268043279957
0.011693072344246967
0.010403815522101453
0.010564091953222778
0.006248018519868316
0.0047170329024187755
0.003158936495761704
0.0015833526258717408
2.979944085293705E-15
0.0015813671279598194
0.003151018935388931
0.004699309784058444
0.006216737382104123
0.013881214982248627
0.008579654606617575
0.00981160825097199
0.011000632172930755
0.012131019479321525
0.007833403119701297
0.014214239375233865
0.026834655762001575
0.020004520355818137
0.02090354951439107
0.014906823637139582
0.024317622899490382
0.02468641794671284
0.02465193262312297
0.023415156780568012
0.03006096829346766
0.02357585444154233
0.024433677729344974
0.02463129442614705
0.02423734503777083
0.015278491097654496
0.0226769181042355
0.020942659889604687
0.026078893819761095
0.014503905445599931
0.005682777436492656
0.010911802590596958
0.009716364339327332
0.008483841674391764
0.007241896067144317
0.015078138634984596
0.006102822496011574
0.004607868489188969
0.003086133828986359
0.0015470136525616686
1.8433102689288998E-16
0.0015453766227184506
0.003079605855300541
0.004593255909146559
0.006077031449694772
0.006889294553511697
0.01299629456153704
0.014341950767201834
0.015634519220390195
0.016863243311018402
0.023721296669779117
0.020061330620929962
0.008145223842047015
0.016619187869447806
0.02017056115023278
0.022396545865078762
0.01353053383679078
0.013769369696561189
0.01878425182921591
0.013581370175249121
0.019042432959920284
0.013416521154274379
0.01845528657683686
0.012851067763990422
0.012297509500965755
0.02028124599142231
0.02029092835234178
0.017101407479566535
0.010119585827777782
0.019547177381764307
0.024536746437303532
0.017924911583561923
0.016793181028658132
0.015595019122801503
0.014339114184159243
0.004615552728235596
0.0059840096968911405
0.0045185861159716435
0.0030266216949534244
0.0015173242190182875
5.769888327162447E-16
0.001516003413002411
0.003021354726478527
0.004506796245607074
0.0059632007159347925
0.016289335652462347
0.0038226710580202103
0.004822458640103143
0.005867368219753551
0.006897233308330801
0.0050508719639588
0.014560972597584834
0.017742832673735078
0.022781384614067694
0.029685686561745486
0.02447997040329157
0.028508186647249512
0.029049124366040156
0.021926843114344268
0.02697427140319401
0.020415692923562337
0.027028056313616246
0.022170763458636188
0.02989039337474686
0.02963391698891284
0.02701809005942353
0.02955932647086558
0.02202113296880625
0.014898933914487916
0.014241827058420335
0.0049458906297508215
0.005514181122079612
0.004310056077457671
0.003052719007104012
0.0017827281940459149
0.01653080118185348
0.0058892816820929565
0.004447460615537579
0.002979251493706243
0.0014937119704655135
1.1554766831132413E-15
0.0014926825330958892
0.0029751464147041305
0.004438271585389104
0.005873063161207676
0.001989447602016517
0.016054626629038275
0.01737543463102554
0.01863362511070761
0.019821580074110546
0.023415746092431834
0.015135189502079836
0.020085846322666905
0.016482869984622655
0.013096958420173032
0.002125233822371407
0.011475448646648711
0.01165115786741626
0.015007173732521544
0.01145459063823282
0.02926526295428747
0.011475210869127122
0.014905983280296351
0.011758220952860061
0.01164304312038751
0.00416605861354022
0.010686172338340625
0.015989388749633623
0.022173063090495885
0.014219829536303059
0.022177675780310727
0.02005263179679689
0.018900715951106102
0.01768311363195887
0.016408269771198164
0.0031788894233078556
0.005816881820237612
0.004393174290416616
0.00294314645445633
0.0014757402795422877
6.971598931322752E-15
0.0014749835446414073
0.0029401288293717117
0.0043864194775054145
0.005804959666127509
0.016123760070449383
0.0034264852503738726
0.0040607764116824836
0.004921230093210011
0.005865938426170666
0.005730286426050296
0.015823970221025236
0.006194998353631447
0.015946867154029182
0.024949851393925
0.042013982245416887
0.03505933777487759
0.035406765784586826
0.026963830115081366
0.02702243302840749
0.02018160352245365
0.026937770888889365
0.02695869551503019
0.03512893633752725
0.03468756726141287
0.042470811757691344
0.025066128894454844
0.015867269422532408
0.00616268271648936
0.017455248902822917
0.007572597609037102
0.007535260436649543
0.006857404993866406
0.006271439796027946
0.0058476410943801805
0.015408304109238219
0.005765512186418367
0.004354754658462687
0.0029176602675262883
0.0014630876723635373
5.02105940339841E-15
0.0014625903074093306
0.00291567692988739
0.004350315050563334
0.005757676340101746
0.00672786323865188
0.01586488448934892
0.017010176637509374
0.018107671925692886
0.01914750688718746
0.01869203821376886
0.017825472161537955
0.024823223710478327
0.019562985956862847
0.019270688175575312
0.009938889070900478
0.007266450348081503
0.007517355719499643
0.012404722662234885
0.012977583494202383
0.018791450273931972
0.013091219338043721
0.012500722826073656
0.007602027989685151
0.007324649378195974
0.009344188434549846
0.02282048433314532
0.02122767915911361
0.02387939615178774
0.01983480781272693
0.01796934100555397
0.018230035697601496
0.017161200264671845
0.016055583496684345
0.014928854863067172
0.008831916439388954
0.0057342750353516145
0.004331530647313402
0.0029023480018506975
0.0014555333780357422
5.39927773596938E-15
0.0014552867977800142
0.0029013647161462617
0.004329329608803754
0.005730390233527131
0.013488004594999384
0.010126696853811148
0.010927157532198748
0.011788452737624884
0.012674582334402568
0.013914387866116833
0.022809809675975044
0.013371485233001456
0.022753371349995402
0.031986653459772495
0.02876026472994248
0.023316034450664422
0.023481773009967608
0.021191110288866898
0.020703094646915363
0.025362258183300217
0.020493452403282056
0.02068076033478447
0.022087184215340148
0.02145686795092804
0.025075641917736684
0.032509935642392095
0.023841795742598246
0.015799536803798885
0.0233081088179138
0.015436909190301185
0.014488567237779196
0.013702062307960755
0.012905076821257749
0.01211884903114408
0.011943039309988347
0.005722633777816641
0.00432310344645324
0.0028969467941641104
0.001452947753967027
