1.0
0.9989725854527247
0.9958941397184419
0.990776039814685
0.9836371918337639
0.9745039478168479
0.9634099899352699
0.950396182533179
0.9355103927392222
0.918807280505063
0.8635915977389139
0.6880560822999605
0.5936152985702486
0.607253515535671
0.7282299990441529
0.7211258326020229
0.7030177058233134
0.6751568779883851
0.5728128658167972
0.524334606294988
0.42139796720243966
0.461698755922742
0.4476701897093054
0.48713965912770735
0.4528515578289305
0.4104306081494236
0.3571559894122955
0.18593994451854032
0.11927966908766593
0.15511573653815683
0.265861778236743
0.26683328132118683
0.23395677675898244
0.20167312991975225
0.1700806805333082
0.1392737663276266
0.10934235931995412
0.08037172439209664
0.05244210162743628
0.025628413765296332
2.141296138290711E-16
0.024379622781927505
0.04745297037168188
0.06916877240348765
0.08948212364992586
0.108354604930998
0.1257543732716545
0.1416562210946538
0.1560416043881072
0.16889863993921234
0.2117132090983202
0.33900770411092385
0.4035798083227293
0.38211613589146975
0.2774313340666883
0.25879327486248377
0.25330608522165493
0.24955881267823923
0.3147996394418684
0.32827924079575116
0.3832524943797597
0.31901802149641945
0.29679529319223963
0.2244059948460645
0.22118791943280722
0.21878325232723447
0.23190974501699896
0.31192728554784627
0.31911115025357795
0.25769959424989636
0.1558277614745894
0.11667245240793632
0.10413347464621577
0.09130375337943714
0.07826434592779989
0.06509537670314752
0.05187566279556104
0.0386823510008124
0.025590567982649855
0.01267308518248842
3.6744465535057754E-16
0.012361565328205175
0.024347745827528463
0.035898195646727915
0.04695632858088933
0.057469536274565934
0.06738938324713144
0.07667177800935292
0.08527711967004781
0.09317041956355218
0.08811432343057539
0.03171493559962528
0.007932147597224198
0.036599403083091724
0.0839290756306199
0.11266312006226675
0.11802501116477074
0.12719648793100738
0.0850351274439813
0.07929784290705615
0.05555002890500017
0.0792759587476142
0.08410097470026325
0.12410079648163642
0.11407289539607757
0.10902511052029415
0.07994868967458371
0.050675958057706624
0.027473996411866843
0.046216110781235796
0.07952721809702544
0.07482035430154833
0.06711710121238194
0.0591389623112131
0.05093822132600253
0.04256756538062814
0.034079781627452684
0.025527457685862356
0.016962687462070622
0.008436783880032316
5.95940371121129E-16
0.008298740059596325
0.016412099049191598
0.024294572090918128
0.031902718564961866
0.03919537927375526
0.046133877870153904
0.0526822056322381
0.05880718876800657
0.06447863753738887
0.07918734881606411
0.0865855265240059
0.10112296712106822
0.11672146543389274
0.09147024558897444
0.06914353692120306
0.07325428199118028
0.07292975581073176
0.10282295388905495
0.09953606756529544
0.11292022626049453
0.09588143538904063
0.09711778650879643
0.06889121553621802
0.06536893957897882
0.05756994170710876
0.07527089564511341
0.09781113387459112
0.07234466268858686
0.06155905558684213
0.06360520464887086
0.055204496560856325
0.04963964052493674
0.04384237336355454
0.03785067190997285
0.031703191580882396
0.025439031390897753
0.01909749911995582
0.012717877975442219
0.0063391960691475
0.0
0.006261866202463605
0.01240947556178645
0.018407024902625285
0.024220032755730193
0.029815527373656912
0.035162223877608804
0.04023068962729701
0.04499349698177941
0.04942536269936558
0.0721205714268263
0.0693206121511193
0.07496291053248835
0.08475368950851239
0.08728057951574505
0.1067731152541113
0.10434751286196349
0.10421218213094838
0.08130407449266207
0.09916241453175118
0.10118706694699632
0.09958123780926706
0.08088464352383412
0.1019152649951011
0.10309300868208252
0.10603401765608887
0.08947862335972621
0.07888606871494686
0.0716098234305152
0.061316053352703605
0.07043737262339095
0.04385524009181557
0.03948997423526549
0.0349266110053484
0.03019487674906461
0.025325216019943524
0.020348602879241156
0.01529635084488309
0.010199922616159797
0.005090740693765625
1.7814267166518937E-15
0.005041516417229062
0.010003617540091539
0.014856879372912753
0.019572813786122977
0.02412403027178903
0.02848438971977277
0.032629149377749495
0.036535098216767856
0.04018068198682936
0.028338276004007304
0.049326780707639135
0.03934754972036017
0.05734883203333855
0.024259750152526304
0.04046468317950767
0.048482110902774385
0.062052886935079384
0.05709306013232664
0.0462129797752052
0.05950573957825623
0.04670292701576871
0.056859766660573845
0.06140758322311962
0.048639817850390274
0.041657130163352325
0.023679643055640374
0.054763208888177546
0.04154840446549015
0.05806140674034329
0.019688526232403174
0.03647909300014189
0.03287863137833306
0.029106096167609865
0.02518591587948998
0.02114321444761033
0.017003654284083323
0.012793277347069459
0.008538345181073121
0.004265178890457982
1.4091517271392915E-15
0.004231226855953844
0.008402948491873133
0.012490174076164772
0.016468621510456645
0.020314858443545993
0.024006437118551487
0.02752202229395065
0.030841511525969496
0.03394614715006023
0.06226647755893446
0.01337300106403649
0.0399713293676143
0.03232576726741869
0.08887445403858811
0.08194291324384667
0.07367119846354714
0.05736582115770614
0.05577022646022747
0.08436779408538826
0.09979257253039606
0.08315314282967583
0.05404048719566641
0.05377435193520205
0.06877753034549793
0.0761288054239942
0.08598383103742213
0.03233118147077216
0.03679183596999126
0.008552775160655732
0.058413370924055366
0.03131765050089528
0.028245407809627688
0.025021011314592063
0.021665227760587533
0.018199480544475923
0.014645715469340874
0.01102626424683888
0.007363706582082582
0.003680731678741034
7.263294338463728E-16
0.0036559938856954312
0.0072650565569733015
0.01080542828930947
0.014255912122850928
0.01759599869453532
0.020805986110943614
0.023867094172388546
0.02676157229694555
0.029472800534867952
0.011374958119288871
0.07635041756167579
0.037391684095003604
0.06237399543426243
0.025241000611449016
0.03716340915555006
0.04090621122177037
0.0427811057491396
0.044557624057177884
0.04833444458137336
0.053248741327591956
0.04806655261680737
0.04364206686469802
0.04150599158341939
0.03999286790930819
0.035915524216945056
0.024076338354389753
0.06048880287867879
0.02995093744141584
0.07242511689735938
0.014834216788042226
0.027517322639368652
0.024830357014187465
0.02200678902194925
0.019064718399568054
0.016022861053656978
0.012900431665655847
0.0097170239531082
0.006492489323495332
0.0032468146625346866
6.293083534514087E-16
0.003228063207313542
0.006417712443587841
0.009549632433254953
0.012604970668223855
0.015565449480290296
0.018413474000504942
0.02113223537558442
0.02370580864346403
0.026119244705549594
0.044474542184435
0.009232772021253093
0.04775482063262669
0.040943257948253556
0.05994790147809417
0.0389202852135738
0.03742116491980443
0.052748783135800587
0.04420636685563164
0.032372360567353195
0.042136134702167705
0.03190189458901661
0.04471332614725445
0.054628206744613744
0.037594215422985876
0.03670267448083392
0.055082905286554774
0.0388416874435584
0.052066674134598534
0.01155786890619843
0.039433803728117986
0.024613779935093654
0.022219107024002694
0.01970021036208842
0.01707317065595361
0.014354647114386936
0.011561772961426431
0.008712048594942323
0.005823233049989164
0.002913234433607204
3.3723187086604273E-16
0.00289859346530034
0.005764848289298149
0.008581352929309371
0.011331086723560773
0.013997521750362492
0.016564721191942494
0.019017433623294992
0.021341182673569294
0.023522351538324916
0.02398039729937704
0.03884890210169914
0.007900990532981777
0.030600901122197068
0.01938177346333282
0.036414230651809334
0.04032611482458359
0.031440012164286914
0.028486591620413265
0.04883917904151522
0.03566234593914919
0.049001710378153554
0.027797082624378938
0.0302046960880265
0.04035378919105653
0.036915781273608644
0.01980467774947417
0.026483068572444902
0.009610585616215068
0.030270089017299506
0.025621991389526044
0.022332853656683017
0.02016655638883595
0.017886055366204738
0.015505857279755559
0.013041013712292283
0.01050702679199534
0.007919752519502088
0.005295302366411869
0.0026499437508162105
6.673183774068097E-16
0.002638249589549476
0.005248668987355221
0.007815363359246527
0.010322775102728643
0.012755777411738141
0.01509976481213811
0.017340740130545103
0.01946539738242575
0.021461200092845314
0.025317790700713487
0.029186410090061496
0.044640621767977624
0.03126172715904615
0.03764057372258538
0.0388066038830094
0.048622159806592825
0.056895837204197025
0.04258391558844173
0.049254151381739074
0.03816546600208052
0.04955938672170533
0.04163593832085855
0.05518775427018232
0.04873706664713261
0.03879837826230883
0.03644830417254027
0.029717904069635866
0.035852894671915096
0.028628748347371523
0.021640920852874935
0.020502305557442153
0.01851851851851979
0.01642875242294255
0.01424625864490506
0.011984803983148325
0.009658584444422002
0.007282136745885618
0.004870248084486243
0.0024378647295406285
2.1863585520627874E-15
0.0024283578107837747
0.0048323370015071546
0.0071972729647176905
0.009508797076713095
0.011752923439939307
0.013916132957617016
0.01598545423832199
0.017948540849476186
0.019793744462760183
0.026155475528798395
0.02522180027525333
0.02796573342252384
0.031234980433670602
0.020617903209742078
0.03343135015849173
0.029735689148976573
0.017921425716581216
0.028292491635986183
0.040050242715607656
0.029319770536833222
0.03941375953257495
0.029148585740570044
0.01912929465969265
0.027802867271392168
0.03238633029245911
0.01985188386297433
0.03197273380969951
0.03541631459510674
0.02947245420822283
0.02507617097365305
0.01900855764426866
0.01717320964004536
0.015238710305109518
0.013217291849713408
0.011121676278225969
0.008964995797925281
0.006760710998608975
0.0045225273098720865
0.0022643102517689276
8.313473813942983E-16
0.0022564742107767815
0.004491279322586673
0.006690762809974693
0.008841535644201027
0.010930553364362477
0.012945194766961958
0.014873337741863044
0.01670343180137064
0.018424566870805223
0.016782350360930228
0.011527954279879266
0.008448017359678619
0.016233922426210218
0.032628505839235225
0.028266566151300937
0.03630226135096843
0.02504500170566385
0.018839079617529703
0.039053663426304064
0.023063027945827753
0.03840154582941079
0.01786824484706555
0.02274819827311406
0.034125013250574744
0.025981688759429095
0.03203720491081032
0.015233621625786134
0.009215303537650817
0.008100324565770495
0.017165328567260565
0.01777374660517863
0.016060791128661763
0.014254402945585859
0.012365975136842193
0.010407368373057791
0.008390836793721407
0.00632895170956999
0.004234523600875062
0.002120522893440514
1.564122583444853E-15
0.002113994882374399
0.004208491728063177
0.006270679904199651
0.008287986175757657
0.010248151021482714
0.012139302799508233
0.013950029316000203
0.015669446367282076
0.017287262845732256
0.019561524327604413
0.04063555868628186
0.043318581908090896
0.030239370204567614
0.017560694129743416
0.03119737086469454
0.024301075895350438
0.03824463662452946
0.03906362973706915
0.0259215386994958
0.05856069741052293
0.026302550631527054
0.03883702527801521
0.038822302239895655
0.025530687000528452
0.03165538970428685
0.018578665457360626
0.02889437629373162
0.03895686308818558
0.0388624336308006
0.017509697818552973
0.01674277486948785
0.015131808464326477
0.013432231125053073
0.011654737426114656
0.009810470346246436
0.007910951711348565
0.0059680105105335375
0.00399370952924811
0.002000270752831331
3.8860904526263235E-16
0.0019947887508717003
0.00397184887904823
0.005919076020935366
0.0078245818954622
0.00967676660671448
0.01146438898583967
0.013176634547164497
0.014803180649467004
0.016334258471109364
0.01982402866978256
0.0077274778675674675
0.00994839841220212
0.018950416744735986
0.02933697085615152
0.014974647355415396
0.018288449692292586
0.010702606055499591
0.015994770033724584
0.019354998440586278
0.027032735890925086
0.01919400983249499
0.016667409698607014
0.011149190412470266
0.01725380227867587
0.014713237139153937
0.028775144575380558
0.019201304926841408
0.015357459790567376
0.011916996870453356
0.020330890297907356
0.015875622498045673
0.014350319253919861
0.01274048927620478
0.011056240820028637
0.009308114012790202
0.007507015135158876
0.005664148820687696
0.0037909485941318884
0.0018990061775851907
5.906492247957088E-16
0.0018943766504771233
0.0037724873907041055
0.005622823984445649
0.007434076627063141
0.009195202845303821
0.010895494593684501
0.012524643141229155
0.01407280135656468
0.015530643016465529
0.014070490092411255
0.01868385074674645
0.02018033526369049
0.021822979771854874
0.02541372362984681
0.028915015278464157
0.031174794442768616
0.031658810607543386
0.023185832018120498
0.041653253906976655
0.05840891250996829
0.041739564694873076
0.022237355070046268
0.03044985027616446
0.030773241971427775
0.027377064145818055
0.025754950803714313
0.02097403486308116
0.017745023867514878
0.012985746146405406
0.01449697950879694
0.015142585844554236
0.01368963323242567
0.012155621864997327
0.010550164881391074
0.008883293100558064
0.007165392548762488
0.005407139946445307
0.003619436553902424
0.0018133407843679964
1.4981648513057263E-15
0.001809418090029116
0.003603794008246105
0.005372124644471441
0.007103590532064263
0.008787621854595869
0.010413962781397302
0.0119727337415742
0.013454491259362617
0.014850284989616444
0.01925042360821848
0.026610125622103884
0.02497240220207009
0.020102907297383718
0.022517983484977286
0.021657021389689314
0.015708601032580427
0.019904469831747987
0.029334661878157923
0.015555995212909925
0.006004327889572984
0.015482129992499073
0.02963334876070522
0.020376802221076688
0.016321298581039975
0.023224160823905392
0.021128444750049408
0.02133023435800962
0.024020918355948093
0.026615221354999555
0.017988090973761816
0.0145212221228209
0.013129576318165217
0.011659817132512582
0.010121138014666369
0.008523137976575059
0.00687576187744749
0.00518923870248051
0.003474018218224249
0.0017407063958166753
8.352036003162401E-15
0.0017373792535278984
0.0034607505683613483
0.005159539561484318
0.006823342980653724
0.008441992249954101
0.0100056154564703
0.011504697401003449
0.012930137348568358
0.01427330412917637
0.018898086974482014
0.009941712472190322
0.013012296658552138
0.01799532440031462
0.02158832512074663
0.013546153711845301
0.022507574291630732
0.02100871875313475
0.017257318120969627
0.031989962294570205
0.026765865114911688
0.03153460137421219
0.01745660579641184
0.02086923535963231
0.021654791182981234
0.012013408346332998
0.020362281113396143
0.018104277984029717
0.014216507054670542
0.013621719432049147
0.02055643868715328
0.013994328584076515
0.012654679837936056
0.01123941341989425
0.009757366466509026
0.008217771418262196
0.006630198648208752
0.005004497115000818
0.003350733407385943
0.001679129556641619
4.0964702987397206E-15
0.0016763119168700894
0.0033394975084875245
0.004979345999423898
0.0065858070681772095
0.008149052303005572
0.009659535194481301
0.011108049299681136
0.012485784224258063
0.013784379082911764
0.012039890779326995
0.01335854513412713
0.023840103248791676
0.03436701732549878
0.020077508144995947
0.02906825241478034
0.020493779175116363
0.020071909888064326
0.02427735528145303
0.021114583049414205
0.023329371219787363
0.021389288436566525
0.02367014391040026
0.019845870610330926
0.02032564988841175
0.02865040492889287
0.021252252093249616
0.03625299036933426
0.024312216179708974
0.009379901783355807
0.009606967157126884
0.013548571158452033
0.012252950983888754
0.010883816402485712
0.009449702303211434
0.007959530298468014
0.006422553345594842
0.004848298416952855
0.003246507573137801
0.0016270778027907826
4.306286743245011E-15
0.001624702545498121
0.003237035767174447
0.004827096171890208
0.006385131545147874
0.007901600640548907
0.009367231488452317
0.010773077968527752
0.012110574301544086
0.01337158712926683
0.023919419545257826
0.024729046913779664
0.010924281789155747
0.013931553745402956
0.01651226768914504
0.014479905242082399
0.02086826336160385
0.02143015525725213
0.02050539427360995
0.016195452305511813
0.02215788464966419
0.01594385241247514
0.020619978368534856
0.021402320971454482
0.021527923675855095
0.016225600357954905
0.01637487677547211
0.01002825602009712
0.008489352795894786
0.02423827661525472
0.02427239019067584
0.013173533359922234
0.011915019650557999
0.010584747402740883
0.009190996056042034
0.007742424727155898
0.00624801851987394
0.004717032902420492
0.0031589364957613497
0.0015833526258713317
4.774416409142525E-15
0.0015813671279497601
0.0031510189353852504
0.004699309784059999
0.006216737382102171
0.0076940009926875445
0.009122058333468564
0.010492180819401063
0.011796006812019736
0.013025592550933829
0.004151310455261145
0.010447796446985205
0.025036952448093747
0.030075784909329932
0.025757330069494835
0.017076298324570274
0.013548762952791308
0.020966029159238512
0.021651130355484136
0.0273592560270656
0.009146850617142578
0.02737298908292739
0.021968476430098385
0.021113857771640456
0.012768644948917196
0.014709156228781585
0.025444225857068854
0.027401380218976954
0.024834240654915313
0.014513115453905202
0.004982587347407232
0.012861044675946233
0.0116335357366415
0.01033571216539283
0.008975639047645938
0.007561755518893278
0.006102822496014438
0.004607868489185228
0.003086133828992707
0.0015470136525599356
1.2201498221902347E-14
0.0015453766227170327
0.0030796058553006576
0.004593255909148959
0.006077031449699476
0.007521830580315101
0.008918800579129601
0.010259392048039065
0.011535411143215064
0.012739069568687787
0.022792485825653474
0.011529776126559971
0.014344329534946921
0.020144967397805996
0.01654344380137561
0.02899654090099994
0.02825050519409215
0.018300926022462975
0.019025011792601763
0.011948482827095173
0.04611882649691857
0.011962347012295467
0.01873444417114447
0.018166173952862956
0.02858077626715931
0.030300651134525604
0.017058784683210218
0.02517736055869335
0.016005393187896358
0.00843935539189038
0.02153265511514344
0.012604699581224973
0.01140273738290974
0.01013162018526547
0.008799235330313324
0.007413839913159936
0.00598400969689341
0.004518586115977974
0.00302662169495276
0.00151732421901075
3.4146100948138557E-15
0.0015160034130055485
0.003021354726478969
0.004506796245601949
0.005963200715940228
0.007381627315084772
0.008753376451611346
0.010070043035627481
0.01132356789570096
0.012506287027606068
0.010927913232686286
0.02651388807616687
0.013651417970191256
0.023564806549908064
0.017619626193888318
0.003277290844898712
0.012744220394185041
0.017464089168203533
0.021925348846539794
0.026628410357129068
0.027112992872913817
0.02662720479694093
0.021532073621129605
0.016852314252165587
0.013145552122970944
0.0035407249235970533
0.015719638855554736
0.02247301613854379
0.009859775555989577
0.02643407582174242
0.01267649153165126
0.012399509771529801
0.011218138743398253
0.009968509378496481
0.008658364370337061
0.007295813132384495
0.005889281682093414
0.004447460615539046
0.0029792514937129243
0.0014937119704656148
8.539540285866388E-15
0.001492682533097622
0.002975146414705206
0.0044382715853860735
0.005873063161212195
0.007270706647691511
0.008622622008376964
0.009920516256842269
0.011156434250421845
0.012322807374816697
0.01632546356869944
0.009676425039832346
0.025024201951079322
0.02743544268089191
0.02389636566537876
0.031072711453644562
0.023344217980224742
0.02756294866937308
0.020347936586169707
0.012946456632339348
0.048545682730734646
0.012937615842403171
0.02091956640226469
0.028720171296744177
0.022038533841428693
0.030032968444891044
0.025153568972975934
0.023778864810852965
0.026945808550093864
0.012801861420638874
0.01447652419058085
0.012241651830622636
0.01107630343982972
0.009843346313621527
0.008550408863437336
0.007205484406090104
0.005816881820234714
0.004393174290419845
0.0029431464544550675
0.0014757402795395737
9.501316272720385E-15
0.0014749835446401052
0.002940128829364511
0.004386419477510058
0.005804959666129146
0.007187028762766025
0.00852413485866465
0.009808066870160028
0.011030944889171258
0.012185268474425932
0.015808658840931168
0.015313817449835088
0.010125134145411371
0.017881448909234904
0.008800775794356964
0.008630025909622635
0.018265933453224165
0.010424200302692827
0.0125689748833983
0.026249966397388955
0.02366094622011601
0.02618977305988305
0.012203254555170255
0.009872069635885676
0.01918424049238496
0.00980112009523472
0.008835344665298794
0.019716185131645466
0.009133947568641942
0.012343010749068215
0.0160598388066184
0.012128285123688172
0.010974681112933373
0.009753882124999001
0.00847343058240597
0.007141233191088416
0.005765512186416845
0.004354754658467049
0.002917660267529637
0.0014630876723683403
1.5678861848511288E-14
0.001462590307413717
0.0029156769298906856
0.0043503150505655
0.005757676340100466
0.007129103207231894
0.008456161982300927
0.009730694707839053
0.010944869218237712
0.012091227201861305
0.01096580431538909
0.023999800038873375
0.023278402917914616
0.00971094674866481
0.02677509752053254
0.021582746178334968
0.017965708615484292
0.032667965699781365
0.026836398216157683
0.013182158215425501
0.023703269470777912
0.013278720976541399
0.026618907741446988
0.03187283925134008
0.018961474487310535
0.020949217592844304
0.025892905680162472
0.010460703590779299
0.021339232212933178
0.024223925203256527
0.011002402898867497
0.012057423013986213
0.010911491925409206
0.009698550779601417
0.00842608279069418
0.007101936019152522
0.005734275035348761
0.004331530647309676
0.0029023480018486444
0.0014555333780368427
6.901790434474377E-15
0.00145528679777462
0.00290136471614129
0.004329329608806215
0.005730390233526179
0.00709592230063252
0.00841752148700273
0.009687055090153416
0.010896712005370563
0.012039050719147477
0.014629731325045248
0.012248191465560557
0.013352043471455539
0.022400982670612975
0.015027350433605435
0.018062090805847735
0.0259661601165022
0.011478585331017649
0.014329308453626812
0.020691149186868325
0.01845852156137035
0.020484605393507677
0.01499963277809697
0.013083142138445135
0.02603536105814467
0.018747587288780454
0.016789587269301923
0.020479700145100276
0.01611443019817886
0.01483664024928663
0.013630892772123088
0.012027846164574257
0.010885648950797976
0.00967640084369923
0.008407551610460633
0.007086917623870284
0.005722633777815397
0.004323103446456508
0.002896946794171713
0.0014529477539628553
