1.0
0.9989725854527274
0.9958941397184435
0.9907760398146884
0.9836371918337666
0.9745039478168507
0.9634099899352728
0.9503961825331793
0.935510392739226
0.8821160639593235
0.845260763069088
0.7605323092812493
0.7385909455100513
0.6971954777607375
0.7004643481388173
0.6933351837338989
0.6754377909930989
0.638372287952853
0.5998145102900029
0.46087769958324737
0.42148746557747346
0.3985580944409176
0.47424451207176194
0.45056869342602207
0.4255079087876352
0.38258311181026583
0.3293908628243483
0.26748585376267336
0.25066216779171574
0.21927074700769467
0.24928269455151109
0.23421777041622108
0.23395677675898266
0.20167312991975292
0.17008068053330902
0.13927376632762686
0.10934235931995452
0.08037172439209704
0.052442101627436385
0.025628413765296836
2.33255985757928E-16
0.0243796227819275
0.04745297037168232
0.06916877240348777
0.089482123649926
0.10835460493099747
0.1257543732716548
0.14165622109465503
0.15604160438810782
0.198015738373565
0.2271549741657694
0.2995504710788752
0.31035736150245563
0.329939879281273
0.3046223549749684
0.2859901803832893
0.27842754943445236
0.2829300438430563
0.29093137045543566
0.3814171696357032
0.38603141139023656
0.3714052346359461
0.27337713425109733
0.25689689470974175
0.2455622840747393
0.24579056137115757
0.25880294578399854
0.27951562168005295
0.2584186859470542
0.24243042805924703
0.1690271731073922
0.13865396842607827
0.10413347464621625
0.0913037533794367
0.07826434592780014
0.06509537670314795
0.051875662795561224
0.03868235100081199
0.02559056798264983
0.012673085182488822
6.252304107237695E-16
0.01236156532820536
0.024347745827528723
0.035898195646728054
0.04695632858088952
0.05746953627456639
0.06738938324713138
0.07667177800935272
0.08527711967004784
0.09020076664398637
0.08688087883192439
0.06299091546315866
0.03931177251493907
0.032941248713815374
0.055816288840161876
0.08608226759999002
0.09817619736792597
0.10697146323557279
0.10029715782567017
0.05852311468989553
0.07102768049269308
0.059145417796090574
0.1001505435090805
0.10674028233403555
0.09600877603904785
0.08393814441116583
0.05234470939495556
0.03018259516166752
0.03876702252544854
0.06522122873231144
0.08233086034484165
0.08382194366615793
0.0671171012123823
0.059138962311212816
0.0509382213260041
0.04256756538062806
0.03407978162745362
0.025527457685862013
0.016962687462071573
0.008436783880032647
1.1813030126935464E-15
0.008298740059596849
0.016412099049191903
0.024294572090917985
0.031902718564961983
0.03919537927375528
0.04613387787015436
0.052682205632238535
0.058807188768007
0.0631729700854792
0.08490596764360014
0.14148799165411272
0.1548892177434685
0.15165312838173076
0.11767553264689977
0.10089204597137974
0.09310365425250829
0.08645867357992289
0.09540275089686276
0.11578053963921597
0.12430634983654694
0.1111383369914976
0.09107137785348629
0.08026504937739007
0.08555115916836739
0.09153987851025691
0.10211067308835466
0.13347863413381217
0.13770975209414837
0.12151635375845418
0.06707847378582696
0.04475734290561569
0.049639640524936024
0.04384237336355451
0.037850671909973405
0.03170319158088197
0.02543903139089823
0.019097499119954953
0.012717877975441815
0.006339196069147073
6.269210143926838E-16
0.006261866202463545
0.012409475561785139
0.018407024902624858
0.024220032755729946
0.029815527373656243
0.03516222387760904
0.0402306896272977
0.044993496981779055
0.07663550014883376
0.07668368304356445
0.06240759405895102
0.036813721507863294
0.023983039415025276
0.06872340732916322
0.09908154006670755
0.10728660954869884
0.12474298567069189
0.11893829717035011
0.10464012468146104
0.0895659110159804
0.1055256937417295
0.1190754517745699
0.12488304587912871
0.1082260869708578
0.10072837245599092
0.07293331431120144
0.025007493775494143
0.03489034638494092
0.05862947968983626
0.07337681221484448
0.07293496419794943
0.039489974235265506
0.03492661100534897
0.030194876749063796
0.025325216019943465
0.020348602879240955
0.015296350844882144
0.010199922616160251
0.005090740693766057
1.324771436594401E-15
0.005041516417229267
0.0100036175400923
0.014856879372913257
0.019572813786123237
0.02412403027178898
0.02848438971977368
0.0326291493777502
0.03653509821676756
0.011701491572555702
0.028223467221854728
0.06858505988724684
0.08339069617773151
0.07599956852721829
0.05901618821774078
0.07536474102933569
0.06956831527563415
0.05530580944614659
0.060616551888407866
0.010947195614514222
0.038060589808641763
0.010969026415922043
0.05955108220151413
0.053675753817638214
0.06894410682083765
0.07458603383080793
0.058084314463259686
0.06991457321196194
0.07318083887443781
0.05802826893445582
0.020543753862079347
0.011419006344633368
0.032878631378331864
0.029106096167607756
0.025185915879490234
0.021143214447610796
0.017003654284082816
0.01279327734707066
0.008538345181073074
0.0042651788904582285
1.4108103430456905E-15
0.004231226855952439
0.008402948491872814
0.012490174076163858
0.016468621510456097
0.02031485844354678
0.024006437118550314
0.027522022293950895
0.03084151152596936
0.05820086879287113
0.05777983646297916
0.04191210064640911
0.028057247193959228
0.03283293769747502
0.0817644700346741
0.08634762532517935
0.09116889351029249
0.09191450657562039
0.08556346014019034
0.09409285029484364
0.07044723259689761
0.0927630386174596
0.08237865332952107
0.08722275275852072
0.0867464494830709
0.0808886472653475
0.07995290425272339
0.0329839842027889
0.027080827457358174
0.03701235578401517
0.05132664069507208
0.0511304627476837
0.02824540780962781
0.02502101131459203
0.021665227760590485
0.018199480544475552
0.014645715469341642
0.011026264246838497
0.00736370658208266
0.0036807316787400303
2.513562860899346E-15
0.0036559938856959664
0.0072650565569724514
0.010805428289309341
0.01425591212285019
0.017595998694535576
0.020805986110944495
0.023867094172388255
0.026761572296945303
0.027007123830778686
0.01959219729283482
0.040136831625941914
0.0470543766830767
0.05804868084416884
0.05545886716891787
0.05079764361845359
0.042742302330243544
0.027416118096923736
0.037280217687237716
0.02323549004287219
0.04879286494050097
0.024279269948132773
0.037369529484309244
0.027708416106389105
0.03840326119746282
0.045735253605399435
0.053720148857111606
0.05652715842829459
0.04388339405455732
0.038886455631541784
0.022391084870144493
0.03111312093675948
0.024830357014185768
0.022006789021948536
0.019064718399569767
0.016022861053657217
0.01290043166565587
0.00971702395310885
0.006492489323495465
0.003246814662534456
8.730625419699755E-16
0.003228063207313926
0.006417712443586989
0.00954963243325508
0.012604970668224295
0.015565449480290186
0.018413474000503187
0.021132235375585444
0.023705808643464138
0.031127276328435618
0.032506063686053084
0.023705049956932685
0.024125923591756363
0.023618204000479932
0.05513420922309867
0.044006456397622594
0.05215574949840859
0.04559605594257846
0.036853169319647675
0.04476227571839446
0.0294801585992074
0.04439086241662941
0.03649009337383091
0.045147323528378115
0.05139034713892809
0.04240498605021587
0.04952080807245239
0.020566473255581228
0.023191579091564246
0.021519509060282525
0.027889299467181078
0.02393413162702761
0.022219107024004002
0.01970021036208808
0.01707317065595561
0.014354647114386821
0.011561772961427333
0.008712048594942198
0.0058232330499886605
0.002913234433608839
0.0
0.002898593465298696
0.0057648482892989055
0.008581352929308296
0.011331086723560027
0.01399752175036541
0.016564721191941256
0.019017433623297775
0.021341182673569287
0.03491331553947869
0.026211789541778302
0.03553081778315434
0.037296500813970034
0.04604519382167089
0.04053320607526964
0.025976636376727626
0.023456661982305182
0.04856284417690944
0.05244822962503087
0.06080789745411908
0.06075240283585778
0.061168860029126707
0.05259842780649264
0.04903901547433386
0.02492239444949517
0.026235896826629627
0.03855107944470337
0.043290310193187534
0.0359273270040701
0.03346811068603122
0.02552634185490071
0.03398409270448935
0.0201665563888331
0.01788605536620551
0.01550585727975362
0.013041013712295048
0.010507026791996863
0.007919752519502221
0.0052953023664110595
0.0026499437508144268
4.1858819408133485E-15
0.00263824958954966
0.00524866898735572
0.007815363359247056
0.010322775102727921
0.012755777411738075
0.015099764812140827
0.017340740130545002
0.019465397382423397
0.011322778861879967
0.024720441878904303
0.021232397823648053
0.019753975936007778
0.01880004787353888
0.02569427551085752
0.05086207716550977
0.06090212721515372
0.04465770192514883
0.03580075217801865
0.0443214028380573
0.03948719464383908
0.04403278401673888
0.035087688590830064
0.04364554790438658
0.06127210830507123
0.05135236011317441
0.024151633629162086
0.021335605188368276
0.019695230380580804
0.022596055182283813
0.026438472797164353
0.011152147523215616
0.018518518518520693
0.01642875242294207
0.014246258644903958
0.011984803983147996
0.009658584444422883
0.007282136745888544
0.0048702480844820305
0.002437864729538305
8.274796713270741E-16
0.0024283578107843168
0.0048323370015066446
0.0071972729647176775
0.00950879707671298
0.011752923439938752
0.013916132957619166
0.015985454238320828
0.017948540849477477
0.027320794419163432
0.01862836531731049
0.022582309875511193
0.028602105495770195
0.0304402362080674
0.030634042112577593
0.02324947043257744
0.026374467569908328
0.03376805598528696
0.0378287710910607
0.04810347441189757
0.04208839888672527
0.04735763225406417
0.0368905425794386
0.03190873210000969
0.02493361406204951
0.0216281761302771
0.029402206748956092
0.02787103851136654
0.02637108058559078
0.01919221510593112
0.015243041602160454
0.02402839416769153
0.017173209640045227
0.015238710305110337
0.01321729184971191
0.011121676278226019
0.008964995797926778
0.006760710998608255
0.004522527309869636
0.0022643102517662093
5.2019624416412695E-15
0.0022564742107754544
0.004491279322588785
0.006690762809975063
0.008841535644202553
0.010930553364364716
0.012945194766960506
0.014873337741865557
0.016703431801367432
0.01591914672066764
0.031547692090901594
0.027161246666069942
0.024179526902616776
0.03032366516900671
0.023864854323653727
0.03890922619667166
0.04783550437739539
0.028787854497495602
0.022885284646539845
0.023211418921226613
0.01457278343377885
0.022839108913179352
0.023125809930149142
0.028397570559500585
0.04504662728104483
0.03563941440160642
0.023927086051110727
0.030735789424607272
0.025799501631226626
0.027701157030320344
0.032142978245181995
0.016963112993668268
0.016060791128661128
0.014254402945590019
0.012365975136842913
0.010407368373059646
0.008390836793723386
0.006328951709570038
0.004234523600873663
0.0021205228934408045
2.7243426645764822E-15
0.0021139948823769134
0.004208491728061245
0.006270679904198987
0.008287986175755371
0.010248151021480134
0.01213930279951265
0.013950029316000888
0.01566944636728262
0.01744310709121512
0.0058501672313152715
0.014356618603033335
0.017136267176156825
0.017696567566145495
0.02356958616240218
0.02305373161428571
0.018863926177052747
0.02833676408926075
0.03768433319256632
0.033261493549745245
0.05856069741052349
0.03335154961204675
0.038107032608952554
0.028915724311431214
0.02017983543152137
0.02535968130012056
0.023161767814559017
0.01663882405118238
0.014972659577033148
0.015613774992174473
0.005682420710412987
0.01689371056938234
0.015131808464325837
0.013432231125051961
0.011654737426116316
0.009810470346247801
0.007910951711351314
0.0059680105105336485
0.003993709529252373
0.002000270752832942
1.603195412832818E-15
0.0019947887508709903
0.003971848879047637
0.0059190760209346695
0.007824581895462071
0.009676766606713584
0.011464388985837154
0.013176634547166374
0.014803180649465212
0.015589277729016627
0.02945361299182247
0.024916626352067848
0.029767838515862104
0.02633868040567603
0.02167040493413124
0.015531056195635018
0.021533027834444274
0.028841166359517247
0.029491573685460088
0.020986864725922545
0.030813890712476782
0.02092110550646307
0.029427681382365477
0.02867671610739782
0.01978392103216755
0.01386779497815517
0.020867588638020032
0.024609824408664296
0.029721429179406667
0.022720302222369114
0.027263282004184007
0.013716814381606778
0.01435031925391997
0.012740489276206053
0.011056240820029328
0.009308114012787716
0.0075070151351562505
0.005664148820686701
0.003790948594133229
0.0018990061775867033
2.9973534887610686E-15
0.0018943766504764816
0.0037724873907041463
0.005622823984446117
0.007434076627063714
0.009195202845303839
0.0108954945936854
0.012524643141229122
0.014072801356567485
0.019632021485324874
0.012417161571930561
0.021572345978881986
0.00981886302755548
0.019459598540977393
0.0236681577010921
0.035394605072454954
0.029725053818352592
0.025504730890975328
0.03443940511213316
0.03187555057665181
0.050327301461453845
0.031618159952645
0.03369631105534611
0.024454761773017215
0.029744369427344597
0.03531911384090136
0.023790757077490825
0.020594210279344327
0.01040382731703896
0.022712795529621705
0.014294047449899644
0.02090092026861616
0.013689633232427292
0.01215562186499489
0.010550164881391419
0.008883293100556725
0.007165392548761034
0.005407139946447262
0.0036194365539029046
0.0018133407843658469
4.451319743182918E-15
0.001809418090027368
0.003603794008248139
0.005372124644471282
0.007103590532068376
0.008787621854598214
0.01041396278139466
0.011972733741574244
0.013454491259360301
0.008077753426414801
0.019091419818586336
0.012630123551266297
0.025014094174550913
0.01729639260091446
0.017227192846066403
0.01122211922408494
0.015497314289573589
0.027927357681272153
0.02622480152900539
0.01922803857484784
0.029282892309741168
0.019429960829618533
0.02624125110156733
0.028217463643270824
0.016017994033416926
0.011904047691410962
0.017659186303677788
0.016524165660367428
0.022921350293585482
0.010522789860726956
0.016778979193920008
0.0076612950901911335
0.013129576318167937
0.011659817132513017
0.010121138014666811
0.008523137976576462
0.006875761877448556
0.005189238702479929
0.0034740182182231884
0.0017407063958167317
9.843576524367993E-15
0.0017373792535300629
0.0034607505683605846
0.005159539561485235
0.006823342980652295
0.00844199224995693
0.010005615456469375
0.011504697401002718
0.012930137348570767
0.021719807875077133
0.016262073262962324
0.023468823987895397
0.018879389687452217
0.02102732542516776
0.024245599542607653
0.02820679699904576
0.02291444903451722
0.012682560589401327
0.01999074653984651
0.020594369644218857
0.016101862509022187
0.020378149542954242
0.019578908792122363
0.012236169222533396
0.021962984129208957
0.027067675737739376
0.024515563166786394
0.019778576027435286
0.021469382039473243
0.0228798360483504
0.015646038135691848
0.020771240019231276
0.012654679837933685
0.01123941341989239
0.0097573664665077
0.008217771418260428
0.006630198648210961
0.005004497115001189
0.0033507334073904836
0.0016791295566430462
2.3060741360343576E-15
0.0016763119168705602
0.003339497508493055
0.00497934599942237
0.006585807068175318
0.008149052303008603
0.009659535194483143
0.01110804929968003
0.012485784224258016
0.013403757742096959
0.015565516261176016
0.01606909255692363
0.013136902528505582
0.01971932907638989
0.02726182392686846
0.018111394463983018
0.020942517382346856
0.02940691515630438
0.026377840353524685
0.02851602852551806
0.05571262227802605
0.028600168458783173
0.02616173037970314
0.029017313187810003
0.021048594976717835
0.01851310378779282
0.029109975739725315
0.02162438251456311
0.010763647099899028
0.01930669346855395
0.016921585698098988
0.016146336659380808
0.012252950983890152
0.010883816402479879
0.009449702303210844
0.007959530298468142
0.006422553345594139
0.0048482984169512956
0.0032465075731355204
0.001627077802792826
3.875997657233384E-15
0.0016247025454951133
0.0032370357671723106
0.004827096171890304
0.00638513154514743
0.007901600640547743
0.009367231488451767
0.010773077968523913
0.012110574301544302
0.01511890574971599
0.010840348715566356
0.0188655735863007
0.02987075487419931
0.009466529438502423
0.02562319661774873
0.02421251361687173
0.018911639347500387
0.014285145161632802
0.020026188495005114
0.014631231098184063
0.018507073013819954
0.014581281874910063
0.020320230416170423
0.014871413743386195
0.019195292642113417
0.024365245630065962
0.02527406187097002
0.00702233167416576
0.0310991645001549
0.017236773432843546
0.008791385707251744
0.012071443510070924
0.011915019650555846
0.010584747402741882
0.009190996056043559
0.007742424727154001
0.0062480185198756505
0.0047170329024175065
0.003158936495763272
0.0015833526258684444
1.1521819675757146E-14
0.001581367127952151
0.0031510189353864252
0.0046993097840563915
0.006216737382104253
0.007694000992687246
0.009122058333470523
0.01049218081939991
0.011796006812013237
0.02126610917613876
0.021260190686952
0.02746578867669871
0.003418214662271221
0.03102921378702301
0.03257392747019298
0.015179825986977726
0.01716514309939992
0.020990083142046062
0.018610051525961416
0.02501457937030638
0.04183964302142147
0.02482735795994078
0.018225185300958735
0.02049649763222798
0.016651405342154417
0.01419052539496387
0.031659634992953586
0.03238078444801147
0.0021528683895697133
0.028435320361495403
0.021986974903084818
0.02205033668224624
0.011633535736647648
0.010335712165393625
0.008975639047645013
0.007561755518895877
0.006102822496014447
0.004607868489191779
0.003086133828992272
0.0015470136525610801
6.437677569419747E-15
0.0015453766227206808
0.003079605855302262
0.004593255909148978
0.006077031449697584
0.007521830580315608
0.008918800579130946
0.010259392048033078
0.01153541114321513
0.003987695533685847
0.007140693460404817
0.010598919523399145
0.0314498464292356
0.004734808532647562
0.019811229320100633
0.024779337452519586
0.022869984328200605
0.020090688696408933
0.022543040752159682
0.017446286441021624
0.01079792978117457
0.01754646509982114
0.02231827708031168
0.02009925364009929
0.023058392886082645
0.02443421167108181
0.018985905693665022
0.0056136079319025695
0.03044960415496824
0.008706994844904068
0.0088988250330119
0.003670763626481063
0.011402737382913206
0.010131620185266496
0.008799235330313326
0.007413839913159672
0.00598400969689459
0.004518586115975088
0.0030266216949579043
0.0015173242190145216
2.7626030117304664E-15
0.0015160034130016818
0.00302135472647808
0.004506796245606469
0.005963200715941101
0.007381627315087033
0.00875337645161
0.010070043035631145
0.011323567895698957
0.020799010442034624
0.02080965966434235
0.026654838043956068
0.0028727507887959932
0.0324883252220592
0.020226198138129363
0.013149066307377172
0.018923722123115175
0.023489708182284796
0.019342472182280742
0.01990708563367549
0.029904369497052868
0.019893904651180246
0.019884067714676677
0.024317388352989806
0.01968810822323772
0.014107576416273342
0.017773081592176256
0.031160998737423676
0.00433610122183519
0.024962166452378583
0.01935649260596172
0.019225810010162447
0.011218138743398725
0.009968509378501522
0.00865836437033799
0.007295813132383756
0.005889281682085293
0.004447460615538207
0.0029792514937103144
0.0014937119704653775
4.8808525947113376E-15
0.0014926825330960074
0.002975146414707029
0.00443827158539063
0.005873063161209171
0.007270706647692838
0.008622622008377554
0.009920516256842319
0.01115643425042198
0.009990782446976897
0.014870939616555006
0.007679808361821149
0.023914767951665625
0.007329536989123821
0.022014934242766702
0.017453016900422502
0.018775121366630402
0.015120355275947253
0.012276234464510701
0.018222300598198637
0.026582541993694486
0.018182473526556893
0.011625987846353257
0.014468745994479051
0.017631669010230926
0.0160638647029657
0.023229246164039964
0.007944446352777437
0.0221745743346535
0.009301101154900045
0.01624787903885646
0.011993763119516556
0.011076303439817387
0.009843346313620218
0.00855040886344779
0.00720548440609492
0.005816881820237088
0.004393174290416845
0.002943146454458446
0.0014757402795377355
1.2470354374858834E-15
0.00147498354464168
0.0029401288293725712
0.004386419477507939
0.005804959666126108
0.007187028762760677
0.008524134858667124
0.009808066870158633
0.011030944889169022
0.013651270395012821
0.013285539630638983
0.018275341485924846
0.011012898691568714
0.022072196810031315
0.008134574699171691
0.02235123622774001
0.02458730037573356
0.032299821588455103
0.029962413514915617
0.02264276507634981
0.03437945096181242
0.02271845285932208
0.030192218432958766
0.03238350904942455
0.02478075982654266
0.023406272114916388
0.007678965064746181
0.02045492089564056
0.012601277755999077
0.016940502268698074
0.011438084690811387
0.01174171610860008
0.010974681112931244
0.009753882124999693
0.008473430582410534
0.007141233191080252
0.005765512186419351
0.0043547546584660375
0.0029176602675288488
0.0014630876723781294
1.8185543966272782E-14
0.0014625903074131613
0.002915676929890861
0.004350315050569249
0.0057576763401005985
0.007129103207229801
0.00845616198229151
0.00973069470783871
0.010944869218234314
0.014369258553147595
0.0172685106484756
0.015040460772831086
0.017999388330049566
0.014264127444454449
0.024919889320259528
0.015821520184616748
0.010972300133250106
0.007531980704928234
0.00872290695401133
0.017825008854206695
0.0126789325606
0.017873763101757457
0.009299762194655944
0.007683672486155603
0.011716155919189931
0.017391027891383606
0.02397429927346212
0.01561669510594303
0.017772428699703944
0.016071937430164187
0.016548358151490795
0.014136049419087124
0.010911491925408289
0.009698550779600254
0.00842608279069632
0.007101936019153341
0.00573427503534665
0.004331530647312487
0.002902348001855742
0.0014555333780375634
4.2823490066211976E-15
0.001455286797778227
0.002901364716141937
0.004329329608805377
0.0057303902335265194
0.007095922300626139
0.008417521487003117
0.009687055090157902
0.0108967120053685
0.01056749594130683
0.0108839174948952
0.016324216382991797
0.016957957695119666
0.01828387051904363
0.012462010175833534
0.02669488008870927
0.022556075899299727
0.023432868531022517
0.024739242725925155
0.02187220623428087
0.022741050272325498
0.021763545931583264
0.024018155276633764
0.022067713960206015
0.021782750373050202
0.02629598414156817
0.014264948919265056
0.018361805530526038
0.017418189172423437
0.016689172666843523
0.012294686412264734
0.011547531829278625
0.01088564895079915
0.009676400843691771
0.008407551610460851
0.007086917623867843
0.005722633777820202
0.004323103446458509
0.00289694679416808
0.0014529477539622076
