1.0
0.9989725854527305
0.9958941397184465
0.9907760398146918
0.9836371918337681
0.9745039478168519
0.9634099899352773
0.9503961825331837
0.8985797916710754
0.8451142532253784
0.7530116324657138
0.7422308318063623
0.702669952909516
0.7172374708222577
0.7202827553659792
0.704412919611331
0.6683081288855519
0.6313747663195454
0.5475479325449624
0.4549728595365405
0.3701346132739011
0.3933550902588309
0.42356347254544363
0.44537602223712286
0.4209340585706543
0.39674660692327857
0.3522619040186607
0.2922950370195591
0.21978234147833833
0.20188042848368037
0.16165215244971934
0.1979180470681728
0.1988064628780347
0.20167312991975328
0.17008068053330958
0.13927376632762753
0.10934235931995497
0.08037172439209765
0.05244210162743665
0.025628413765296922
4.121197505189434E-16
0.024379622781927752
0.047452970371682536
0.06916877240348794
0.08948212364992666
0.10835460493099827
0.1257543732716563
0.14165622109465534
0.19004924506626497
0.23457699404342847
0.3147195719609334
0.31217901879667065
0.32900726087534243
0.2886866995710735
0.26987858939587583
0.25707038942492716
0.26685583775948124
0.2725021133523367
0.31630677772530197
0.361156260603505
0.4060998957765815
0.3494866844780829
0.29514164082279526
0.24374102193514877
0.22981377080901436
0.21180002688065033
0.2184870921951194
0.22749399554577562
0.2658456832675691
0.250409529901212
0.25228713775705836
0.17470581281892086
0.13495371419166804
0.09130375337943722
0.07826434592780016
0.06509537670314804
0.051875662795561314
0.03868235100081239
0.025590567982649914
0.012673085182489257
7.669289988057556E-16
0.012361565328204678
0.024347745827528404
0.03589819564672839
0.046956328580890334
0.05746953627456674
0.06738938324713127
0.07667177800935362
0.06461540926867751
0.06547689108102847
0.07424859723417832
0.03785787804368471
0.03726411357549881
0.08833836220489044
0.11294036580743348
0.1357580897439684
0.13428901674810692
0.13789405680002145
0.10693781352644416
0.08138780025899676
0.06440206856340938
0.0833902994669484
0.10945915025433296
0.13906239002246903
0.13528487929862237
0.13625894994299326
0.11498409220177619
0.09305195739922095
0.03469479662894857
0.0341043285535007
0.079059182971121
0.06301543198679348
0.055718492323161034
0.05913896231121273
0.05093822132600399
0.04256756538062776
0.03407978162745351
0.025527457685861586
0.016962687462071833
0.008436783880032658
5.741285388886301E-16
0.008298740059596703
0.016412099049192035
0.024294572090918714
0.03190271856496295
0.0391953792737571
0.04613387787015503
0.05268220563223904
0.07972270724793175
0.09674183000293853
0.14855139084454355
0.1320424848171455
0.11951734812307285
0.08775676298075624
0.09118022294723573
0.08650909606200134
0.0971032320771116
0.09766304907173219
0.06467661727721005
0.06971124730629237
0.08037980129576094
0.06676174927473802
0.0595660250502284
0.09553536178853811
0.09521562199872866
0.0843967960633218
0.08822140398977424
0.08561770402016419
0.09923114346102002
0.10983586160270259
0.1225704042545695
0.07711420374614937
0.06569053624219881
0.04384237336355515
0.037850671909973356
0.03170319158088297
0.025439031390900108
0.019097499119955296
0.01271787797544229
0.0063391960691478785
0.0
0.00626186620246233
0.012409475561783711
0.0184070249026245
0.024220032755729082
0.02981552737365545
0.03516222387760989
0.040230689627297526
0.05227589738527591
0.05781955747395536
0.07094973080633926
0.024729293596265373
0.05416983400770092
0.12150396024351133
0.1218597467779452
0.11705215737481102
0.12070527568502168
0.11885670129420274
0.13244791855049262
0.1248909147214398
0.12112952868628742
0.12384906351719267
0.13073166561959298
0.11287189224133667
0.11393288066920625
0.1082241154606279
0.11636788731254234
0.12066519488520759
0.060031962573721044
0.0278712544326428
0.06404532808649568
0.053569373561108545
0.05215649992717069
0.03492661100534901
0.030194876749063307
0.025325216019943524
0.020348602879240212
0.015296350844880392
0.010199922616160793
0.005090740693768444
1.3460471417369149E-15
0.005041516417229181
0.010003617540092172
0.014856879372914843
0.019572813786123473
0.02412403027178744
0.028484389719774093
0.032629149377751646
0.040820966938641554
0.04019016356962264
0.05886402429358503
0.07386520649601853
0.07701541185534344
0.09170405589201393
0.06524194173435803
0.04025860248070228
0.046462977620836794
0.04659594292585854
0.010468224987858621
0.04536756040739031
0.032313236374258925
0.04566157013262709
0.01080969959744575
0.04258490750712261
0.03806579154351815
0.032058137627390015
0.05518038391982354
0.08522607116677085
0.07626252094394732
0.07298206447791909
0.04436902140994781
0.033099870646909786
0.032233857018486994
0.029106096167607537
0.0251859158794904
0.021143214447610366
0.017003654284083736
0.012793277347071422
0.008538345181072497
0.004265178890456782
5.861785543436711E-16
0.00423122685595191
0.008402948491873148
0.012490174076167222
0.016468621510457884
0.020314858443544876
0.02400643711855239
0.02752202229395126
0.05025739092264447
0.03788728069524377
0.041034461776700455
0.039497421168164945
0.06000383625671386
0.081172562371378
0.06942315336746169
0.07955737169724131
0.08151275085476843
0.0715226225037412
0.08575124841840004
0.03553412295516202
0.04227984861734714
0.033969935253205776
0.08457224933450792
0.0732102944067114
0.08475587246576127
0.08395108109005756
0.06724632668981605
0.07135136148686418
0.054973397262615194
0.039428688595032096
0.03421776046338182
0.031118178184159878
0.04849038115792201
0.02502101131459189
0.021665227760591425
0.018199480544476482
0.014645715469343342
0.011026264246838075
0.0073637065820850445
0.0036807316787410282
3.6668548147384034E-15
0.0036559938856948865
0.007265056556971955
0.010805428289310389
0.014255912122850536
0.017595998694535472
0.02080598611094251
0.0238670941723877
0.015761147726732462
0.033647776303657034
0.03775848190177389
0.07064907840024796
0.05461175571570746
0.030084993538406855
0.022718547795474612
0.048678494608114416
0.041034458471735064
0.043116237059901946
0.052362626708563086
0.09154021228271171
0.0836501763238605
0.09226125359680185
0.05239431248721274
0.04179311323545756
0.04185218429089279
0.04910810408456766
0.02836541681258531
0.018788374510124734
0.04539585681729082
0.06673553820268721
0.043004008722553465
0.03659201656592543
0.010333944246872834
0.022006789021949854
0.019064718399568945
0.016022861053659573
0.012900431665656345
0.009717023953107888
0.006492489323494848
0.0032468146625354525
1.0477772101933105E-15
0.0032280632073160443
0.006417712443588319
0.009549632433255842
0.012604970668224493
0.015565449480291581
0.01841347400050688
0.02113223537558421
0.042323141288955056
0.01425026565399157
0.019258639437745168
0.027565285644368644
0.042545294287080565
0.06277125389290575
0.08370605517480689
0.07963659928958462
0.08343509609569122
0.06113315063803007
0.058991263834215525
0.04134389734130985
0.02672001808773627
0.04080027147534314
0.056700261327240035
0.056884645685971715
0.07761318093369421
0.07162746752026238
0.08317561516177191
0.06420178867751021
0.04470571417501993
0.02362516609498707
0.01571331804018325
0.009407567427839792
0.03898624659255733
0.01970021036208711
0.01707317065595667
0.014354647114386462
0.011561772961430627
0.008712048594940736
0.005823233049990507
0.0029132344336097195
9.77491936169281E-16
0.0028985934653004805
0.005764848289298251
0.008581352929307388
0.011331086723562101
0.013997521750362216
0.01656472119194214
0.019017433623297584
0.00618851995781484
0.04003624570485363
0.052671851218120375
0.04305848289076086
0.012018621416079232
0.010557319999862043
0.02838678862948667
0.035881080309770684
0.028005559846775784
0.03721282116819224
0.030310787598071185
0.07319590629052453
0.058024999545610204
0.07210152239556909
0.031111264723472885
0.040883994915901084
0.031892886472337886
0.04082379041705918
0.023485034300803294
0.010936879154469361
0.00769128632115411
0.03514324424318202
0.05238490305526699
0.03894671747000207
0.008456783875416879
0.01788605536620366
0.015505857279754173
0.013041013712295354
0.010507026791998296
0.00791975251950363
0.0052953023664126
0.0026499437508175276
3.311999480084633E-15
0.002638249589548194
0.005248668987354307
0.00781536335924643
0.010322775102725298
0.012755777411734535
0.015099764812140565
0.017340740130545616
0.03033622104832194
0.009399570526729009
0.005620738904482285
0.027377280903457642
0.05121598679900549
0.050896870605875943
0.0483834776741275
0.009928863335464676
0.014281589849057618
0.020520036246873895
0.04027860702336685
0.011486030064163546
0.039178673850068464
0.012585606417780618
0.04071680900597597
0.01981708723197781
0.010798727425949289
0.009838449028687005
0.03975968054739422
0.04523436705262308
0.049073372717865514
0.031052412272222222
0.002226533583324781
0.012015951559073049
0.026572731895226846
0.016428752422944316
0.014246258644905146
0.01198480398314599
0.009658584444420752
0.007282136745887279
0.004870248084480698
0.0024378647295390772
2.3702881619755736E-15
0.002428357810790313
0.004832337001505691
0.007197272964717103
0.009508797076713735
0.011752923439941956
0.013916132957620939
0.015985454238324506
0.013479871828976323
0.0307147830398428
0.04231988440928706
0.01572712459902107
0.008408007849754606
0.02124267692965534
0.03333717093198234
0.06834248631143162
0.06028828215069409
0.05188941312076579
0.04641572073832324
0.04843284016358632
0.05209660571014305
0.04808507555274842
0.04531120005121787
0.04924297643584349
0.05916349314511542
0.06669121100163541
0.03794631110912982
0.024000579128047882
0.011517909946240084
0.013930772409910797
0.03691776635824799
0.026435329027187492
0.01478132761153765
0.015238710305107811
0.013217291849712508
0.01112167627822803
0.008964995797928156
0.006760710998606961
0.0045225273098683065
0.002264310251770481
4.237637208628527E-15
0.002256474210773075
0.004491279322586628
0.006690762809971672
0.00884153564420456
0.010930553364362758
0.012945194766958256
0.014873337741863552
0.01894515264338299
0.016629742928184366
0.010460327476792495
0.03518787574616685
0.028191861846341097
0.028666856170720924
0.011523948550753855
0.0062847686013062
0.01231977817076326
0.026871521480295996
0.034670677335745345
0.03335757667487893
0.05424867308493079
0.03329709021319353
0.03495345126748046
0.029884115808144117
0.013780092982988304
0.004497322811754852
0.012213171503604799
0.028203271361032404
0.022663410204535946
0.03317339113308745
0.014052502548630328
0.017207796764696293
0.01673548003727964
0.014254402945584199
0.012365975136841735
0.010407368373058667
0.00839083679372425
0.006328951709567334
0.0042345236008710695
0.002120522893439029
1.9540725448657455E-15
0.002113994882376942
0.004208491728065634
0.006270679904200551
0.008287986175755768
0.010248151021480445
0.012139302799510945
0.013950029316001903
0.015599686950675226
0.017531826767363378
0.0205195812037623
0.014433136183278995
0.027186848230109428
0.019112689129508625
0.04018330654977227
0.03332765720399019
0.026502777095680347
0.009434250306206102
0.009069148389069654
0.029373569239246514
0.018518518518513563
0.0290495883805804
0.009121857162913671
0.008245500274884054
0.02347500738367352
0.029824913963686903
0.03709370643403022
0.015016154773954748
0.02951820221553236
0.015456125659999102
0.016963284200174285
0.016979635887777313
0.01506444257877273
0.013432231125047512
0.011654737426119095
0.009810470346249461
0.007910951711347963
0.0059680105105338385
0.003993709529248063
0.002000270752831579
6.525333218813784E-16
0.001994788750871398
0.00397184887904874
0.00591907602093163
0.007824581895463678
0.009676766606713726
0.011464388985836323
0.013176634547166236
0.015425039293692159
0.015814144666102287
0.02144517192852345
0.02078787971176437
0.015292751415781259
0.03358248837793023
0.021552488103338895
0.029796583020528344
0.031846288240119466
0.048893949999119696
0.05547394451306755
0.020843918570385766
0.04615151295093418
0.02031372167980239
0.05572059531483661
0.04818863522075727
0.032048582733693834
0.030954118255127998
0.022969426078353956
0.035459931433192794
0.015273832529194193
0.018467364708835962
0.02239370902987238
0.014329103246698916
0.016276235445491137
0.012740489276206125
0.011056240820027853
0.009308114012788228
0.007507015135159098
0.005664148820691363
0.003790948594130787
0.0018990061775886954
3.093142677098689E-15
0.0018943766504765816
0.0037724873907065185
0.005622823984444572
0.0074340766270623
0.009195202845304784
0.010895494593689551
0.012524643141225752
0.01211274372254902
0.02159856975092181
0.01745067724618109
0.021979178487213303
0.027390204862981174
0.017456588561328798
0.019796552678156203
0.023971748671227727
0.018038555071768332
0.006339180157501283
0.011921923058827739
0.038196935556808094
0.022545549501300395
0.03871630259127196
0.010948796084915956
0.007080279788908546
0.018250313102831584
0.023099432865650138
0.01874792167618861
0.019901447226651603
0.02542031170157484
0.023755876127373225
0.019257224143060508
0.02349738523464462
0.010281309378093755
0.012155621864994475
0.010550164881388133
0.008883293100555982
0.007165392548759477
0.0054071399464446146
0.003619436553902428
0.0018133407843626138
6.736359724605269E-15
0.001809418090031627
0.0036037940082434563
0.005372124644473052
0.0071035905320652615
0.008787621854597806
0.010413962781396967
0.011972733741576804
0.019306219807168987
0.008703426284122157
0.02046876056514933
0.02222989644827246
0.013109598923362737
0.03531880628232123
0.02224111922058296
0.02388966833363794
0.023027150464890164
0.031941528470883045
0.03784923260287766
0.009044904981105446
0.044662098837315506
0.009174960279550093
0.03654521838951317
0.03119769668602362
0.022402850313026714
0.0229163515654609
0.020877907897503666
0.032880147835001206
0.013761020318878025
0.023778399789338416
0.018564663327615187
0.006360000880073876
0.02046203946590609
0.011659817132511227
0.010121138014664752
0.008523137976573409
0.006875761877443654
0.005189238702478959
0.003474018218224023
0.0017407063958191802
8.362522862180483E-15
0.0017373792535248752
0.0034607505683580324
0.005159539561478775
0.006823342980644868
0.00844199224995954
0.010005615456470338
0.01150469740100263
0.0054222136356871795
0.024891505215955196
0.0220121131770715
0.02473601576895688
0.027431708234443096
0.014496021420550119
0.02295718845069635
0.0190578197582084
0.02432682340554718
0.017772513090142987
0.016261587885016346
0.0426630700385583
0.015143888626630039
0.04216527422153907
0.01684446729933831
0.017918090827128183
0.024963993053053173
0.01919473388971358
0.024039656385833334
0.011202136451392376
0.029658484166436423
0.023611562780136625
0.021690483824358963
0.023819063189908254
0.0036696063163276873
0.0112394134198862
0.009757366466509732
0.008217771418262932
0.006630198648208807
0.0050044971150037
0.0033507334073903977
0.0016791295566452487
4.310761746154038E-16
0.001676311916872855
0.003339497508493087
0.004979345999428779
0.006585807068174793
0.00814905230301469
0.00965953519447621
0.011108049299681687
0.0219078949546727
0.00526849090287164
0.012408475631715264
0.02154041117508522
0.018300467095169404
0.02907003152618682
0.015913435881748275
0.018259821237308946
0.014630957367474402
0.024878849450933903
0.027568789600428325
0.015016275769861195
0.015322353700793673
0.015589543745533169
0.027837262400192506
0.024186916525192077
0.012909389675803018
0.017112845975740486
0.015280939668655815
0.03158555693006073
0.018169711814285984
0.01875396222504882
0.011520806022187755
0.007391895914927016
0.021875793544825467
0.010883816402491229
0.009449702303213776
0.00795953029847098
0.006422553345593375
0.0048482984169498445
0.0032465075731373965
0.0016270778027879535
1.09334256593585E-14
0.0016247025454987068
0.00323703576717386
0.004827096171891895
0.0063851315451556355
0.007901600640559612
0.009367231488446709
0.010773077968521921
0.005040201377628456
0.017781284326213797
0.017849920973110854
0.022091395429360727
0.030300008933828247
0.014872352075874444
0.025871749916276613
0.025065758230801392
0.032726613101086696
0.020434327297310543
0.014302344124611191
0.014157666950148497
0.031621773027016735
0.013751591832823188
0.013822683548955404
0.020830026863386863
0.03353581385478426
0.025808384453335526
0.026150148557700422
0.016531721852167773
0.02769974309925887
0.023749388980380495
0.016028040010145628
0.015039633003280067
0.0070173150813273855
0.010584747402746961
0.009190996056045522
0.0077424247271527715
0.006248018519877049
0.004717032902415429
0.003158936495757529
0.0015833526258681662
4.045226223089953E-15
0.0015813671279524591
0.003151018935386939
0.004699309784059579
0.006216737382103554
0.007694000992691849
0.009122058333465749
0.010492180819393612
0.020250826977301635
0.01294262830931618
0.014173460457967137
0.007120091024636649
0.01728103858692812
0.03697998538647275
0.007342413812896952
0.013604572167941014
0.0049622152327062395
0.019481549322451087
0.03038710332503062
0.030385135303318666
0.02425098727235091
0.030185050113948703
0.030023118441089056
0.019928815698467356
0.0058439553596015435
0.014653280336198829
0.006157528086603537
0.0353003130675698
0.019331082305692148
0.0052141869114885045
0.015591365612822483
0.01435420660605803
0.01895727947174829
0.010335712165388578
0.008975639047648016
0.007561755518895397
0.006102822496019039
0.004607868489185617
0.003086133828991702
0.0015470136525530273
2.5307413460528054E-15
0.0015453766227231445
0.003079605855296584
0.004593255909147731
0.006077031449695223
0.007521830580319988
0.008918800579128687
0.010259392048033226
0.011309193170516358
0.011558992294132542
0.010993103154410827
0.03125555631749667
0.01318049464098781
0.019469529336882892
0.033568521374558694
0.016448214064363205
0.025492301354312775
0.019663783214136865
0.01479041841501521
0.01942887225636276
0.029645315437334917
0.019955214639891913
0.015866341228873676
0.018977712353903275
0.023122333712561147
0.013512425916660551
0.03468261467536904
0.021096569054786057
0.010910282737124116
0.03218351736221063
0.009981801785830463
0.012607673958382698
0.012740372639923081
0.010131620185262051
0.008799235330314927
0.007413839913159753
0.005984009696901513
0.004518586115968802
0.0030266216949548295
0.0015173242190215366
3.346115816625654E-15
0.0015160034130020027
0.003021354726477681
0.004506796245603692
0.005963200715931699
0.007381627315093427
0.00875337645161282
0.010070043035635275
0.01495563569144609
0.01527648600809408
0.017766184547445482
0.006665105032936628
0.029628889793108005
0.024096114465106133
0.004211879816354756
0.033452679339269965
0.02621966370038475
0.026990250266664215
0.024694676147971016
0.008939252167262043
0.020415692923565754
0.00888134143704426
0.024911586484135037
0.026852704101702457
0.028512034100213905
0.03589288542858675
0.0031574334519706313
0.022945912283349874
0.030429556090138057
0.006695296404015523
0.01761597381135064
0.014505390122163252
0.013033845091910082
0.009968509378497923
0.008658364370331293
0.007295813132393837
0.005889281682099933
0.0044474606155386716
0.002979251493706167
0.0014937119704659962
3.791175833182573E-15
0.0014926825330971553
0.0029751464147076746
0.004438271585383793
0.005873063161209759
0.007270706647687863
0.00862262200837532
0.009920516256841727
0.01476384882547137
0.017213515887758265
0.01000201229168448
0.027777713944272017
0.010084028091509
0.027466523778030345
0.028825247708832345
0.010244340337537511
0.015592479609596971
0.013872918337321573
0.02990879477710923
0.03962986706052756
0.03526318782653947
0.039714510840640885
0.02958145182518145
0.014997912859426905
0.015851313988508316
0.009864858518097852
0.025793052877400656
0.02649811799685067
0.009893869324090102
0.024780581288821175
0.010667019785515234
0.018367010308909654
0.015015730474809495
0.009843346313621715
0.00855040886344046
0.007205484406094712
0.0058168818202379464
0.004393174290421917
0.0029431464544550714
0.0014757402795295008
8.455616802053133E-15
0.0014749835446392049
0.0029401288293722304
0.0043864194775044465
0.005804959666131489
0.007187028762766129
0.008524134858667543
0.009808066870152213
0.009157541178355055
0.010262714791444983
0.015446781690068781
0.008339424181544874
0.023482478058066844
0.019601224256604387
0.015376681701271913
0.03216749127635533
0.02809965890230307
0.013880100473813176
0.021070676151410967
0.010018403349094013
0.016953503957434935
0.009641350143970407
0.0206186999342188
0.01243156951242114
0.025825247376793505
0.029318566092858763
0.018446267880754683
0.018847571894391554
0.020518011094848954
0.010318137170489525
0.014589367958257935
0.008523331844631
0.008315636297862168
0.009753882125000597
0.008473430582401745
0.0071412331910817185
0.005765512186416978
0.0043547546584674504
0.002917660267527775
0.0014630876723752209
2.1515506817716996E-14
0.0014625903074057813
0.0029156769298986224
0.00435031505056445
0.0057576763401030375
0.007129103207226163
0.008456161982291063
0.009730694707840938
0.014184206926362231
0.018105453624081565
0.012549728765805056
0.01597552289288106
0.013021106180342114
0.013917803552285508
0.013904802511156836
0.015840889660793167
0.01743029993591199
0.029484117831574994
0.017900343491339336
0.027221053133335716
0.05067800552184218
0.02698734062738495
0.018870149797008667
0.029572792310641634
0.018985871209525565
0.020014061696088496
0.015346168713493771
0.013039114704937156
0.014823095160684538
0.01551750633373034
0.012884259156615759
0.01674610315127354
0.013289537819753186
0.009698550779603897
0.00842608279069368
0.0071019360191494725
0.005734275035347472
0.004331530647311109
0.002902348001859212
0.0014555333780359983
7.34003913549461E-15
0.0014552867977744358
0.0029013647161399265
0.0043293296088074504
0.0057303902335197245
0.007095922300629402
0.008417521487001037
0.009687055090158627
0.00925955982467585
0.008929715945065964
0.013169665898196804
0.01635367086767876
0.016685697248588646
0.019299864171321048
0.02677717823205329
0.029952900539094683
0.02242069470762666
0.013715761438800662
0.032162554519886075
0.023051085008447863
0.019715109227870543
0.02347661295661056
0.032678506191830804
0.015417304695962792
0.023807361996975578
0.031555749295160376
0.02620155091732356
0.01907743872293529
0.01732860445445004
0.016865996057733756
0.013098264358156746
0.01106315159333233
0.010455922502123682
0.0096764008436926
0.008407551610457795
0.007086917623859637
0.005722633777824378
0.004323103446455291
0.0028969467941685786
0.0014529477539688767
