1.0
0.9989725854527287
0.9958941397184461
0.9907760398146882
0.9836371918337684
0.9745039478168526
0.9634099899352764
0.950396182533179
0.9170749080572601
0.8911559747538826
0.8634774961535858
0.8432659749320137
0.8214519957548453
0.8073789505996468
0.6284321160038383
0.5939261948501401
0.5755531436153665
0.6745779249293951
0.6449589830930031
0.59679214232089
0.5832843985136895
0.5338125486407445
0.5188696409609271
0.4861567602587148
0.32817766976933
0.2876979441117485
0.2626563532519819
0.3744853175073668
0.3312369352997319
0.2976692484988904
0.2647676490089826
0.24065275628212587
0.21683028782972658
0.20167312991975317
0.1700806805333093
0.13927376632762728
0.10934235931995448
0.0803717243920972
0.0524421016274364
0.025628413765296724
6.496025563032357E-17
0.024379622781927603
0.0474529703716828
0.06916877240348798
0.08948212364992572
0.10835460493099763
0.12575437327165595
0.1416562210946541
0.17198677387803019
0.19357659782999628
0.21390525833917076
0.22519993225915153
0.23443698029161783
0.23252203252259734
0.35521233077497427
0.36162938314809207
0.3604943301275424
0.2581024645825383
0.25913375142278966
0.27203694621209074
0.2543520555839011
0.26397038609466444
0.24350157683844997
0.23464806383918524
0.32235509546156643
0.31279721588440335
0.30004659749982165
0.18960468589006058
0.1872958671416872
0.17436367227150268
0.15974386287778655
0.13839911379992978
0.11725839654527272
0.0913037533794374
0.07826434592780024
0.06509537670314826
0.051875662795560926
0.03868235100081232
0.02559056798264921
0.012673085182488957
3.5895334341937093E-16
0.012361565328204484
0.02434774582752874
0.035898195646727714
0.04695632858088948
0.05746953627456647
0.06738938324713117
0.0766717780093523
0.07733398213287151
0.07935164338103351
0.07931102858686358
0.07819633666851002
0.07871847815283957
0.09030683656197175
0.048009546597989526
0.05470417964551576
0.056897031500758984
0.12254330235499238
0.12440172289968351
0.12858077209277052
0.12518216302898896
0.12811654669731776
0.12244614145575468
0.11902735497689688
0.058838115710957616
0.05643011170194058
0.04717711240954388
0.07542225507918267
0.06359784061784847
0.06457337946654797
0.06847117462775126
0.0678632009115076
0.06473011499522506
0.059138962311213725
0.050938221326002966
0.0425675653806265
0.03407978162745338
0.025527457685862596
0.016962687462071382
0.00843678388003259
2.5092689607027223E-16
0.00829874005959604
0.016412099049192545
0.024294572090918315
0.0319027185649622
0.03919537927375574
0.046133877870154064
0.05268220563223822
0.06295722983992458
0.07568941497130545
0.08937297380079606
0.101488396328621
0.11049581629807237
0.10817220356641899
0.11960393952271148
0.11127074429414753
0.11458380368619447
0.0902884374886573
0.09320765518213295
0.09882574745958855
0.09303472185947029
0.09619634150706369
0.08848139131970204
0.08381427860331661
0.10057673613990151
0.09659417759224931
0.10426745328651237
0.10008636694513819
0.1009571966263547
0.09027345029397035
0.07589790399408952
0.06181145586867308
0.04937647579786054
0.04384237336355517
0.03785067190997287
0.03170319158088243
0.02543903139089977
0.01909749911995547
0.012717877975441856
0.00633919606914733
8.732812096948424E-16
0.006261866202462846
0.01240947556178578
0.018407024902624428
0.02422003275573036
0.029815527373656062
0.0351622238776094
0.04023068962729693
0.05434142680379414
0.05894833421083443
0.05972365905136429
0.047979076105863265
0.03619311823733586
0.03925589920075346
0.05575729366889299
0.06576178377280893
0.0802370650055577
0.0905279577038757
0.10666969999485762
0.12144501599988741
0.11313058006865233
0.12110333372247854
0.10585624112582033
0.08799193363042625
0.07995787647081898
0.06257119890873566
0.054240247774797655
0.0352454418582046
0.03345018537714472
0.04672660826927042
0.05896449119839403
0.057864799507783206
0.052363324199769426
0.0349266110053483
0.030194876749064188
0.0253252160199446
0.020348602879242547
0.015296350844884156
0.010199922616159401
0.005090740693764753
4.79230317491834E-16
0.005041516417228958
0.010003617540090281
0.014856879372913826
0.019572813786122335
0.024124030271787077
0.028484389719774333
0.03262914937774971
0.02602683080135805
0.03425743287883213
0.04562086570884068
0.0625414067914999
0.07473209121732037
0.0753355339274732
0.07822932865311183
0.06420741939439713
0.04398129229856769
0.04419401542075197
0.02401486614257509
0.016286641829819787
0.017517359117963115
0.01475078158512594
0.022185314213939916
0.043946259071716225
0.043763493158936864
0.06475843004386417
0.07642597905554903
0.07171887053992788
0.06986028914988489
0.05632440853328164
0.037665399615865014
0.0259786952674655
0.018649291508473713
0.02910609616760663
0.025185915879489602
0.021143214447612538
0.01700365428408468
0.012793277347068562
0.008538345181072911
0.0042651788904563065
8.007522965613076E-16
0.004231226855952377
0.008402948491872996
0.012490174076165095
0.01646862151045355
0.020314858443547013
0.024006437118552694
0.027522022293951686
0.047805487803006357
0.054566368724035065
0.0558252840715557
0.04467565757728686
0.028484547879938583
0.02392152019814382
0.022991128006876357
0.03328679066904476
0.05594545774383838
0.05268575344301042
0.08270542578719563
0.09615589750721502
0.09479992550977966
0.09526832256817343
0.08114208649342183
0.05000423237908567
0.05349593585325829
0.03422500329508874
0.019385473239061986
0.022570015578805475
0.027958593350029794
0.04407594348046015
0.05410302974717321
0.05268316573380455
0.04533071838584939
0.02502101131459248
0.02166522776058666
0.018199480544475222
0.014645715469342816
0.01102626424683933
0.007363706582081773
0.003680731678741519
6.206172935393993E-16
0.0036559938856950405
0.007265056556972715
0.010805428289309341
0.014255912122851197
0.0175959986945356
0.02080598611094443
0.023867094172386746
0.010802428654180053
0.009328491936998529
0.01872274588585665
0.03858982064213251
0.05375098770274388
0.05840509007813191
0.06138138994758799
0.07003977228171587
0.05654331344676894
0.048113954163763996
0.030256155863389353
0.03158382288917224
0.032994735076731695
0.03233959501269458
0.03131523567252908
0.04802634982443124
0.057052834454846595
0.06850552058722365
0.058181188984094925
0.056118641395847935
0.05032803918331407
0.034336726211772965
0.014293471241479115
0.006840029552986796
0.012796988774822871
0.022006789021950468
0.01906471839956759
0.01602286105365654
0.01290043166565559
0.009717023953108174
0.006492489323495189
0.003246814662535401
3.0507596170393863E-16
0.003228063207313405
0.006417712443586726
0.009549632433254844
0.012604970668224217
0.015565449480291704
0.01841347400050807
0.021132235375584126
0.0379682850303524
0.04580013672773065
0.046814593336772625
0.0408989681030255
0.026539428477298125
0.018831873158276925
0.030294370058135945
0.04102790770370488
0.04712089963446167
0.036700604120235306
0.04946226321938208
0.056564588994017465
0.061794266986105795
0.05555463799438634
0.04785941479192311
0.03748700841069879
0.04649995254220742
0.038956086190920274
0.030171121376865194
0.01840919976517885
0.026218654489299536
0.03961655754055416
0.04380746344761814
0.042554522588516656
0.0341939789210644
0.019700210362089913
0.017073170655951698
0.014354647114389638
0.011561772961431292
0.0087120485949376
0.005823233049989607
0.002913234433608859
1.3036354614165743E-15
0.0028985934653007494
0.005764848289298198
0.008581352929304772
0.011331086723560355
0.013997521750362042
0.01656472119194229
0.01901743362329173
0.020625992828275413
0.013621424920310422
0.010594304882592975
0.022811245261050887
0.038410500731952464
0.04683917721113661
0.0410437831594296
0.0425468083441651
0.037512705814235554
0.036126212272539565
0.041771888999914165
0.04745936916550581
0.055864552931485414
0.04751044273261265
0.04181160359680775
0.03440068572902971
0.03370541326206699
0.0398058939203047
0.04034360695725104
0.04511036011793083
0.03584597898516949
0.020516266498393942
0.012111612971986244
0.01675259005736443
0.02355783612628488
0.01788605536620387
0.015505857279755593
0.01304101371228992
0.010507026791995621
0.007919752519500473
0.0052953023664050105
0.0026499437508184
3.968003359718896E-15
0.0026382495895477527
0.0052486689873556935
0.007815363359241852
0.010322775102726993
0.012755777411731789
0.015099764812137723
0.01734074013054869
0.024366851313798354
0.03290205855843663
0.0339094403218312
0.03409611460210743
0.024786246465534224
0.01731242511794928
0.015831112643461175
0.023463968743950705
0.040620741446460454
0.05081366931100518
0.02575901424342088
0.023711402129816237
0.02431093172765751
0.023248767147921647
0.025235348689679988
0.051469524069737836
0.04053219070669343
0.022708929508811294
0.013509015128996459
0.017203903804014258
0.024383716551236095
0.03223426928423765
0.030587706163735923
0.02903066416439
0.019897788349530515
0.01642875242294186
0.014246258644902065
0.011984803983148455
0.009658584444419475
0.00728213674588726
0.004870248084483072
0.0024378647295404624
2.7436431906334245E-15
0.0024283578107897716
0.004832337001506686
0.0071972729647155976
0.009508797076711678
0.011752923439940019
0.013916132957617771
0.015985454238319985
0.02815172168636086
0.02263205196893977
0.01700529315623082
0.016971255343923523
0.027356332356547247
0.0377493714836228
0.046645919097380396
0.03603965529880145
0.021571439688758295
0.009389833864665468
0.035823115691214706
0.04018859805941164
0.05643133254342573
0.03983171076677932
0.03528292362557455
0.007553157630009652
0.02242332598034297
0.03486425553832121
0.046145598266631414
0.03632950943341727
0.025725346592658103
0.017100671657693235
0.01804083373121766
0.023871166329280578
0.029084764666662176
0.015238710305111756
0.013217291849715766
0.011121676278227107
0.008964995797927713
0.006760710998603161
0.004522527309871184
0.002264310251768818
6.221302495020481E-16
0.0022564742107748937
0.004491279322589439
0.006690762809975878
0.008841535644208596
0.010930553364366803
0.012945194766964001
0.014873337741865984
0.009505934492842599
0.019159971573877745
0.02205232339423116
0.025339844161749992
0.02262501717151561
0.01701026287874524
0.009992065029560843
0.022966492526654787
0.03348106650817468
0.04933477562297002
0.024882603438596378
0.02306819885329435
0.008288248674786154
0.023267205499486007
0.02504264790496328
0.04838464067077911
0.031707451473151405
0.024663322858334637
0.012401309190669977
0.017018236912776406
0.022155406024213703
0.02330311827645859
0.020130077656020356
0.015871758472235695
0.005383431468505486
0.014254402945587727
0.01236597513684402
0.01040736837305524
0.00839083679372231
0.00632895170956895
0.004234523600871965
0.0021205228934386548
1.7782798554133515E-15
0.002113994882376687
0.004208491728061561
0.0062706799042009055
0.008287986175749157
0.010248151021481827
0.012139302799505279
0.01395002931599731
0.02892039818687552
0.02466440501317994
0.018742310668660445
0.01948677764875933
0.021461545601167566
0.030206204641857103
0.025839542841481305
0.01978327067881572
0.024762810818716403
0.017362035863496526
0.026021447169724037
0.026223968329988988
0.04140866624999537
0.025995672479272026
0.025718610683165596
0.01864470049874525
0.02508202689133886
0.017923511812631306
0.020875122405325578
0.02902427139759875
0.020967835059141952
0.020334360725716566
0.018204897414622435
0.024130770774725127
0.027928103892012435
0.013432231125051984
0.011654737426117553
0.009810470346244549
0.007910951711348537
0.005968010510535326
0.003993709529245158
0.00200027075282665
1.6095072905237635E-15
0.001994788750871309
0.0039718488790476784
0.005919076020937519
0.00782458189546439
0.009676766606714036
0.011464388985831908
0.013176634547166034
0.004961891846042555
0.010206908197464856
0.01844581769160583
0.016865647499058813
0.02018344246325908
0.017214646126641937
0.03347343017655167
0.0331804864589923
0.024184645812320087
0.03148357132986799
0.025046889337886312
0.026001982573008463
0.025184235872771715
0.025911704628575758
0.024875229073972206
0.030009869726000733
0.024507386526899287
0.03220791888561121
0.03569313681806519
0.017284212434552127
0.019667627370061672
0.01535852919322083
0.019057454656653736
0.009735569248756794
0.008166776528397457
0.012740489276205661
0.011056240820026243
0.009308114012789465
0.00750701513516252
0.005664148820685071
0.003790948594129367
0.0018990061775909363
0.0
0.0018943766504789412
0.0037724873907051203
0.005622823984445681
0.007434076627062833
0.00919520284530495
0.010895494593688486
0.012524643141226331
0.023833874053573758
0.021083823582080594
0.014696276056943767
0.022608428720345995
0.020831974919141714
0.02402266315067738
0.00740073377507652
0.01805862202187376
0.028062486394592957
0.026664689288172134
0.02400982175236523
0.025946081018931866
0.023129170478459367
0.02609883465821877
0.024021575040487613
0.026696798518834785
0.027886124094120796
0.02077639487391793
0.007820657122327004
0.02309059189646794
0.02111796545659518
0.022973353718267663
0.013048620377268517
0.019522899541425356
0.021471759068307474
0.012155621864995326
0.01055016488139423
0.00888329310055948
0.007165392548760605
0.005407139946448743
0.003619436553900659
0.0018133407843655132
2.276993218148925E-15
0.001809418090022788
0.0036037940082486943
0.005372124644467202
0.007103590532064403
0.008787621854598558
0.010413962781403269
0.011972733741573418
0.014456589449186177
0.011599806254813137
0.022087612402564724
0.012566251210721703
0.017499976089688944
0.01770793735393261
0.0316484671210575
0.01582926432088288
0.019826822523476485
0.019128093578127447
0.021023835861703682
0.01779025377066601
0.02706242690641107
0.017522505966992907
0.020903215405164623
0.019054088454934042
0.018463296110568884
0.013918415016308425
0.02931683627270273
0.017812975887385972
0.016929169541850017
0.012578350435572152
0.023016004180862863
0.012557914943518749
0.01643564873978868
0.011659817132509737
0.010121138014665283
0.008523137976573798
0.006875761877449115
0.005189238702477913
0.0034740182182277494
0.0017407063958179735
5.0434125156588495E-15
0.001737379253525028
0.0034607505683591157
0.005159539561485621
0.0068233429806543455
0.008441992249952382
0.010005615456477351
0.011504697400995106
0.015104515162375709
0.015407808645052581
0.007715948434861598
0.02300748479399736
0.022690086629706296
0.019387117537938054
0.014348918691300023
0.0358648555773116
0.028395146889514927
0.022493101830704583
0.02241886892224883
0.030619714871355317
0.019932241051562535
0.030644255498705895
0.02220461827297542
0.022015653211479084
0.02886855937041439
0.035830642910351894
0.015598219599974103
0.018760641697133897
0.023079357246956245
0.02266193267660893
0.0063238298915010505
0.014242642334308659
0.012230593757326522
0.011239413419893075
0.009757366466507777
0.008217771418258314
0.0066301986482110225
0.005004497114998908
0.0033507334073909776
0.0016791295566434563
2.521043198069553E-15
0.001676311916870242
0.0033394975084917577
0.004979345999422909
0.006585807068181807
0.008149052303011611
0.00965953519449286
0.011108049299685873
0.01921493254053735
0.013963936622398164
0.02444972794878202
0.014630788239313325
0.014533237500325646
0.018336110422579956
0.025720265812578462
0.010900913812273719
0.010439731137724012
0.021134653362947543
0.02168925302050023
0.012304914008058998
0.019273614934040836
0.012394142253999436
0.02181993747409308
0.0211743067798346
0.010449198440691584
0.012201949699566714
0.026465318915967123
0.01844636160719072
0.013913821608177794
0.01549866903066871
0.02437013477610117
0.013907287946524367
0.019624875169465338
0.010883816402489681
0.00944970230320879
0.007959530298468367
0.0064225533456020115
0.0048482984169598104
0.0032465075731298383
0.0016270778027921093
2.539090987185327E-15
0.0016247025454879198
0.0032370357671766543
0.004827096171886353
0.006385131545154123
0.00790160064054384
0.009367231488450695
0.01077307796852426
0.006241508460989396
0.013495415426099616
0.006919995771177127
0.020376752100684223
0.02418519826853245
0.016625909149695167
0.012339655869222458
0.02380213344824965
0.026416222133275866
0.01921397840062845
0.01797829198887104
0.027152131753110514
0.02445994908229694
0.026966785326076114
0.01790855631755588
0.019250948210638247
0.025294132048660677
0.02217860127322032
0.010299125664132389
0.016348347615698488
0.024307157660436004
0.01944406598789422
0.00840124658410058
0.014114795259764766
0.004809551107838702
0.010584747402751617
0.009190996056054855
0.007742424727153153
0.006248018519876779
0.004717032902420273
0.003158936495762925
0.00158335262587622
3.1471981922342374E-15
0.0015813671279563365
0.0031510189353865063
0.004699309784058925
0.006216737382103876
0.007694000992688006
0.009122058333471803
0.01049218081939977
0.018931270756548813
0.012131019479317405
0.022410208686755643
0.018279170339754597
0.011485660976005105
0.018911780560345925
0.02780638830967011
0.022849996243643103
0.023098308054345068
0.019313278814660512
0.022159327220438094
0.019232664674200164
0.01952217353243131
0.01939466159278993
0.021982779716827685
0.019208903530137714
0.025121372149875268
0.022836003284112474
0.02748062038442819
0.01899209647491595
0.010934193485348336
0.01889669604396335
0.021243208616994833
0.010911802590597054
0.018032412266675027
0.010335712165391702
0.008975639047643166
0.007561755518893869
0.006102822496013206
0.00460786848918342
0.003086133828980773
0.0015470136525597142
8.126559992433491E-15
0.0015453766227174236
0.0030796058553011563
0.004593255909152495
0.006077031449698823
0.007521830580312811
0.008918800579124116
0.010259392048034435
0.006543071778280537
0.016863243311023412
0.013091914677636462
0.015672458156442953
0.024054826626710827
0.01578969536982952
0.012925063744677967
0.021793253609605143
0.017038835955657694
0.018569264786074183
0.023012384242717596
0.018892974483937477
0.019819227174829344
0.0187178722735624
0.023524272669372973
0.018219330414968957
0.016422851485177553
0.022735001542892926
0.014235115676089137
0.015808040334370523
0.02380215591929501
0.01452312145710207
0.014384203705611073
0.017924911583560302
0.008123068802946934
0.010131620185260714
0.008799235330316077
0.007413839913163169
0.005984009696897137
0.0045185861159721605
0.0030266216949457825
0.0015173242190112013
9.398995140632019E-16
0.001516003413002013
0.0030213547264756804
0.004506796245604356
0.0059632007159416325
0.007381627315089848
0.00875337645161459
0.010070043035636972
0.015014941597272716
0.0068972333083331255
0.016722326264690227
0.02003533631696531
0.00938142838881628
0.019237786348051733
0.02282277836039024
0.010126913508496779
0.03207416088666339
0.023559347028621152
0.013821239242728581
0.02236305449443618
0.030313247568670744
0.022353470200495763
0.013155453675325243
0.02428641326565928
0.031195762360440034
0.008195886518967134
0.022104075643639958
0.019256337965617817
0.00924793786575476
0.020051642239553708
0.015075443939902938
0.005514181122077357
0.013548839416635199
0.00996850937849743
0.008658364370331979
0.00729581313237558
0.005889281682092343
0.004447460615537638
0.002979251493705074
0.0014937119704676691
5.809359802636266E-15
0.0014926825330984223
0.0029751464147004187
0.004438271585380595
0.005873063161208924
0.007270706647695511
0.008622622008380402
0.009920516256844519
0.011097288375403316
0.019821580074110758
0.01682616022127372
0.011191138029362873
0.02207376318960685
0.01632936461723473
0.011492776409925088
0.029282079098164836
0.012984707232900787
0.009059657434633057
0.03246300071964213
0.016163356348986097
0.005626227820768375
0.0161981421710417
0.03277661023386088
0.008093019674192842
0.0139150595336134
0.029212142570631372
0.0100288365930526
0.016502386623638086
0.021478210930435095
0.010628810156274184
0.017102699703671516
0.020052631796796987
0.01185796151875675
0.009843346313620762
0.008550408863445694
0.007205484406090677
0.005816881820235295
0.0043931742904185925
0.002943146454460487
0.0014757402795335178
7.45849421551544E-15
0.0014749835446467257
0.0029401288293618914
0.0043864194775014385
0.005804959666127806
0.007187028762767481
0.00852413485866311
0.009808066870154395
0.010638634837974946
0.0058659384261660254
0.011049034350705271
0.01902287518420792
0.01007290839210331
0.019156326434219655
0.02710580223163981
0.010281111948425249
0.016335640511981966
0.03194513960406187
0.00468557695450779
0.020138156111250655
0.035374208945963694
0.020065888899958594
0.005426483236822788
0.0322336123870628
0.01491640761403027
0.010953352989726639
0.028307750342068467
0.01909305236806682
0.010596525745759876
0.01843210831259257
0.010441494999682797
0.007535260436647602
0.00995244441164424
0.00975388212499284
0.008473430582416244
0.007141233191076283
0.005765512186419015
0.004354754658463945
0.002917660267523718
0.0014630876723607511
4.4364401705469014E-15
0.0014625903074050749
0.002915676929886346
0.004350315050561383
0.0057576763401022985
0.0071291032072236015
0.008456161982301568
0.009730694707847105
0.012324354097366305
0.019147506887185736
0.016320089524195565
0.010898687066349194
0.018584569339450067
0.017422899906854427
0.005668288349269351
0.020655437267875595
0.02365094816471439
0.012745054861661748
0.03343114825909281
0.01812871401269152
0.013997442077772228
0.018159569567963253
0.03316280076732303
0.014097790510333306
0.023699816182537085
0.01972704990091476
0.0059438943424138
0.01762003579067375
0.017764572110119455
0.011551723420318138
0.015583109454172187
0.01823003569759157
0.012026486793742868
0.009698550779596367
0.008426082790695946
0.007101936019150077
0.005734275035351031
0.004331530647306859
0.002902348001852222
0.0014555333780297544
6.684474995871423E-15
0.0014552867977791106
0.0029013647161500477
0.004329329608805142
0.005730390233528595
0.007095922300630995
0.008417521487006798
0.00968705509016362
0.010099032963496367
0.012674582334400756
0.011560005207406762
0.015630376930312814
0.013496870847463788
0.018595563256459464
0.023132064491436528
0.018261225215285417
0.014003027819055672
0.029217598988824964
0.021961572044779516
0.018488882357522718
0.02933999424204177
0.018482463933691566
0.022745332405856362
0.02843472111099648
0.015108556335290318
0.01895862492408945
0.020212781817732606
0.018450255355039333
0.014338497921312476
0.014674452398843407
0.01255965673919222
0.01448856723777631
0.010671132665312279
0.00967640084369672
0.008407551610463651
0.007086917623863887
0.005722633777816577
0.004323103446451872
0.002896946794169945
0.0014529477539642328
