1.0
0.9989725854527277
0.9958941397184439
0.9907760398146889
0.9836371918337683
0.9745039478168507
0.963409989935273
0.950396182533182
0.9077395665249401
0.8910383019589865
0.8725811461981187
0.8524355980705041
0.830675146685486
0.7336427045100057
0.690760547133322
0.6647582993937181
0.7017734579899767
0.6005655728523006
0.5627065600760791
0.541600215577279
0.581858168197693
0.47870490662703075
0.4371807400628084
0.41221015380660564
0.4500944436787627
0.3526566030955716
0.3186644658130671
0.3019048035126047
0.3402931819475405
0.306268769909534
0.2725224281647358
0.23916215793466483
0.2062931878250511
0.20167312991975267
0.17008068053330927
0.13927376632762703
0.10934235931995488
0.08037172439209726
0.0524421016274365
0.025628413765296797
2.971100893722082E-16
0.024379622781927766
0.047452970371682536
0.06916877240348789
0.08948212364992586
0.10835460493099759
0.1257543732716555
0.1416562210946549
0.18358202892709713
0.1964284109884645
0.20774108907313138
0.21752135031736372
0.22577695920223423
0.30149579283539196
0.32054939276438504
0.3239818399946525
0.2676413486496273
0.3299755392229582
0.3327966180166852
0.32353469598394785
0.263344198371625
0.3151806174570556
0.31586366880599837
0.3058488345758484
0.23942278860265284
0.28720789685599524
0.2777115378099162
0.2556987640927425
0.1790316408571643
0.1678421767667265
0.1561172487436381
0.1439384822614233
0.13138778465307108
0.09130375337943768
0.07826434592779997
0.06509537670314833
0.05187566279556118
0.038682351000812076
0.02559056798264966
0.01267308518248871
5.156285819162267E-16
0.01236156532820551
0.02434774582752885
0.03589819564672826
0.04695632858088959
0.05746953627456649
0.06738938324713113
0.07667177800935174
0.05842808730125589
0.06632973754530437
0.07349233715748531
0.07988938318060872
0.08549961386430094
0.037500494202121724
0.037136040440136964
0.04025569469607852
0.08858281622980917
0.06509645535047943
0.07530175225068289
0.08498869607708695
0.09451761847140693
0.084601776477818
0.07463327970010346
0.06394004178015232
0.08182911936723332
0.03574043820438198
0.03243469374251387
0.030356628522134742
0.06935734983347382
0.06282220438597974
0.0558659045190675
0.048540151305678784
0.0408999582113808
0.0591389623112141
0.05093822132600448
0.04256756538062772
0.03407978162745216
0.02552745768586291
0.01696268746207131
0.008436783880032973
1.494537316448563E-15
0.00829874005959646
0.01641209904919104
0.02429457209091813
0.03190271856496266
0.03919537927375567
0.0461338778701545
0.052682205632238494
0.08499975450915317
0.09063774609945185
0.09579640992726256
0.10045162074057024
0.10458264792627554
0.15440669183592293
0.15377025115131965
0.15562165777307868
0.1242786222366569
0.14347880304901822
0.135022058481973
0.1362186004639708
0.127263257141486
0.13332357169448358
0.12884392407817413
0.13472569559206712
0.11735076396976417
0.14350534613256505
0.13948351743843193
0.141218844348906
0.09578803036459904
0.09111814488583726
0.08610998093565228
0.08079850076080082
0.07522017657197522
0.04384237336355513
0.03785067190997258
0.03170319158088188
0.025439031390899043
0.01909749911995476
0.012717877975441022
0.006339196069147442
8.713182015725047E-16
0.006261866202463292
0.01240947556178695
0.018407024902625514
0.024220032755730165
0.029815527373655764
0.035162223877609096
0.040230689627296874
0.021075349738745284
0.0253848396778092
0.029394623732441196
0.03306151671588789
0.03635592921597066
0.024394497614639996
0.028158527192392896
0.0301919148755243
0.05941597586556658
0.06427233015804504
0.06877638998846529
0.07099324439152667
0.07619240326246023
0.07051326309531973
0.06846023279186976
0.06456463729462951
0.05851853160805596
0.030694632550672035
0.02875665407413111
0.023779777298545815
0.03205789646369242
0.02858913811496956
0.024877198492271692
0.020972613591430024
0.016952472375416354
0.03492661100535065
0.030194876749066422
0.025325216019945716
0.020348602879242603
0.015296350844886
0.010199922616160009
0.0050907406937642525
1.3219943005834794E-16
0.005041516417229213
0.010003617540091036
0.01485687937291243
0.019572813786123192
0.024124030271787444
0.028484389719774524
0.032629149377751014
0.060355868525310906
0.0639393956277533
0.0672466487392378
0.07025903302186357
0.0729600910604006
0.09202556459564927
0.07813494375936152
0.07944127619817613
0.07116322580822831
0.054689991574999375
0.05329106537066305
0.06022439559589097
0.07501209110300247
0.05936995447703369
0.051481413716514005
0.05051766277862004
0.06729112918347882
0.07312321428142265
0.07065020884208313
0.08369314456979497
0.06900825992500328
0.06604105994349335
0.06283801990231168
0.05942134807491583
0.05581463459301963
0.0291060961676064
0.0251859158794891
0.021143214447611084
0.017003654284083985
0.01279327734706714
0.008538345181072144
0.00426517889045636
2.569102286702709E-16
0.004231226855952682
0.008402948491873374
0.012490174076165223
0.01646862151045359
0.020314858443544696
0.024006437118551743
0.02752202229394956
0.01228351463681546
0.01479425199544799
0.01730815320601797
0.019706957720579562
0.0219248966082219
0.02203769611948099
0.03425622754982213
0.035983579349567814
0.05087278375081169
0.0651799548131806
0.05855858680973476
0.05068738494013622
0.0775668885475033
0.05022539363855331
0.05785546802300853
0.06475928789566099
0.049875263441205124
0.036274194134155766
0.03468178329609206
0.022245483038604096
0.020531735385195968
0.018336394284654146
0.016037507477491122
0.013719041535556854
0.01152466673307811
0.025021011314591626
0.02166522776058736
0.018199480544474785
0.014645715469340828
0.011026264246838571
0.00736370658208477
0.0036807316787428523
6.858034242402814E-16
0.003655993885694755
0.007265056556972252
0.01080542828930882
0.01425591212285128
0.017595998694536364
0.020805986110944977
0.02386709417238789
0.04736613908701879
0.049986173126641484
0.05241447065243475
0.05463581961589346
0.05663666105439984
0.05400935530066263
0.046435990433470166
0.047720236096408
0.04206703365295555
0.025438017361811612
0.034814842837697826
0.04423174705404343
0.03979892101825524
0.04390012647837375
0.03410421950800984
0.02478427828732786
0.040411528530335854
0.046229126206044656
0.0447030648848745
0.04982071670433935
0.05412066477397647
0.051927242858780115
0.04955377589046197
0.047016957189629664
0.044334754232344196
0.02200678902194853
0.019064718399566492
0.016022861053654865
0.012900431665655545
0.009717023953106804
0.006492489323496115
0.003246814662535207
1.5013465883713456E-15
0.0032280632073133863
0.006417712443586713
0.009549632433255944
0.012604970668224537
0.015565449480289928
0.018413474000504734
0.021132235375584504
0.010939345880126131
0.012460930451779751
0.014116529482236361
0.015778295616275636
0.017366947416460162
0.024036580818480743
0.029816427875009207
0.03092727592221755
0.0392356059841542
0.054935985402426765
0.05135528282694694
0.042738506619911236
0.07357227352529307
0.04290243536979334
0.05162638564089351
0.054100669488414174
0.037913693956090955
0.029267502425097024
0.027862379723780643
0.024122250472546906
0.016962929130473738
0.015422600005162362
0.013840044663238262
0.012292162055950486
0.010895538189677487
0.019700210362089927
0.017073170655952163
0.014354647114388545
0.011561772961429127
0.008712048594939802
0.005823233049989005
0.0029132344336077454
5.033762652862315E-16
0.002898593465298274
0.005764848289296601
0.00858135292930481
0.011331086723562433
0.013997521750361674
0.016564721191943674
0.019017433623292248
0.038087925966445974
0.040154216522503554
0.042075002226180554
0.04383705251381176
0.04542857312553526
0.03851685377775118
0.04103917705043213
0.042199559513278286
0.03535947407397998
0.0187224317176143
0.01908967525236736
0.02308024943570958
0.013235472499647993
0.02241393202138488
0.018360155537807947
0.018314887700666593
0.035587471813933076
0.04210144333511333
0.04095174190118319
0.037361671569356984
0.0435119586669336
0.041755188186099176
0.03985258349021281
0.037817878595670394
0.03566603150304031
0.017886055366201845
0.015505857279755805
0.013041013712292323
0.01050702679199566
0.007919752519500715
0.005295302366405352
0.0026499437508174517
1.689503416010032E-15
0.002638249589546091
0.005248668987355928
0.007815363359243464
0.01032277510272741
0.01275577741173183
0.01509976481213789
0.017340740130548465
0.010885071288763985
0.012136532066824987
0.013478905306068576
0.014824876030196511
0.0161159773703675
0.021580256995653177
0.018260612137112667
0.019249946061206155
0.025725181581811817
0.04935671514579675
0.059013342290096596
0.0544394141950141
0.06341158989833956
0.05466064871302582
0.059060439001684874
0.04932163541605382
0.024411443238851704
0.019033602784550217
0.018078486384153474
0.020521103203642997
0.016025451278434136
0.014760571017201896
0.013445006400671741
0.012129015953564219
0.01088491207949281
0.016428752422941038
0.014246258644900554
0.011984803983146948
0.009658584444420826
0.007282136745884403
0.004870248084482649
0.0024378647295405756
2.991176925566364E-15
0.002428357810788269
0.004832337001506992
0.007197272964718225
0.009508797076711073
0.011752923439940959
0.013916132957619032
0.015985454238321643
0.030440121765459165
0.03215873768131964
0.033760318857863
0.03523285066847476
0.03656566378667439
0.0337938613467695
0.041148387101965306
0.0420799193669285
0.03883133073877529
0.013955362763414641
0.005217344214221928
0.006378552533825398
0.00641935760117706
0.006647643044158818
0.004720738664923121
0.013517864745197235
0.039065030209456245
0.0419242485294418
0.040999394227134826
0.03314182038256876
0.034981065925556214
0.033497981513521964
0.03189098983359796
0.03017196786035529
0.02835400151283134
0.015238710305111723
0.01321729184971389
0.011121676278227596
0.008964995797926905
0.006760710998606028
0.004522527309872678
0.0022643102517683478
2.7308486561478136E-15
0.002256474210773966
0.004491279322590437
0.006690762809975239
0.008841535644205938
0.010930553364365533
0.012945194766962266
0.014873337741863642
0.010902557780519592
0.012185693889203634
0.01348208729403551
0.014740184193946746
0.015924607342568346
0.01615147619570111
0.023791820827024638
0.024460790538139522
0.014471191936358256
0.04578913054117981
0.04699018297993381
0.051547510861993606
0.049148561540600336
0.05115583014705676
0.0457759839217308
0.04501874444668243
0.0137236064602822
0.02522030049343332
0.024720821498621138
0.015974527976658836
0.01594742583729319
0.014778700651736356
0.013533047961708067
0.012238632203738145
0.010934839296976973
0.014254402945589386
0.012365975136844547
0.010407368373054346
0.00839083679372053
0.006328951709569102
0.004234523600870505
0.002120522893439573
2.021589485355872E-15
0.002113994882375407
0.004208491728060692
0.0062706799042012784
0.008287986175754727
0.010248151021480911
0.01213930279950701
0.013950029315996884
0.02381082155937213
0.02530970951846638
0.026709158570314903
0.02799805981095834
0.02916660877539631
0.029962766083120505
0.03649226993435493
0.0371033712489499
0.038214591469129984
0.01198759538268703
0.01986569248961
0.018353737238809644
0.018518518518515156
0.018568211472033972
0.020925707242735445
0.012792843977208227
0.037772511436597336
0.03582914460297126
0.03498021743529066
0.029252073654340422
0.027840329828767076
0.026536567530296793
0.02512231563792437
0.02360797228092704
0.022005098434044173
0.013432231125052282
0.011654737426118882
0.009810470346246448
0.007910951711350778
0.005968010510535254
0.003993709529246513
0.0020002707528287878
2.020810753381665E-15
0.0019947887508719006
0.003971848879047436
0.0059190760209336885
0.007824581895461513
0.009676766606715211
0.011464388985831948
0.013176634547165184
0.011121132301230153
0.01248569204372929
0.013799364348255485
0.015036890020322682
0.016179948445188105
0.019611806420088286
0.024650486282358178
0.025205931248106467
0.012356790759193152
0.03013451002472051
0.02111294288437973
0.030235667291877273
0.03393045583548606
0.02973306597614777
0.02007447469332925
0.02870248499857511
0.01272817716583049
0.02451514502171538
0.023798119499573136
0.02079842539495067
0.016268644779129482
0.015145536423305359
0.01392637229280254
0.01262525082890259
0.0112601645568719
0.01274048927620687
0.011056240820027744
0.00930811401279095
0.007507015135159922
0.00566414882068616
0.003790948594129636
0.0018990061775881139
8.561744584759339E-16
0.0018943766504756314
0.0037724873907043826
0.005622823984444398
0.007434076627063811
0.009195202845304846
0.010895494593689811
0.01252464314122963
0.018162826339933342
0.019534754520134666
0.0208160534379245
0.02199679447679439
0.023068226568271056
0.02531076270901711
0.025218897441379774
0.025827852268379078
0.03125969380051113
0.027463115520191223
0.03267047309432647
0.023649468250178673
0.023698577319196477
0.023683005372491538
0.032711081126354645
0.02847825603364769
0.030338360564333824
0.0247989090358149
0.023973291546691252
0.024263150270650867
0.02201858265532942
0.02083511257867044
0.01954808843323433
0.018166277706075405
0.01669936907842106
0.012155621864997017
0.010550164881392328
0.008883293100557698
0.007165392548762897
0.005407139946450366
0.003619436553901285
0.0018133407843671774
3.898065427088782E-15
0.0018094180900269314
0.0036037940082470077
0.005372124644467386
0.007103590532062373
0.008787621854598728
0.010413962781400344
0.011972733741572511
0.011729980944310483
0.013113088046459744
0.014412639981921044
0.015617567149869926
0.016718621650929657
0.024799309768936892
0.018148118626915146
0.018831807541179992
0.017305595799578546
0.013498260673714062
0.014796286124085177
0.024223544056952262
0.022852830879033576
0.02436720480490633
0.015132496674376215
0.01267698944572323
0.017790827053267476
0.01828838522743326
0.017502422128309894
0.02508310181203908
0.016849427628605487
0.015777300514205176
0.01460392388439823
0.01333740326312474
0.011986674410991239
0.011659817132510856
0.010121138014668086
0.008523137976578145
0.006875761877446903
0.005189238702478597
0.003474018218224478
0.0017407063958145494
6.3197996753251384E-15
0.0017373792535226049
0.003460750568356648
0.0051595395614883995
0.006823342980658509
0.00844199224995532
0.010005615456472538
0.011504697400997086
0.013816596503753881
0.01512295210207471
0.016340790819098634
0.01746212626288408
0.01847972924427627
0.01825106198371783
0.02363920005744518
0.024393936137936327
0.022237520448466278
0.032386056907904845
0.024481657307650458
0.02031702757914607
0.022527085808633565
0.02014210804576736
0.023828269839905634
0.03192872386612534
0.02152708321152735
0.02492349881311959
0.024290885030927065
0.016922586757627672
0.01777604260422802
0.016685692278543454
0.015496318295315496
0.01421524710485931
0.0128503578441244
0.01123941341989021
0.00975736646651087
0.008217771418264417
0.006630198648212583
0.005004497114998765
0.003350733407389561
0.0016791295566440368
3.1601249420113863E-15
0.0016763119168730796
0.0033394975084895823
0.0049793459994215035
0.006585807068180643
0.00814905230301404
0.009659535194488778
0.011108049299680194
0.012671492183906648
0.013992680990643764
0.015226744914191619
0.01636637606982146
0.017404858856827507
0.023627849671161986
0.016482291798909185
0.017064133032123716
0.02072848153802322
0.013668045268183401
0.02275856230380063
0.026660854978128666
0.02222285790955985
0.026564478909129843
0.0230761964811657
0.014594519843323958
0.02086194175873128
0.01702833362480973
0.01646064632772332
0.022863909105719258
0.017543817410207642
0.016539157058153054
0.015439103073194339
0.014251059880650913
0.012983127533521314
0.010883816402485421
0.009449702303204098
0.007959530298468069
0.006422553345600084
0.004848298416959247
0.003246507573136065
0.0016270778027930013
1.8410852193585048E-15
0.0016247025454891003
0.003237035767177513
0.004827096171888603
0.006385131545153802
0.007901600640545835
0.009367231488450804
0.010773077968525792
0.011336291226354251
0.01257137808210651
0.013725318633493414
0.014790268919372634
0.015759214305563374
0.013856795938762849
0.025472603859866362
0.026057792289842913
0.01913121366950716
0.01930182594091553
0.01795800968889197
0.01753222678810855
0.01638413504577509
0.01765327786759144
0.018008886220937145
0.01798781338953025
0.019319030534994824
0.02558086988568942
0.024904880121687564
0.014373529759523251
0.015457174913967808
0.014470390631466391
0.013395624635713718
0.01224171345695665
0.01101906913488527
0.010584747402744805
0.00919099605605328
0.007742424727154034
0.00624801851987074
0.004717032902417222
0.003158936495765496
0.0015833526258733329
9.636630583378863E-15
0.0015813671279576967
0.0031510189353896882
0.004699309784058996
0.006216737382104016
0.00769400099268943
0.009122058333471003
0.01049218081940614
0.013691230801082477
0.014902103757751535
0.016037507477493437
0.017089040251455936
0.018049301977187605
0.018716966221115173
0.01678392286325593
0.017388424542264615
0.020150914450686515
0.027678548073074925
0.024665632755148787
0.019004313685302747
0.028045541938943687
0.01879587545963597
0.024554980961764533
0.028560245557941285
0.019868572844028643
0.017769715928752906
0.01722784440334274
0.017940146231639496
0.018154659227824825
0.01722525844517434
0.016211477622219042
0.015122014578843629
0.01396690944186235
0.010335712165393716
0.008975639047640408
0.007561755518897827
0.0061028224960169054
0.004607868489194027
0.0030861338289869767
0.0015470136525628877
7.104013725956122E-15
0.001545376622717437
0.0030796058553008913
0.004593255909151149
0.006077031449700591
0.0075218305803131475
0.008918800579127677
0.010259392048030808
0.010972160100307207
0.01207114266234243
0.013114102454700488
0.014088116258389639
0.014982816903952626
0.020285315301074632
0.01784355860128764
0.018317489606244866
0.022733165595714828
0.007759694996907663
0.01669359621659634
0.022904181828396403
0.008330076028239992
0.022928825726816406
0.016382424206156796
0.007865991986442816
0.02312233371255289
0.016975159176819035
0.016235521289199188
0.021645404044056626
0.01502041977948165
0.01415268970012622
0.013215202648453541
0.01222070185256523
0.011185238870195935
0.01013162018526271
0.008799235330314618
0.007413839913166175
0.005984009696891177
0.004518586115973387
0.003026621694958483
0.00151732421901874
3.345291179353173E-15
0.001516003412999884
0.003021354726478147
0.004506796245603996
0.005963200715940576
0.007381627315087129
0.008753376451607283
0.010070043035631844
0.014491372357089014
0.015579605783484166
0.016608128218642212
0.017566413690069366
0.01844551529148437
0.015452846498335959
0.022777394464677254
0.023495929254267845
0.016045457131451505
0.0329085667497679
0.025380258442738
0.016664532820547955
0.032456559391057786
0.016794494902888264
0.025712589449094683
0.0326797169907747
0.015550549231324939
0.024451543743956618
0.023924286784845095
0.015120078277262944
0.01847894878297267
0.01762013042531502
0.016688603768247202
0.0156946073140611
0.014650250408280366
0.009968509378500344
0.008658364370333972
0.007295813132380034
0.0058892816820928775
0.004447460615534879
0.002979251493712072
0.001493711970466602
4.568306129644008E-15
0.0014926825330945628
0.0029751464147065644
0.0044382715853800965
0.0058730631612029455
0.007270706647698331
0.008622622008379542
0.009920516256841325
0.011991776065155996
0.012955512632107462
0.013886088606486928
0.014766966609092212
0.015584951454576019
0.025706375645272696
0.008936041244235466
0.009435825846290264
0.024943674898761082
0.012091940018224176
0.008134006841153106
0.017392815393626228
0.009945255513419453
0.017164821023182678
0.007714200192213198
0.0123806147594067
0.024908517216534542
0.008984027629132215
0.008415784657390672
0.0259041408659767
0.015793691096111364
0.015016233984952838
0.01418155329437987
0.013303761020148654
0.012400292871200761
0.009843346313624218
0.008550408863447396
0.007205484406093873
0.005816881820233284
0.004393174290420239
0.0029431464544562623
0.0014757402795382928
6.592106693604626E-15
0.001474983544641968
0.0029401288293632965
0.00438641947750559
0.005804959666127479
0.007187028762769945
0.008524134858663218
0.009808066870153394
0.014831344390595866
0.015809238814293032
0.016742211932056515
0.01761777550162691
0.01842543387658223
0.014094250955650686
0.027455736131722735
0.02805706282933776
0.012472898184754725
0.025209111058765242
0.03181372179049722
0.024783305932855586
0.03255968275225622
0.024982350030103052
0.03187395983541829
0.02447621085355263
0.01244950293322749
0.027930893821369814
0.027308743347000394
0.01408308598963277
0.01836221481819018
0.017558741581761912
0.01669238086335428
0.015774702708612667
0.014819507324845965
0.009753882124998642
0.008473430582410589
0.0071412331910756
0.005765512186421144
0.004354754658460722
0.0029176602675249634
0.0014630876723596704
5.070405861329024E-15
0.0014625903074051247
0.002915676929890838
0.004350315050560926
0.005757676340100968
0.0071291032072238756
0.008456161982296338
0.009730694707842233
0.013339177578747929
0.014237217530438898
0.015109683065942374
0.015940058052877487
0.016714834740228085
0.023690833258225248
0.011092468281146477
0.011648939925695177
0.02235107739719629
0.01580924468002444
0.00852468867349862
0.01785962477077538
0.01964293304900065
0.018144399304103123
0.009149886618335181
0.01607563896312273
0.021847371896222153
0.01265845404241894
0.012294296922636653
0.022691089966831897
0.01694292699754297
0.016200056201156218
0.015402481042743678
0.014563509627682155
0.013699219813425192
0.009698550779600168
0.008426082790694666
0.007101936019152245
0.005734275035347346
0.004331530647310659
0.002902348001851712
0.0014555333780368184
4.2300425334129696E-15
0.0014552867977770205
0.002901364716142471
0.004329329608803415
0.005730390233522741
0.007095922300628629
0.008417521487000083
0.00968705509015716
0.014570555965516655
0.01546777135123427
0.01633203472208237
0.017149063894052564
0.017906913438298297
0.016304790863323846
0.022155553578247885
0.02259600726652723
0.015717644317218633
0.018691862383411174
0.02477401218755866
0.027659720653121493
0.027981327637709514
0.02755908011263307
0.024039228644772308
0.018492138949007864
0.01633395854178946
0.021375527442037634
0.020702533480051338
0.01728590069731955
0.01774498663569057
0.016972581816426337
0.016143638812713065
0.015270855934436412
0.014369503994798843
0.00967640084369265
0.00840755161046145
0.007086917623861953
0.00572263377781342
0.00432310344645547
0.00289694679416414
0.001452947753960189
