1.0
0.9989725854527276
0.9958941397184436
0.9907760398146894
0.9836371918337661
0.9745039478168499
0.9634099899352742
0.9503961825331809
0.9263931977346144
0.8915859306949241
0.8455779411432518
0.7887600477702217
0.767215515026865
0.7163525702111533
0.6733960005843563
0.6564646206992326
0.620093269157437
0.5646135493511676
0.5350127340139043
0.4950219406327567
0.4545321819363842
0.43202911935057103
0.4094907256357024
0.37711094062548267
0.37045251409659
0.3460520386996183
0.3040362203275002
0.28860793672237256
0.28279815235412326
0.24930922965540947
0.2522069877976728
0.24584076723128953
0.22694183069357743
0.2016731299197528
0.17008068053330952
0.1392737663276271
0.1093423593199544
0.08037172439209721
0.052442101627436594
0.0256284137652969
0.0
0.024379622781927412
0.04745297037168244
0.06916877240348791
0.08948212364992576
0.10835460493099773
0.12575437327165528
0.14165622109465473
0.16087120889800385
0.1837680247002382
0.2214061731250134
0.25989541086961676
0.26731551496701045
0.3007804702455157
0.32255016301342354
0.3209805955437313
0.3314460056833437
0.35388608337927524
0.3566238142106446
0.3660572110636023
0.3738395570561999
0.357358642001106
0.3390440952143203
0.32699970834006886
0.2976619065169738
0.27978822217930166
0.2723871210570161
0.24471519050526203
0.20613359341674278
0.19400324172321784
0.15924977042334565
0.12042322653981617
0.10454431798966564
0.09130375337943729
0.07826434592779981
0.0650953767031475
0.05187566279556113
0.03868235100081204
0.025590567982649488
0.012673085182488438
2.314537610381908E-16
0.012361565328205938
0.024347745827528557
0.03589819564672762
0.046956328580889266
0.05746953627456634
0.0673893832471313
0.0766717780093524
0.08887092469579669
0.1060791022385268
0.09840178240310367
0.07908231678730085
0.08559816217113692
0.06700025954635638
0.054700612165348175
0.05908377861359837
0.053184829254620584
0.04851402611041877
0.04767572375803138
0.025671977692299685
0.036921718718488185
0.02543320189341812
0.047423693577316996
0.04912445306779135
0.05236030083181333
0.05830321535853318
0.05631965823074697
0.06902946254119588
0.08590252160449695
0.08046974337073633
0.09128979388507823
0.09661748706108095
0.074448390887506
0.059138962311213884
0.050938221326004944
0.04256756538062828
0.034079781627452725
0.02552745768586269
0.01696268746207214
0.008436783880032826
1.3573760467280265E-15
0.008298740059596304
0.016412099049192636
0.024294572090917732
0.031902718564961303
0.03919537927375546
0.04613387787015376
0.05268220563223852
0.05020630819118184
0.04030485993990123
0.06675335901877388
0.06682836437310188
0.07005770568627921
0.0904703076350227
0.10310733088419134
0.11265409822991715
0.12063543025605453
0.12311585247779912
0.1377899341369663
0.15381707861747237
0.16984237605471647
0.1500829353654495
0.1302695144980919
0.11133006226818887
0.10729458864542381
0.09639312449706751
0.0830364394851639
0.0694809617586217
0.0507611782397133
0.04577027104097852
0.05069020106028911
0.029751908869206038
0.040552937054422596
0.04384237336355479
0.037850671909973
0.031703191580881605
0.025439031390898457
0.019097499119955657
0.012717877975441475
0.0063391960691474136
4.870508380964494E-16
0.006261866202464938
0.012409475561787026
0.01840702490262464
0.02422003275573093
0.029815527373657325
0.03516222387760913
0.04023068962729698
0.05321402255950267
0.07252298352203826
0.06747597022124527
0.09001338083849307
0.093523085209955
0.09540058389075064
0.08664980763972385
0.08016304908624444
0.07565358248901564
0.08590125886742829
0.06972828816615977
0.05535706416801917
0.04433648464761728
0.056626829094080885
0.07160505714888903
0.08896039028993766
0.07831141311224091
0.0830831719987425
0.08983701359270581
0.09791594160471746
0.09035095866781162
0.0867822977075085
0.05684065422139643
0.060704993314312394
0.04484238906122106
0.03492661100534918
0.03019487674906448
0.025325216019944044
0.02034860287924125
0.015296350844883828
0.01019992261615956
0.005090740693764935
1.208260957701697E-15
0.0050415164172283086
0.010003617540091244
0.01485687937291002
0.019572813786122502
0.024124030271787198
0.02848438971977204
0.03262914937774853
0.03609793779266285
0.043746354699758586
0.041423509864266475
0.021961097576776768
0.024389681550195226
0.021866608256945155
0.017081488236210775
0.024401692226449893
0.032890622332880745
0.024161344798393602
0.04206981175967084
0.04763738986042694
0.05616540183836685
0.04648422298349185
0.04142624190493177
0.023973764064877164
0.030225960125965384
0.020725557179814977
0.013606154251402698
0.01974773579521654
0.027842735721204277
0.02597005517338775
0.04462960411338416
0.04951671734435324
0.03708074810385929
0.02910609616760746
0.025185915879488305
0.0211432144476107
0.017003654284083278
0.01279327734706763
0.00853834518107266
0.004265178890456866
1.7368181763900045E-15
0.004231226855953775
0.008402948491871613
0.012490174076164453
0.016468621510454366
0.020314858443544755
0.02400643711855177
0.027522022293951395
0.025880718244472026
0.025532981410288706
0.027399387103910555
0.054527233103083814
0.05625374290523976
0.07957111359245858
0.07780088933594173
0.08070952791911676
0.07934068983973017
0.09876146589035165
0.09100516416642067
0.08896149844329082
0.0748226164690861
0.08912158383064031
0.0907605005091514
0.09709666401364195
0.0767946901840703
0.0770042767359623
0.07123428751747321
0.07039309758709902
0.04703804415660156
0.04451946813362805
0.025212086603510642
0.013269189196615178
0.019799454587405185
0.025021011314591085
0.021665227760589326
0.018199480544475243
0.014645715469340634
0.011026264246838875
0.007363706582084578
0.0036807316787422478
1.1025096646348557E-15
0.0036559938856949733
0.00726505655697199
0.010805428289308227
0.014255912122850928
0.01759599869453572
0.020805986110944093
0.02386709417238734
0.03602083155620399
0.051080315883660125
0.04672570864572032
0.053822412348852
0.056104647828542596
0.028468671515308953
0.026900611644404812
0.024276953830428383
0.03269855660300329
0.03879798553045006
0.05425663255760474
0.04363299442550658
0.03599998859986573
0.0437416801247482
0.054543347411725764
0.0394844923209892
0.03413669780876535
0.026751291320842755
0.031972661342708715
0.03476504036967254
0.06174722721394623
0.06025806485623507
0.043682482049934204
0.04674105333188665
0.03317374787035373
0.022006789021947873
0.019064718399568786
0.016022861053655354
0.01290043166565498
0.009717023953106795
0.006492489323495339
0.003246814662534387
2.185048920730353E-15
0.0032280632073155187
0.0064177124435882945
0.009549632433255606
0.012604970668222753
0.01556544948028995
0.01841347400050262
0.02113223537558414
0.019118518839749275
0.02068158206078923
0.04252690195992607
0.034210684047841305
0.03459921289326702
0.022737151770329436
0.029916417989496822
0.03951084651935175
0.041957328121079066
0.05883835000990028
0.06420165517715354
0.06783862211186811
0.06776554933641714
0.0667291913637106
0.06203723085698104
0.05524231347490001
0.037941773260296616
0.03406716683349633
0.024406336838670883
0.014757632873331254
0.034014679910710346
0.03368412757542213
0.048287834580186935
0.027973711401902118
0.02253824441078805
0.019700210362087255
0.01707317065595239
0.014354647114389692
0.011561772961428681
0.008712048594940706
0.0058232330499897655
0.0029132344336057067
5.535659833396668E-16
0.0028985934652997667
0.005764848289297521
0.008581352929306212
0.01133108672355897
0.013997521750359315
0.016564721191941186
0.019017433623295266
0.021738283500701127
0.02673329635522733
0.026050196401851945
0.05814040967597936
0.05927566114608758
0.05856769109780747
0.0517615176399357
0.04587073598952154
0.047733256196881575
0.04673829096043488
0.0501311610360837
0.044042945276071464
0.032616605123407624
0.04417945348746051
0.049695778090150404
0.04699702545885875
0.048527597039308805
0.047596485843083985
0.052210211014315604
0.06009804214581573
0.052407211488626454
0.0504767586536678
0.018836571906957762
0.017683464845909384
0.015886213956099866
0.017886055366204114
0.015505857279753172
0.013041013712294497
0.010507026791995083
0.00791975251950122
0.005295302366410867
0.00264994375081605
1.5451779255712E-15
0.002638249589550167
0.005248668987355091
0.007815363359245438
0.01032277510272903
0.012755777411735803
0.015099764812136337
0.01734074013054668
0.027871347892752103
0.03645409516225587
0.054411206409481654
0.025199757168134943
0.02625460931504789
0.004500841931164326
0.011750701547379025
0.010853125924840721
0.015137926640066912
0.02266667390045792
0.024542594265844472
0.018585260468161918
0.034606913300999416
0.017517931382782848
0.023340280949810298
0.021567323066143826
0.014516041126114708
0.010206057757792953
0.012099041872122303
0.004137086783826464
0.02714478344518884
0.025903251705517053
0.052527160601917255
0.035533245067041155
0.02777777777777811
0.016428752422944608
0.014246258644901484
0.01198480398314399
0.009658584444420902
0.0072821367458803035
0.00487024808448498
0.0024378647295404893
2.4986281227210823E-15
0.0024283578107880434
0.004832337001505425
0.007197272964716932
0.009508797076714568
0.011752923439940732
0.01391613295761974
0.015985454238320436
0.009774896651221035
0.008386546755110625
0.009011990003580743
0.016529379821149125
0.017541163241943807
0.05045015610720867
0.038461266427739955
0.045473916733906335
0.04242863008065358
0.03794153228974047
0.040566204427780826
0.05481593006915465
0.034556624838321184
0.055012738501096156
0.03994341445981059
0.03624623014131032
0.04047025744691625
0.04339235325793377
0.03451474359659723
0.04635361676624362
0.012334106765285959
0.01076152323032471
0.013147653011765008
0.014297503243065552
0.013275245857291389
0.015238710305108802
0.013217291849712175
0.01112167627822592
0.00896499579792749
0.00676071099860662
0.004522527309871559
0.0022643102517651984
1.790850209776502E-16
0.00225647421077544
0.004491279322589826
0.006690762809977556
0.008841535644203981
0.010930553364364182
0.012945194766963349
0.014873337741865464
0.021691776049279823
0.02500950530568407
0.038161194339386396
0.038203797459276656
0.03964158810358893
0.010963898985437367
0.024355010611254533
0.01635521359061471
0.022924305402724172
0.02910758860453006
0.021929192282838166
0.01756871522437081
0.03416247108659185
0.017887518710306964
0.02234780322041822
0.03056031364928017
0.02467550898464829
0.01811723654053469
0.0266490619952312
0.013443498233785342
0.04036249140797987
0.039079332678495664
0.031820375594503916
0.01935100612748397
0.017089063618285476
0.014254402945590198
0.012365975136842946
0.01040736837305756
0.00839083679371741
0.006328951709570087
0.00423452360087132
0.0021205228934416025
2.2304346049651617E-15
0.002113994882377133
0.004208491728059484
0.006270679904202772
0.00828798617575064
0.010248151021481472
0.01213930279950693
0.01395002931599972
0.0218255102540795
0.023929253910724587
0.02218697859611437
0.014556871873173581
0.015147488884312863
0.030492126702737207
0.018475920244035854
0.025349371010891207
0.020457669305368582
0.013126138503471265
0.026175080037072418
0.05000690275726873
0.037037037037040754
0.04956705880665152
0.025567658523638775
0.011647396145967527
0.018560157578933936
0.02309421589616887
0.017720847862000507
0.028906259186642295
0.015579637677145007
0.014871455707019515
0.022883256456583186
0.024567062731716733
0.023608939002541313
0.01343223112505086
0.011654737426119199
0.009810470346246113
0.007910951711349375
0.00596801051053592
0.003993709529247174
0.0020002707528294847
3.5711554138423E-15
0.0019947887508723772
0.003971848879047224
0.005919076020936943
0.007824581895461561
0.009676766606717074
0.011464388985833714
0.013176634547167365
0.005907601903001786
0.008803184518543545
0.01611230408248145
0.02724153000386449
0.028086725863736436
0.01691479612326813
0.030081032736109462
0.02837698586517156
0.03708404139088442
0.042412521948878866
0.027957979866462472
0.019323754942043306
0.0340984688554199
0.01923330307042804
0.028067519676912473
0.0425157617994016
0.03772585787414334
0.02905282286768222
0.02898535293766846
0.015852281245499835
0.0232077648481433
0.021758373149945408
0.01430468216918349
0.009923670314392563
0.006476524997061779
0.012740489276205974
0.011056240820027987
0.009308114012790402
0.007507015135159978
0.005664148820683861
0.003790948594131067
0.0018990061775894728
6.799575015546827E-16
0.0018943766504769038
0.003772487390702142
0.005622823984446189
0.0074340766270623426
0.009195202845304378
0.01089549459368522
0.01252464314122914
0.021986689054422175
0.02005512690632258
0.0195145992970632
0.020301800227765347
0.02161034163865766
0.028651922949988144
0.020829371898666946
0.014230210947819157
0.006839845964261958
0.006337994531509048
0.021910899860989513
0.029911725612201734
0.023301444563052016
0.029541384481670367
0.021973131366248295
0.007043498518238847
0.006164114814192912
0.014017427990179803
0.021733312751431384
0.029190090106069145
0.02386428327535677
0.022862614303644748
0.0176341399161315
0.017240578281009448
0.018969608775874752
0.012155621864993053
0.010550164881389644
0.008883293100554805
0.0071653925487634405
0.005407139946449691
0.003619436553901746
0.0018133407843684095
3.2801480259782315E-15
0.0018094180900272707
0.003603794008248694
0.005372124644471749
0.00710359053206486
0.0087876218546021
0.010413962781396415
0.01197273374157409
0.016332703912042213
0.01532769044086433
0.01625156746290635
0.012100762463614849
0.013065089397676156
0.009227847650633675
0.019817238504194003
0.028778938829513604
0.037855263225581796
0.03425097448563155
0.025316403641009108
0.019869010069648595
0.021581886509072775
0.019928433770195177
0.024970070151067923
0.033227300953924205
0.03755097253023959
0.02837534126059255
0.018636316925161395
0.00905631233537529
0.01327522536074761
0.012433842484198581
0.016560349805648914
0.015799631700435822
0.01948563079345013
0.011659817132512186
0.0101211380146657
0.008523137976575232
0.006875761877446686
0.005189238702478563
0.003474018218223597
0.0017407063958143352
9.507351607338633E-15
0.0017373792535222523
0.003460750568360614
0.005159539561489111
0.00682334298065494
0.008441992249955987
0.01000561545648061
0.011504697400996975
0.00833638406941149
0.013150383717756071
0.014828368345535324
0.02488113831963727
0.025820802567124334
0.02751256492152036
0.021920990302604172
0.016633739697503442
0.009266325320711666
0.022040549821675415
0.02157806448458861
0.026435289756560475
0.03143168365574245
0.02651036291381619
0.021488142034966125
0.02325363033539691
0.009738896030501824
0.016938727080136766
0.020762584064326815
0.0259384908482069
0.024528774634692642
0.023451769883449027
0.014999169127500407
0.013579720948909411
0.0038844719136232227
0.01123941341989449
0.0097573664665117
0.00821777141826204
0.006630198648207352
0.005004497114997806
0.0033507334073953564
0.0016791295566438856
4.506836354970329E-15
0.0016763119168745843
0.0033394975084860648
0.004979345999419132
0.00658580706818071
0.008149052303017408
0.009659535194488965
0.011108049299678947
0.021664122223083684
0.01337599158654504
0.014812035920943089
0.01455189948349018
0.015480199929792429
0.01853165359111006
0.020710341604343742
0.024729180124232992
0.034314787960138676
0.025304936832107536
0.02115206384718904
0.016680491130572166
0.019707365976143927
0.016467778455606322
0.02124566013653333
0.025028897705346945
0.03385633165115945
0.024061840451614414
0.02241854646094647
0.02160856301211423
0.016178737183680576
0.015317894627670851
0.014716850976151871
0.012482667499308705
0.020240779457514003
0.010883816402485827
0.009449702303208523
0.00795953029846471
0.006422553345602503
0.004848298416956562
0.0032465075731391234
0.0016270778027928873
4.270385484333641E-15
0.0016247025454968983
0.0032370357671756334
0.004827096171890176
0.006385131545149215
0.007901600640543885
0.009367231488446153
0.010773077968528237
0.01096653749853885
0.014548785915246065
0.014257050213249203
0.01813226645955827
0.019009361491076366
0.018084474830855252
0.012276846622313781
0.015926632564422647
0.008408362568029917
0.029580011371317626
0.0205470064033637
0.027538482345143167
0.035924008627530785
0.027515892326094964
0.020502613183859875
0.029263014096877277
0.008085925069387358
0.015934496262117487
0.011540883902759029
0.01738374978017368
0.018604520972179236
0.017714173815141135
0.012730318832796888
0.013597034770346256
0.015089783805716645
0.010584747402742706
0.009190996056046122
0.007742424727151683
0.006248018519875854
0.004717032902417363
0.003158936495763124
0.0015833526258709975
4.342285421946835E-15
0.0015813671279472613
0.0031510189353849243
0.004699309784056604
0.0062167373821018
0.00769400099268649
0.009122058333468344
0.010492180819403877
0.012254273352449982
0.014830277360569733
0.01982819390310714
0.01830500601978886
0.019184387906937512
0.03199537836914445
0.02983461104949136
0.021216365909064155
0.029389675866366538
0.02148935110802165
0.023713730324002247
0.015791043947849134
0.01391829954934933
0.016081192194720175
0.023671803973924935
0.0212718058487863
0.028946057154158152
0.021356191241543074
0.02970934004165834
0.03224117506687764
0.020311617062623966
0.01964120362629125
0.022221193198006795
0.016607804509473696
0.0074859603486906855
0.010335712165390695
0.008975639047645098
0.007561755518895901
0.006102822496015481
0.004607868489193323
0.003086133828983045
0.0015470136525580738
4.61177907324074E-15
0.001545376622716742
0.003079605855295727
0.0045932559091476245
0.006077031449696083
0.007521830580308113
0.008918800579132266
0.010259392048031018
0.020482566531062358
0.00796304689956867
0.004177536238443974
0.021751407200861893
0.022513379404418273
0.016511114241924665
0.013084349020503545
0.02269978373540093
0.014004569289989811
0.01908769851406015
0.018403707065679693
0.025284997628058185
0.020429836606326225
0.025162718600576426
0.01832395258325623
0.018157837880843016
0.014981796192116412
0.02393224365470865
0.014280893585630606
0.016610576066152606
0.02396180589217129
0.023435539715099787
0.002218924116674143
0.006793176219816914
0.020584219270342628
0.010131620185267566
0.00879923533031516
0.007413839913161457
0.005984009696890222
0.004518586115970249
0.0030266216949501237
0.0015173242190141404
2.174584982003548E-15
0.0015160034130010614
0.0030213547264739964
0.004506796245602871
0.0059632007159424365
0.0073816273150852695
0.008753376451612688
0.01007004303562722
0.005688169048080535
0.018350765649245107
0.025913811074847557
0.025055127038625436
0.025671639819947467
0.021984522097311363
0.018300741941792258
0.021013601863576353
0.02303380508161498
0.02324896019618564
0.019075081143112353
0.027848809286176328
0.027888355169451387
0.028047816905564724
0.018800747711395827
0.023617998114653458
0.021910910249705238
0.020087730968994653
0.0149974592286858
0.018098971122652067
0.025993558188534268
0.02541087381276815
0.02532040557482916
0.017163562580107043
0.010378288098953001
0.009968509378503763
0.008658364370332839
0.0072958131323828095
0.005889281682095074
0.004447460615533253
0.0029792514937069755
0.0014937119704683827
6.383337829308531E-15
0.0014926825330994677
0.002975146414700528
0.004438271585385651
0.005873063161211305
0.007270706647696218
0.00862262200838081
0.009920516256845506
0.01568680116720902
0.013416345259949586
0.012356813905996168
0.0220466157058568
0.022432307082680347
0.024458261379679973
0.027372972723252533
0.027011236548308858
0.019942349638882684
0.012319392023171847
0.02206484125716377
0.015469812581640789
0.007503951853934507
0.015111671492376444
0.02246544029159092
0.012247109622293598
0.020382079882374643
0.026740413710441356
0.029759147477765653
0.02693855992668333
0.019526808071798456
0.0187375612851888
0.015356510479800047
0.01661681702236157
0.011758585221129825
0.009843346313629864
0.008550408863453998
0.007205484406093673
0.005816881820236717
0.004393174290420262
0.002943146454461647
0.0014757402795375614
5.901951086546735E-15
0.0014749835446441293
0.0029401288293708578
0.004386419477501324
0.0058049596661208114
0.007187028762767521
0.008524134858664023
0.009808066870156241
0.018404406962941638
0.009165288539569846
0.018099422354142126
0.019862221263092915
0.02058319530330074
0.0014997773607663962
0.001699749542780978
0.009010506669534134
0.014937885632383328
0.02494612630561986
0.0188585312202761
0.030125061779474525
0.036911825996555146
0.030054863591385116
0.01911115442595999
0.02472843680370869
0.015906338279629086
0.008840055727134484
0.003211969139930168
0.001989692384143699
0.01937331956482188
0.018433738155017233
0.01459370443400749
0.005138715943345089
0.019928767716449185
0.009753882124994787
0.008473430582406596
0.007141233191079174
0.005765512186420199
0.004354754658464134
0.002917660267527426
0.0014630876723677833
7.861699460546424E-15
0.001462590307408697
0.0029156769298928765
0.004350315050562231
0.005757676340102159
0.007129103207220033
0.008456161982294834
0.0097306947078427
0.0016856099589848386
0.020955718278679748
0.019175280433447073
0.011294084388415865
0.012269310370254057
0.03087021225278066
0.03322954329980315
0.026118545012479625
0.02890566873505722
0.01356208944477802
0.027635241896188135
0.01001581002838424
0.005192065306593602
0.010323997868489074
0.027682545783079077
0.013878580184919895
0.030001027574776983
0.02635857228148177
0.03163361986147518
0.029357152480996004
0.015459446432445368
0.015028171654135246
0.01845009870570748
0.0204807952985971
0.005459066286839683
0.009698550779602159
0.008426082790695847
0.007101936019154537
0.005734275035345192
0.004331530647310808
0.002902348001854409
0.0014555333780339717
4.148989817704577E-15
0.001455286797779
0.0029013647161397105
0.004329329608802638
0.0057303902335223015
0.007095922300626543
0.008417521487006857
0.00968705509015581
0.018280616657034864
0.009532688184096081
0.009649631932954894
0.022709477751614283
0.023436237364274776
0.012054009521061797
0.012352972065359602
0.02193304371964415
0.03052842311373279
0.01985818069352513
0.024645730943774702
0.023659455056044033
0.023832787997294037
0.023397798450096634
0.0249141986113587
0.0193788235702514
0.03156593426089613
0.023480553976848256
0.015231950181103782
0.015179933911327936
0.02407910408257492
0.023500304054200796
0.011767383278901249
0.013669720712616754
0.01546726519373847
0.009676400843694189
0.0084075516104607
0.007086917623870109
0.0057226337778141685
0.004323103446451816
0.0028969467941671917
0.0014529477539658722
