1.0
0.9989725854527285
0.9958941397184449
0.9907760398146918
0.9836371918337684
0.974503947816852
0.963409989935277
0.9503961825331824
0.9355103927392279
0.9188072805050712
0.9003480590739814
0.8710378015726943
0.8125166220926794
0.761974606056301
0.7282667430742852
0.6838904663519509
0.6288521462676125
0.5545451145620466
0.5341506292873441
0.5312898149219831
0.509957059968863
0.4681326160307252
0.40818440366203174
0.36637813821900683
0.3785935563962388
0.3728297551270114
0.3572489701708271
0.33198904060028256
0.3237771081032278
0.32537182275718096
0.3002006862750961
0.2668332813211876
0.23395677675898338
0.2016731299197531
0.17008068053331
0.13927376632762742
0.1093423593199545
0.08037172439209726
0.05244210162743648
0.025628413765296766
2.3039193044727432E-17
0.024379622781927488
0.04745297037168252
0.06916877240348786
0.08948212364992583
0.10835460493099752
0.1257543732716557
0.14165622109465503
0.15604160438810805
0.16889863993921225
0.18022207187652928
0.19736792370784223
0.2384029887688575
0.26481289376185235
0.2766574556604995
0.2974109730760044
0.3280212168915374
0.37160907314148006
0.3636338537713497
0.3368133124530927
0.31885100743730316
0.32862613144903524
0.34693633358945464
0.3464351593381004
0.2958795710493128
0.25779649170007896
0.2308632985429188
0.2143302783983726
0.18788523351985967
0.14646455980643666
0.12883908052317347
0.11667245240793686
0.10413347464621686
0.09130375337943805
0.07826434592780017
0.06509537670314786
0.051875662795561356
0.03868235100081227
0.025590567982649807
0.01267308518248838
2.1103268942128465E-16
0.012361565328205676
0.024347745827528338
0.035898195646728005
0.04695632858088912
0.05746953627456607
0.06738938324713104
0.07667177800935221
0.08527711967004785
0.09317041956355211
0.10032139756208582
0.10363093261686965
0.08731314069539454
0.08188462201993504
0.08353478317787562
0.07207977728761164
0.047196345485245254
0.028112290700833424
0.029656200286606822
0.04870095546197134
0.06611727005847579
0.04816735270019289
0.029301427866060707
0.027634508392658567
0.04423673858945816
0.06887817906846488
0.0794387595633132
0.07625595921033414
0.07705673147312106
0.08834480109034697
0.08219714680739834
0.07482035430154821
0.06711710121238218
0.05913896231121372
0.050938221326004424
0.0425675653806277
0.03407978162745229
0.02552745768586245
0.016962687462071396
0.008436783880032205
8.25467593137688E-16
0.00829874005959611
0.01641209904919298
0.024294572090917496
0.03190271856496213
0.03919537927375627
0.04613387787015415
0.05268220563223883
0.05880718876800643
0.06447863753738925
0.06966947658610852
0.0735998883120663
0.09325518506148114
0.09150775669615761
0.09198188113026459
0.10667449202087945
0.1366942884253679
0.16690614745199076
0.16370772907115422
0.14957335886966225
0.117320967807824
0.14641139150360816
0.1568517965348896
0.15676998032826547
0.1252142412861709
0.09315867967609434
0.07701451716277942
0.07626325174724902
0.07903835169287424
0.06265183875973017
0.060499877003650594
0.05520449656085661
0.04963964052493624
0.043842373363555454
0.03785067190997271
0.03170319158088237
0.025439031390899133
0.019097499119955914
0.012717877975441449
0.006339196069147377
3.440275895964331E-16
0.006261866202464398
0.01240947556178652
0.01840702490262377
0.02422003275573034
0.029815527373656597
0.035162223877609464
0.04023068962729696
0.04499349698177956
0.049425362699365774
0.05350327330829089
0.06335759710160722
0.06185245206133396
0.07367087563057582
0.08173269047030382
0.0746766879633908
0.05226244597460441
0.036229150203914366
0.04560204159015637
0.05604890959372034
0.08956591101598174
0.05666637256856378
0.047396157004226384
0.038353851005290276
0.054338199677131785
0.0753535861731035
0.08160626077542274
0.07251563425352
0.060091836133334006
0.059425855986604846
0.04799358665120113
0.04385524009181627
0.03948997423526468
0.03492661100534987
0.030194876749064695
0.025325216019944304
0.02034860287924083
0.015296350844885268
0.010199922616159901
0.005090740693764177
1.2821900273877548E-15
0.005041516417228489
0.01000361754009131
0.014856879372911299
0.019572813786122262
0.024124030271786414
0.028484389719773736
0.032629149377750646
0.036535098216767745
0.04018068198682732
0.04354611731320118
0.038167936560016456
0.04103996473816619
0.038824210099658585
0.03164751149650487
0.038486748279213855
0.06063828292679259
0.06636427805106901
0.05404771373796247
0.04829777485925777
0.02008527820987796
0.046549178131152724
0.05024911469423132
0.06197735199702123
0.05770533635893009
0.03598082756155359
0.029923702913123247
0.036953437139263474
0.03693556907938763
0.0339330609403887
0.0398839019416368
0.036479093000142994
0.03287863137833229
0.029106096167606357
0.025185915879488603
0.021143214447610446
0.01700365428408375
0.012793277347068121
0.008538345181072465
0.004265178890456527
1.3014203600269734E-15
0.004231226855953657
0.008402948491871997
0.012490174076164635
0.016468621510453467
0.020314858443544585
0.02400643711855252
0.027522022293951773
0.030841511525969586
0.03394614715006279
0.03681861935330085
0.04862475393203245
0.05387525441896819
0.050341511353227404
0.06100270448906489
0.06058334191991512
0.0609265908362959
0.05691332734161771
0.07605177208246318
0.08140113750479491
0.1201399147517131
0.08183918971194121
0.07678742786894335
0.05718092804827984
0.05984454785005469
0.05588372644274331
0.05419144479499745
0.0428892929811926
0.052200330188232225
0.04565586980946552
0.034217760463380244
0.03131765050089742
0.028245407809627858
0.025021011314591845
0.0216652277605885
0.018199480544475025
0.014645715469339897
0.011026264246838212
0.00736370658208444
0.0036807316787426975
3.526507519710312E-16
0.003655993885695117
0.007265056556971802
0.010805428289308569
0.014255912122851877
0.01759599869453566
0.0208059861109446
0.02386709417238696
0.026761572296945004
0.029472800534867
0.0319853831089409
0.027615289441498218
0.04043431168411849
0.04834410421611097
0.04282571742445654
0.04220894360330009
0.04890542242103784
0.035413769355551086
0.021334208933640037
0.03091335206903127
0.05370945904135325
0.03134838678911076
0.0216768837603214
0.03450659726330653
0.04849235075201221
0.04514711739103791
0.04763032308271818
0.05339829992954814
0.04326676795660878
0.027653588327329878
0.030050316655057942
0.027517322639369176
0.02483035701418541
0.022006789021948813
0.019064718399567908
0.016022861053654452
0.0129004316656551
0.00971702395310693
0.006492489323495709
0.0032468146625348176
7.175917457869827E-16
0.0032280632073149237
0.006417712443587678
0.009549632433255606
0.012604970668223128
0.015565449480290374
0.018413474000504762
0.021132235375584413
0.023705808643463378
0.026119244705547603
0.02835865587171013
0.03491802303548711
0.04386006063502257
0.022056695204857476
0.01750177374747538
0.021611841217683714
0.03857317326514951
0.04833310943851611
0.07174159392010547
0.0831043292728836
0.10663558206385683
0.08272901114726848
0.07062299981164875
0.047211874407429306
0.03576688848891899
0.018993988366644707
0.016547191363139008
0.024670378427681112
0.04124643487035509
0.03165364849076642
0.026868828375113916
0.024613779935094712
0.022219107024004717
0.01970021036208912
0.017073170655952593
0.014354647114388547
0.011561772961430657
0.008712048594939596
0.005823233049990142
0.0029132344336060224
5.743882746262579E-16
0.0028985934652984665
0.005764848289296652
0.00858135292930545
0.011331086723563349
0.013997521750358226
0.01656472119194019
0.019017433623293882
0.021341182673569027
0.023522351538323452
0.02554826185445458
0.03016155694206692
0.050559675105900634
0.07124273895010831
0.0708310319071391
0.06186064801300559
0.04445433014790787
0.02722106644633146
0.02717639868084814
0.03597813911798592
0.0404556764143307
0.03575617631475479
0.02736593849715233
0.02686094975058883
0.04392060021589299
0.06239634638682434
0.0725275292153976
0.07183966705382323
0.050803561163160996
0.030919282808491197
0.024371076804359144
0.022332853656681122
0.020166556388832586
0.01788605536620268
0.015505857279754605
0.01304101371229183
0.010507026791995708
0.007919752519500113
0.005295302366409449
0.002649943750816955
1.0434617782751253E-15
0.0026382495895485
0.005248668987355575
0.007815363359244513
0.010322775102730252
0.012755777411733792
0.015099764812134701
0.017340740130547212
0.019465397382424286
0.021461200092846355
0.023316454592683496
0.020613151027215275
0.02882922215051558
0.033789125320987885
0.027979170850645902
0.018854128923197284
0.020888380542121006
0.03899840158020604
0.04329492527622563
0.058169700141674274
0.06407966981448085
0.05742578728871461
0.04187458656415842
0.03878522271583489
0.020698926325670372
0.018590533216728256
0.027995495313867254
0.03259846590806557
0.02548217551976981
0.01777997575552914
0.022367460989535657
0.020502305557443895
0.01851851851852144
0.016428752422942436
0.014246258644900922
0.01198480398314641
0.009658584444422372
0.007282136745883139
0.004870248084482798
0.0024378647295415765
5.0067181301026755E-15
0.0024283578107897616
0.004832337001504213
0.007197272964717003
0.009508797076712764
0.011752923439940015
0.013916132957619337
0.015985454238323062
0.017948540849476318
0.01979374446275781
0.0215101834610269
0.03187310863179746
0.04549152055064792
0.05644825039062846
0.06355157134548871
0.048619448835717796
0.035757409756271986
0.021602647099697996
0.031131064868409115
0.022923260139638243
0.012524028866572588
0.02266092771357848
0.031211402130104385
0.021046072116636
0.03451280296671851
0.04473843527461904
0.059316841615759903
0.050371404932420906
0.04289403088588276
0.03152722499038779
0.02073308876874429
0.019008557644273137
0.017173209640042087
0.015238710305112755
0.01321729184971595
0.011121676278225093
0.00896499579792664
0.006760710998605109
0.00452252730987097
0.0022643102517688456
1.9596385569009414E-16
0.002256474210775053
0.004491279322591794
0.006690762809977081
0.008841535644205445
0.010930553364366912
0.012945194766963654
0.014873337741865297
0.01670343180137116
0.018424566870804553
0.020026537933308955
0.012407807008987177
0.015111764245108492
0.020614774709828986
0.018087712055382416
0.020616739664025562
0.0240076521680572
0.03590589151465596
0.025176280682833625
0.035865999895997557
0.042941552762142045
0.03561347867322347
0.024973039383939962
0.03552308353180325
0.02467550898464721
0.022806701848824155
0.01684555941918392
0.01983388136309549
0.01445610539235761
0.01274691689556257
0.019382415367131214
0.017773746605176544
0.01606079112866214
0.014254402945590213
0.012365975136843321
0.01040736837305536
0.008390836793719172
0.006328951709567706
0.004234523600871986
0.002120522893440723
2.3299894464472848E-15
0.0021139948823755542
0.004208491728060971
0.006270679904202742
0.00828798617575227
0.010248151021481657
0.012139302799506566
0.01395002931599897
0.01566944636728032
0.017287262845734005
0.0187938420218156
0.028043828693509482
0.030136311566017905
0.023825142442706625
0.03253748392228616
0.01969803413427444
0.028035784889818255
0.019732350022524277
0.026167124381796136
0.0206031749684284
0.01851851851852233
0.020651965489983225
0.025559639554440242
0.02032515257073843
0.028287783484469756
0.018141977786388964
0.028790364754019568
0.021238610896204446
0.026895423427010397
0.02641176688333523
0.01825495116810399
0.016742774869489305
0.015131808464323344
0.013432231125052523
0.01165473742611932
0.009810470346247295
0.007910951711349801
0.0059680105105359696
0.003993709529246294
0.0020002707528279083
7.061791849030936E-16
0.001994788750869833
0.003971848879046954
0.005919076020936984
0.007824581895463222
0.009676766606716063
0.011464388985829948
0.013176634547164806
0.014803180649465637
0.016334258471109826
0.017760711428656387
0.01785115657648989
0.019481876115630695
0.025525349116184915
0.022009886453500962
0.037526389850533665
0.03116863641451189
0.0289232540755431
0.029847316297163456
0.03301704254146323
0.03797339199539315
0.0329869876878549
0.030336985293475772
0.028199171895863948
0.031587253718112024
0.03840172343935294
0.023025797640149306
0.025888676419294425
0.021204027682531986
0.019582396917375747
0.017306785855207823
0.01587562249804349
0.014350319253918659
0.012740489276205948
0.011056240820026389
0.009308114012789023
0.007507015135161235
0.0056641488206822035
0.0037909485941316364
0.0018990061775907363
1.2192155642543887E-15
0.001894376650478482
0.003772487390705254
0.005622823984444698
0.007434076627061879
0.009195202845305324
0.01089549459368815
0.012524643141227565
0.014072801356564678
0.01553064301646292
0.01688941878175882
0.01914744107866378
0.017116311863683932
0.02289436551288689
0.018915686581792917
0.01852998077218072
0.03186069109521508
0.02795877846856165
0.012436967446875499
0.019840206181506365
0.015316362756041977
0.019764891615643477
0.011901861519640943
0.028241714512474
0.031692650427526725
0.018552883471627216
0.018613292291227494
0.023847473467155617
0.015895354326200293
0.016719632019935104
0.016505344286023595
0.015142585844551342
0.013689633232424255
0.012155621864994068
0.010550164881389804
0.00888329310055731
0.007165392548760699
0.005407139946453684
0.0036194365539008594
0.0018133407843685405
3.746117034852346E-15
0.001809418090028095
0.003603794008246035
0.005372124644471448
0.007103590532062944
0.008787621854602351
0.010413962781397789
0.011972733741574737
0.01345449125936111
0.01485028498961843
0.016151711609941548
0.024201519295796305
0.0251807701072506
0.018233900627965732
0.022282421914989147
0.03439570112730016
0.029372119610060556
0.017130835422808643
0.037651430263122884
0.028152558228359808
0.02604041097185079
0.02794569072866627
0.03779650394713391
0.016398069035758002
0.028677164325111637
0.032932539256976305
0.02150024998205788
0.015515979940893997
0.025251218696791145
0.024974004340663346
0.015826024000830653
0.014521222122819071
0.013129576318164141
0.011659817132507478
0.010121138014665309
0.00852313797657529
0.006875761877445897
0.005189238702475588
0.003474018218220238
0.0017407063958151411
7.57289065723992E-15
0.0017373792535221699
0.003460750568360256
0.0051595395614900865
0.00682334298065224
0.008441992249954079
0.010005615456479223
0.011504697400995804
0.012930137348569395
0.014273304129173794
0.015526088255909226
0.008779105652470675
0.014891900709734653
0.027226582284116015
0.019126408541431366
0.01716733491559021
0.02243136939413625
0.027436428296563273
0.009860356765766002
0.019892591825418117
0.031272262655830586
0.020010247604100046
0.01001418516644915
0.027224654280698448
0.020840705615818286
0.01711585628814514
0.01917159983770754
0.027519390206797712
0.01497481073699668
0.007371022634738899
0.015249972865765904
0.01399432858408114
0.012654679837931816
0.011239413419892758
0.009757366466512919
0.00821777141826299
0.006630198648208793
0.005004497114998286
0.003350733407393619
0.0016791295566408234
4.034524765654429E-15
0.0016763119168754024
0.0033394975084857985
0.004979345999419448
0.0065858070681797075
0.008149052303017724
0.009659535194492041
0.011108049299677326
0.012485784224253983
0.013784379082911542
0.014995973114482107
0.025311586794529946
0.022628431470483035
0.009118890415828437
0.018951771330482384
0.024465039871544848
0.02691165741410446
0.020773207274767693
0.0338998146703015
0.0192701503427508
0.01787434876247996
0.01906355416891008
0.03337771669939483
0.021755388640504407
0.02744045621369747
0.023893936727676725
0.019066302153252515
0.009874057071865443
0.02165272905402865
0.024726673555666514
0.014762581844747463
0.013548571158451261
0.01225295098388737
0.010883816402487216
0.009449702303210423
0.00795953029846636
0.006422553345603832
0.0048482984169613596
0.003246507573136841
0.0016270778027911875
2.58725511448617E-15
0.0016247025454922766
0.0032370357671758897
0.004827096171890102
0.006385131545156811
0.007901600640541137
0.009367231488448147
0.010773077968530035
0.012110574301540953
0.013371587129260622
0.014548464866398105
0.010138710420080797
0.014242605713942862
0.023275656321135606
0.0170351101666459
0.017120072982166307
0.009091257565292164
0.024608302178537163
0.014925083199343422
0.025464616284613377
0.03638694876817927
0.02556340031142106
0.015326994407414352
0.024276664518013052
0.0084464084779205
0.0171089249210856
0.016644405878146393
0.0211013184767902
0.013706485461427307
0.012132492300673358
0.014352440193512976
0.013173533359924878
0.011915019650553428
0.01058474740274371
0.00919099605604812
0.007742424727156679
0.006248018519874831
0.004717032902415757
0.003158936495762265
0.0015833526258737143
1.690226562977768E-15
0.0015813671279510313
0.0031510189353878178
0.004699309784057965
0.0062167373821017035
0.0076940009926868
0.009122058333468897
0.010492180819405308
0.01179600681201804
0.013025592550936663
0.01417346045796826
0.0205498518245448
0.01984211243287159
0.01755899704447589
0.023452009591529967
0.02378074578320477
0.031199210239440774
0.027723768463044578
0.02114423592500906
0.013211226597441214
0.008169081222684213
0.01314363618816807
0.020514163495242793
0.02750243073706449
0.031016251228970376
0.02400979660234191
0.02468548073069287
0.019842679318142577
0.020275141072273146
0.01878959080511926
0.01401059797401545
0.012861044675942908
0.011633535736638157
0.010335712165389397
0.008975639047646136
0.007561755518894487
0.006102822496017261
0.004607868489191485
0.0030861338289817266
0.00154701365255803
5.503560489347943E-15
0.0015453766227176548
0.0030796058552977324
0.0045932559091546605
0.006077031449700377
0.007521830580307657
0.008918800579128302
0.010259392048030676
0.011535411143218838
0.01273906956868919
0.013863032028236974
0.018637386476572267
0.010377085003061408
0.011604559747593987
0.01953466125563068
0.01800324094391753
0.00849522402783106
0.018601231119052968
0.023569528932380245
0.02605407651305574
0.025921661943739842
0.025991638207148022
0.023925413061494837
0.01835720612697765
0.009259259259246488
0.018099175398891672
0.020428055499213102
0.011299914149708594
0.009308781764896282
0.02013218253625586
0.013730038049230188
0.012604699581218553
0.01140273738291002
0.01013162018526563
0.008799235330312988
0.007413839913165409
0.005984009696893887
0.004518586115970869
0.0030266216949508006
0.001517324219012133
1.5889957322176095E-15
0.0015160034130002268
0.003021354726477452
0.004506796245604173
0.005963200715939632
0.007381627315089511
0.008753376451605987
0.01007004303563298
0.011323567895694836
0.012506287027602767
0.01361097837499786
0.011491662254990478
0.024088355665431355
0.029369474345784057
0.02845216034641325
0.02244443689603021
0.023150999321273798
0.018600498011260205
0.01253227768425674
0.015033395294702634
0.029904369497050942
0.015168187556477765
0.012392503672077754
0.01772509469655067
0.021868955169021192
0.021534460075724477
0.02795832251721835
0.030338187185127215
0.02501431016293548
0.009248047893863104
0.013505294387047041
0.01239950977153244
0.011218138743399077
0.009968509378499244
0.008658364370329415
0.007295813132384493
0.00588928168209316
0.0044474606155332636
0.002979251493708336
0.0014937119704650126
5.17566590896097E-15
0.0014926825330990254
0.0029751464147019834
0.004438271585383651
0.005873063161206102
0.007270706647696892
0.008622622008379295
0.009920516256845298
0.011156434250425729
0.01232280737481914
0.01341249982225901
0.02327324619619539
0.004793513051777901
0.012867096323495355
0.020432477738632267
0.01711646689457698
0.019942349638883604
0.02362939592281084
0.027547854518840415
0.022549937061577794
0.02281548301525614
0.022462445850218726
0.027602910571787896
0.024331930408955708
0.02102815578524495
0.017311407975316807
0.01951725294278584
0.012473202854720465
0.004173474167407898
0.02354207406510095
0.013332175107206082
0.012241651830631464
0.011076303439814653
0.009843346313631483
0.008550408863449599
0.007205484406090581
0.005816881820234089
0.004393174290423901
0.002943146454459916
0.0014757402795383227
9.540179535775937E-15
0.0014749835446455021
0.0029401288293670097
0.004386419477501023
0.005804959666121366
0.007187028762771008
0.008524134858665782
0.00980806687015155
0.011030944889169201
0.012185268474431113
0.013263962587795056
0.005267304700859246
0.02626620914387169
0.028059627323930084
0.019537480961379958
0.017787678255304477
0.012323143722200369
0.01254153614772249
0.01598735969095302
0.019998183277045986
0.04061514002063998
0.02007675588934335
0.016420799999383208
0.012608282041161977
0.011787551717396783
0.01890475251537255
0.01807321733104099
0.026523343394834472
0.025800213843433523
0.0065724252170409935
0.013207562550505487
0.012128285123694987
0.010974681112937782
0.00975388212499705
0.008473430582410532
0.007141233191076045
0.005765512186419747
0.004354754658462721
0.002917660267527436
0.0014630876723640731
6.7404412513340365E-15
0.001462590307405221
0.0029156769298899032
0.00435031505056395
0.0057576763401044435
0.007129103207221339
0.008456161982299927
0.009730694707845251
0.01094486921824891
0.012091227201865775
0.01316272995076535
0.022177883955824016
0.008706304400293463
0.010083885280762506
0.016753243989888162
0.02659256503471432
0.02428288833871053
0.027062464392207004
0.02776789517154878
0.020362208187619524
0.02126318529850814
0.020348344699082248
0.027736533002145666
0.026684941843592436
0.023830727665200925
0.028266365454005783
0.017252540325440543
0.010708325153199715
0.0107523996446361
0.02114253014675948
0.013129271780951862
0.012057423013994399
0.01091149192540702
0.009698550779604498
0.008426082790697693
0.007101936019151856
0.005734275035343724
0.004331530647308352
0.0029023480018562703
0.0014555333780339524
2.4361139785779715E-15
0.001455286797780876
0.0029013647161358386
0.004329329608797779
0.0057303902335207905
0.007095922300629345
0.008417521487006424
0.009687055090153246
0.010896712005371217
0.012039050719152887
0.013107045024550798
0.013698975838736305
0.02091379277625234
0.018721578061270915
0.01803522529489027
0.03087947223099716
0.01451167757979657
0.017372904924569443
0.024511782390752808
0.020892898827916364
0.029907114472526235
0.020872745229289898
0.024827039114512367
0.018081288922104533
0.015497864922745325
0.03186147413434196
0.018572709348756333
0.017193217102484608
0.01908736145820333
0.01570517385300579
0.013095955155912506
0.012027846164581565
0.01088564895079565
0.0096764008436914
0.008407551610464121
0.0070869176238721725
0.005722633777815155
0.004323103446452123
0.0028969467941667294
0.0014529477539632271
