1.0
0.9989725854527276
0.995894139718445
0.9907760398146876
0.9836371918337671
0.9745039478168498
0.9541596289183761
0.9226593044178418
0.907786052441134
0.8910971604675011
0.8264003691576306
0.7878477224501258
0.7569172713803886
0.7431211321100089
0.7276710508548067
0.6927718042944221
0.6378688710199533
0.6004895072376811
0.5622627237171957
0.5509685792161908
0.5289021582344422
0.4880793329983217
0.4364946352240099
0.41204544219502137
0.3873361232834401
0.3810684205838857
0.3552212587324965
0.3120755383220059
0.2679375837096669
0.24303639550280673
0.22728446589971818
0.23991165528470162
0.20710428726546862
0.17489811788265264
0.16111895225427744
0.13927376632762714
0.10934235931995429
0.08037172439209728
0.05244210162743634
0.025628413765297002
2.779419247624865E-17
0.024379622781927558
0.04745297037168246
0.06916877240348784
0.08948212364992605
0.10835460493099776
0.13453471930561572
0.16791949487541066
0.18221945590840408
0.1949931092733025
0.2512884848080023
0.2775930257519641
0.29407819127350976
0.28857724150501063
0.28487278817914374
0.2932936364619054
0.3222275823667817
0.32993036610294
0.335183775740511
0.31057731758301216
0.2987313425775519
0.301942666545905
0.318483462771086
0.30575853973542194
0.2910983540411511
0.2555293379967937
0.2426448486070414
0.24072761473915982
0.2433923546735139
0.22410839374478206
0.19712825846123783
0.14113582563245392
0.12856983573886843
0.11573174736772196
0.08634543692501405
0.06509537670314798
0.05187566279556128
0.038682351000812215
0.02559056798264941
0.012673085182488827
2.2540892961601214E-16
0.012361565328205044
0.02434774582752838
0.035898195646728644
0.046956328580889606
0.05746953627456656
0.06012752598084045
0.05705788789286336
0.06552122641982208
0.07335433439561723
0.03758172312555714
0.03110758315009347
0.02913197187616508
0.0516245701701247
0.062459715732042675
0.06922426521321738
0.051987263415737936
0.05610137585462117
0.06301693203066315
0.0849595337353599
0.08622942215298611
0.08442352702997417
0.06202688370909518
0.05392080232127714
0.04811498245716262
0.06362500029602298
0.054446727305478455
0.04359731693548968
0.019014237947609754
0.02142039361771539
0.025651553152059428
0.059515242240586914
0.05247920327134166
0.04536042445087232
0.04520123631312714
0.04256756538062755
0.03407978162745189
0.025527457685862204
0.016962687462071042
0.008436783880032732
1.3967171459332442E-15
0.008298740059596344
0.016412099049192417
0.024294572090918697
0.031902718564962525
0.03919537927375696
0.052289122897640886
0.07186500891694635
0.07760697717696037
0.08294017880023817
0.1251729889861773
0.13692523751450503
0.14569701597104015
0.12717735887644813
0.12444195131085269
0.11871515107176166
0.14278157147797185
0.1426741248326636
0.1386926934679012
0.10670362286672076
0.10262489633073343
0.10341890870529512
0.13230789770269802
0.13399005813576267
0.13236174385783678
0.1070097548142601
0.11176723947001736
0.11168388034357303
0.12993655632265408
0.12047904410036286
0.110578514397267
0.07094033537042439
0.06556115196103131
0.060034217817728046
0.04270649261745169
0.03170319158088242
0.02543903139089889
0.019097499119955046
0.012717877975441829
0.006339196069147399
1.1049241533269032E-15
0.006261866202463383
0.012409475561785083
0.01840702490262319
0.02422003275572989
0.029815527373654862
0.0330232200219799
0.03944785646220911
0.04349806246680935
0.047431621331190776
0.01861527796008428
0.01993358717118201
0.012088620831267936
0.040275349537839726
0.04813112889898017
0.0597558936009766
0.04083886334321079
0.04911764735598459
0.05945125488361603
0.08769975762653877
0.08763057051053484
0.0881026530250487
0.05994071570484597
0.04984263594137249
0.04179246143697682
0.06160600167267766
0.050447785402627135
0.04328262603008642
0.01497310366976231
0.022677597573149938
0.019121158598016177
0.04638488440977467
0.04289848118107355
0.03939105287836853
0.03013943823519095
0.025325216019944467
0.020348602879240937
0.015296350844883904
0.010199922616160189
0.00509074069376493
4.854499340013958E-16
0.005041516417228237
0.010003617540090371
0.014856879372912092
0.01957281378612392
0.024124030271788614
0.030584646444765953
0.042078392599884676
0.045151278161532846
0.04809131696966772
0.0754872833071599
0.07387643331398562
0.08002819101802791
0.062060253743097524
0.06741191800412286
0.06788665030246276
0.07389267006026844
0.06551135237052078
0.058748059956127634
0.06098090506458324
0.07088560213260221
0.06208597607827665
0.058159339993899516
0.06363612515035567
0.0713985350758249
0.06796459238048623
0.06463941757720734
0.05721533862315006
0.07052107593262844
0.06256475544935552
0.06557939635821437
0.04130649015686459
0.03824267356144939
0.03518683514662205
0.02567461900669123
0.02114321444761148
0.01700365428408463
0.012793277347069369
0.008538345181072797
0.004265178890457857
1.183936599651325E-15
0.0042312268559539954
0.008402948491872012
0.012490174076163712
0.016468621510454525
0.02031485844354469
0.02753659546872894
0.039763763446874024
0.04262987832840371
0.04539287698593305
0.023157908795142446
0.0361921215092231
0.0321697084134171
0.06026396902163634
0.06581271736227408
0.07309463348077062
0.05246236069119335
0.06168827330724852
0.07117814839155488
0.09825353938441918
0.09688418191371721
0.0981488148258927
0.07138489700714593
0.06219749870615252
0.052973144353761756
0.0735152266274632
0.06774433413166549
0.06306400261815641
0.036408796745680407
0.040355436233703385
0.0252120866035119
0.04497840929166925
0.04233841431721873
0.03960856726027937
0.02682102562420548
0.018199480544475403
0.014645715469342008
0.011026264246839026
0.007363706582082438
0.0036807316787405174
9.830922613032506E-16
0.00365599388569673
0.007265056556974645
0.010805428289308519
0.01425591212285081
0.017595998694535497
0.018189234410255634
0.022999174752076343
0.024607429480142443
0.026281777806750183
0.040067698071959645
0.03158606187329091
0.04613255305196669
0.055262589639219366
0.06551865763942902
0.0753506323178115
0.06532905267325191
0.06516422678381138
0.07292946845112237
0.09568178322453239
0.10156146574183951
0.09587705510017065
0.07349253149385399
0.06547892784308255
0.06471481238230141
0.07527649632201755
0.066267962575984
0.05632044682241311
0.04334837062241515
0.025244952836011875
0.033000452539076075
0.021442989344703765
0.019593164154416677
0.01791780664223862
0.014776723514457092
0.01602286105365565
0.01290043166565536
0.009717023953108434
0.006492489323496346
0.003246814662535559
2.001355169087323E-15
0.0032280632073119187
0.006417712443586791
0.009549632433251935
0.012604970668221388
0.015565449480289118
0.025872527960585603
0.03818502710383407
0.04061262373563145
0.04291262019403452
0.03181958760253328
0.05149937345814383
0.04820239311550009
0.06724508609450262
0.06881467267726195
0.06430977988556913
0.04692595320090645
0.05601347155986593
0.05924452560636667
0.07358414863408087
0.06846379746995114
0.07249907485502725
0.05780417142775708
0.05460705598168215
0.04540427767009291
0.061609886197744455
0.06716451274104404
0.06611410185571007
0.049464226637910294
0.05330583137526834
0.03370201159717699
0.04170632492827241
0.03939289355372475
0.03696486881260305
0.025374829374038392
0.014354647114388634
0.01156177296143115
0.008712048594937644
0.005823233049991253
0.0029132344336044507
1.7600593238217926E-15
0.0028985934653028237
0.005764848289297869
0.008581352929304321
0.011331086723558748
0.013997521750361503
0.009382412471892487
0.008749279277098839
0.009622790061277309
0.010827857197905272
0.01651342505977528
0.01336865922604085
0.03845547651824897
0.05469630803372945
0.062587736222174
0.06154935773113543
0.04908788102499253
0.05653597673162028
0.06506902144767623
0.0771893507444384
0.07882043207371388
0.0761972479364612
0.0637608514232883
0.054873132792175545
0.04639390435880971
0.05814348431340826
0.0603505348415183
0.05258392796704854
0.037383880750250446
0.0120531468868018
0.012667352531390622
0.007850097791624105
0.006236111846312917
0.0050104457059480965
0.0070650161044425305
0.013041013712294531
0.010507026791994544
0.007919752519502866
0.005295302366407151
0.0026499437508207564
1.1259332891540018E-15
0.00263824958954787
0.005248668987355355
0.007815363359241904
0.010322775102727713
0.012755777411734037
0.024256516480684852
0.03344854824938731
0.035527254238688806
0.037478835051800996
0.03705010435582028
0.05365271259730625
0.04748225185115944
0.05419721836210498
0.05036860717977145
0.043077498664221864
0.03659023510332193
0.036020019596928424
0.027595084612406826
0.030212131483638462
0.020816748258575376
0.029632746164461547
0.02667098569901106
0.03509588846221621
0.036874689770386423
0.04154281707440234
0.04678836972289431
0.0510721933074839
0.045501867010014886
0.05212966659573359
0.03726363417095493
0.0355350798110711
0.033500314710647
0.031359085955378375
0.02350492434047738
0.011984803983146535
0.009658584444418666
0.007282136745883901
0.004870248084482774
0.0024378647295391622
1.498807993939705E-15
0.0024283578107882277
0.004832337001508048
0.0071972729647145845
0.009508797076711909
0.011752923439939255
0.004798014176207327
0.0024204981004393787
0.004221134251482478
0.006052449030139387
0.0060356607392964565
0.007756871704151811
0.029874409921869318
0.036853275288760534
0.04167177656376988
0.03280267517520225
0.021074767252722088
0.0304795388223109
0.032869199344542153
0.0329806319595558
0.03127184588281905
0.03195967366043469
0.031255164241571154
0.028585551297951574
0.01871434677704883
0.02973765790271415
0.03789733709650534
0.032969542080297704
0.02726630575661589
0.005995777300051244
0.005222139268715166
0.007507403710295584
0.006073288192247616
0.0047958833142027705
0.005195620942751186
0.01112167627822843
0.008964995797929145
0.006760710998606655
0.0045225273098716875
0.0022643102517692294
3.727960948130012E-15
0.0022564742107746643
0.004491279322590895
0.006690762809974214
0.008841535644204427
0.01093055336436655
0.021789670406607682
0.026444388439497507
0.028174865042758165
0.02979936492692662
0.035326464749316985
0.04274098542837018
0.03492788455671782
0.040073823428793044
0.03170013161061916
0.04026125516516826
0.04456614915401628
0.03600419378086748
0.03756509163173337
0.04078801581938464
0.04442132919257196
0.04124588406568987
0.03861396699938728
0.03651269129269375
0.04510354853660112
0.04044285141026342
0.030754011198139097
0.03900772492792397
0.032383657670977756
0.039247728766639366
0.03399314438794263
0.02749243790738778
0.025744517671454126
0.023913671246645434
0.020691233558547087
0.01040736837305525
0.008390836793719719
0.0063289517095686705
0.00423452360087132
0.002120522893441297
4.481370230954702E-15
0.0021139948823763683
0.004208491728063256
0.006270679904199736
0.008287986175755201
0.010248151021479709
0.007668437132429933
0.008924160095391537
0.010288299151300384
0.01168657684912244
0.005159674134745793
0.005589834423215986
0.016978275579847373
0.017208877201980596
0.01923442153558371
0.017466482285291345
0.008410924787770389
0.012667465224390878
0.009355914141829203
0.00920475886957938
2.61516034781762E-15
0.009206347893310743
0.00872307342834995
0.012102318336202731
0.008430638351568837
0.01692492837269935
0.01689598970903044
0.01496217451199207
0.015242056080635261
0.008133749870442377
0.005762472040170981
0.012933563681218395
0.011645003110149961
0.010352202117223847
0.00923331991841439
0.009810470346247352
0.007910951711351198
0.005968010510535103
0.003993709529247505
0.002000270752829948
1.426422856517402E-15
0.0019947887508716873
0.003971848879049134
0.0059190760209376254
0.007824581895463542
0.009676766606714042
0.01834110655273697
0.01867766493894834
0.020133659833081453
0.021511817895607098
0.029056206989085474
0.027029079270317547
0.026710127439574908
0.03687763074292674
0.03178059992681684
0.03544774532073721
0.040708961014341356
0.03786202294226396
0.047396016370661084
0.04306841197512338
0.0508721033337082
0.042712534278207
0.04719694738188891
0.03750377724942024
0.039259487312229974
0.03375015227972501
0.032013739763382974
0.03621162982762492
0.02650804490617836
0.023905102313841773
0.027408775023762096
0.019441567556616534
0.017925185526956225
0.016344259127242303
0.01692119792268986
0.009308114012789364
0.0075070151351610374
0.005664148820686022
0.003790948594130955
0.0018990061775874198
3.3158647764093305E-15
0.001894376650477894
0.003772487390703866
0.005622823984446268
0.007434076627060638
0.009195202845306711
0.011990527548904662
0.012136895300610717
0.0135743247636712
0.014960129479877253
0.00889094699986177
0.01688257038831123
0.01406079396030363
0.0113312220882356
0.010733204533081178
0.01834178634977693
0.01384507227189303
0.012561493700049182
0.0038627437593980953
0.01716060801014242
0.010657603118480066
0.017444700551238368
0.004326961093411329
0.012987025406788128
0.014935314990835035
0.01914363819463304
0.010778392388955315
0.011971772163774416
0.014514768844216269
0.018853069913592247
0.010069992361662415
0.015241342988162062
0.013876964639847365
0.012447104278147679
0.013311013029031926
0.008883293100557105
0.007165392548760888
0.005407139946447537
0.0036194365538990427
0.0018133407843715014
2.234010355434447E-15
0.0018094180900269361
0.0036037940082433387
0.005372124644468783
0.007103590532064153
0.008787621854592208
0.014035288041704964
0.012523766702295502
0.013911568562253115
0.015229148155269467
0.02351978845316609
0.01637494344711289
0.02685861824237651
0.02878208647782794
0.028566557921475194
0.020115857318135994
0.02356727362425456
0.030925538872887872
0.03459959085488127
0.02268517815002135
0.03147852681301813
0.022236025474887205
0.03367405722553634
0.030427380964740944
0.022131955605538572
0.018732974782455652
0.02712067844292054
0.026331481127782063
0.026557388349358675
0.015242496018201126
0.02267266587408659
0.014318643421137369
0.012930177328090044
0.01146882376028815
0.012367037533032732
0.008523137976576615
0.006875761877442127
0.005189238702478493
0.003474018218223085
0.0017407063958147172
4.407955334483542E-15
0.001737379253527148
0.0034607505683592376
0.005159539561484801
0.006823342980656336
0.008441992249952474
0.015375321805258585
0.012042642920493195
0.013449354363057919
0.014776662468434567
0.012745426025845203
0.022462886750995316
0.01518566925270402
0.01985431145341086
0.015864865148673135
0.025010719572268896
0.024557237096281184
0.017699687415643865
0.017605971347150383
0.026742054874018862
0.020352999210752804
0.026838293309263548
0.018287112110416805
0.017855215659726486
0.02524456007142305
0.025423943057297244
0.017315108846462104
0.022112571907175606
0.015060052567357192
0.022535458622858995
0.013130680437897665
0.014186483724417165
0.012827680075096604
0.011392708469354671
0.016259592544152022
0.00821777141826313
0.006630198648207356
0.005004497114998244
0.0033507334073921737
0.0016791295566413356
1.5809749883935568E-15
0.0016763119168706688
0.00333949750849283
0.004979345999425396
0.006585807068182345
0.008149052303013458
0.009106492029191582
0.011287741762359242
0.01269324864628424
0.014020132458265102
0.021123122662870357
0.014196756147675543
0.02214757965492242
0.013225020762666477
0.01691266782060396
0.017733848572972145
0.01766488725248928
0.025594426762554887
0.01814957741919221
0.020085079077576472
0.02060929871902218
0.02025918397526236
0.017568999434014656
0.02519225813658872
0.017724316474855114
0.018146309652652723
0.01518660226039422
0.010622894481295499
0.020342904727947912
0.01449400954074307
0.020769757547240492
0.014542907500230337
0.013290361996122732
0.011966080771935271
0.007287229493535287
0.007959530298470343
0.0064225533456007565
0.0048482984169566585
0.0032465075731344406
0.0016270778027936902
1.0222191086055699E-15
0.0016247025454904109
0.0032370357671772276
0.00482709617188925
0.006385131545147939
0.007901600640545129
0.01745642555965969
0.009275128640136736
0.010559934184003765
0.011770743006377732
0.01234677534119449
0.019936621183481256
0.016388071400971503
0.031641132946270856
0.024763157283364725
0.022596519731623386
0.025471184816969115
0.017619989310402172
0.02700100238747908
0.02127402983241138
0.020293165984821233
0.020945310627941863
0.02722670412126826
0.017766944673967104
0.02497207081741165
0.021544555945727937
0.025557657072035445
0.03296092968485019
0.017616578620803902
0.018577287540602665
0.011490121705622653
0.010623099646509645
0.009334882213703998
0.007981366607178042
0.017855841629966243
0.007742424727158813
0.006248018519874245
0.004717032902419545
0.003158936495763852
0.0015833526258682655
4.641619048683437E-16
0.0015813671279573482
0.0031510189353849676
0.004699309784058087
0.006216737382103073
0.007694000992683669
0.0038501752605681013
0.013978182442173625
0.015320012266137138
0.01658908000612382
0.019828193903107527
0.01685840546102624
0.012545354917005515
0.0027754119763592367
0.009192145208752363
0.018941197295914397
0.016223632678152997
0.019147176882496477
0.010827014479033623
0.023784795622269372
0.02103408338771509
0.023805481372169646
0.010630062161582375
0.018694509053522747
0.015834952373930535
0.018876545512947294
0.008965763599963287
0.0022069443469024774
0.011047340004764657
0.017778217414203365
0.019602947980494213
0.017373806036875362
0.016189722680127236
0.014935403801228035
0.00200509659414058
0.0075617555188929935
0.006102822496015273
0.004607868489188301
0.0030861338289843356
0.0015470136525589874
2.5016270875133394E-15
0.0015453766227219948
0.0030796058553007317
0.004593255909146395
0.00607703144969772
0.007521830580310437
0.01813915288408711
0.005172032990275665
0.006399218802588785
0.007558196443942994
0.00842659031902187
0.013214066116127406
0.024618355818390638
0.03401423702356395
0.025463134115228683
0.018376292873963834
0.02290505513002125
0.027671466042689098
0.029599229115747867
0.020242322545389605
0.02975242637206621
0.02070895882256604
0.029715004003440036
0.028888931925698785
0.023391253090175264
0.01931497328154277
0.02474457252331823
0.03316981942688864
0.026304010925773592
0.011745667721291465
0.007980263173792369
0.006678184945159924
0.005452147667264262
0.004160696259078165
0.01804656586675934
0.007413839913163758
0.005984009696894899
0.004518586115978774
0.003026621694949381
0.0015173242190117823
1.311357689768208E-15
0.001516003413000093
0.0030213547264774728
0.004506796245600509
0.0059632007159404685
0.007381627315086805
0.0015251467501839575
0.016431979080733152
0.017706392249517682
0.01890966744253794
0.019727403623315664
0.02062414410514894
0.009468214341173946
0.0028137137787759997
0.012505906396735482
0.02034810709482765
0.01416672286439511
0.0162815306317271
0.009970458879905136
0.02519073848223295
0.023480540600578446
0.02521859582990924
0.010087425655336844
0.016212135463818427
0.01426305972033717
0.02080109055743665
0.013925132578413655
0.004358721069065473
0.00977454996997822
0.021122081840300337
0.020113437495053434
0.019203639568682682
0.01804582662913747
0.01682248147138665
0.003293065664171777
0.007295813132384806
0.005889281682092115
0.0044474606155380505
0.0029792514937029115
0.0014937119704644115
5.208075468939204E-15
0.0014926825330979984
0.0029751464147037675
0.0044382715853843275
0.005873063161211177
0.0072707066476908324
0.01742998290256125
0.004618659091145804
0.0055925720817378765
0.006596869718557756
0.010915012790262987
0.00822136311811852
0.030100020996455642
0.026725706598395238
0.021119210076595285
0.029371678166095545
0.030570765085026052
0.04023409324248933
0.03191599302786633
0.03863289139201625
0.04574481735289082
0.03889217601887979
0.031947894896860056
0.04056123005602326
0.031125734244743925
0.0304457325307765
0.02126933395168668
0.025460812952006796
0.03008099264006216
0.007841560592907745
0.012817734774570884
0.007484196754419082
0.006674479543004268
0.005937384335606145
0.01686605050248308
0.00720548440609378
0.005816881820236919
0.00439317429042044
0.002943146454458228
0.001475740279539619
7.605801961657348E-15
0.0014749835446438144
0.0029401288293626157
0.004386419477500746
0.005804959666128576
0.007187028762763724
0.006481691361930001
0.01683235813431467
0.017979942765045165
0.01906739621404375
0.021929509787791016
0.020928096391814918
0.010601131976573993
0.014122646426815337
0.024049035053847312
0.022600415760536487
0.014402253713549744
0.011041401813299904
0.012511051009107236
0.021001395882021327
0.016762968567625113
0.02073262568410133
0.012633470431296088
0.010157503864623591
0.014252504026212412
0.022562608333656933
0.025800832596339515
0.016223959389544965
0.01079437380936311
0.020277438305472132
0.022525392536301907
0.01865964562927918
0.01757331423916904
0.01644078415738656
0.008103704407575352
0.007141233191076546
0.005765512186420256
0.004354754658466601
0.0029176602675265143
0.0014630876723647657
8.756874483508878E-15
0.0014625903074069809
0.002915676929885133
0.004350315050563307
0.005757676340100114
0.007129103207225323
0.01541111462466774
0.009260528388129007
0.01006387421743663
0.010906618512892994
0.01855152918188785
0.009195031859126101
0.026062191402026785
0.023540987610403317
0.02729580908139768
0.03134447572867477
0.029364997151772793
0.034557489588041855
0.028333798371620002
0.03590513995320735
0.038593585352090135
0.0355139643587442
0.027913867305446545
0.033308431693149475
0.028429669429733462
0.030607657382686553
0.028617310870706552
0.023824402026315566
0.02426629871010355
0.010248701955975948
0.020106651379725986
0.012302873894044466
0.011563933502316614
0.010842059152142793
0.014420918688409359
0.00710193601915838
0.005734275035351525
0.004331530647315383
0.002902348001856228
0.0014555333780347335
8.051726014624812E-15
0.0014552867977791792
0.0029013647161445035
0.004329329608801576
0.005730390233521497
0.007095922300635937
0.010882920142091657
0.014840728836432475
0.015783766056975675
0.016694782126821746
0.023248914476662844
0.016393012355523436
0.014387222164858188
0.02331062076848559
0.03215263909527374
0.023347566041091887
0.016585812989971048
0.011356946544089426
0.01775813792796061
0.016137705696697254
0.011146363177351707
0.016476672109564293
0.018225847286750044
0.013034857335709487
0.01757963225182714
0.023982062419189317
0.032397702856923546
0.023984151069913855
0.01614562758264906
0.014969768768838538
0.022950329361075803
0.015647468208536585
0.014691945038445162
0.01372624119342247
0.012232312460887771
0.007086917623866904
0.0057226337778186025
0.004323103446451407
0.0028969467941670633
0.0014529477539609495
