1.0
0.9989725854527294
0.9958941397184461
0.990776039814692
0.9836371918337683
0.9745039478168523
0.9634099899352778
0.9503961825331827
0.9355103927392262
0.8910383019589899
0.8355879715292441
0.7877446404859618
0.7475910637253383
0.7244576888529122
0.6997759708847491
0.6647987380133796
0.6466624804088159
0.5817114256798476
0.543953528546004
0.5044825861208914
0.4558271968891059
0.44156785894602646
0.41831287302423964
0.3930638087631226
0.3955229163778566
0.352739398473727
0.3270430633240759
0.2929240920227484
0.2583103374577559
0.24234036664772038
0.23589715796660468
0.2391621579346659
0.23395677675898374
0.20167312991975292
0.17008068053330916
0.1392737663276274
0.10934235931995424
0.08037172439209717
0.05244210162743653
0.02562841376529692
1.8414139098617668E-16
0.0243796227819273
0.047452970371682404
0.06916877240348787
0.08948212364992655
0.10835460493099774
0.12575437327165567
0.14165622109465478
0.15604160438810796
0.19642841098846595
0.24377275417859626
0.27985372774712725
0.3044922744116482
0.3091909421752644
0.31419826516532035
0.3229818187439964
0.31749122132288193
0.35103966355612326
0.35264198430071875
0.3594189266617929
0.36964239021908235
0.3509377353699623
0.3358080768661649
0.32735323499673935
0.2875700635032816
0.2857903657150872
0.27262123726039106
0.2624459753306347
0.25455826028069756
0.22819696568979952
0.19122791621797264
0.14393848226142392
0.10413347464621608
0.09130375337943748
0.07826434592779996
0.06509537670314784
0.05187566279556131
0.038682351000812194
0.025590567982649547
0.012673085182488573
5.938315024380473E-16
0.012361565328205332
0.024347745827528532
0.035898195646728796
0.046956328580888995
0.057469536274566246
0.06738938324713135
0.076671778009352
0.08527711967004643
0.06632973754530419
0.041106466950370506
0.026439046802672672
0.016002370638240605
0.026877519843319136
0.031194107062834542
0.036609937381964684
0.04501286907226714
0.044427169652346846
0.060620562921685786
0.060414815292849894
0.07304887518538014
0.06033538471428637
0.06021860894611171
0.04379221972633797
0.039637288926864925
0.030991842574612054
0.02282883265652178
0.017845910050064407
0.0046873385453169315
0.017437122572559822
0.026729771384088358
0.04854015130567892
0.06711710121238267
0.05913896231121434
0.050938221326004
0.042567565380628
0.03407978162745208
0.025527457685862485
0.016962687462071323
0.008436783880033027
1.3735810177301268E-15
0.008298740059595897
0.016412099049191463
0.024294572090918242
0.03190271856496248
0.0391953792737568
0.046133877870154
0.052682205632237994
0.058807188768007036
0.09063774609945295
0.1266017447956252
0.15032616800067897
0.16072322402305483
0.15469088148827576
0.15726014558939136
0.15014749012089906
0.15127039816684415
0.16861016185988828
0.15175509572236937
0.1596819748272926
0.15927786727152646
0.156279489001682
0.14501823244931153
0.1597850582954676
0.14184572110966234
0.13747406681890917
0.14435508933395597
0.13997799673513006
0.14587445527599668
0.13708753028709933
0.11503000383575315
0.08079850076079952
0.049639640524934046
0.04384237336355547
0.03785067190997288
0.03170319158088183
0.025439031390898693
0.019097499119954838
0.012717877975441818
0.006339196069147277
1.2045376270895305E-15
0.006261866202463927
0.01240947556178596
0.018407024902623775
0.024220032755729714
0.029815527373654532
0.035162223877610393
0.040230689627297554
0.044993496981779006
0.025384839677808236
0.017534962139102446
0.019323772676133204
0.0049572951195885825
0.011074108007371849
0.014046338541841468
0.032430208994648935
0.02957795621395631
0.04123286115887163
0.055641739680678926
0.05291658278303255
0.061964170647245444
0.05284564227802497
0.05583699321502861
0.041412226494719186
0.030823245773229833
0.03548442589529082
0.015856363906186832
0.013390005812236195
0.0029528350125243583
0.019290838457155617
0.01846295292648199
0.020972613591431183
0.03948997423526608
0.03492661100535052
0.030194876749064806
0.025325216019945286
0.02034860287924144
0.01529635084488553
0.010199922616159653
0.005090740693764047
0.0
0.005041516417228131
0.01000361754009077
0.014856879372912734
0.019572813786123983
0.024124030271788867
0.028484389719773896
0.03262914937775105
0.036535098216766176
0.06393939562775283
0.08947631827716197
0.10106275065894843
0.0972192897978122
0.08508551439776117
0.08673123046499263
0.07292727291633165
0.08178245949170448
0.07237043193014617
0.05905041929640063
0.06353030033101913
0.057985052395309856
0.0625169895437528
0.05761565556659967
0.0672835079424547
0.0779051625520387
0.06731650544253288
0.0789287540999796
0.07612606678086013
0.08696481645068328
0.09223591031678983
0.08257943772516912
0.059421348074917134
0.03287863137833183
0.029106096167606288
0.025185915879488215
0.0211432144476109
0.017003654284084513
0.012793277347067417
0.008538345181072715
0.004265178890456946
8.507889193445657E-16
0.0042312268559531905
0.008402948491872331
0.012490174076164815
0.016468621510454685
0.02031485844354406
0.02400643711855119
0.027522022293950975
0.03084151152596749
0.014794251995446431
0.02048594137573275
0.01423349263655915
0.010737991163758093
0.028280124679169797
0.03033974674864813
0.05582500134786163
0.04714124327733947
0.05405216361755005
0.06598471933964403
0.05866169437566573
0.059896774695891254
0.05878206696073588
0.06633006129121324
0.055346423774489284
0.04865237342361341
0.0575914619921081
0.03260292777110959
0.03103375585294221
0.014494189871466475
0.01221570025568946
0.02070433312499772
0.01371904153555653
0.028245407809626
0.02502101131459198
0.021665227760588428
0.018199480544475385
0.01464571546934005
0.011026264246837617
0.007363706582083797
0.0036807316787405746
7.836433423578412E-16
0.0036559938856953285
0.0072650565569741385
0.010805428289307842
0.014255912122850286
0.017595998694536038
0.02080598611094344
0.0238670941723869
0.026761572296945788
0.04998617312664217
0.06431471780325268
0.06582074809848365
0.052957671083987724
0.04706914633501742
0.048421126685841934
0.049310587084049715
0.06379384336912843
0.0428776495871099
0.06869388574174298
0.06459081998721004
0.0651317286019645
0.06489595383465094
0.06947068500670125
0.04351267955834351
0.06349137482548056
0.048326208275162756
0.04537292976742641
0.04361380961067642
0.04629925865056462
0.059327393286181175
0.05881368154410254
0.047016957189629276
0.0248303570141852
0.022006789021949077
0.019064718399568404
0.016022861053654032
0.012900431665656058
0.009717023953106023
0.006492489323496626
0.003246814662535527
7.516763138293323E-16
0.0032280632073131053
0.006417712443585974
0.009549632433253038
0.01260497066822334
0.0155654494802884
0.018413474000502875
0.02113223537558395
0.023705808643459822
0.012460930451778403
0.020890514864307545
0.009713025030600028
0.02677757438825917
0.03748573034051688
0.038832580688682825
0.05772765568092386
0.05257496686069194
0.06268058331812812
0.05809273812641613
0.04952540778570842
0.04231395232052596
0.04892080233793588
0.056873297478189616
0.06234901625772831
0.051847436869777316
0.056147311714174905
0.03860197530005044
0.0372794959886321
0.02878660897117184
0.011044039493720478
0.021017283164548914
0.012292162055952464
0.022219107024006316
0.0197002103620896
0.017073170655954248
0.014354647114391406
0.011561772961430909
0.008712048594939029
0.005823233049990148
0.002913234433605445
2.0369638522731417E-15
0.00289859346529967
0.005764848289297327
0.00858135292930381
0.011331086723559617
0.01399752175036105
0.01656472119194449
0.019017433623294302
0.021341182673571192
0.04015421652250317
0.04374344128742037
0.041618610700179776
0.02732426010272453
0.03584527192323982
0.03698179716124692
0.03910802259875059
0.05795792206296988
0.050518868907097544
0.06645786632822531
0.0607469353872699
0.05338670815121385
0.060253414955895444
0.06545983590977764
0.050380153329684034
0.056695978577106745
0.03725515289499566
0.036455587977557526
0.03526528767356226
0.024427424825948486
0.037927314019495444
0.03919197868760263
0.037817878595671726
0.020166556388834304
0.017886055366203454
0.015505857279754422
0.013041013712290522
0.010507026791994771
0.007919752519502315
0.005295302366408296
0.002649943750818311
1.4011453221253642E-15
0.0026382495895471564
0.005248668987355739
0.007815363359241868
0.010322775102729295
0.012755777411732245
0.015099764812135496
0.017340740130546883
0.019465397382423567
0.012136532066825282
0.0220630295752424
0.017670757282119344
0.03179938854600985
0.029897352066908783
0.03078675792561649
0.0401718262579282
0.03783661359883571
0.047876970263474684
0.02784977727206305
0.022650040444402532
0.028222317047081866
0.02230119835351199
0.026573858639968594
0.046127100383896585
0.035892183030435475
0.03800246815086455
0.028583557119051146
0.027358712645281096
0.03137910477811483
0.01938207496528368
0.022622109496999915
0.012129015953563298
0.018518518518519204
0.016428752422941534
0.01424625864489929
0.01198480398314555
0.009658584444421385
0.007282136745884632
0.004870248084484153
0.0024378647295385143
3.967068383585056E-15
0.002428357810788059
0.004832337001507479
0.007197272964716936
0.009508797076712077
0.01175292343993989
0.013916132957619759
0.01598545423832184
0.017948540849478167
0.0321587376813192
0.027055901584506756
0.0297330884390043
0.018997856783801684
0.034676970635524974
0.03578120028448833
0.024766838736125136
0.040943270727145445
0.04019476821060891
0.040190801599810894
0.03550867251425142
0.02000612207883109
0.034887186123205724
0.03884047761885583
0.03896405629843379
0.0390228805818577
0.02353284559585472
0.03592370958761771
0.034850866382010695
0.0188566996765214
0.028311232058337174
0.023553029170227776
0.03017196786035374
0.017173209640042188
0.015238710305109315
0.013217291849714458
0.011121676278227336
0.008964995797927804
0.006760710998607059
0.0045225273098731585
0.0022643102517693183
3.0732100530563667E-15
0.002256474210776303
0.004491279322591624
0.006690762809976009
0.008841535644204212
0.010930553364363518
0.012945194766961321
0.014873337741863562
0.01670343180136993
0.01218569388920398
0.024544333805095343
0.023165348931436423
0.026424845236517332
0.014706407967161014
0.015527006426786514
0.031009967673619982
0.02430778396069676
0.027253870808811073
0.027181437914437293
0.03426390450531703
0.05078632044344365
0.03473576532349884
0.02791748181561516
0.026498233697114567
0.024097989619691736
0.03103644849904268
0.01366072300530045
0.012518429141371034
0.024703527004430292
0.02362063708209691
0.025147539792267276
0.012238632203735143
0.01606079112866272
0.014254402945592345
0.012365975136845878
0.01040736837305607
0.008390836793722822
0.006328951709569068
0.004234523600872511
0.0021205228934410283
2.6912410713074677E-15
0.0021139948823767256
0.00420849172806091
0.006270679904201696
0.00828798617575447
0.010248151021480868
0.012139302799507192
0.013950029315998983
0.01566944636728284
0.0253097095184651
0.014826075206072226
0.024419052205125656
0.02082324339821391
0.03549577755153396
0.0365017697439549
0.019038306483742072
0.02537456874320184
0.02581416923457194
0.020644106808913376
0.01856977642617113
5.471054172587923E-15
0.01835529463020931
0.020165880300677914
0.025134807705947136
0.02447529513887928
0.01860579526314122
0.03632216857004103
0.03530630426048807
0.02154613239107361
0.023220603057968213
0.012544459599702497
0.023607972280929018
0.015131808464325842
0.013432231125053266
0.011654737426118035
0.009810470346245331
0.007910951711349232
0.005968010510535853
0.003993709529247029
0.0020002707528284213
1.6887709112284074E-15
0.0019947887508720585
0.003971848879049048
0.005919076020936085
0.007824581895465223
0.009676766606713216
0.011464388985831315
0.013176634547166154
0.014803180649464122
0.012485692043728167
0.02642007177392754
0.023544745157338457
0.018028235485798474
0.008977760262642128
0.009906474994531626
0.030797404616250745
0.02585149347910406
0.02770794415693511
0.03332858608025288
0.042188881541241355
0.04519598760515269
0.04208723654994238
0.03307047529514188
0.028056651132422755
0.02580514175663959
0.030297509028491335
0.010295108470069834
0.0094744341335
0.01673138172359595
0.023279372306904435
0.026597871703721583
0.012625250828902658
0.014350319253917767
0.012740489276207044
0.011056240820027523
0.009308114012789699
0.007507015135159596
0.005664148820686177
0.0037909485941287125
0.0018990061775885911
6.075421635184156E-16
0.0018943766504765508
0.003772487390703827
0.005622823984444412
0.007434076627061662
0.009195202845304356
0.010895494593686637
0.012524643141228505
0.014072801356566751
0.019534754520133975
0.007700925179971925
0.018049497182026905
0.023286084812163727
0.03141978353091575
0.03222234623533931
0.01632516571316619
0.022378718916255036
0.02140251955579771
0.020410033279301746
0.015995163417542757
0.015818790356784636
0.016112591647392357
0.02086221006046722
0.021358906931511653
0.02277543309846584
0.016519059893706424
0.03094977264147157
0.02995135226422052
0.02318736633576749
0.016256229730711117
0.006763027687867241
0.01816627770607549
0.01368963323242528
0.012155621864994963
0.010550164881389077
0.008883293100554052
0.007165392548760367
0.005407139946449514
0.003619436553900114
0.0018133407843687905
3.2568862380870303E-15
0.001809418090025472
0.003603794008245147
0.005372124644466895
0.007103590532063043
0.008787621854596958
0.010413962781399238
0.011972733741575198
0.013454491259362279
0.013113088046460452
0.026267563878978155
0.02299812252852119
0.014361264370328516
0.013185952902435657
0.014078464640262325
0.02374943097980569
0.019548114396912286
0.026865652590086758
0.023052248391903736
0.032257615496187435
0.019761479142113517
0.03197643827270406
0.02254948971842906
0.026264983332920912
0.01832114747823771
0.022626969448306194
0.014909047223710871
0.014148980974805495
0.014566434004513296
0.023343191078850287
0.025875546531804954
0.01333740326312066
0.013129576318163892
0.011659817132510452
0.010121138014664962
0.00852313797657893
0.006875761877444127
0.0051892387024790034
0.0034740182182221835
0.0017407063958142213
6.694597463609284E-15
0.0017373792535234956
0.0034607505683555166
0.005159539561481915
0.006823342980657166
0.008441992249953546
0.010005615456475728
0.011504697400993719
0.012930137348569801
0.015122952102068456
0.005698325905933905
0.009728505188482112
0.019999661693207934
0.02148312729572845
0.0221894093898113
0.022912873124067066
0.031214942114030603
0.02423518551833689
0.03191451435191354
0.02473590333263343
0.032929411898723365
0.02495030747826064
0.032419618978554686
0.02480480025561826
0.03251406932111335
0.024072677959881467
0.020676299106054785
0.019726182376869173
0.01853845573622356
0.007971808006484752
0.005770728297395669
0.014215247104862366
0.01265467983793494
0.011239413419891143
0.009757366466509031
0.008217771418261032
0.006630198648207893
0.005004497115001496
0.0033507334073918722
0.0016791295566440923
2.6749322013049348E-15
0.0016763119168736252
0.0033394975084916063
0.004979345999424492
0.0065858070681773994
0.008149052303016742
0.009659535194487673
0.011108049299681469
0.012485784224254852
0.013992680990645878
0.024009753485313156
0.026158799775214524
0.01830231732727967
0.019223123322412862
0.020106626158220814
0.015901320775056137
0.009526732508390376
0.015226181833465802
0.020527538416485493
0.026164138970588897
0.022815480204906546
0.026128115965537525
0.020676322970547292
0.01425938118287681
0.009595276640940665
0.015153238637083557
0.020943923513395652
0.020211470344558866
0.019793112253846418
0.027261754632893927
0.02322158266563353
0.014251059880649793
0.012252950983888811
0.010883816402485912
0.009449702303204877
0.007959530298466612
0.006422553345604265
0.004848298416958952
0.0032465075731407276
0.0016270778027910914
3.357547513518077E-15
0.0016247025454912052
0.003237035767176352
0.00482709617189091
0.006385131545153193
0.00790160064054417
0.009367231488447068
0.010773077968527165
0.012110574301538644
0.012571378082106767
0.006729525009787996
0.004493308225272154
0.010994621417716972
0.01417375884258469
0.014888603242251254
0.028740352516149145
0.04309755371800064
0.03389925676848283
0.035773144505365805
0.02718831740244413
0.030371423835967682
0.02706760081643257
0.0355867482643056
0.034602923023579486
0.04387700481323835
0.028711166226676955
0.014417016212698416
0.013643571903321982
0.008936565412494669
0.004579505527487925
0.007241268772103043
0.012241713456958347
0.011915019650556628
0.010584747402742213
0.00919099605604925
0.007742424727155784
0.0062480185198784425
0.004717032902419797
0.003158936495763405
0.0015833526258703149
6.994405608894196E-15
0.0015813671279558143
0.0031510189353878204
0.004699309784057869
0.00621673738210229
0.007694000992683958
0.009122058333472679
0.010492180819404671
0.011796006812022175
0.014902103757750968
0.02070433312500322
0.030730442342910495
0.026439111359378677
0.02267453664360753
0.02342490948030094
0.011831282351451271
0.015503157854237757
0.007352523127226167
0.02060716319218925
0.02409152914699827
0.02379546600752252
0.023995747136638743
0.02038926779003407
0.007311753988250881
0.015989279094872307
0.011859250990902596
0.023354331810121195
0.02259797654049927
0.027973423357483776
0.03140448140240396
0.01990532592520268
0.015122014578845697
0.011633535736641113
0.010335712165391399
0.008975639047643454
0.007561755518892289
0.006102822496016396
0.0046078684891886395
0.0030861338289870422
0.0015470136525584115
4.362996121173004E-15
0.0015453766227201246
0.003079605855296911
0.004593255909147452
0.006077031449699103
0.007521830580311752
0.008918800579128246
0.010259392048034255
0.011535411143214748
0.012071142662337348
0.00921216630697845
0.005745250802056366
0.0017457272995992097
0.012497918022855478
0.013203626233406627
0.023900458965042812
0.04473767301718145
0.039297687040516706
0.027896389973962227
0.018897078184014315
0.01921415382000633
0.01871694344424892
0.027445188064127744
0.0392808007691787
0.044123264578504184
0.022750012433372106
0.013153553400053992
0.012429716826579547
4.82350050789628E-4
0.005759045746057769
0.009967821500786686
0.012220701852564098
0.011402737382914294
0.010131620185262084
0.008799235330311494
0.00741383991315967
0.0059840096968915915
0.00451858611597354
0.003026621694953177
0.0015173242190129042
3.1346297670709968E-15
0.0015160034130028623
0.0030213547264753404
0.004506796245603153
0.005963200715943278
0.00738162731508864
0.008753376451612007
0.01007004303563055
0.011323567895697783
0.015579605783480464
0.017963171082009077
0.031777900943498444
0.031947871913575066
0.020161853202030306
0.02085370218577572
0.016723527376483117
0.0157042883655171
0.007247920561105944
0.015033319330183934
0.02094750365594225
0.016603249484594722
0.020934913988063318
0.014837750731657377
0.007129944722897552
0.015273693586843775
0.017750528731769428
0.020347288409946908
0.0195760504690924
0.03219293989795825
0.031242514451075235
0.017514220527848994
0.015694607314059385
0.011218138743396035
0.009968509378500079
0.008658364370334636
0.0072958131323877795
0.0058892816820965595
0.0044474606155371
0.0029792514937091864
0.0014937119704684723
7.194417601609562E-15
0.001492682533098109
0.002975146414704436
0.004438271585385399
0.005873063161213078
0.007270706647691184
0.008622622008380015
0.009920516256839278
0.011156434250423064
0.012955512632105471
0.01227670961754453
0.0039915467081755775
0.0012232428097232887
0.014477785020523945
0.015242726237410305
0.014865582721718895
0.034057960492226605
0.03459309528153289
0.023345713386748505
0.020183455225292486
0.03288823411389006
0.020375365698292486
0.023359719643763755
0.03394248794340613
0.032676388431237144
0.014112002534588643
0.016132159211396956
0.015544943321828575
7.170181685454166E-4
0.00319414932820688
0.012998080612304013
0.01330376102014515
0.011076303439821545
0.009843346313623828
0.00855040886344441
0.007205484406093048
0.0058168818202364945
0.004393174290424615
0.0029431464544567056
0.0014757402795416998
8.663444505814354E-15
0.0014749835446439892
0.002940128829367369
0.004386419477507627
0.005804959666129074
0.007187028762771474
0.008524134858663266
0.009808066870156602
0.011030944889169818
0.015809238814289937
0.01673780313617054
0.027173785343096862
0.029594690840275883
0.019670080612671552
0.02033730442445649
0.023009928369230617
0.012541565703231488
0.007799443211218947
0.0150737104044309
0.02295564191515826
0.01070008466199925
0.023035146026912638
0.015231408832471578
0.008216434137909836
0.012666415960081655
0.023278403300529563
0.020901038040021788
0.020362308170242937
0.028079727190941102
0.025413526470290253
0.016612713377606295
0.015774702708610356
0.010974681112933897
0.009753882124997728
0.008473430582414733
0.007141233191081192
0.005765512186420123
0.004354754658467262
0.002917660267527706
0.0014630876723655355
1.3146613684467184E-14
0.001462590307404636
0.0029156769298898685
0.004350315050559738
0.0057576763401002914
0.007129103207221592
0.008456161982294964
0.009730694707846198
0.010944869218241922
0.014237217530441148
0.014804853300496188
0.005453624863132116
0.004852008566473515
0.021477903624353784
0.022078558621871698
0.014211062884803111
0.022136136746730393
0.025058317066428
0.02338498308811807
0.026036927075566846
0.032339518702794334
0.026095737763583607
0.023278659863138776
0.024351726296038004
0.02135470033056764
0.014879272853663262
0.0229405351803869
0.02250375719860336
0.006976448680502606
0.007475894012410608
0.015256733939909367
0.01456350962768241
0.01091149192541253
0.009698550779599753
0.008426082790700269
0.007101936019154042
0.005734275035349556
0.004331530647313453
0.0029023480018561527
0.0014555333780384564
5.966642771714408E-15
0.0014552867977763312
0.0029013647161377867
0.004329329608803799
0.005730390233520917
0.007095922300633789
0.008417521487002312
0.009687055090154514
0.010896712005370901
0.015467771351232833
0.016300493059324784
0.01796349778233739
0.0194631167705538
0.023876680776513275
0.024385299718415427
0.02135448437183619
0.016298592656174928
0.015533288560683665
0.019167206079986357
0.025669090078345287
0.01326321681976796
0.02572071208131634
0.019408889351702915
0.016178274197496786
0.016744748876497368
0.020642201964295677
0.024678788665761744
0.024226542601150418
0.016918906122593617
0.01556276163921601
0.016139435401595223
0.015270855934438264
0.010885648950796143
0.009676400843694664
0.008407551610460562
0.007086917623867059
0.005722633777814842
0.004323103446451191
0.0028969467941635987
0.0014529477539602133
