1.0
0.998972585452726
0.9958941397184445
0.9907760398146864
0.9836371918337661
0.9745039478168478
0.9634099899352735
0.9503961825331798
0.9355103927392242
0.9188072805050664
0.9003480590739794
0.880200227023575
0.8584372731615417
0.7337029808014872
0.6540242610521879
0.6280189874773044
0.6287126607942928
0.6098849444373774
0.5449811585722016
0.4790195913077572
0.40304809923719626
0.4166124977607915
0.4198048030545747
0.42152016431025185
0.37834295560490677
0.31642257525194406
0.2826084334320145
0.30212852173666005
0.36798471756719836
0.33395382007963587
0.3002006862750949
0.26683328132118667
0.2339567767589818
0.20167312991975245
0.17008068053330902
0.13927376632762647
0.10934235931995388
0.08037172439209668
0.05244210162743644
0.02562841376529699
6.513195319495234E-17
0.024379622781927165
0.04745297037168217
0.06916877240348762
0.08948212364992555
0.10835460493099718
0.1257543732716549
0.14165622109465423
0.15604160438810755
0.16889863993921175
0.1802220718765283
0.19001320791217988
0.1982798258215151
0.30021322676312023
0.35268408653893013
0.3566477664634526
0.3306279508261672
0.31801547180727024
0.3410114995107145
0.3667631508685978
0.4015881703209477
0.35701478170535583
0.3226479421081657
0.2932453656765349
0.2991981104170008
0.3181459144967205
0.3075022091827941
0.25364175920456083
0.15172847667181683
0.1405515959584015
0.12883908052317247
0.11667245240793603
0.10413347464621543
0.09130375337943704
0.0782643459277996
0.06509537670314794
0.05187566279556108
0.03868235100081186
0.025590567982648898
0.012673085182488296
3.2298061381909087E-16
0.012361565328205133
0.024347745827528456
0.035898195646727867
0.04695632858088912
0.05746953627456611
0.06738938324713128
0.07667177800935224
0.0852771196700476
0.09317041956355224
0.10032139756208512
0.10670455287113902
0.11229920923996446
0.035974218699657896
0.007370947109895482
0.015458840357201645
0.05602536244849881
0.063075796336229
0.06415530504659737
0.053955361095214094
0.054277562331894534
0.0539247065748087
0.06425152421759882
0.06117217184850303
0.054659440266208434
0.014178227759013303
0.005954367166152271
0.02700054726597466
0.09577043133222649
0.08919691902778083
0.08219714680739873
0.07482035430154887
0.06711710121238247
0.059138962311212906
0.050938221326003764
0.042567565380627635
0.03407978162745181
0.025527457685862075
0.01696268746207201
0.008436783880032502
8.709717393014708E-16
0.008298740059596242
0.016412099049191706
0.024294572090917965
0.03190271856496185
0.03919537927375594
0.04613387787015421
0.05268220563223831
0.05880718876800569
0.06447863753738911
0.06966947658610831
0.07435585599533703
0.0785172426622932
0.1471776774181806
0.16556339335380996
0.1682002278201466
0.143288219243605
0.1204862972508324
0.10897125094404507
0.11981141736480257
0.1295998618656187
0.1160834669335987
0.10141339360102553
0.11102370836607173
0.13113594292447683
0.15283865935369134
0.14793411231740658
0.13280801277477658
0.07013989843314529
0.06548986096701175
0.06049987700364997
0.055204496560855625
0.049639640524935344
0.04384237336355474
0.037850671909972405
0.031703191580881446
0.02543903139089963
0.01909749911995547
0.012717877975440673
0.006339196069147557
0.0
0.006261866202464432
0.012409475561785469
0.018407024902624258
0.024220032755729946
0.02981552737365511
0.03516222387760874
0.04023068962729786
0.04499349698177976
0.04942536269936531
0.053503273308290085
0.0572065958666554
0.06051717361937813
0.019162571514258507
0.025662562120009415
0.027055313095270202
0.06456553165681087
0.07609487611358765
0.09619248915235049
0.08599149627085798
0.08565151113600354
0.08689499867369654
0.09800383334538139
0.07846452494714641
0.06677144392544665
0.03168306255657031
0.031170886790779187
0.020579060656423346
0.055479847234249174
0.05187727902217759
0.04799358665120028
0.04385524009181584
0.039489974235265624
0.03492661100534932
0.030194876749064053
0.02532521601994432
0.020348602879241146
0.015296350844883273
0.010199922616159983
0.0050907406937643375
1.3387629564522666E-15
0.005041516417228205
0.010003617540090434
0.014856879372912433
0.019572813786122502
0.024124030271787146
0.02848438971977279
0.03262914937774958
0.03653509821676539
0.04018068198682559
0.04354611731320024
0.04661349425376482
0.049366866810154154
0.079505660749899
0.0720262323941589
0.06522028813378207
0.04213543298704251
0.038091019324632054
0.045431452117472425
0.08096215380846392
0.05091969702984479
0.08152185552418871
0.0463727803961523
0.036676060488773594
0.034605679171905
0.05575853085202963
0.06299906642387935
0.07081575528776074
0.04601738833181704
0.04307047863746689
0.03988390194163563
0.036479093000143625
0.03287863137833159
0.029106096167606288
0.025185915879489353
0.021143214447611924
0.01700365428408379
0.01279327734706861
0.008538345181072892
0.004265178890455634
7.391114308984858E-16
0.004231226855952986
0.008402948491872573
0.012490174076164538
0.016468621510452985
0.02031485844354479
0.024006437118551615
0.02752202229394955
0.030841511525969173
0.03394614715006185
0.03681861935329997
0.03944315978678718
0.041805625227192875
0.03072197909764801
0.05394094121898688
0.061983633651956443
0.08561234410542061
0.09728206646538788
0.10350192971573542
0.08098939423741425
0.08373299917652399
0.07973930350696606
0.1021450999583671
0.09748207353910229
0.0868602749711354
0.06474666696519595
0.05536859328378202
0.03255200843004327
0.03942636457364498
0.036926673868340136
0.034217760463380285
0.03131765050089607
0.028245407809627948
0.02502101131459201
0.021665227760589524
0.01819948054447505
0.014645715469340124
0.011026264246839152
0.007363706582083114
0.0036807316787413934
8.143814916982287E-16
0.0036559938856942863
0.007265056556973012
0.010805428289308252
0.014255912122850066
0.017595998694534782
0.02080598611094386
0.02386709417238708
0.026761572296945976
0.02947280053486872
0.03198538310893953
0.03428523396467315
0.03635965386519364
0.042432687371340726
0.03306685376576682
0.01964021428979061
0.01575357165145032
0.03788909315889099
0.04423820251347951
0.07538769107689447
0.044515955177891905
0.07463324314474476
0.042864159637094425
0.037318515917930443
0.018060817623716297
0.019401749481367424
0.030380910474426266
0.03905288177749403
0.0345892241421837
0.03241281085604638
0.03005031665505678
0.027517322639369204
0.02483035701418503
0.022006789021949313
0.01906471839956879
0.01602286105365499
0.012900431665655498
0.009717023953107444
0.0064924893234962035
0.003246814662535519
1.6334938864393443E-15
0.0032280632073154606
0.006417712443586848
0.009549632433255007
0.012604970668223211
0.015565449480290953
0.01841347400050269
0.02113223537558435
0.023705808643462938
0.02611924470554822
0.02835865587171062
0.030411294495708334
0.03226562426294155
0.03512506860168159
0.048288291094112396
0.06784715874444865
0.08460564605578925
0.08563375023382835
0.06249071315699948
0.019724490340751362
0.03893602134581205
0.01923583274057055
0.06057012493372401
0.08403322310967815
0.08289775059908648
0.06611331071487249
0.045161459865276775
0.034204030161646436
0.030902431730861227
0.028969629458263077
0.026868828375114222
0.024613779935095337
0.022219107024004696
0.019700210362087724
0.017073170655952267
0.014354647114389114
0.011561772961428676
0.008712048594939757
0.005823233049989889
0.0029132344336054946
5.118761141363001E-16
0.0028985934652992437
0.005764848289299086
0.008581352929305251
0.011331086723558283
0.01399752175036093
0.01656472119194095
0.019017433623293976
0.021341182673569953
0.0235223515383241
0.02554826185445261
0.027407246486219693
0.029088715809494493
0.032608230822161785
0.026363794468262185
0.027247348818132587
0.022196197730121978
0.017789437975604304
0.02089992522764002
0.049267630534454696
0.042893158810667235
0.048833934032837555
0.021002083035754546
0.015782201630011906
0.021100277086686398
0.02860798626379637
0.027832203666034328
0.032660065961282646
0.02801152456911357
0.02626807974202415
0.02437107680435972
0.022332853656681716
0.020166556388836483
0.017886055366203264
0.0155058572797547
0.013041013712295156
0.010507026791996058
0.007919752519500726
0.005295302366404895
0.0026499437508168784
3.598606349801111E-15
0.0026382495895497923
0.005248668987356625
0.00781536335924322
0.010322775102728988
0.012755777411733437
0.015099764812138204
0.017340740130548184
0.019465397382424615
0.021461200092846175
0.02331645459268382
0.025020377865607176
0.026563159556028716
0.024123903966557104
0.029074689147717565
0.044761815747958074
0.060458471529758126
0.06825800042768147
0.047297789823011416
0.04811081997064596
0.05113107879128732
0.04846146369865372
0.04736603093484938
0.06745351868347298
0.05781752502961349
0.041094165316446475
0.027828974804285277
0.021193585329335005
0.025694737479843313
0.024102011149965918
0.022367460989529988
0.020502305557443166
0.018518518518518504
0.016428752422942398
0.014246258644901439
0.011984803983146948
0.009658584444421848
0.007282136745881997
0.004870248084485199
0.002437864729541061
2.521120213986497E-17
0.0024283578107884745
0.004832337001506451
0.0071972729647151144
0.009508797076712096
0.011752923439938369
0.013916132957618085
0.01598545423831834
0.017948540849477303
0.0197937444627608
0.02151018346102291
0.023087806605616542
0.024517451394457594
0.03643547264580539
0.038716642833710846
0.039315330626682715
0.009736913469425573
0.006812084626534572
0.029382535550624023
0.02697371290060898
0.02800926865920727
0.02631173459258867
0.02952516366510419
0.007298240141330777
0.009745964693530049
0.040709389526035075
0.03981514891494374
0.037634203414214466
0.02380630979894996
0.022335777788463074
0.020733088768744433
0.01900855764426992
0.017173209640040564
0.015238710305111257
0.013217291849711937
0.011121676278227565
0.008964995797928582
0.006760710998604193
0.004522527309870683
0.0022643102517657956
1.7877715552714226E-15
0.0022564742107750225
0.00449127932258904
0.006690762809974344
0.008841535644206571
0.010930553364362027
0.012945194766961482
0.01487333774186526
0.016703431801371117
0.018424566870802555
0.02002653793331043
0.02149990514810579
0.02283604909025384
0.008417595906607254
0.02739636654767195
0.01807894912609203
0.04220351576157178
0.05667262276825166
0.04340790644172718
0.035843141700157295
0.02739928441454799
0.03509560348627825
0.04289077723873175
0.055378375263273015
0.041560842597320416
0.015482373376359194
0.027271254286781094
0.00702172805885929
0.022246578963338908
0.02087655087877495
0.019382415367131138
0.017773746605170126
0.01606079112866229
0.014254402945588957
0.012365975136842998
0.01040736837305824
0.008390836793718574
0.006328951709569802
0.004234523600871392
0.002120522893442082
1.39308300637027E-15
0.0021139948823759736
0.004208491728061622
0.00627067990420175
0.00828798617575193
0.01024815102148146
0.012139302799507761
0.013950029316000336
0.01566944636728215
0.017287262845733887
0.01879384202181598
0.020180258639175937
0.021438351486315788
0.04224744714264387
0.036724949884465855
0.04454949950581852
0.0173778366711015
0.008498568133599282
0.027657601855755994
0.03294589073890362
0.04140866624999472
0.03366326991203056
0.027441164579246398
0.009077100759005958
0.017851107134808114
0.04402877601141608
0.03471267443623028
0.04264043872610911
0.020945174511593556
0.019658737610338966
0.018254951168104095
0.016742774869488247
0.015131808464325243
0.01343223112505145
0.011654737426120412
0.00981047034624442
0.007910951711349755
0.005968010510534254
0.003993709529248109
0.002000270752827832
1.9722348102055606E-15
0.0019947887508709773
0.003971848879048953
0.005919076020933454
0.007824581895464765
0.009676766606713166
0.01146438898583011
0.01317663454716585
0.014803180649463827
0.01633425847110757
0.017760711428654558
0.019074049690994174
0.020266500465847
0.008743089715636762
0.023723214449767407
0.005223609067897316
0.03916962620200073
0.033845986461209
0.034797695352580434
0.010071336744939468
0.014905655729937751
0.009661387968734822
0.034657018237883655
0.031929710523545846
0.0387836119425997
0.006165786140313919
0.023166702746074855
0.009162501443672455
0.01985107461827117
0.018634751619663926
0.01730678585520721
0.015875622498044688
0.014350319253919459
0.012740489276205903
0.011056240820026736
0.009308114012788997
0.0075070151351597945
0.005664148820682473
0.003790948594128061
0.001899006177589227
2.1142710831173126E-15
0.0018943766504777248
0.003772487390701796
0.005622823984443425
0.007434076627063374
0.009195202845306297
0.010895494593690835
0.012524643141227441
0.014072801356568878
0.015530643016462752
0.016889418781756448
0.018141008505864566
0.01927796956448102
0.04034018205034724
0.021096474039853406
0.03409307162259146
0.015079594814849514
0.024361454650399166
0.01943208698101736
0.04549289025433968
0.040286941477511946
0.04528743587981074
0.018748988302478776
0.025516481861985834
0.014288563352184777
0.03213919069573464
0.01926997708555963
0.039012427971194925
0.018926465904996546
0.017769308106981914
0.016505344286023477
0.015142585844551372
0.01368963323242468
0.012155621864996262
0.010550164881392448
0.008883293100556267
0.0071653925487628264
0.005407139946451596
0.0036194365538987513
0.001813340784367415
1.0427442076594847E-15
0.001809418090026026
0.003603794008242372
0.005372124644468286
0.0071035905320646275
0.008787621854597513
0.010413962781398329
0.01197273374157162
0.01345449125936182
0.01485028498961958
0.016151711609940347
0.017350965245900903
0.01844088412787368
0.007953088649358921
0.024035309024644506
0.018624480294335874
0.0322580228109242
0.01491860695734498
0.03768841196097693
0.007914804881979666
0.020710029104230056
0.008400260040023587
0.03798484485933283
0.014463662877026575
0.03136536737059808
0.020262968444181108
0.024515100526894137
0.0075079851345942585
0.018142812882803186
0.01703576891731969
0.015826024000835822
0.014521222122818684
0.013129576318165042
0.011659817132509244
0.010121138014667236
0.00852313797657924
0.006875761877445423
0.005189238702476779
0.003474018218224503
0.0017407063958121362
1.0453533242172544E-14
0.0017373792535212479
0.0034607505683577943
0.005159539561485016
0.006823342980655309
0.00844199224995061
0.01000561545647294
0.011504697400995592
0.012930137348572273
0.014273304129175074
0.01552608825591271
0.016680950746742636
0.01773096835676906
0.030741202426321525
0.016338012562109844
0.01980783462962605
0.014172446087322666
0.029651058137793233
0.004450147731314727
0.02613333440504434
0.008397015001976312
0.02560267829531521
0.003890297960309319
0.029052786662399084
0.015242289725585355
0.018585018258541093
0.016447475981161298
0.028985395691731933
0.017478263788005145
0.016413728601427664
0.015249972865765907
0.01399432858407645
0.012654679837932812
0.011239413419891892
0.009757366466511234
0.008217771418261107
0.006630198648209273
0.005004497114997104
0.0033507334073918527
0.001679129556643549
4.563145043731047E-15
0.001676311916873302
0.00333949750849129
0.0049793459994170244
0.0065858070681785825
0.008149052303015152
0.009659535194486105
0.011108049299678333
0.012485784224254236
0.013784379082911549
0.014995973114483392
0.016113253146072013
0.017129497620316587
0.010073227346034738
0.024560136019532972
0.025787587072211432
0.02532371613369205
0.02113584000696864
0.038394115411558426
0.02333113775163523
0.041815939200571896
0.023450518256529114
0.03797845191180799
0.022366854668800902
0.024970463566980437
0.025508366541235512
0.024042369327369865
0.01136642444975897
0.01691589328892581
0.01588737822922147
0.014762581844750176
0.01354857115845011
0.012252950983890414
0.01088381640248294
0.009449702303202197
0.00795953029847071
0.006422553345602122
0.004848298416958335
0.0032465075731425044
0.0016270778027953354
4.860181421404081E-15
0.0016247025454888082
0.0032370357671764726
0.004827096171889608
0.006385131545147436
0.007901600640543953
0.009367231488446886
0.010773077968524973
0.012110574301538836
0.013371587129261574
0.014548464866406246
0.015634084025894335
0.016621892237571507
0.023428525288039473
0.015483030719477856
0.016405652198625564
0.025330000617624495
0.013488891373964494
0.008789686826542818
0.020219528063910176
0.006079605108758477
0.020428237002586284
0.009393090150150055
0.011941412044046074
0.026102142713407293
0.017188310578787912
0.015101470315183106
0.022898434133823156
0.016442485557057525
0.01544437175769228
0.01435244019351176
0.013173533359922997
0.011915019650558255
0.010584747402743169
0.00919099605605466
0.007742424727157803
0.006248018519873694
0.004717032902417341
0.00315893649576217
0.0015833526258696765
7.828700541158222E-15
0.0015813671279559243
0.003151018935389707
0.004699309784055679
0.006216737382100181
0.007694000992689463
0.009122058333471484
0.010492180819406659
0.01179600681201667
0.01302559255093725
0.014173460457967243
0.01523264452058917
0.01619673248006043
0.016139168294058263
0.021408407466560767
0.016444622480715754
0.02344089186891483
0.03903937030105185
0.023904284733613817
0.015230204179646973
0.023639713888602906
0.014841288007087778
0.023221475376880747
0.04017028208436188
0.02335387461146354
0.014419430736160338
0.02139138263504947
0.01652687948047443
0.016047675986885165
0.015075026171650093
0.014010597974019294
0.012861044675941732
0.011633535736642437
0.01033571216539553
0.00897563904764425
0.007561755518897568
0.006102822496013506
0.004607868489191954
0.0030861338289814334
0.0015470136525639253
8.455833178122595E-15
0.0015453766227198058
0.003079605855299794
0.004593255909154886
0.006077031449697275
0.007521830580315576
0.008918800579129511
0.01025939204802971
0.011535411143223788
0.012739069568686721
0.013863032028238825
0.014900460847378626
0.01584505749412446
0.021590641930117376
0.013396915612712569
0.028451705056112567
0.028400598128622723
0.0068650500795330695
0.023272171226207644
0.02913392585009676
0.028509936185305035
0.029267067532712174
0.023945421106079178
0.007410096411654378
0.028224488443529126
0.030371466142536906
0.013104741462651634
0.021296092939085822
0.015723337082128218
0.014771748995777878
0.013730038049233041
0.012604699581221589
0.011402737382903575
0.010131620185264036
0.008799235330314199
0.00741383991316319
0.0059840096968942665
0.00451858611596827
0.0030266216949561948
0.0015173242190131785
3.53222712632898E-15
0.001516003413002235
0.003021354726478121
0.004506796245603151
0.0059632007159438494
0.007381627315090611
0.00875337645160802
0.010070043035626444
0.011323567895696447
0.012506287027607607
0.01361097837500114
0.014630905856399132
0.015559860370933164
0.015176087894040208
0.023196854603668913
0.0022899395387245107
0.02335269390576911
0.045681441208862444
0.025784133948234405
0.019224923868065666
0.014436074908880834
0.01967834219782258
0.02640642013436535
0.04536409572184639
0.023482189929573415
0.002967060415210519
0.0235035908529409
0.014480207628713201
0.015463134670330144
0.014528624515086967
0.013505294387046844
0.01239950977153416
0.011218138743394045
0.009968509378500669
0.008658364370329314
0.007295813132378976
0.005889281682087142
0.00444746061553852
0.0029792514937090433
0.0014937119704662614
4.3437387692557706E-15
0.0014926825330973835
0.002975146414703435
0.0044382715853860145
0.005873063161208541
0.0072707066476956975
0.008622622008382274
0.009920516256843447
0.011156434250426565
0.012322807374819434
0.013412499822265337
0.014418852180573637
0.015335722067301551
0.019653957838847016
0.010361040966139982
0.03984756606105241
0.02536308160563293
0.005356779607427887
0.02876041922881322
0.024807020999981295
0.03155328107549327
0.024413370887792062
0.028517128418977616
0.004491394880972507
0.025081878172065985
0.0402402795707912
0.009923587222051784
0.019405952948638214
0.015262205901328416
0.014341113543084628
0.013332175107205045
0.012241651830628187
0.011076303439816682
0.009843346313624506
0.008550408863453787
0.007205484406092023
0.005816881820235215
0.004393174290418841
0.002943146454456181
0.0014757402795353353
8.429342277243892E-15
0.0014749835446433949
0.002940128829377633
0.004386419477498162
0.005804959666127471
0.007187028762768545
0.00852413485866715
0.009808066870157062
0.011030944889170502
0.012185268474431219
0.013263962587794513
0.014260420895060468
0.015168546166191812
0.012961639061135954
0.023675571253410046
0.007253734630197952
0.02533106793529291
0.035068395948501536
0.03223924364533404
0.030688717834329724
0.01708274925156625
0.03075422518391124
0.03211831616650487
0.034011364840846554
0.025516741784197487
0.007203423562347764
0.02345222489864067
0.013390941754969627
0.015116926671634435
0.01420583662689016
0.013207562550508997
0.01212828512368538
0.010974681112941802
0.009753882124998585
0.008473430582409139
0.007141233191070803
0.005765512186421884
0.004354754658460755
0.0029176602675257527
0.0014630876723650812
2.7253162194544784E-15
0.0014625903074057412
0.0029156769298920382
0.004350315050561266
0.005757676340100874
0.007129103207218937
0.008456161982292591
0.00973069470784475
0.01094486921824749
0.012091227201862216
0.01316272995077046
0.014152801518086807
0.015055369018601201
0.01918203681577754
0.01245705249483834
0.034454906108613126
0.024363801799781384
0.009839670601699827
0.019072287578047863
0.007184169035284665
0.018212186507962816
0.007270718143669737
0.018684249495458254
0.011017192740691082
0.02446936176314486
0.032531019565857085
0.013654783865126089
0.019182487454327938
0.015024746775900037
0.014120420498240393
0.013129271780949676
0.012057423013999046
0.010911491925415774
0.009698550779600634
0.008426082790694714
0.007101936019151945
0.005734275035352312
0.004331530647315351
0.0029023480018558136
0.0014555333780329953
5.767937052577907E-15
0.0014552867977823956
0.002901364716141498
0.004329329608804104
0.00573039023353185
0.007095922300625644
0.008417521487000031
0.009687055090152365
0.010896712005375968
0.012039050719143789
0.013107045024555473
0.014094127177917847
0.01499422823228452
0.017103752897633176
0.02078570173178329
0.013585314414742861
0.02592090821666009
0.023144000914041545
0.02370364203060136
0.024939980548510692
0.026367911001394254
0.024578781935839327
0.023095164107624314
0.022404536471599693
0.025819988538392014
0.015823575968372354
0.01999285543769909
0.01778878762631395
0.014984078339839377
0.014083394332784363
0.01309595515591078
0.012027846164579848
0.010885648950793815
0.009676400843691424
0.008407551610462336
0.00708691762386415
0.00572263377781373
0.004323103446451276
0.0028969467941643
0.001452947753960327
