1.0
0.9989725854527294
0.9958941397184458
0.990776039814691
0.9836371918337703
0.9745039478168528
0.9634099899352755
0.9503961825331833
0.9355103927392303
0.854087242377332
0.734203082762341
0.6685238468495026
0.684349353704543
0.7163815072562931
0.6923422158925235
0.6754452916787334
0.63920488830181
0.6106514405162851
0.572246092485956
0.49575101688910705
0.45582719688910656
0.4329648374312118
0.44682128910032176
0.4229557546837576
0.39040764058262384
0.3659479562812591
0.32426157450554643
0.2888059213046241
0.2021913372491688
0.13035618811060157
0.13830897342687723
0.20315270771025207
0.23395677675898433
0.20167312991975397
0.17008068053330938
0.13927376632762745
0.10934235931995491
0.08037172439209725
0.05244210162743681
0.025628413765296714
0.0
0.024379622781927568
0.047452970371682654
0.0691687724034883
0.08948212364992604
0.10835460493099797
0.1257543732716559
0.14165622109465428
0.1560416043881084
0.23099546091585813
0.3343832119009771
0.37738874966979247
0.34248350284317985
0.30109776958423995
0.301903246320067
0.29987653903455463
0.3102246319156735
0.31307516624889425
0.3201053205882268
0.3656117761889713
0.36964239021908274
0.3569624350978983
0.3028006718582569
0.28761733498427744
0.2761021642041586
0.2582584103752134
0.25130142105988323
0.2452239953911231
0.27548531532399845
0.30826665543486703
0.27160601159689246
0.1758840799002651
0.10413347464621608
0.09130375337943666
0.07826434592780024
0.06509537670314772
0.051875662795561016
0.038682351000812305
0.02559056798264985
0.012673085182488884
4.964411229644258E-16
0.012361565328205409
0.024347745827528616
0.03589819564672853
0.046956328580889814
0.057469536274566566
0.067389383247131
0.07667177800935317
0.08527711967004756
0.03789022767738636
0.03180060875560135
0.04080206080112407
0.03270910432505762
0.06543078028838588
0.08395552459623642
0.08364650282829664
0.08214965852588152
0.07460274271956947
0.0705168924378752
0.06381910984500905
0.07304887518538004
0.06369416151130512
0.06854670878017773
0.07168156491218708
0.07922402385814653
0.0800029512502385
0.08230414911150405
0.06520384121423801
0.03842433526152301
0.033460556884439954
0.03366852712167455
0.024852008900913488
0.06711710121238385
0.059138962311215064
0.05093822132600381
0.04256756538062801
0.03407978162745234
0.02552745768586234
0.01696268746207118
0.008436783880032859
1.466741663260575E-15
0.008298740059596865
0.016412099049191997
0.024294572090918398
0.03190271856496219
0.03919537927375651
0.046133877870154306
0.05268220563223767
0.05880718876800796
0.11199989844755406
0.1631519960144973
0.15171418131935224
0.10157297889521401
0.09186340146322898
0.08648594402074579
0.10055467739995151
0.10731715931017992
0.12086073359218664
0.12682303789119592
0.1614114380903435
0.15927786727152815
0.15804379951280484
0.12223953748819037
0.11406352641160836
0.09745203248311313
0.08961248559413462
0.07126140680292029
0.07249741210143427
0.0710449166046103
0.11559058021627229
0.13490590658784862
0.09710347665599339
0.04963964052493533
0.04384237336355442
0.0378506719099737
0.03170319158088252
0.025439031390898592
0.019097499119954276
0.012717877975442125
0.0063391960691483165
1.4370165804701113E-15
0.006261866202462787
0.012409475561784225
0.018407024902622995
0.02422003275572973
0.02981552737365584
0.0351622238776097
0.04023068962729778
0.04499349698177887
0.015843794079642558
0.016495670563174053
0.038194293947022014
0.08954980218858234
0.09054606133336632
0.09197695336321499
0.0749674442568996
0.07095208024830434
0.056663025242384986
0.05239569100134127
0.04884252958944056
0.061964170647245576
0.048519102610148725
0.05219603957176831
0.056224603449283955
0.070889749024077
0.07533929217206795
0.09394662155565561
0.09578716242130665
0.09998462519509334
0.05259578152323797
0.018852016029121833
0.016125468982171536
0.03948997423526569
0.034926611005349266
0.030194876749065378
0.02532521601994375
0.020348602879241326
0.01529635084488366
0.010199922616160581
0.005090740693765815
2.4737549695147776E-16
0.00504151641722846
0.010003617540091301
0.014856879372912205
0.0195728137861242
0.024124030271786612
0.02848438971977374
0.03262914937775051
0.03653509821676666
0.06570634053828539
0.06346650559464798
0.02918091845917623
0.044937549523353056
0.06082665897203626
0.07211295616310293
0.08240290993376292
0.0779775793865198
0.08596417059466908
0.09607593319865211
0.07247330064400469
0.05798505239531011
0.07152847831363694
0.0960839493493211
0.08555094785566127
0.0791356089283147
0.08463453354634708
0.07607576298935126
0.06548855572200861
0.051769558985274376
0.022014277604180305
0.044802507720193785
0.055698795667006556
0.03287863137833186
0.02910609616760709
0.025185915879487993
0.021143214447610602
0.017003654284083836
0.012793277347068907
0.008538345181072908
0.004265178890457333
3.527316999424211E-16
0.004231226855953134
0.00840294849187186
0.012490174076164243
0.016468621510455837
0.020314858443544657
0.02400643711855121
0.02752202229395184
0.030841511525970398
0.020699895376964466
0.04486744015968434
0.0798204273015839
0.10818361083834949
0.0974020616778862
0.08752027053174047
0.06868317506016942
0.06293141218443712
0.04496170453960354
0.04070523794877663
0.045062421573975164
0.059896774695890276
0.04501701909942722
0.03944675016518645
0.04358808679310278
0.06099971687889418
0.06603241374605134
0.08319851432616766
0.092461932738541
0.10237103376940049
0.07900749820180543
0.05132664069506843
0.023266241337123503
0.02824540780962742
0.025021011314591793
0.021665227760588716
0.018199480544475573
0.014645715469343025
0.011026264246837376
0.00736370658208252
0.0036807316787408643
1.1833016415183687E-15
0.0036559938856952747
0.007265056556973806
0.010805428289308848
0.014255912122852278
0.017595998694534935
0.020805986110943454
0.023867094172387998
0.026761572296944536
0.03362326761946593
0.009450888372926226
0.025008055010224548
0.05389061860372391
0.06600779000628348
0.07081195399784285
0.07791133299668884
0.06956947321271154
0.06224044057554766
0.07653243510771637
0.05671720517239157
0.06513172860196564
0.056387392288894306
0.07434489109038897
0.058820522196708906
0.06627013532080782
0.07397721044987743
0.06591868944984886
0.0619046899948478
0.050163732442031365
0.02223926106460041
0.008186483093891021
0.027047205324544143
0.024830357014186507
0.022006789021949833
0.01906471839957046
0.016022861053656294
0.012900431665654716
0.009717023953108141
0.006492489323495469
0.0032468146625361694
7.256995752393314E-16
0.0032280632073114794
0.006417712443588046
0.00954963243325267
0.012604970668223857
0.015565449480289583
0.018413474000503943
0.02113223537558381
0.023705808643463125
0.029866373899977303
0.056719510412318076
0.05311189548110891
0.06528068574791221
0.055957523821773665
0.05692528633034411
0.04977852675846597
0.05057271586472057
0.04644198783618909
0.029560957939946383
0.041005081389757114
0.04231395232052702
0.04097870616182345
0.030843397532112758
0.048635133311280554
0.05139869470272704
0.04958002373797645
0.05427969124504478
0.04823911027397885
0.056087891447906414
0.04257866158211284
0.054103867257842844
0.03177309304409694
0.02221910702399978
0.019700210362087137
0.01707317065595642
0.014354647114388051
0.011561772961430792
0.008712048594940586
0.005823233049988874
0.0029132344336067193
4.950548550344801E-16
0.0028985934653013717
0.00576484828929731
0.00858135292930394
0.011331086723559243
0.013997521750360844
0.016564721191946373
0.01901743362329683
0.021341182673571185
0.015490942328299204
0.01501547194940961
0.023763941388696246
0.03766750818430124
0.03745638231953351
0.035455094486645716
0.04596889721201199
0.03838955636122705
0.02377228504106825
0.0277158842915123
0.03529808096297287
0.05338670815121642
0.03467903396647319
0.025836021488410608
0.023772894070891972
0.03728164781993281
0.043877546537609814
0.03148989059082745
0.03299945940656278
0.036287812285010525
0.029800466582793526
0.017031656387304334
0.01345100494558568
0.02016655638883512
0.017886055366204297
0.015505857279756181
0.013041013712293138
0.010507026791995687
0.007919752519501732
0.005295302366411149
0.0026499437508204038
9.04586579348321E-16
0.00263824958954721
0.005248668987355206
0.007815363359241706
0.010322775102726887
0.012755777411735164
0.015099764812138068
0.017340740130544798
0.01946539738242392
0.034068534659181325
0.037811501548964475
0.02194499664402363
0.0327694576330526
0.03132485795796977
0.04873187578229213
0.05593837705141465
0.06325845780343352
0.07056989202859866
0.056418546867345064
0.046596455471275375
0.028222317047079337
0.04675932017320108
0.05703140985603965
0.07095345029698613
0.0635506796643492
0.055929874675717174
0.04737117163231457
0.03150683527518972
0.030419676255861054
0.022754254662341402
0.03111680285603061
0.03377920332184014
0.018518518518519992
0.016428752422942006
0.014246258644902443
0.011984803983148348
0.00965858444442058
0.007282136745886269
0.004870248084483827
0.0024378647295391445
1.309679790147479E-15
0.0024283578107886124
0.004832337001507749
0.007197272964719025
0.009508797076712535
0.011752923439939719
0.013916132957619528
0.015985454238326938
0.01794854084947647
0.012043485958619496
0.025446820254427602
0.04278829255140789
0.03434137826618138
0.01930246161494931
0.01941158934011385
0.04039805389051582
0.038995970649752264
0.03731513179875622
0.021642693837640895
0.020158524828831903
0.020006122078831963
0.02007048301085792
0.021947890114170907
0.0375981100427758
0.038809473930669205
0.03977066900054238
0.018400403555907552
0.017753082259399172
0.03442791933232681
0.04224774728178597
0.028272623357663604
0.01202758412140277
0.017173209640045484
0.015238710305111557
0.013217291849717103
0.01112167627822749
0.008964995797927663
0.006760710998606939
0.00452252730987132
0.002264310251771504
2.8166126059732096E-15
0.0022564742107737644
0.004491279322586938
0.006690762809973051
0.00884153564420568
0.01093055336436566
0.012945194766959512
0.014873337741863082
0.016703431801370926
0.030146075902237956
0.01308157766041385
0.02189445256906383
0.02751782545519084
0.0322670514392734
0.033893937584004934
0.041260410828863586
0.05042480752659959
0.05489978556491871
0.05075262465207965
0.0427737038544266
0.05078632044344293
0.04238176618450301
0.04980130523940361
0.05242441244448256
0.04782388305701865
0.03782375625722021
0.032014874447327445
0.03166061799247588
0.026923704281533883
0.019081986999033945
0.00872452446800395
0.027886159900680132
0.016060791128658308
0.01425440294559179
0.012365975136844025
0.01040736837305732
0.008390836793723022
0.006328951709569562
0.004234523600871435
0.0021205228934412933
2.0211336465929653E-15
0.002113994882374649
0.004208491728065528
0.00627067990420071
0.008287986175756509
0.010248151021481706
0.012139302799510025
0.013950029316000498
0.01566944636728429
0.012194299776254839
0.031935167123511896
0.029424213451921838
0.03434174775735851
0.016852377628090665
0.017909037032441948
0.02853202423941084
0.027773186075669597
0.02793356830686371
0.018511709462738966
0.0205804557392832
6.572548087075671E-15
0.020676432193401383
0.01807288383455274
0.02660819961701436
0.02600027674627349
0.02650251294498672
0.018076378545868448
0.01729619540471287
0.03352026755553018
0.025353882179152593
0.03101946455163795
0.01255667728001271
0.01513180846432662
0.01343223112504964
0.011654737426115135
0.009810470346249643
0.0079109517113494
0.005968010510533502
0.003993709529247483
0.0020002707528310637
2.106645342757353E-15
0.0019947887508720676
0.003971848879050246
0.005919076020936269
0.007824581895462843
0.009676766606714047
0.011464388985835612
0.01317663454716357
0.014803180649464164
0.02080188658318366
0.007994553748507448
0.016518655278846908
0.020532131936773054
0.027557247031784516
0.032968140251511645
0.02527578670627643
0.03208204657820926
0.030140727645182004
0.03601948524803998
0.026573550984769604
0.045195987605151894
0.026446492814571673
0.03570592160719919
0.030009033045313223
0.031852227673113014
0.026092319399739394
0.03375153678813577
0.026939868301791438
0.01843271794615952
0.019574526741079866
0.011305002590609077
0.01813841256305306
0.014350319253918841
0.012740489276208208
0.011056240820024862
0.0093081140127885
0.007507015135159682
0.005664148820685741
0.003790948594128973
0.001899006177587137
2.633127128622984E-15
0.0018943766504762843
0.0037724873907037937
0.005622823984447498
0.007434076627061983
0.009195202845307154
0.010895494593688033
0.012524643141227946
0.0140728013565668
0.014923897406889909
0.02303121263177635
0.022837554875742568
0.027162967704205877
0.015687767825006457
0.012411194063981416
0.015605285286751019
0.014076033318139322
0.01424396390663152
0.01382901634994589
0.026802913070716864
0.015818790356784435
0.02692162844988118
0.013957564967373829
0.013633997740215419
0.013626586010263715
0.014603596984130544
0.010708006994621086
0.014474493702902233
0.025482032590840264
0.0235647823314053
0.01952603193946749
0.01619105358298255
0.013689633232425747
0.0121556218649937
0.010550164881391154
0.008883293100557473
0.007165392548760067
0.005407139946447251
0.003619436553902864
0.0018133407843724451
4.336132196294009E-15
0.001809418090027569
0.0036037940082442933
0.005372124644465396
0.007103590532062738
0.008787621854593248
0.010413962781396897
0.011972733741575162
0.013454491259363434
0.01305092849388792
0.022469677098763442
0.026466034405213855
0.014763871356445756
0.027416333368842728
0.030442758975177193
0.02991444435822002
0.030217897256792622
0.03502813782775839
0.027592142099800192
0.034080154976152154
0.019761479142114312
0.03429702923194788
0.02677999750485031
0.03501073431855803
0.029229944282719956
0.02910577097869028
0.028438616932801652
0.027903699772099323
0.014862269603120079
0.026137079909737154
0.025664524966377174
0.01224668175510527
0.013129576318163099
0.011659817132514792
0.010121138014664468
0.00852313797657601
0.006875761877445246
0.0051892387024818866
0.003474018218224344
0.001740706395820968
8.434190281289835E-15
0.001737379253526263
0.0034607505683605577
0.005159539561484718
0.006823342980655612
0.008441992249952774
0.010005615456470145
0.011504697400995249
0.012930137348564831
0.019247673321210954
0.010850361776652526
0.01919531780085315
0.022017974819330186
0.009076369902545055
0.01883955657577741
0.015701263839994997
0.02116746448877405
0.009831036027322453
0.0254342094289338
0.02339225556967771
0.0329294118987187
0.023094506811692273
0.02634632331288097
0.010137095936859174
0.02284690569219536
0.017235415591441625
0.02185125679142436
0.008791007624386652
0.022516173835797817
0.016088949983562466
0.00896286178293602
0.019979120802230785
0.012654679837935808
0.011239413419892754
0.009757366466508594
0.008217771418264167
0.006630198648210287
0.005004497114998908
0.003350733407389849
0.0016791295566435558
1.7867316820408497E-15
0.0016763119168750917
0.003339497508488231
0.004979345999426861
0.0065858070681793805
0.00814905230301047
0.00965953519448526
0.011108049299683963
0.012485784224261571
0.012372032078487413
0.030196334855431863
0.02179117527471894
0.015139279531269985
0.026492495113223213
0.01308066836053048
0.01680656064068982
0.013667017703695394
0.027749650424472652
0.00819480663584475
0.0319805945988223
0.022815480204908454
0.03165018403543947
0.007736823872706757
0.026958355917704492
0.011743401513119185
0.015055305003509751
0.010242418747728944
0.02501603511687311
0.015556108734676576
0.02146489587199033
0.029526308244078883
0.012664331250104516
0.012252950983888962
0.010883816402486571
0.009449702303216715
0.00795953029846604
0.0064225533455983036
0.004848298416952036
0.003246507573137088
0.0016270778027924644
6.6191824562057865E-15
0.0016247025454984396
0.00323703576717573
0.004827096171890498
0.0063851315451544394
0.007901600640547627
0.009367231488446114
0.010773077968525354
0.012110574301543808
0.02012470926682314
0.003963377925040385
0.010484825239654081
0.029599023578108903
0.014117116144300485
0.030551441570443854
0.026530720957822284
0.03452101540672595
0.017164887829179024
0.03830501000675838
0.017542697595846767
0.03037142383596878
0.017830890607948253
0.03837768060493889
0.017581864767511488
0.034928433829393125
0.026809106827079168
0.03010707725374046
0.016325580679028614
0.031235389540408973
0.012103107618007258
0.00424079054129327
0.01947452856255251
0.011915019650559222
0.010584747402739599
0.009190996056044844
0.007742424727163516
0.006248018519875858
0.00471703290241908
0.0031589364957648
0.0015833526258673448
6.124283091770452E-15
0.00158136712794956
0.0031510189353847994
0.004699309784059974
0.006216737382104054
0.007694000992685314
0.009122058333469272
0.01049218081939925
0.011796006812023653
0.012772829623204385
0.021260190686944604
0.02342418494434707
0.01712792526063811
0.017242640377931905
0.013107195604478494
0.012432962600220938
0.003760523120788676
0.021930822290561706
0.016134227899553762
0.014486830627502141
0.023795466007527723
0.014051838499905777
0.016525817478105085
0.022000787913895616
0.0042507336385769106
0.013058172844338299
0.01626092872166958
0.016884622091220994
0.016549867858002883
0.023242285607388866
0.01707341766860712
0.012548049160615901
0.011633535736644341
0.010335712165391555
0.008975639047649166
0.007561755518894502
0.006102822496018063
0.004607868489191149
0.003086133828987597
0.0015470136525547243
7.224477745414648E-15
0.0015453766227229093
0.0030796058553015843
0.004593255909147465
0.006077031449698628
0.007521830580313653
0.008918800579132753
0.010259392048037155
0.011535411143210437
0.01636941274268275
0.015572663887780154
0.0173022735457179
0.02863845708768174
0.025151163769666147
0.018427619796828346
0.020716675690365022
0.030378996614312127
0.023827318997547784
0.026841642746691523
0.032864136803346676
0.019214153820006026
0.03311627035158598
0.02577269495921368
0.024838054220643627
0.029574059758666404
0.019715032933685185
0.015418570936319428
0.025602339292721633
0.02532027143224392
0.018015398611287398
0.020010912348375716
0.014963704165108295
0.011402737382915008
0.01013162018526287
0.0087992353303134
0.007413839913164278
0.005984009696893464
0.004518586115977868
0.0030266216949501423
0.0015173242190183634
1.5267638750711553E-15
0.0015160034130022408
0.003021354726476721
0.004506796245601259
0.005963200715942465
0.007381627315095567
0.008753376451608367
0.010070043035633969
0.011323567895700009
0.012027123720383366
0.005346430646291554
0.016645515204018833
0.016370126692168467
0.020476107466842412
0.030666601851487073
0.01958043263897815
0.01126614338091405
0.026380586003675394
0.020655201990662723
0.0034890185968012486
0.016603249484599493
0.0034299108812298473
0.020875791356251724
0.026758003260013416
0.012222341841317399
0.020694668987514524
0.031976569009437156
0.0211172636147474
0.019276563239305718
0.013526133947428236
0.004163836589649784
0.012131785886745123
0.011218138743406735
0.009968509378502166
0.008658364370336943
0.007295813132385656
0.0058892816820910665
0.0044474606155376845
0.0029792514937073277
0.0014937119704642498
5.163508192449088E-15
0.0014926825331000825
0.002975146414707235
0.004438271585388117
0.005873063161215423
0.007270706647686629
0.008622622008377762
0.009920516256842036
0.011156434250422662
0.01225759197302147
0.029907919449530355
0.020861749911099826
0.007215397252003173
0.01664777062656465
0.001206168199198403
0.025924261887700244
0.030661172614155626
0.040037784767037454
0.018585339853197456
0.03263069721463136
0.03288823411389459
0.032398111423888876
0.0192389915051143
0.04091862459329811
0.03143334823123175
0.02773785430193403
0.003473918430817938
0.0128329639524995
0.003779342526670527
0.021933501715513108
0.031221290679101742
0.012027376793275426
0.011076303439814784
0.009843346313615772
0.008550408863440885
0.00720548440609632
0.005816881820236526
0.004393174290419464
0.0029431464544600193
0.0014757402795407828
6.4710087824369535E-15
0.001474983544650891
0.0029401288293643205
0.004386419477507833
0.005804959666128829
0.00718702876276161
0.008524134858657014
0.009808066870153747
0.011030944889172604
0.013422784017571235
0.005433011989753714
0.005702681923331911
0.032482439445755955
0.0247557005048012
0.030977542714814697
0.02518652837879626
0.016628293044928865
0.024626952689550653
0.024764052901819284
0.010346667117617179
0.01070008466200171
0.010638030190885476
0.02483161010306858
0.023725984537235345
0.016413277887140715
0.025064072988407907
0.029656941421963984
0.02636190471824261
0.03367890671502861
0.006381654798808344
0.004186629567473283
0.014081863233217057
0.010974681112936306
0.009753882124994786
0.008473430582403598
0.007141233191089914
0.00576551218641663
0.004354754658469162
0.002917660267528271
0.0014630876723659022
2.3882376852508342E-14
0.0014625903074010082
0.0029156769298956274
0.004350315050566863
0.005757676340101599
0.00712910320722431
0.008456161982297173
0.00973069470784367
0.01094486921824102
0.013323989865071089
0.027748386352481686
0.023015699333768687
0.006018163718554075
0.016113629999052796
0.013321722325735325
0.03255776876273077
0.03186018460649547
0.03861261310664227
0.028535954370649597
0.02299779151530652
0.03233951870279667
0.022857236554746294
0.028579373203996717
0.037296709456889635
0.030833334938111037
0.03185272199392618
0.014508713797668368
0.020597657398659933
0.0068470722883923855
0.02206695819383654
0.024359991106097677
0.014065217570383851
0.010911491925410608
0.009698550779606694
0.008426082790696222
0.007101936019156558
0.005734275035346327
0.0043315306473133254
0.0029023480018559775
0.0014555333780416288
8.227526253411739E-15
0.0014552867977707892
0.002901364716146401
0.004329329608806711
0.0057303902335151735
0.007095922300628876
0.008417521487003811
0.009687055090155043
0.01089671200536057
0.015235881753951125
0.006038700192528343
0.013202686454447799
0.025462620066049192
0.03299990628461485
0.021298390842521654
0.023321067684675737
0.01586976681779296
0.01487248688900865
0.025045290390457723
0.01963618008069968
0.01326321681976207
0.01975863896209353
0.025177560632533996
0.0158909735601226
0.01698228529510679
0.023853110975198658
0.020133377654972476
0.03285961339348713
0.021064166497812058
0.015474841184714143
0.010679304020576532
0.015251337324250817
0.010885648950795863
0.009676400843692935
0.008407551610461403
0.007086917623862342
0.005722633777819262
0.004323103446452048
0.0028969467941714626
0.001452947753962972
