1.0
0.9989725854527299
0.9958941397184471
0.9907760398146928
0.9836371918337694
0.974503947816851
0.9634099899352759
0.9503961825331825
0.8523830241081722
0.6885569280004751
0.6338309619749894
0.6794608246593187
0.7147895170181184
0.720005044315672
0.704334205900162
0.68759239991177
0.6347095779936371
0.5624129013328469
0.45809613904677876
0.44255923070868786
0.4558271968891071
0.38023693882860293
0.33579060141772865
0.3809108419557241
0.39162211555501064
0.38291861037993374
0.3424210559215505
0.3043627545071338
0.24541700765427357
0.15166038751602465
0.04966506183322291
0.05480924236007711
0.1542096915567328
0.20167312991975309
0.17008068053330944
0.1392737663276276
0.10934235931995473
0.08037172439209743
0.05244210162743631
0.025628413765296655
1.504127663478851E-16
0.024379622781927783
0.04745297037168253
0.06916877240348798
0.08948212364992682
0.10835460493099867
0.125754373271656
0.14165622109465406
0.2329230055020078
0.36843940810612036
0.40150776480017886
0.337454279666541
0.2797497480545972
0.2550460278666315
0.25790911519372306
0.2574551538603024
0.2701604855510158
0.3056557033973471
0.38581733319326567
0.39392934474085267
0.3696423902190803
0.38354109917567036
0.36187892128180577
0.2689891862423654
0.2244572776629899
0.20619496866935516
0.19538573615895996
0.17906267514182653
0.1945639664467194
0.2479476051330654
0.3096633404848584
0.28476883097921535
0.17370711480090856
0.09130375337943691
0.07826434592780047
0.0650953767031478
0.05187566279556103
0.03868235100081176
0.025590567982650123
0.012673085182489269
2.74137681257467E-16
0.012361565328204554
0.024347745827528283
0.03589819564672762
0.04695632858089113
0.057469536274566795
0.06738938324713087
0.07667177800935254
0.03441360328427811
0.05987204659078866
0.03426192485863891
0.07213739973941198
0.1450795459711452
0.15902921655182387
0.15034000081334756
0.1505380554869284
0.16162487109244214
0.15558084292362684
0.07267078561828177
0.026589462211692887
0.07304887518537916
0.02811295483903297
0.07606075007829771
0.16019877057249163
0.16580032323582136
0.15248690234777582
0.15507115223359028
0.16615275881247282
0.15905546522542957
0.09424627642037417
0.006617912951652155
0.043890189162433244
0.031607049140763656
0.059138962311212975
0.05093822132600435
0.04256756538062849
0.03407978162745268
0.025527457685862228
0.016962687462071656
0.00843678388003264
0.0
0.008298740059596375
0.016412099049192237
0.02429457209091863
0.0319027185649632
0.03919537927375655
0.04613387787015397
0.0526822056322369
0.10438205424193633
0.1283339273243774
0.10763597901301052
0.04212092285233309
0.021458863734237554
0.05333512392252427
0.06860728013846974
0.05109040378664573
0.046174164179264336
0.00832890323334791
0.07709953673518999
0.11847811368004278
0.1592778672715253
0.11393027908351258
0.06955010581929087
0.01112932291384954
0.04853275500522241
0.05101710567123872
0.07241261066793299
0.06603218514527467
0.04744688637922165
0.020990137222304073
0.05878927937201196
0.08218438351660329
0.08348667899933222
0.04384237336355492
0.037850671909973425
0.031703191580883444
0.02543903139090047
0.019097499119955022
0.012717877975441072
0.006339196069148422
3.064637554154074E-16
0.006261866202461787
0.01240947556178665
0.01840702490262406
0.024220032755729613
0.029815527373657332
0.0351622238776089
0.040230689627296805
0.03020788784855696
0.047708892468036786
0.08525777483340559
0.14655511319174974
0.16663157387727232
0.13885376699594346
0.12941486173294658
0.12869554476764553
0.1430247274284519
0.16155970249439605
0.11352226591393556
0.09601909863013969
0.0619641706472435
0.09682865592416573
0.11242721848703235
0.15659338388698887
0.1334407963091003
0.1191133519587366
0.11415789551324884
0.11734785952131355
0.1497182125081895
0.14251424855908554
0.09840075476765436
0.062214878256747784
0.030097200213383787
0.03492661100534765
0.03019487674906336
0.02532521601994436
0.020348602879241538
0.01529635084488242
0.010199922616160666
0.005090740693766644
2.713565811858408E-16
0.00504151641722921
0.010003617540091747
0.014856879372911417
0.019572813786122
0.024124030271784627
0.02848438971977313
0.03262914937774905
0.0454232245606219
0.024820198241175283
0.016305758737644324
0.03230432038346625
0.047140133527752925
0.04796366942963181
0.03588273614132155
0.022452610025588293
0.016422851485186157
0.013415380336340313
0.02924458370215063
0.028566041322910036
0.05798505239531158
0.02859051596099783
0.03144001508658811
0.015449989758396652
0.020224395290208034
0.021417070157281982
0.03110032522057959
0.04547607856635503
0.03491850446770699
0.018284161225905864
0.01630975350027698
0.030702098571691164
0.03451699144542921
0.029106096167607193
0.025185915879488232
0.021143214447609512
0.017003654284083458
0.012793277347067986
0.00853834518107113
0.004265178890455656
1.7675722250622694E-15
0.004231226855952674
0.008402948491872599
0.012490174076165919
0.016468621510458782
0.020314858443543603
0.024006437118554592
0.0275220222939525
0.03222007389946816
0.06989668271288237
0.07924829325944065
0.07464266845806208
0.05132830334313813
0.0462905061026437
0.06970157903177453
0.07207296621327908
0.0795729092812548
0.10011000361638078
0.08702219473400113
0.07526908217253869
0.05989677469588858
0.07378302148196729
0.08631278164057958
0.0960515704229864
0.07742347542341234
0.06843190596099094
0.07233983778372796
0.05379698795714492
0.037160966913006285
0.051526501699257404
0.05998582562087719
0.061014851625683424
0.033167982163969364
0.025021011314591963
0.021665227760588057
0.01819948054447507
0.014645715469342919
0.011026264246837812
0.007363706582087157
0.0036807316787427894
2.358444019665828E-15
0.003655993885693293
0.007265056556970304
0.010805428289310052
0.014255912122851199
0.017595998694535035
0.020805986110943076
0.023867094172388418
0.025959870134243394
0.03268092805509126
0.02453842273398668
0.04798807842223053
0.06039674612272631
0.07421739243882586
0.05362566832052718
0.04928797864852797
0.05419830718776292
0.03655071660690838
0.05802885211644867
0.056650465841076546
0.0651317286019639
0.05751592000771081
0.057350672108293074
0.038041264090442846
0.05476261399456679
0.053151286771567635
0.053447613422259545
0.0744462108879448
0.06692244567461421
0.060696636493495035
0.039730125060633996
0.030576800793465263
0.027057580969679293
0.022006789021948775
0.019064718399566298
0.016022861053658972
0.012900431665654542
0.009717023953107739
0.006492489323494003
0.003246814662532731
2.107793496037513E-15
0.0032280632073151904
0.006417712443587756
0.009549632433256296
0.012604970668225808
0.015565449480290913
0.018413474000506146
0.02113223537558235
0.03198266111390165
0.025899183190705926
0.009342740574655872
0.02931316708745278
0.03771998012903187
0.056251880924603384
0.050297701903367825
0.027693379721822894
0.02209375767461573
0.01814904233320097
0.04256527624635464
0.020559090275230483
0.04231395232052528
0.019546304740338586
0.038821827266435384
0.011480658177694213
0.014470550814367962
0.024549216525477414
0.04168358771397629
0.04838343018589386
0.032886971579199974
0.029570843435774267
0.009701252134362983
0.017554458198898
0.029600235964818325
0.019700210362087946
0.017073170655953623
0.014354647114387928
0.01156177296142967
0.008712048594941743
0.005823233049989443
0.0029132344336081466
2.345483604333378E-15
0.002898593465300528
0.005764848289298085
0.008581352929306483
0.011331086723560571
0.0139975217503573
0.016564721191945398
0.019017433623296272
0.028430667453182977
0.03299152006416554
0.058543127918742145
0.06266505279044679
0.06685745451895136
0.05626583481570799
0.05915141545041459
0.08047776879966377
0.08125472321117576
0.08415955415636668
0.05968306789824486
0.06719578281499916
0.05338670815121627
0.0668007880329348
0.0611104896126338
0.08551926638758871
0.0826802319817097
0.08003302218160575
0.06059381210340336
0.05199437840492621
0.06571311827983882
0.05485066583128544
0.053575148315158506
0.03318186404739159
0.027207683505719744
0.017886055366202674
0.01550585727975266
0.013041013712297512
0.01050702679200147
0.007919752519503765
0.005295302366413758
0.00264994375081919
1.6893423090304406E-15
0.0026382495895491457
0.005248668987352225
0.007815363359244555
0.010322775102723105
0.01275577741173478
0.015099764812141188
0.017340740130549197
0.021211397221595554
0.02454382591935295
0.004955433811209107
0.011254340037546903
0.011018972669334944
0.01229769586239703
0.014360329681084616
0.017842074284488103
0.01590916816645002
0.016713773832442904
0.013007058463297009
0.020777278524579272
0.02822231704707773
0.02180945742898299
0.013000654359405683
0.014216078797146573
0.013387122470224678
0.013835139333640643
0.011842285859737301
0.014927503916977003
0.009947812513902598
0.008799046371852177
0.012005186715888145
0.026929824074603623
0.017963755286316416
0.01642875242294394
0.0142462586449081
0.011984803983150353
0.009658584444419752
0.007282136745882283
0.004870248084483169
0.0024378647295400344
2.675143195792366E-16
0.0024283578107887355
0.0048323370015026955
0.007197272964719133
0.0095087970767095
0.011752923439942959
0.013916132957612778
0.015985454238326067
0.02107659010544628
0.022311419048377152
0.021128260285395672
0.037595917695011825
0.05363299709252494
0.039510880459606046
0.03907860254373997
0.03614495225721522
0.04925916544578893
0.04643476139559688
0.05159607195700489
0.04736970163093385
0.020006122078836265
0.04697403112219761
0.04908264568482512
0.04152344571903233
0.043536287075957816
0.030668230065686735
0.03388236132424552
0.04185370258697494
0.04642412443969039
0.03927874259139478
0.012297013923543841
0.015620642815399067
0.017940822492680555
0.015238710305110521
0.013217291849715023
0.011121676278224944
0.008964995797928765
0.006760710998607196
0.004522527309871656
0.0022643102517695773
2.6118943834263597E-15
0.0022564742107744127
0.00449127932258445
0.006690762809971765
0.008841535644207154
0.010930553364365759
0.012945194766962608
0.014873337741861366
0.0175357728843059
0.02748930998430326
0.03870011083499431
0.01669636268409836
0.018072067699088267
0.04474790565992176
0.03207032528548714
0.04397722975405049
0.036492781774963956
0.043567792185516346
0.03047216818829864
0.044917192235665454
0.050786320443441564
0.044865815081494974
0.032654961418788646
0.04602195084562896
0.03899931043854503
0.04711900457139162
0.03534150856001902
0.04561551794185275
0.025057014507838298
0.016685159709742
0.041651747662982214
0.026700899743804643
0.01996800221337525
0.01425440294558941
0.012365975136840257
0.010407368373058517
0.008390836793721698
0.006328951709565877
0.004234523600867535
0.002120522893440044
1.8541766527728748E-15
0.0021139948823749666
0.004208491728069325
0.006270679904203567
0.008287986175754134
0.010248151021481633
0.012139302799510011
0.013950029315998766
0.011942435356863361
0.010716045367029688
0.008129789726128522
0.04772940381035775
0.01725731413994369
0.04580083763682563
0.03498487036901938
0.03785120124744931
0.018523701064356232
0.02090144524901591
0.009263311119646048
0.027992180378781588
3.958745153411845E-15
0.02745259588983524
0.00885039698254547
0.02002183789436179
0.01674065245387376
0.03619632283027661
0.03490866460986998
0.041044631191119944
0.013973813212928529
0.047692221665587266
0.005035938713831424
0.013938320740090581
0.010159245306519162
0.013432231125046525
0.011654737426117003
0.00981047034624658
0.00791095171134953
0.005968010510531848
0.003993709529247662
0.0020002707528333145
2.6513009065698807E-15
0.0019947887508727138
0.003971848879044109
0.005919076020935571
0.007824581895456815
0.009676766606717934
0.011464388985833985
0.013176634547163522
0.024896803804011356
0.020234025645193266
0.02918070640845283
0.009686611862739267
0.04150638870910981
0.020247106266046123
0.024070476722076965
0.03118013394765924
0.03464302098703952
0.0393800041191537
0.04290106291041248
0.027629633848680352
0.04519598760515249
0.027234600125496267
0.0418590350938113
0.03774443271106528
0.03429782266929883
0.029133062723579784
0.020194786902448997
0.019335524182634328
0.04148177378451445
0.005461917931626198
0.021506131654170594
0.01595439969671129
0.025471644438926133
0.01274048927620361
0.011056240820028158
0.00930811401279103
0.007507015135155885
0.005664148820684858
0.0037909485941361853
0.001899006177588888
1.4521245484973282E-15
0.0018943766504766614
0.003772487390706909
0.005622823984445946
0.0074340766270612965
0.00919520284530576
0.010895494593683669
0.01252464314122577
0.006627218935122111
0.019586165947573963
0.021198316815986343
0.03389252444459822
0.0039850607248098305
0.01684073119203911
0.02419093917500996
0.011136451331320876
0.017480899913798274
0.01444214860567634
0.021386301999799046
0.026703736637338472
0.0158187903567842
0.026902064221024397
0.02245259085540436
0.014920776948421782
0.017634752491063062
0.010340153978505644
0.02240112923453231
0.016427610495432763
9.47927156370511E-4
0.027116809704326866
0.027456710759578194
0.021001607569623312
0.005524454965070787
0.012155621864994439
0.010550164881391542
0.008883293100558565
0.007165392548762238
0.005407139946441434
0.003619436553904601
0.0018133407843638984
1.084747030302535E-15
0.0018094180900340663
0.0036037940082457977
0.005372124644469844
0.007103590532065477
0.008787621854598419
0.010413962781393756
0.011972733741575228
0.02244370377266225
0.00890338865785304
0.009553754954704206
0.015789285750043
0.03670374054129809
0.042848010040763065
0.02392048410108508
0.04454857486201029
0.03607923541486459
0.027417303720196205
0.023779178658221285
0.0255524230561852
0.01976147914211127
0.02560169692559021
0.02332245571980634
0.026524365640665404
0.03509792048611409
0.04443216966132446
0.02439052958703226
0.04298291970420899
0.035350453143966135
0.020830438829334542
0.00822286407071454
0.010339326828219409
0.01959849354912582
0.011659817132508883
0.010121138014667727
0.008523137976569697
0.006875761877445036
0.005189238702478115
0.0034740182182247756
0.0017407063958202454
2.957709917711919E-15
0.0017373792535247319
0.003460750568360523
0.005159539561488375
0.006823342980651603
0.008441992249953576
0.010005615456480698
0.01150469740099777
0.008522738772227265
0.022231045292846776
0.030577893154729398
0.008591737246295502
0.00453724671007716
0.004937719858803423
0.016714012794249805
0.004873904582025704
0.012041268591698039
0.022926696896038143
0.0240635887568216
0.017403218490232148
0.03292941189871484
0.016846400752151727
0.023428495888473736
0.024078846544831
0.013934732537423552
0.009672283053120912
0.017625092441408346
0.004540652727881893
0.005853344461958848
0.0069961968575584805
0.0267573996481398
0.02096263742463838
0.011530213189610792
0.011239413419891507
0.009757366466510304
0.008217771418259254
0.006630198648203027
0.005004497115001809
0.0033507334073959324
0.0016791295566492225
1.5412807559579873E-15
0.0016763119168701835
0.0033394975084893885
0.004979345999427954
0.0065858070681816365
0.008149052303012175
0.00965953519448343
0.011108049299675127
0.01137632526377228
0.012063225077667501
0.0084347492353489
0.02454874181968588
0.023405685337859212
0.022216220778902663
0.017437348832009716
0.01761745314606746
0.024045422175523037
0.016076456708854516
0.02222836457495016
0.03396688695416585
0.022815480204915105
0.034322065200813455
0.0224521821437796
0.015567231469719663
0.02309347161623914
0.012214582316924606
0.016672371102347698
0.017233793440370918
0.0187647646864619
0.021889687152380054
0.01443157026304383
0.011360846860945002
0.008076379825624617
0.010883816402486245
0.009449702303220217
0.00795953029846028
0.006422553345598186
0.004848298416948317
0.0032465075731354
0.0016270778027923042
2.0000004655904514E-14
0.0016247025455000713
0.003237035767180953
0.004827096171889977
0.006385131545150373
0.007901600640549953
0.009367231488446934
0.010773077968530852
0.01807743118083046
0.0157049182220911
0.013625058903298968
0.014293386036033008
0.02197562944085222
0.0238987040200451
0.018659028234900094
0.03662340399756996
0.01772141302434002
0.02213226066880548
0.02162306856734875
0.012344730844207298
0.030371423835970225
0.012420542943253421
0.021625054107748377
0.020796694468743923
0.01636764254170802
0.03776696204911195
0.016584750960375715
0.024836015435879547
0.02553755803682611
0.01777386590585243
0.011279758950656082
0.015282767187553892
0.01987568064281011
0.010584747402745398
0.00919099605604732
0.007742424727150239
0.006248018519868155
0.004717032902413375
0.003158936495759902
0.0015833526258698537
6.8810753757414585E-15
0.001581367127954646
0.003151018935399307
0.004699309784068777
0.0062167373821020245
0.007694000992688134
0.009122058333468209
0.010492180819406498
0.004760281542558671
0.013161037123198889
0.026237279319521738
0.01127034274654073
0.006784215420929087
0.018185006023178962
0.025878147527285032
0.02078109645288745
0.02711393309735194
0.027314604412239804
0.018247707101752293
0.035765881952319944
0.02379546600753954
0.035405868408037736
0.01845859827339629
0.028214948303686333
0.027913942325868107
0.023461572359203608
0.027844290357212132
0.019719363145347234
0.010069535083467435
0.009443492835139575
0.02635127758462245
0.014932544865092651
0.005478510380619087
0.010335712165394886
0.008975639047650912
0.0075617555188960284
0.006102822496017759
0.004607868489188056
0.003086133828989733
0.0015470136525571367
1.7189622165687547E-15
0.0015453766227164032
0.00307960585529648
0.0045932559091410976
0.006077031449695985
0.007521830580311719
0.008918800579134366
0.01025939204802797
0.02047521632779218
0.017027437661778676
0.004164404300810686
0.02165145565765431
0.028380895302099585
0.016768613299229577
0.006710700553466195
0.025859908404256785
0.012769587518217752
0.013418291623742383
0.02615700664586136
0.011965778001911405
0.019214153819993182
0.01243066897436563
0.026765501142014196
0.014461291751665025
0.014290388133590895
0.022439569934422678
0.00872527042768344
0.015714369525801897
0.025987462032299315
0.019987510138965256
0.005447866893773631
0.016317924687820708
0.019177751199116064
0.010131620185257552
0.0087992353303101
0.007413839913158543
0.005984009696898935
0.0045185861159647974
0.0030266216949511563
0.0015173242190215399
5.609168066054668E-15
0.001516003412999314
0.003021354726474748
0.0045067962456070655
0.005963200715935469
0.0073816273150962095
0.008753376451612836
0.010070043035634576
0.007602455732161058
0.017185653725610293
0.01925224348815079
0.013512595609838082
0.0183412464426402
0.01437783894287481
0.02324200483249523
0.024761301295225795
0.013541680769612222
0.011463617692654844
0.032883475072328076
0.020812167502512007
0.01660324948459608
0.020659314591284582
0.03280307106303493
0.008826875498767298
0.010779217790854553
0.022951348852965323
0.019842498148665684
0.011388698552351044
0.017584432161178824
0.017662520506234913
0.01650254436181925
0.017525593958886837
0.008549880680347533
0.009968509378498814
0.008658364370340111
0.0072958131323896365
0.0058892816820964285
0.004447460615535732
0.0029792514936966183
0.0014937119704652587
4.2223670800858326E-15
0.0014926825330996395
0.0029751464147030142
0.004438271585382387
0.0058730631612185944
0.007270706647690748
0.008622622008374709
0.009920516256838341
0.013870531160087548
0.009129749618809909
0.01868487885146527
0.014419436333744592
0.015626959997944778
0.02693594843248301
0.02243118960513107
0.018707715803401415
0.03947708181455934
0.04436078753400492
0.025028642935734334
0.03140137781353269
0.03288823411389748
0.03159176727040065
0.02464415489584508
0.046126779376646145
0.04120679770697386
0.02113696233403436
0.0238053563848183
0.028738829241559603
0.01839008592868854
0.013808909260345267
0.021402912622329316
0.005917777300183304
0.011628241658843566
0.00984334631362811
0.008550408863442245
0.007205484406097325
0.005816881820230368
0.004393174290416943
0.0029431464544578787
0.0014757402795325528
5.0641149549638316E-15
0.0014749835446430369
0.0029401288293620185
0.004386419477498753
0.005804959666132289
0.0071870287627568315
0.00852413485866331
0.009808066870148608
0.011524009100881099
0.019948726049632198
0.008348289611624383
0.02712825803911524
0.011538336567478632
0.0030597042937936443
0.010977061797648534
0.011599511308025993
0.009199229292989332
0.014602533347253227
0.011743958972794274
0.012585072103000363
0.010700084661997351
0.012224973769632726
0.010620343503946087
0.013813095388388165
0.007498358766784037
0.011119507467715686
0.01271226875266387
0.004241037519705924
0.010738624818211
0.027032977854280948
0.005137592179552613
0.020688353813105857
0.012887334814308421
0.009753882124995162
0.008473430582394591
0.007141233191085181
0.005765512186413793
0.004354754658469701
0.002917660267533858
0.0014630876723699126
1.652747971463841E-14
0.0014625903074062937
0.002915676929897636
0.004350315050563227
0.005757676340107827
0.0071291032072224765
0.00845616198230377
0.009730694707830645
0.010616991422958147
0.007051538308134303
0.022334303825698554
0.008263637199327687
0.03093778334192232
0.023765129609104457
0.01943514871579734
0.026701566520980147
0.03258685627018906
0.03876141178587615
0.030978054176092548
0.02775507295376292
0.03233951870279586
0.027540796542822456
0.031015124087055625
0.03670662610326086
0.03081386247677104
0.025900183060078165
0.017666062333837416
0.021728343955472816
0.02993794524050338
0.007224392225544473
0.021155918962849414
0.009464502063758753
0.011890226793889786
0.009698550779604161
0.008426082790693555
0.007101936019148202
0.005734275035348795
0.004331530647308208
0.0029023480018477332
0.0014555333780363973
1.4033133840015667E-14
0.0014552867977679512
0.002901364716148158
0.004329329608798233
0.005730390233501866
0.007095922300627093
0.008417521486996243
0.009687055090163993
0.014701284928305292
0.018492950737776865
0.01094364395342163
0.019401178560238097
0.0057406288098526955
0.01567534953000382
0.017555084342711528
0.01613274458478669
0.020336197779951316
0.012981638274910176
0.014859153381541682
0.01687079295903442
0.013263216819766362
0.01727080527606127
0.015786517219020073
0.015078910211985597
0.022559334138838667
0.01746910760807997
0.01719529925617104
0.017322556111494802
0.010540044953712729
0.016146679362354352
0.014513801079613838
0.01621790213216449
0.0145018329146022
0.009676400843693155
0.008407551610461413
0.007086917623861522
0.00572263377781674
0.004323103446454532
0.002896946794173841
0.0014529477539730398
