1.0
0.9989725854527289
0.9958941397184462
0.9907760398146913
0.9836371918337674
0.9745039478168526
0.9634099899352758
0.9503961825331821
0.9355103927392282
0.918807280505071
0.900348059073981
0.8802002270235766
0.8308846343033349
0.8076249581694417
0.7829170038539217
0.7201622047986344
0.6206656206590254
0.5561414793502021
0.5256696743698525
0.4954501776760936
0.43655949535306493
0.4325476278637231
0.4000694858385539
0.3693005549873075
0.37177392530471454
0.4077577477824048
0.4097416608382461
0.3755785136892737
0.3414758838671398
0.333953820079637
0.30020068627509555
0.2668332813211874
0.23395677675898352
0.20167312991975325
0.17008068053331005
0.13927376632762734
0.10934235931995522
0.08037172439209735
0.0524421016274367
0.02562841376529691
6.895646083084027E-18
0.024379622781927443
0.04745297037168244
0.06916877240348801
0.08948212364992592
0.10835460493099784
0.1257543732716555
0.14165622109465512
0.15604160438810832
0.16889863993921161
0.18022207187652986
0.1900132079121811
0.22250833017389285
0.22911652677856775
0.23423498368412518
0.26977766939565134
0.32621992700224967
0.3559237062515786
0.36489388791158944
0.3618935226113259
0.3861622112374794
0.3529351042828301
0.34718267887843607
0.32774522537242806
0.2911320471287812
0.23345322838091223
0.19437759673246593
0.18439119550087132
0.17371681323984253
0.1405515959584025
0.12883908052317347
0.1166724524079368
0.10413347464621639
0.09130375337943761
0.07826434592779981
0.06509537670314819
0.05187566279556145
0.038682351000812285
0.02559056798264992
0.012673085182488532
0.0
0.01236156532820592
0.02434774582752891
0.035898195646728366
0.046956328580889356
0.05746953627456676
0.0673893832471316
0.0766717780093523
0.08527711967004846
0.09317041956355257
0.10032139756208602
0.10670455287113945
0.09868052457033258
0.10361573476242927
0.10776199318534958
0.08508870741749772
0.06937070111925306
0.05979741356052382
0.03091654101611654
0.028915640471411437
0.018563744991370507
0.028900599500483827
0.03141421497820248
0.06165426249861632
0.06939501069699981
0.0783727259830659
0.09767376636888894
0.09254121110216491
0.08693314151279238
0.08919691902778051
0.0821971468073987
0.07482035430154892
0.06711710121238228
0.05913896231121327
0.05093822132600522
0.04256756538062812
0.03407978162745188
0.025527457685862787
0.01696268746207251
0.008436783880033005
1.0702416933174996E-15
0.008298740059596537
0.016412099049192767
0.02429457209091825
0.03190271856496265
0.03919537927375635
0.04613387787015472
0.052682205632239104
0.058807188768007015
0.0644786375373898
0.06966947658610788
0.07435585599533757
0.0883011038928226
0.09152410099219738
0.09422042226826195
0.10580947895533807
0.10469174756284
0.11491156949360605
0.1473607329987743
0.13969879419215336
0.162577980917066
0.1358494568967462
0.14029974481792057
0.10362787299193117
0.0911782046850328
0.09429408983066916
0.08459921906363888
0.0806699544637487
0.07638211250693074
0.06548986096701226
0.06049987700365086
0.05520449656085592
0.049639640524936274
0.04384237336355515
0.03785067190997309
0.0317031915808827
0.025439031390899522
0.019097499119955837
0.012717877975441397
0.006339196069147016
5.001832600406196E-16
0.0062618662024644224
0.012409475561787245
0.018407024902624566
0.024220032755730994
0.02981552737365652
0.0351622238776097
0.040230689627296666
0.044993496981779776
0.04942536269936617
0.053503273308290814
0.05720659586665629
0.06976222867854134
0.0726873497156787
0.07523134884973556
0.07219215869128948
0.08940000841910925
0.0964112479591059
0.06922613646016372
0.07285926018540938
0.053876165021786514
0.07421183341852415
0.07108910657418269
0.09774527775986386
0.09070216530583153
0.07374007639228321
0.07367924478366428
0.07106167721832832
0.06814192841195511
0.05187727902217848
0.04799358665120096
0.043855240091815316
0.039489974235264826
0.03492661100535001
0.030194876749064868
0.025325216019944592
0.020348602879240455
0.015296350844885261
0.010199922616160295
0.005090740693763871
3.6959133862226396E-16
0.0050415164172286624
0.010003617540091206
0.014856879372910269
0.01957281378612272
0.024124030271785994
0.02848438971977395
0.03262914937775003
0.03653509821676839
0.0401806819868279
0.04354611731320112
0.046613494253767124
0.041196300074985155
0.0430807661239539
0.044694912160819514
0.03379203265616014
0.028715699388201458
0.02719065902220489
0.05558917971902623
0.042135847854058356
0.03884708158874521
0.041471063017269154
0.05347263460478188
0.025436993559799167
0.02788194527307448
0.02787046021718488
0.03941888760937011
0.037057744999895365
0.034487463846326685
0.04307047863746734
0.03988390194163722
0.03647909300014349
0.03287863137833122
0.02910609616760555
0.02518591587948798
0.02114321444761072
0.01700365428408338
0.012793277347068132
0.008538345181071707
0.00426517889045586
1.1681568725350582E-15
0.004231226855953556
0.008402948491872616
0.012490174076164862
0.016468621510455424
0.020314858443544127
0.024006437118553124
0.027522022293951058
0.030841511525970405
0.033946147150063305
0.03681861935330238
0.039443159786787384
0.062385778670744976
0.0644850929032887
0.06630754235540766
0.08270410488792465
0.07583449358582003
0.08104723108814635
0.0772558536741591
0.09995446899541505
0.09120376683390123
0.09978768858958917
0.07599798194313341
0.07783110847733636
0.07173005561659666
0.08293480573816979
0.06484867121431041
0.06286601696566399
0.06064184705392946
0.03692667386834027
0.03421776046337989
0.031317650500897035
0.028245407809626567
0.0250210113145908
0.021665227760588133
0.01819948054447581
0.014645715469339585
0.011026264246839659
0.007363706582085617
0.0036807316787423484
5.204631260965652E-16
0.0036559938856944112
0.0072650565569719735
0.0108054282893095
0.014255912122851887
0.01759599869453547
0.020805986110944665
0.023867094172387263
0.026761572296945986
0.029472800534866533
0.03198538310894033
0.034285233964672666
0.015598294044239062
0.017350901808245587
0.0188824279653775
0.008997094436411925
0.03334161610350717
0.031239013985868567
0.03405339788577732
0.03554427169561744
0.01893274928267415
0.03524122082763444
0.03405059527720096
0.032568314561842206
0.034730832146897185
0.008995721933697336
0.01742924445281937
0.015699817812534423
0.013760693285515572
0.032412810856046755
0.030050316655058106
0.027517322639369516
0.02483035701418517
0.022006789021949476
0.019064718399568192
0.01602286105365571
0.012900431665655075
0.00971702395310731
0.006492489323494726
0.0032468146625329575
4.823329258891721E-16
0.0032280632073138945
0.006417712443587785
0.009549632433256015
0.012604970668224382
0.01556544948029132
0.018413474000505196
0.021132235375583903
0.02370580864346406
0.026119244705548737
0.028358655871713167
0.030411294495708886
0.0517097401304208
0.053274254524626245
0.054620257984246884
0.07401320290655493
0.03453203511315734
0.04251961104841016
0.038411568998361414
0.06857074690391288
0.06613850989223509
0.06739153849036957
0.03647527411176448
0.040815213163811724
0.03180264523102776
0.07137156582864071
0.05248919736684799
0.05085331111963769
0.0490285075581278
0.028969629458260763
0.026868828375115426
0.024613779935093203
0.02221910702400419
0.01970021036208525
0.017073170655951427
0.014354647114387747
0.01156177296143068
0.008712048594939556
0.005823233049989614
0.002913234433606412
2.2017300151949007E-15
0.002898593465300243
0.0057648482892974475
0.008581352929306748
0.011331086723562213
0.013997521750361258
0.016564721191941727
0.0190174336232972
0.02134118267356806
0.02352235153832315
0.025548261854453247
0.027407246486224585
0.01828440148167592
0.019698142120256987
0.02097918060313331
0.010318604989576511
0.044282559024067275
0.03500875168876175
0.04901211918376689
0.029710008270624668
0.029442860830695233
0.03003052769277926
0.04979206509630932
0.03393290858188503
0.04429082397614814
0.011278781371054208
0.02244926967283303
0.021468840769064666
0.020377242642377537
0.02626807974202246
0.024371076804359994
0.02233285365668106
0.020166556388835407
0.017886055366204315
0.015505857279756311
0.013041013712294805
0.010507026791995954
0.007919752519502807
0.005295302366408413
0.0026499437508165856
1.6997491641027457E-15
0.0026382495895491682
0.005248668987354499
0.007815363359245025
0.010322775102727756
0.012755777411734576
0.015099764812139009
0.01734074013054789
0.01946539738242563
0.02146120009284564
0.023316454592685654
0.025020377865605112
0.03717659093510786
0.038311367910259915
0.03928372265006262
0.048029863581450526
0.020832435295106165
0.03672724606427031
0.0192243667797933
0.026614687398473048
0.022513102770752344
0.025876283002428637
0.01897317028992538
0.037413565090125785
0.02031842556046401
0.044543314738368714
0.03687150919026073
0.035548884287092714
0.034088482576275086
0.024102011149964946
0.022367460989532437
0.020502305557444613
0.01851851851852184
0.01642875242294316
0.014246258644900367
0.011984803983146917
0.009658584444421173
0.007282136745880861
0.004870248084481847
0.00243786472953943
1.571743765865797E-15
0.0024283578107891653
0.004832337001503946
0.007197272964717592
0.009508797076713022
0.011752923439940378
0.013916132957618265
0.01598545423832125
0.017948540849477165
0.0197937444627605
0.02151018346102738
0.02308780660561785
0.026836661615049707
0.028043798584857286
0.029124476738804504
0.023490179516509606
0.03792842141971171
0.020992998647137235
0.04919174941950109
0.04472443512173342
0.05303877570053073
0.044938930964356485
0.04843100970724992
0.020669112870396657
0.03723903316619176
0.02522363292208833
0.029820877743194148
0.028860314185311542
0.027771669267493394
0.0223357777884616
0.020733088768745293
0.01900855764427319
0.017173209640044693
0.01523871030511025
0.013217291849713882
0.011121676278227853
0.00896499579792742
0.006760710998605494
0.004522527309871018
0.002264310251769346
3.3940951358182384E-16
0.0022564742107758218
0.004491279322589992
0.006690762809975067
0.00884153564420564
0.010930553364364642
0.012945194766962185
0.014873337741864634
0.016703431801372376
0.018424566870801982
0.02002653793330712
0.02149990514810407
0.02243953596550218
0.02334728167884978
0.024136649490415326
0.024810619246492225
0.019912087018498757
0.040786988018987606
0.015202513248972344
0.008656257022253571
0.019711292891017113
0.008472547238003057
0.01547398109363194
0.040064543413174586
0.019995900320888167
0.022979721504139634
0.022255564253962433
0.021168039892652573
0.01996901138884307
0.020876550878776337
0.019382415367131024
0.01777374660517423
0.016060791128660844
0.014254402945587193
0.012365975136843002
0.01040736837305951
0.008390836793719313
0.006328951709566555
0.004234523600869178
0.002120522893443244
1.2104099323062925E-15
0.002113994882376833
0.0042084917280632225
0.006270679904200985
0.008287986175756224
0.010248151021479692
0.012139302799508605
0.013950029316000723
0.015669446367279943
0.017287262845733887
0.018793842021815554
0.020180258639177544
0.02867780117117001
0.02977628532684319
0.03074006738339835
0.031462114180254734
0.03252878384571936
0.01989397473359768
0.03331159731522659
0.04625877673486875
0.041408666249995764
0.04617290279270488
0.03283701009042294
0.020172433918801674
0.03170158104765276
0.03133820688653617
0.030408484630934648
0.029399282206258617
0.028258681077840103
0.019658737610332863
0.018254951168104598
0.016742774869489725
0.015131808464323368
0.013432231125051364
0.011654737426117013
0.009810470346247406
0.00791095171135031
0.0059680105105360546
0.003993709529247597
0.0020002707528297605
8.065370138277422E-16
0.001994788750869968
0.003971848879046599
0.005919076020934562
0.007824581895462012
0.009676766606714068
0.011464388985831013
0.013176634547165424
0.01480318064946463
0.016334258471107074
0.01776071142865656
0.019074049690994785
0.013918389456605102
0.014947854576907324
0.015854240019036032
0.01795767390509234
0.0198744465384295
0.025009581571622155
0.02440467278663947
0.014085142885773819
0.02256140881635772
0.014316655046049282
0.024572149026525436
0.024265015662470333
0.020595547736214942
0.018237352174144097
0.01561221592364017
0.014669123125676135
0.013602092808645425
0.018634751619661206
0.017306785855208125
0.015875622498043813
0.014350319253920083
0.012740489276206586
0.011056240820027477
0.009308114012787562
0.007507015135159029
0.005664148820682733
0.003790948594133533
0.0018990061775883804
3.639170781990828E-15
0.0018943766504796093
0.0037724873907042916
0.005622823984445706
0.007434076627064182
0.009195202845306956
0.010895494593688389
0.012524643141228486
0.014072801356562404
0.015530643016464785
0.01688941878175903
0.018141008505864448
0.024681222946215147
0.0256461796420809
0.026483437777983405
0.024478078106069442
0.022480830160443187
0.027959913628278956
0.028256054035331067
0.03805667922781559
0.018834980049537164
0.03768098403144919
0.028055617300871482
0.028149877043256482
0.02173851963270461
0.022940598103895676
0.025550801664566872
0.024573144601997388
0.02347444694310008
0.017769308106982497
0.01650534428602376
0.015142585844550586
0.013689633232424546
0.012155621864994864
0.010550164881390586
0.008883293100556949
0.007165392548762103
0.005407139946449113
0.0036194365539024788
0.0018133407843665106
2.81152396956735E-15
0.0018094180900303982
0.0036037940082448393
0.0053721246444725975
0.007103590532065242
0.0087876218546011
0.010413962781396252
0.011972733741571973
0.013454491259361065
0.01485028498961923
0.016151711609941444
0.01735096524590529
0.01536003901632699
0.016391952200559112
0.017302638745438498
0.02413025843600677
0.03373140904393317
0.0252122542679259
0.0192961464537678
0.02075291437348688
0.038238932886758656
0.02096096943003089
0.018886690877591088
0.02549170700016646
0.034831353379067884
0.02514709608238019
0.017760525476269842
0.01693816077417614
0.0159998765878236
0.017035768917321076
0.0158260240008333
0.014521222122824749
0.013129576318165869
0.011659817132503936
0.010121138014666907
0.008523137976575952
0.006875761877446539
0.005189238702476417
0.003474018218222163
0.0017407063958146793
1.0210535903818512E-14
0.0017373792535226003
0.0034607505683597684
0.005159539561487213
0.006823342980656628
0.008441992249957763
0.01000561545647746
0.011504697400989689
0.012930137348572297
0.014273304129170857
0.015526088255910819
0.016680950746739497
0.01871974171501006
0.01961220159633657
0.020388912467705696
0.012698887585548956
0.014561031600372048
0.01670933562099471
0.026458122311176363
0.017458999288798883
0.020992111485490107
0.016904502978782206
0.02654371345806423
0.01516541244514535
0.013185747895972757
0.011675487432148263
0.01969845301144419
0.018816956590303704
0.01782421412323452
0.016413728601427598
0.015249972865765005
0.01399432858408039
0.012654679837934323
0.011239413419892494
0.00975736646651309
0.008217771418265477
0.006630198648210007
0.00500449711499882
0.003350733407389847
0.0016791295566420433
2.5794465180622196E-15
0.0016763119168730811
0.0033394975084880545
0.004979345999415005
0.006585807068181687
0.008149052303017044
0.009659535194490502
0.011108049299676357
0.012485784224254597
0.01378437908291349
0.014995973114480459
0.016113253146075143
0.017353482527399655
0.018275717184256222
0.019084568702735505
0.02926089331521992
0.033126604118111504
0.03219289779425396
0.019650380524707176
0.034057092338634874
0.030291554734939323
0.034392411810636875
0.019936438255591292
0.032924764542498305
0.031908387225983555
0.02919020995180567
0.018996797269333805
0.01818345409281469
0.017261381283437096
0.0158873782292242
0.014762581844747538
0.013548571158449851
0.012252950983888861
0.010883816402483957
0.009449702303209722
0.007959530298461725
0.0064225533456034765
0.0048482984169611176
0.003246507573141178
0.0016270778027968604
1.7754184037134695E-15
0.0016247025454927929
0.0032370357671768304
0.00482709617189273
0.006385131545150059
0.00790160064055027
0.009367231488448735
0.010773077968525663
0.012110574301542084
0.013371587129258974
0.014548464866396677
0.01563408402590019
0.016795073345512366
0.01770063031693752
0.01849920313962092
0.010361958390343099
0.014917202679211105
0.015236500303584036
0.026204256026057773
0.00659898741856963
0.019746377598875115
0.006594749484558846
0.025959304143322443
0.015984391033555475
0.01729473159001273
0.011018747985102972
0.018778734421349214
0.018036819283234713
0.017192694563741822
0.015444371757693096
0.014352440193512755
0.013173533359922971
0.011915019650549218
0.010584747402740473
0.009190996056047571
0.0077424247271505545
0.006248018519881399
0.004717032902416862
0.0031589364957618172
0.0015833526258709598
1.6271990974377938E-15
0.0015813671279536188
0.003151018935389178
0.00469930978405467
0.0062167373821028086
0.00769400099268797
0.00912205833346471
0.010492180819410774
0.011796006812020459
0.013025592550938115
0.014173460457967904
0.015232644520592854
0.015058986091353518
0.01585227244526968
0.016543108023217686
0.023778233829152243
0.02158731809286221
0.03300700549507818
0.020874959716506977
0.037219088896349346
0.018776846458386207
0.0369765419155886
0.02069578967645745
0.03206446482536849
0.020783767685985704
0.022478581233541736
0.01581160242945429
0.015009368448208061
0.014110047870660924
0.01507502617165158
0.014010597974018836
0.012861044675939027
0.011633535736644206
0.010335712165392716
0.00897563904764439
0.007561755518893791
0.006102822496019056
0.004607868489189736
0.003086133828981181
0.0015470136525575222
2.987314038079511E-15
0.0015453766227180438
0.0030796058552964856
0.004593255909152082
0.006077031449696355
0.007521830580312021
0.008918800579129792
0.010259392048025987
0.011535411143220636
0.012739069568689866
0.013863032028240107
0.014900460847379565
0.020077998071122437
0.020967899764824632
0.02175680264596732
0.019238147301108104
0.03189972408675365
0.01818031941757752
0.020705176242183862
0.009078486836709341
0.03052558121437672
0.009495058637787122
0.020627314242145495
0.018299668741494506
0.03219529785049366
0.020632266419460202
0.022327785455488518
0.021636207424035773
0.020844297946789506
0.014771748995782822
0.013730038049236195
0.012604699581219701
0.011402737382906668
0.010131620185263679
0.008799235330310401
0.007413839913161787
0.005984009696894616
0.004518586115967512
0.0030266216949557884
0.001517324219017548
1.4236207269791584E-15
0.0015160034129999573
0.003021354726474937
0.004506796245603058
0.005963200715943507
0.007381627315086835
0.008753376451609297
0.010070043035630473
0.011323567895696066
0.012506287027605758
0.013610978374996032
0.01463090585639845
0.009640075020245057
0.010393286330018695
0.011051566522835189
0.013422119134431311
0.012154996500936896
0.017370435424897513
0.016656737415597176
0.019940254909455987
0.02295025323939057
0.01947066241121745
0.01644630687995353
0.01661936780640597
0.011287089172801353
0.012504363214952399
0.010337788495537773
0.009556987675031998
0.008678174802173866
0.014528624515095977
0.013505294387046755
0.012399509771530157
0.011218138743397022
0.009968509378500872
0.00865836437033322
0.0072958131323875046
0.005889281682092393
0.004447460615536767
0.002979251493703312
0.0014937119704632625
4.2136932137327055E-15
0.0014926825331016938
0.002975146414704499
0.004438271585384977
0.005873063161207855
0.0072707066476937485
0.008622622008380062
0.009920516256842158
0.011156434250423699
0.012322807374819417
0.013412499822263823
0.014418852180572447
0.02289481085999986
0.023735189875209024
0.024474728032744815
0.028231192436813417
0.025098483641217327
0.022728631613808573
0.0230739256926119
0.029549775509974917
0.02418258208927979
0.02995479009474942
0.0232273502047239
0.022874827995428365
0.023856814704937303
0.028747552684020204
0.024574490343524415
0.023856133911800616
0.023039093511772774
0.014341113543080083
0.01333217510720704
0.012241651830628978
0.011076303439816193
0.009843346313629568
0.008550408863451573
0.0072054844060910695
0.005816881820232196
0.004393174290417087
0.002943146454457362
0.001475740279539355
8.968873030979683E-15
0.0014749835446478724
0.0029401288293695316
0.004386419477504442
0.005804959666123999
0.007187028762767375
0.008524134858663022
0.009808066870152345
0.011030944889168585
0.01218526847443048
0.013263962587796305
0.014260420895062438
0.008606525986789668
0.00940058903511518
0.010112320077782887
0.010653122053684131
0.016952237567729317
0.014146272857968708
0.012972755581810356
0.011127612021880284
0.018645017120874734
0.0111148097117425
0.012963610364010945
0.014230273415311377
0.018091501073775895
0.010937098830675661
0.010838268739473793
0.010274893231372668
0.009644699801778624
0.014205836626895911
0.013207562550504379
0.0121282851236922
0.010974681112939347
0.009753882124998496
0.008473430582411661
0.007141233191074882
0.005765512186422503
0.004354754658463053
0.002917660267529658
0.001463087672365661
2.361716353730219E-15
0.0014625903074087499
0.0029156769298874334
0.004350315050562072
0.005757676340101997
0.007129103207226208
0.008456161982299324
0.009730694707846087
0.010944869218245615
0.012091227201866611
0.013162729950765466
0.014152801518086568
0.021837273088301194
0.022566985291774776
0.023203431911349326
0.02707007074691469
0.01760593724095464
0.021058836415651396
0.02376488298385806
0.0329665123533553
0.020608175305276803
0.03270494905347079
0.023665655384587272
0.02095140179923796
0.017590507971691538
0.02614362783600599
0.022620961694675448
0.021900235614884297
0.02109299520934072
0.014120420498242742
0.013129271780950075
0.01205742301399942
0.010911491925409056
0.00969855077960563
0.008426082790695583
0.007101936019153599
0.005734275035345003
0.004331530647311288
0.002902348001852403
0.001455533378034905
1.03963027055163E-15
0.001455286797781049
0.002901364716138168
0.004329329608795183
0.0057303902335240475
0.007095922300629265
0.00841752148700451
0.009687055090153615
0.010896712005369758
0.012039050719149291
0.013107045024553315
0.014094127177915387
0.015226864112806372
0.015982380235745667
0.016669068286527266
0.01633099678373396
0.021161692089641537
0.01901577194947257
0.018452728452238266
0.01621054918893061
0.025912263363382437
0.016590971715234392
0.018849718261358405
0.01941261473520355
0.020796094024905572
0.01753795410078569
0.017733421779321454
0.017214856492633043
0.016621439274802717
0.014083394332788402
0.01309595515591042
0.012027846164583876
0.010885648950795777
0.009676400843691731
0.008407551610463623
0.007086917623868923
0.005722633777812964
0.004323103446454037
0.0028969467941664406
0.0014529477539706342
