1.0
0.9989725854527298
0.9958941397184461
0.9907760398146911
0.9836371918337674
0.9745039478168509
0.9634099899352753
0.9503961825331823
0.9355103927392299
0.9188072805050695
0.9003480590739795
0.8802002270235768
0.8584372731615432
0.8351383556816387
0.773534720140355
0.6287278336679838
0.5744081431917749
0.5824656804135611
0.5899792270389361
0.4767710385497205
0.43655949535306443
0.4138335251139629
0.4641297570526251
0.3944059932535241
0.3259158280499748
0.318842982672477
0.40005510171637043
0.4021830558279345
0.36798471756719925
0.33395382007963686
0.30020068627509583
0.26683328132118683
0.23395677675898283
0.2016731299197532
0.17008068053330985
0.139273766327627
0.10934235931995492
0.08037172439209703
0.05244210162743644
0.025628413765297196
0.0
0.02437962278192714
0.04745297037168266
0.0691687724034879
0.08948212364992558
0.10835460493099759
0.125754373271655
0.14165622109465476
0.15604160438810744
0.1688986399392117
0.18022207187652883
0.19001320791217993
0.19827982582151651
0.20503605084075022
0.24508780530629665
0.3539258816929997
0.3770700268555645
0.3422981625702085
0.3050120577349311
0.3818676700804184
0.3861622112374795
0.3730019000642983
0.28796359809371946
0.3168230720111727
0.34329667501224603
0.31492512143923507
0.20593728624418034
0.16228884351832484
0.1517284766718173
0.14055159595840203
0.1288390805231734
0.11667245240793671
0.10413347464621647
0.09130375337943764
0.07826434592779982
0.0650953767031476
0.05187566279556126
0.03868235100081228
0.025590567982649495
0.012673085182488377
3.1198198745173205E-16
0.012361565328205313
0.02434774582752878
0.03589819564672769
0.046956328580889134
0.05746953627456621
0.06738938324713115
0.0766717780093515
0.08527711967004831
0.09317041956355217
0.10032139756208593
0.10670455287113947
0.11229920923996574
0.1170895346526228
0.09390314445992541
0.07599893245311878
0.07113203030439516
0.045318886655722326
0.07962659316063153
0.01102248460952331
0.018563744991371377
0.010845522143356476
0.07905658772906826
0.04388032353112112
0.0715892423723489
0.0774265397849628
0.08307668028104129
0.1018700663812941
0.09577043133222564
0.08919691902778056
0.08219714680739816
0.07482035430154872
0.06711710121238186
0.0591389623112126
0.0509382213260048
0.042567565380627746
0.03407978162745149
0.025527457685862637
0.01696268746207189
0.008436783880032963
5.476456006781692E-16
0.00829874005959644
0.01641209904919289
0.024294572090916976
0.03190271856496196
0.03919537927375598
0.04613387787015437
0.05268220563223877
0.05880718876800647
0.06447863753738887
0.06966947658610796
0.07435585599533735
0.07851724266229292
0.08213649173906536
0.11105917985226793
0.1639090777980579
0.16254784757363103
0.13478869472670893
0.10652047949697381
0.16356682675792183
0.16257798091706666
0.15976114910192726
0.10080549182077234
0.12498687384862388
0.1478857196762615
0.14871781709281073
0.10246247134727116
0.0744170322576716
0.07013989843314564
0.06548986096701254
0.06049987700365055
0.05520449656085596
0.0496396405249368
0.043842373363554905
0.03785067190997263
0.031703191580881245
0.025439031390900074
0.019097499119955893
0.012717877975440755
0.00633919606914724
4.914554609079639E-16
0.006261866202464606
0.012409475561786046
0.018407024902624528
0.024220032755730453
0.029815527373656017
0.03516222387760886
0.040230689627297485
0.044993496981779
0.04942536269936591
0.05350327330829003
0.05720659586665571
0.060517173619378826
0.06341940615120156
0.05995632173709068
0.06907846300080053
0.059550536452027555
0.06600243544057788
0.10715522969322772
0.04670653329215144
0.053876165021785855
0.04798841018065949
0.10884140387997068
0.06918147498727101
0.05844164665109208
0.0660780005537163
0.058904597914443496
0.0587762583086751
0.055479847234250014
0.0518772790221786
0.047993586651201424
0.0438552400918163
0.03948997423526479
0.034926611005348836
0.030194876749064938
0.025325216019944412
0.020348602879240788
0.01529635084488398
0.010199922616160284
0.005090740693763464
7.016858800618935E-16
0.005041516417227854
0.010003617540090154
0.014856879372912487
0.01957281378612262
0.024124030271786463
0.028484389719773743
0.0326291493777515
0.036535098216766745
0.04018068198682794
0.043546117313199934
0.046613494253765646
0.04936686681015447
0.05179233096025108
0.06764979431457845
0.06691181377168881
0.056994139577318075
0.06785260643169526
0.05571266369852782
0.05337277449272615
0.03884708158874391
0.05176622739257109
0.055652986593863384
0.06849363341677281
0.0536437081113074
0.059858115336928135
0.06297413054595902
0.048704480630815124
0.046017388331818204
0.043070478637467394
0.03988390194163641
0.03647909300014408
0.032878631378331816
0.02910609616760441
0.0251859158794871
0.021143214447610564
0.017003654284083243
0.012793277347068982
0.008538345181072183
0.004265178890455495
8.218071608304105E-16
0.004231226855953354
0.008402948491872281
0.012490174076164299
0.016468621510453314
0.020314858443545157
0.024006437118550612
0.02752202229395018
0.030841511525969596
0.033946147150062035
0.03681861935330058
0.039443159786787925
0.04180562522719343
0.04389357085926371
0.05665119087492183
0.04542514053543259
0.05784955712667613
0.09266532289311394
0.11547844052402206
0.0754017563271727
0.09120376683390294
0.07542450774470456
0.11432841478566542
0.09257593699528098
0.05765764005033879
0.04312225541805719
0.056390952157527645
0.04169996125597172
0.039426364573644096
0.03692667386834142
0.03421776046338005
0.03131765050089637
0.028245407809628288
0.025021011314591907
0.0216652277605892
0.01819948054447517
0.014645715469340539
0.011026264246839385
0.007363706582083494
0.0036807316787437483
1.233538887281533E-15
0.003655993885694993
0.007265056556972837
0.010805428289307624
0.014255912122850803
0.017595998694534334
0.02080598611094451
0.023867094172387155
0.0267615722969452
0.02947280053486924
0.03198538310894046
0.034285233964673624
0.03635965386519442
0.03819739861925967
0.04100252396736512
0.05338354108239438
0.06292211449182446
0.08072570708260182
0.04266432735979916
0.01934967206710271
0.018932749282673047
0.019032729902869163
0.04107453744138461
0.08051916503367748
0.06390621888471883
0.055614244344576416
0.037756671644076895
0.03656502344139401
0.03458922414218238
0.03241281085604799
0.030050316655058567
0.027517322639369148
0.02483035701418567
0.022006789021950097
0.019064718399569882
0.016022861053655822
0.012900431665655352
0.009717023953107461
0.006492489323495025
0.003246814662535272
4.450881098758689E-16
0.0032280632073142562
0.006417712443587756
0.009549632433255796
0.012604970668223178
0.015565449480291238
0.018413474000503104
0.021132235375582537
0.023705808643463097
0.026119244705546857
0.02835865587170933
0.030411294495707775
0.03226562426294481
0.033911383739059116
0.05392846749925467
0.03018573878404094
0.04271481567140134
0.06572358546074768
0.07479650125605843
0.05953783694299803
0.06613850989223223
0.05896045570901895
0.07240266372893375
0.061917366872802006
0.03977783999020536
0.02829898475038799
0.05327133654395929
0.032654443927107805
0.030902431730860627
0.028969629458262466
0.026868828375114194
0.024613779935096787
0.022219107024004408
0.019700210362087505
0.01707317065595277
0.014354647114387479
0.011561772961429757
0.00871204859493929
0.00582323304999133
0.002913234433604507
2.869792057594944E-16
0.00289859346529929
0.00576484828929826
0.008581352929305033
0.011331086723561192
0.013997521750359126
0.01656472119194104
0.019017433623295506
0.021341182673566765
0.02352235153832197
0.02554826185445237
0.027407246486223585
0.02908871580949426
0.03058321712295627
0.022354657897553164
0.062199466749997066
0.053223673285711405
0.06510550003114791
0.017747181152525257
0.027197101523953833
0.029442860830694025
0.027639010553189527
0.01813688981785357
0.0635711860824112
0.05028360054274029
0.061252916327371655
0.020168754294905476
0.02958996092175547
0.02801152456911235
0.026268079742025406
0.024371076804359453
0.022332853656678548
0.020166556388835948
0.017886055366203288
0.015505857279753095
0.013041013712294667
0.010507026791995928
0.00791975251950245
0.005295302366407356
0.0026499437508182636
2.4509615640163153E-15
0.0026382495895497407
0.0052486689873559155
0.007815363359241708
0.010322775102730207
0.012755777411734195
0.015099764812139965
0.017340740130548194
0.019465397382424903
0.02146120009285024
0.023316454592683247
0.02502037786560705
0.026563159556023737
0.02793601778524665
0.04833905502793868
0.013613188065991677
0.025806781001190424
0.011548858364833188
0.040964779281910293
0.04187106899383372
0.022513102770753045
0.04151772245066994
0.04016885032599803
0.008601768968307827
0.027648583417312095
0.012244720782872741
0.04729080957423644
0.02713524842484379
0.025694737479845894
0.024102011149965307
0.022367460989531383
0.02050230555744351
0.018518518518524797
0.01642875242294338
0.014246258644902808
0.011984803983147394
0.009658584444421262
0.007282136745881002
0.004870248084482814
0.0024378647295409048
1.754478810657354E-16
0.002428357810789516
0.004832337001507218
0.007197272964718554
0.009508797076711577
0.011752923439939214
0.01391613295762012
0.015985454238319964
0.01794854084947567
0.019793744462761508
0.02151018346102284
0.02308780660561907
0.02451745139445858
0.025790896774976688
0.011426241341105071
0.04400226723406233
0.020111963367999162
0.05308109236640336
0.02990280601452583
0.03449158381867659
0.053038775700531414
0.03439655194481405
0.02999527414633652
0.05277704289362965
0.017138704404465882
0.04061521028714201
0.01064457661660952
0.025135146105054285
0.023806309798951125
0.022335777788462668
0.020733088768744086
0.019008557644272592
0.017173209640041
0.015238710305111001
0.013217291849714556
0.011121676278225317
0.008964995797928659
0.006760710998604709
0.00452252730986855
0.0022643102517683057
2.0403412270332437E-15
0.0022564742107767746
0.004491279322587322
0.0066907628099761715
0.008841535644205825
0.01093055336436548
0.012945194766961727
0.014873337741865174
0.016703431801368275
0.018424566870804127
0.020026537933309677
0.02149990514810508
0.022836049090252997
0.024027220790951275
0.04081822826043751
0.02183423499753037
0.048759492843108466
0.02651576259259686
0.029518881965888255
0.025099007182166008
0.01971129289101066
0.024704028079569066
0.0290334368359656
0.02751353077753982
0.050013754046105086
0.024231628003443195
0.039647113661768506
0.023483658768739285
0.022246578963337742
0.020876550878775466
0.019382415367126947
0.017773746605170566
0.016060791128662932
0.014254402945588652
0.012365975136842663
0.010407368373059429
0.00839083679371816
0.0063289517095671015
0.004234523600874152
0.002120522893444965
1.3254601872532682E-15
0.0021139948823765027
0.004208491728059832
0.006270679904201871
0.00828798617575032
0.01024815102147911
0.012139302799508802
0.013950029316002022
0.015669446367280952
0.01728726284573253
0.018793842021817938
0.020180258639176198
0.021438351486312866
0.022560771136896796
0.010105357358073074
0.01968954360996148
0.0013806414195965697
0.046972782255867644
0.025945439654929816
0.03321685175076625
0.04140866624999827
0.03339662180355779
0.02579493258844614
0.046249020726398034
0.001364669666915441
0.018095812657560603
0.010382370326296695
0.022105999136028284
0.02094517451159276
0.019658737610335975
0.01825495116810288
0.0167427748694892
0.01513180846432723
0.013432231125050797
0.011654737426120903
0.009810470346243452
0.007910951711350808
0.005968010510536509
0.003993709529244632
0.0020002707528285033
1.3423401001663864E-15
0.0019947887508686727
0.003971848879048098
0.005919076020936039
0.007824581895464327
0.009676766606714661
0.01146438898582401
0.013176634547166497
0.014803180649464145
0.01633425847110891
0.017760711428656237
0.019074049690995756
0.02026650046584567
0.021331053762260282
0.03352455003831227
0.03567256092171632
0.045032586413633446
0.023984103936778682
0.025989298302920703
0.02304324062852374
0.02256140881635952
0.023203746320657772
0.026116100656667387
0.022782368808298488
0.04288654771165373
0.03624329077824892
0.03261309678859995
0.02094797567632873
0.01985107461827182
0.01863475161966062
0.01730678585520731
0.015875622498042627
0.014350319253917804
0.012740489276206064
0.011056240820027105
0.009308114012784512
0.007507015135161504
0.005664148820680908
0.0037909485941293496
0.0018990061775882726
1.5933304465951348E-15
0.0018943766504768518
0.003772487390704441
0.005622823984444756
0.007434076627063079
0.009195202845306704
0.010895494593689147
0.012524643141230704
0.01407280135656581
0.015530643016463163
0.016889418781759268
0.018141008505862026
0.01927796956448219
0.02029358091980267
0.011641382246789653
0.01868316173255651
0.013714328363461117
0.04015993985576953
0.023859318386291045
0.03900291797516041
0.018834980049533975
0.038925163647717045
0.023503031245573364
0.040124555090320146
0.015713187900242655
0.019217675184963322
0.011692028111668265
0.019969445908412497
0.018926465904997237
0.017769308106981366
0.016505344286023457
0.015142585844549592
0.013689633232425485
0.012155621864995143
0.010550164881389103
0.008883293100554976
0.00716539254876262
0.0054071399464496375
0.003619436553901651
0.0018133407843694395
3.886508204062014E-15
0.0018094180900274032
0.0036037940082435035
0.005372124644471981
0.007103590532065493
0.008787621854600048
0.010413962781397461
0.011972733741572554
0.013454491259361458
0.014850284989619858
0.016151711609939185
0.01735096524590209
0.018440884127873737
0.019414993201401963
0.029010753796434963
0.033033848954842675
0.019600447395481887
0.006829089988541461
0.028301022863150116
0.021579386273875383
0.03823893288676078
0.02137366182729397
0.028506622150443084
0.005843253689762965
0.01784725896428394
0.03185046916324476
0.028685788417414246
0.01914012909250959
0.018142812882803894
0.01703576891731754
0.01582602400083336
0.014521222122817628
0.013129576318167094
0.011659817132505771
0.010121138014666253
0.008523137976575971
0.006875761877445559
0.005189238702475164
0.0034740182182256326
0.0017407063958158726
9.044331371013953E-15
0.0017373792535217032
0.0034607505683602936
0.005159539561488401
0.006823342980656799
0.008441992249952757
0.010005615456473773
0.011504697400989847
0.012930137348569189
0.014273304129173587
0.015526088255911433
0.0166809507467385
0.01773096835676901
0.018669874950324482
0.010699585421046038
0.01881585266180845
0.03142068088281516
0.040703666660633006
0.011259961397425243
0.02571780028190878
0.02099211148547056
0.025262007412056683
0.01087548659752602
0.04045771042586628
0.03240292661727354
0.018200785291265488
0.010311906924813761
0.018436844561122545
0.017478263788003667
0.016413728601429162
0.01524997286576435
0.013994328584082465
0.012654679837932404
0.011239413419898682
0.009757366466513453
0.00821777141826204
0.006630198648208494
0.005004497114995931
0.003350733407391827
0.0016791295566420438
2.017624645238518E-15
0.0016763119168738954
0.0033394975084922794
0.004979345999413003
0.006585807068182611
0.008149052303014012
0.009659535194494468
0.0111080492996771
0.012485784224255374
0.01378437908291499
0.014995973114481302
0.01611325314606896
0.017129497620316087
0.01803861692133996
0.028454963728342046
0.024808736483149144
0.021747662541512294
0.003563818546211541
0.03931143894063198
0.024642686694693484
0.030291554734947997
0.025034192381533447
0.040049523963527456
0.004178970598054821
0.022711870364159448
0.024548686621822656
0.02863392761334906
0.017841642080428106
0.016915893288925295
0.015887378229221913
0.014762581844750367
0.013548571158450567
0.012252950983888861
0.010883816402484712
0.009449702303207099
0.007959530298464511
0.006422553345601903
0.004848298416959083
0.003246507573140886
0.0016270778027944357
1.8909539861326265E-15
0.001624702545492411
0.0032370357671751976
0.004827096171892255
0.006385131545152802
0.007901600640538358
0.009367231488446546
0.010773077968526112
0.012110574301537778
0.013371587129260462
0.014548464866396741
0.01563408402589937
0.0166218922375698
0.017505947700956617
0.0074110700575314775
0.012729315765394328
0.030253830348848185
0.031010933967335935
0.019299030622290048
0.01766235643692407
0.01974637759887358
0.01771081207482314
0.01974381547225904
0.029859658926320684
0.028896600155428078
0.012031891181565847
0.006901970373462594
0.01734050777602206
0.0164424855570606
0.01544437175769059
0.014352440193509975
0.013173533359925035
0.011915019650552217
0.010584747402743634
0.009190996056051282
0.007742424727155215
0.006248018519876055
0.004717032902415624
0.0031589364957626226
0.001583352625872227
3.0581730084025133E-15
0.0015813671279542778
0.003151018935386222
0.004699309784057385
0.006216737382102657
0.007694000992689113
0.009122058333474627
0.010492180819413447
0.01179600681201671
0.013025592550942225
0.01417346045796878
0.015232644520589127
0.016196732480058474
0.0170599045689413
0.030120367951104118
0.02762199696094689
0.023295198700085878
0.01570318257867812
0.04580527564265355
0.034364590014761186
0.018776846458381034
0.03431519142193177
0.045488167430086074
0.01670775506189152
0.022593380094872013
0.02821432473135929
0.030383450285065398
0.016922451818407045
0.01604767598688524
0.015075026171651459
0.014010597974020733
0.012861044675941423
0.011633535736642253
0.010335712165389746
0.008975639047644904
0.007561755518895633
0.006102822496011836
0.0046078684891883645
0.003086133828976111
0.0015470136525670497
5.07029823087556E-15
0.0015453766227185978
0.003079605855302592
0.004593255909153824
0.006077031449702503
0.007521830580310445
0.008918800579125422
0.010259392048027763
0.011535411143220457
0.012739069568686801
0.013863032028235918
0.01490046084737949
0.015845057494123047
0.01669110074708097
0.006401885398610355
0.008996100193123685
0.018122616078227505
0.016334368246434163
0.01862122883062
0.017113663492213826
0.030525581214386793
0.017076703451037088
0.018281482640220406
0.015525018825830437
0.018518518518508047
0.008822457695729891
0.00693667359023529
0.016578855848734177
0.015723337082127337
0.014771748995786087
0.013730038049236481
0.012604699581220057
0.011402737382906541
0.010131620185264903
0.008799235330316277
0.007413839913162788
0.005984009696892427
0.0045185861159635545
0.003026621694952614
0.0015173242190115242
3.52337641865284E-15
0.0015160034130019399
0.003021354726478415
0.004506796245606422
0.005963200715940475
0.007381627315090372
0.008753376451604886
0.01007004303562837
0.011323567895694225
0.01250628702760799
0.01361097837499911
0.014630905856394092
0.015559860370934523
0.01639219753331875
0.03128599224611935
0.029109190051035357
0.016024375702253364
0.025105215005611133
0.029503570085123713
0.02209780441898327
0.022950253239403435
0.021642427649284486
0.028378335391460074
0.025381010487101122
0.015585766881023703
0.028713759676063905
0.03129637336463724
0.01630300148683025
0.015463134670323314
0.014528624515091263
0.013505294387047733
0.012399509771530393
0.011218138743394395
0.009968509378501933
0.00865836437033032
0.0072958131323866155
0.005889281682092871
0.004447460615541561
0.0029792514937034514
0.0014937119704672716
5.677331759484431E-15
0.0014926825331014317
0.0029751464147011264
0.00443827158539215
0.0058730631612044564
0.007270706647696746
0.008622622008380132
0.009920516256840012
0.011156434250422736
0.012322807374815859
0.01341249982225744
0.01441885218057242
0.015335722067306585
0.01615752156148592
0.012112601446212772
0.010218427835862905
0.031434080094480205
0.01232249966839183
0.02112057769070055
0.02379231851981434
0.02418258208928647
0.02407950823796778
0.021671836489374704
0.012664926972999204
0.03257861880772541
0.010829271732353044
0.013206273082777912
0.016089728230581683
0.015262205901332307
0.014341113543085504
0.013332175107200514
0.012241651830625531
0.011076303439817222
0.009843346313627847
0.008550408863457417
0.007205484406094709
0.005816881820240206
0.004393174290422157
0.0029431464544634463
0.0014757402795404684
5.8332463318349636E-15
0.0014749835446485873
0.0029401288293771045
0.004386419477500378
0.005804959666123652
0.007187028762771263
0.008524134858661337
0.009808066870155018
0.011030944889170146
0.012185268474427883
0.013263962587799535
0.014260420895066416
0.015168546166191638
0.015982787528709477
0.03026486625151529
0.024114202289588396
0.010912073087659846
0.025927442232187237
0.011815086199352256
0.010734954509455085
0.0186450171208774
0.010738595440316514
0.011427084487414233
0.02592764904509201
0.009996954913059733
0.02344709412993179
0.02987898874262643
0.01593518630004281
0.01511692667163556
0.014205836626892227
0.013207562550508839
0.012128285123692649
0.01097468111294098
0.009753882125000347
0.008473430582413783
0.00714123319107382
0.005765512186422351
0.004354754658464237
0.002917660267525891
0.0014630876723659373
5.440932194503222E-15
0.0014625903074097456
0.0029156769298859914
0.004350315050560018
0.005757676340102014
0.007129103207218534
0.008456161982300255
0.009730694707843
0.010944869218250988
0.012091227201864136
0.013162729950768589
0.014152801518092624
0.015055369018600767
0.0158648998259166
0.01945440975365155
0.016074426125435824
0.032048121225982794
0.020722704562815008
0.02603783135198374
0.028238163466916683
0.020608175305275277
0.02810950178392023
0.02579128692544954
0.02141085853134842
0.030779956644202237
0.016749587288067785
0.02050530655733891
0.015836661327484215
0.015024746775896746
0.014120420498238983
0.013129271780952934
0.012057423013997759
0.01091149192541219
0.009698550779605216
0.00842608279069587
0.00710193601915547
0.0057342750353461406
0.00433153064731527
0.002902348001856783
0.0014555333780339548
4.507714710925474E-15
0.0014552867977855857
0.0029013647161472205
0.004329329608795596
0.005730390233532957
0.007095922300627733
0.008417521487005796
0.009687055090148229
0.010896712005372578
0.012039050719144928
0.01310704502454762
0.01409412717791769
0.01499422823228632
0.015801815300145967
0.026549798213381888
0.020276984683119073
0.011381231505042973
0.026349075882545737
0.014856156617508182
0.017453065779853803
0.025912263363391412
0.017744896179759564
0.015449149766689452
0.02627547852530086
0.013369497934318816
0.019957465563144042
0.025773244016288964
0.015792455509407444
0.014984078339834509
0.014083394332788903
0.013095955155911557
0.012027846164580362
0.010885648950791499
0.009676400843688735
0.008407551610464062
0.007086917623864066
0.005722633777812771
0.004323103446450009
0.00289694679416481
0.0014529477539623364
