1.0
0.9989725854527299
0.9958941397184483
0.9907760398146899
0.9836371918337681
0.9745039478168541
0.9634099899352779
0.9411374078729985
0.7790453410104892
0.6710758486144525
0.6810184074778605
0.7426556442889862
0.7942219702115038
0.7802865028642447
0.7557538169144588
0.7295024134026837
0.7022314480340864
0.6737982838928629
0.6445563628624599
0.42573302678515745
0.3873350535687756
0.3639070109227862
0.5182632261910372
0.48471941623226883
0.4511655618049669
0.4173350181519336
0.38419606233611336
0.34979609768215725
0.3066091720356088
0.20429749062331345
0.1122678579369187
0.06615796472094797
0.09417935987948418
0.19242504654866932
0.17008068053330952
0.13927376632762753
0.10934235931995427
0.08037172439209704
0.0524421016274364
0.025628413765296582
2.4801281675433253E-16
0.02437962278192715
0.04745297037168246
0.0691687724034879
0.08948212364992696
0.10835460493099745
0.12575437327165556
0.15089518034846564
0.28506289292309317
0.3696948546911482
0.3482454533059998
0.30187634585502743
0.2542572684184883
0.25154248906816157
0.2555945197095042
0.26177710159000056
0.26385211514951373
0.2645369393430705
0.26214114624151613
0.4083331624699019
0.40588325131737046
0.3977397213884854
0.24686557590310346
0.24223842029626527
0.234683500773524
0.2262172340189142
0.213158067069417
0.20419570855318878
0.20234014168126038
0.23249216472908604
0.2537354932523916
0.27199686224293057
0.20298765168004398
0.10051566167684538
0.07826434592779974
0.06509537670314758
0.05187566279556082
0.0386823510008123
0.025590567982649578
0.012673085182488544
4.217915022033349E-16
0.012361565328204637
0.02434774582752801
0.035898195646727936
0.04695632858088973
0.05746953627456678
0.06738938324713055
0.06749666242391128
0.03567693505584099
0.08030097232542
0.08752152693470064
0.04387172693596133
0.08377744012846658
0.09752755567901569
0.10770957937698201
0.10391286938535976
0.10657422526837276
0.10849129904281013
0.11700953759569484
0.06226830370739897
0.07060490844779854
0.06199710448669215
0.11494611848539256
0.10493297780134993
0.10206095068533803
0.09864116893277378
0.10216861543877821
0.0903584151044926
0.07657947229595145
0.049563017882714284
0.0944456404112442
0.0677762612720837
0.03257597074934235
0.050027418130433654
0.050938221326004986
0.04256756538062839
0.03407978162745238
0.025527457685862502
0.016962687462071344
0.008436783880032186
3.6454584180692267E-16
0.008298740059595805
0.01641209904919098
0.024294572090918426
0.03190271856496225
0.039195379273756326
0.04613387787015425
0.0618073541242892
0.08183063225039516
0.08581863254271906
0.05885620177486285
0.08782795755576157
0.10242814700974784
0.09751001938052906
0.09634928924344865
0.1083133902156394
0.10958860741864737
0.11034602298096359
0.10365563695708731
0.12250541153854126
0.11125362146770085
0.11781379861243517
0.09922173787798527
0.10421265015049556
0.10153908867596917
0.098457550011899
0.0839929119945924
0.08419928233105584
0.0874096967343112
0.060919783978613806
0.01836015045894194
0.041893421452424494
0.05760549972646286
0.05291279543472142
0.03785067190997332
0.03170319158088232
0.025439031390899817
0.01909749911995506
0.012717877975441178
0.006339196069146499
7.764418680207087E-16
0.006261866202462324
0.012409475561784525
0.018407024902624643
0.024220032755729374
0.029815527373655754
0.03516222387760951
0.03132248690577599
0.05554403843959491
0.07480081029639084
0.11215608483514301
0.07763243095616262
0.06168860178446113
0.07361902845382852
0.08854615615838471
0.08861645873846369
0.09028598324899088
0.09157282616307123
0.10424018616113286
0.08914769367897932
0.09465183412205129
0.08998799342953846
0.10394548765254968
0.0910459469616842
0.08962798527098566
0.08786339476884608
0.08601540950114635
0.06995854698231105
0.057603703044455605
0.07954856392573474
0.10476397970855299
0.07673305735367218
0.062184059681133046
0.02615584853042582
0.030194876749063928
0.025325216019943527
0.020348602879240417
0.015296350844881708
0.010199922616160605
0.005090740693767203
5.2673102124843815E-16
0.0050415164172292
0.010003617540092526
0.014856879372913294
0.01957281378612215
0.024124030271786452
0.028484389719771887
0.04156272213937563
0.06277301840907165
0.05207634821965696
0.027334244402528084
0.019833811725251744
0.050377136349465695
0.044830341722141044
0.03551844213576505
0.0458805151696078
0.046462977620838536
0.04680112857206259
0.033447938362733305
0.059884690881127925
0.06937828350074149
0.0601785436069764
0.030721129891769144
0.04327303342558036
0.041801272241638966
0.04012288405356076
0.03092996880587414
0.04165283679965058
0.04721427186033399
0.019517297956219926
0.0275507964671066
0.05475309213857017
0.062425299384663666
0.03796373674630014
0.025185915879489432
0.02114321444761097
0.017003654284083267
0.012793277347070921
0.008538345181073137
0.004265178890457371
2.123823916492355E-15
0.004231226855952935
0.00840294849187095
0.012490174076165574
0.01646862151045565
0.02031485844354612
0.024006437118550505
0.019132817901271203
0.04871263473084448
0.04671034773730718
0.049453381118673326
0.05733494947830395
0.03720419640224325
0.047787373371776805
0.06593097955604522
0.07808147113037496
0.07923004443183021
0.0800798237147318
0.09211464887059884
0.07590502741218434
0.06720375687889982
0.07454167966851619
0.09114190762014186
0.07878873479453091
0.07753230315930534
0.07599670625768364
0.06166601285687227
0.04241621301313561
0.0315139087629248
0.046117789545947786
0.034217760463381784
0.030164034708152324
0.03550035234977302
0.01686656953869977
0.021665227760591443
0.018199480544474813
0.01464571546934253
0.011026264246836672
0.007363706582083536
0.0036807316787410304
2.1246612816749452E-15
0.003655993885695965
0.007265056556970411
0.010805428289309818
0.014255912122850276
0.017595998694534522
0.020805986110943992
0.03254850031914637
0.03742818535761995
0.03799036161706329
0.03900146948606995
0.03563472786205684
0.05042732570417832
0.043857971894269675
0.0282983568675795
0.013988552070372993
0.015056703828397943
0.015889810672319572
0.01419785237909865
0.04438529797400527
0.04575758165309595
0.043730635210241536
0.01576273306774049
0.015566174156576256
0.01462549142210617
0.013444783111173607
0.029673705954108922
0.04548032878773072
0.05222793014197789
0.041107675065689506
0.04021368676387668
0.03027900101366967
0.022433581100786235
0.03059511025794296
0.019064718399568484
0.016022861053657227
0.012900431665655554
0.009717023953107315
0.006492489323494437
0.0032468146625333916
2.1190615294945424E-15
0.003228063207314187
0.0064177124435863655
0.009549632433258175
0.012604970668222054
0.015565449480289172
0.018413474000502545
0.013579371766651253
0.034077877639889
0.03307100038323313
0.03614760049720105
0.017763615053450553
0.01053716131623327
0.020490987750682945
0.03873807390799893
0.058126878929559034
0.05891296603589692
0.05946303254025563
0.06754272338083527
0.04510551741827959
0.052779026727437665
0.0455591288899437
0.06610376263344872
0.05774200844789781
0.056638870540705676
0.0553172306676406
0.035742830293423275
0.018458437110753692
0.007688538550625285
0.01564361451790604
0.03706307187382295
0.039567371353352
0.043558094663608826
0.012491964623193783
0.01707317065595505
0.014354647114386762
0.011561772961430081
0.008712048594936772
0.00582323304999097
0.0029132344336084163
1.0350730407455023E-15
0.0028985934652978316
0.005764848289295587
0.008581352929307045
0.011331086723557359
0.013997521750361246
0.01656472119193825
0.0273967217219402
0.006469349415879431
0.008327748864066621
0.017722970861690123
0.04336791194401621
0.05356272866700526
0.048190386146143016
0.032715685949703185
0.022629605239387743
0.023633285689842895
0.024450800492350756
0.038486743299004186
0.03649757811890056
0.03155640408965586
0.03635226955060537
0.03923713577647352
0.02521527344655802
0.024662409339756292
0.02393075671625444
0.03207871509598036
0.047345409210939965
0.05200958473595055
0.03875295083553084
0.012564222235848401
0.0039881865220744266
0.010102553420925081
0.026157532983062448
0.015505857279756013
0.013041013712296318
0.01050702679199917
0.00791975251950223
0.0052953023664115756
0.002649943750819758
9.816737930230981E-16
0.002638249589550038
0.005248668987354608
0.007815363359243842
0.01032277510272802
0.012755777411736322
0.015099764812140305
0.01095215586053898
0.04888401638522143
0.04098915066307942
0.03747484247498647
0.01944188441948875
0.016867335744737123
0.026381037725094644
0.030804335309574087
0.03679268225734313
0.037417550174417634
0.03785790502658135
0.03795443415908187
0.05174709955826978
0.05364220641394816
0.051221692526914164
0.03652226858936728
0.03651871004394944
0.03564303062485838
0.03459220368992348
0.03165697592442868
0.02916948647265911
0.019826645696921757
0.02326868289753925
0.037719940141344
0.0382188792339784
0.04275957396990614
0.010476923171397617
0.014246258644902605
0.011984803983150147
0.009658584444417258
0.007282136745884265
0.004870248084481512
0.002437864729541033
8.332340458864723E-16
0.0024283578107879124
0.004832337001505213
0.007197272964717742
0.009508797076711597
0.011752923439942102
0.013916132957619386
0.024018881293469803
0.014574195970168326
0.026219554652926438
0.03159476984289828
0.01861976424519722
0.039179386591538676
0.037170317130089704
0.022911594563385058
0.02811889763506791
0.028913913841693728
0.0295352814716468
0.04549438922404322
0.026392159331306914
0.02831657321998721
0.02664300103016187
0.045442812433465325
0.02948646174843994
0.028854377003573402
0.028053004365610954
0.020664995903000753
0.03400365860687245
0.034818221793644716
0.015606544503840912
0.03243390901305274
0.0288057387412543
0.018437119734252883
0.023150900449441465
0.013217291849714352
0.011121676278223374
0.008964995797930423
0.00676071099860649
0.004522527309868972
0.0022643102517673924
0.0
0.0022564742107731048
0.004491279322587467
0.006690762809972515
0.008841535644203629
0.01093055336436261
0.012945194766958793
0.009887880195022734
0.01870595582840183
0.026525810928412857
0.025305271471806803
0.03297674171729703
0.027429708308898626
0.037703884205008656
0.036801413526850374
0.025134749807284487
0.025837197167827505
0.026376633813175118
0.014787190552173349
0.018779771482246382
0.010251585560598851
0.018051959632757283
0.014170315653586375
0.026088392825687375
0.025458971552202316
0.02467155960911215
0.03710135275758564
0.03824642810491598
0.02820535329541598
0.032290184177644725
0.019559233748830143
0.022741640418750462
0.009489770968230343
0.009751023562814794
0.012365975136842719
0.010407368373063306
0.008390836793717698
0.0063289517095678465
0.004234523600872109
0.0021205228934387693
2.9421205552449027E-15
0.0021139948823755694
0.004208491728069244
0.006270679904200724
0.008287986175756198
0.01024815102147852
0.012139302799510778
0.0215969406908162
0.023592509491599842
0.01654029064504225
0.02049658753609629
0.014491435697244953
0.01760381532717374
0.017627203157686407
0.010421617936191532
0.024560123392102326
0.02520348009101485
0.02569031647566339
0.039225311068748644
0.04612615830387883
0.05237828008789326
0.046298755834712775
0.03869396990291631
0.025239723303620436
0.02460936754083397
0.0238281264420673
0.010241295423132258
0.014516222622370411
0.014770028450681648
0.015524562090381631
0.016911995839841588
0.008112737673101509
0.021538129605836048
0.020944953971346113
0.011654737426118084
0.009810470346245262
0.007910951711350627
0.005968010510530288
0.003993709529249579
0.002000270752831457
6.706397964018565E-16
0.0019947887508699955
0.003971848879049018
0.005919076020936041
0.00782458189546102
0.00967676660671585
0.01146438898583361
0.009681023789251337
0.020495687024439258
0.031949828457436505
0.022953829395158127
0.020020435452278842
0.027310292001970674
0.03515012646086467
0.033602141779555596
0.02442407757827954
0.025105893177877623
0.02563971467824044
0.01637414257699324
0.00804907083318142
0.009123136503772162
0.008207101321233609
0.01680235420379661
0.025648685950684518
0.02512316082425015
0.024454116673810897
0.03217940274685349
0.03354184851794598
0.026261059530855318
0.016592577007128344
0.02401114689188582
0.036887924176802186
0.028064303123659602
0.009724487576227988
0.011056240820030325
0.009308114012788414
0.007507015135156638
0.005664148820687026
0.0037909485941293795
0.001899006177587614
2.053969423501659E-15
0.0018943766504728155
0.0037724873907046532
0.005622823984445215
0.007434076627063884
0.009195202845305176
0.010895494593682751
0.019745144163395505
0.011330159344376874
0.008092616343468249
0.012031803524350845
0.024203689562392865
0.016635236869605722
0.010549238141260712
0.01663488683351569
0.01966521421734821
0.020277039536869185
0.020749428767100238
0.027729491446483054
0.031537586337839936
0.022389843150232812
0.03081334764458268
0.027204121583622138
0.020571195627123548
0.020044032952287256
0.019381349750172933
0.01779341356626879
0.011951597693049964
0.01857621093193739
0.025728061803488942
0.013893621299103877
0.008508170323779795
0.009442719598714434
0.019228811418830895
0.010550164881387752
0.008883293100556798
0.0071653925487641535
0.005407139946447992
0.003619436553905179
0.0018133407843670675
2.973492148067384E-15
0.001809418090030565
0.0036037940082518896
0.005372124644472324
0.007103590532066539
0.008787621854599538
0.01041396278140059
0.009924582184979174
0.03651149155927105
0.034694404972997694
0.015019540498274355
0.014136724066441467
0.02029954522422297
0.024338054916900012
0.02258070147747926
0.02294146157276652
0.023513780124481114
0.02395144290074435
0.021956861100801188
0.028545841650881382
0.037560677297244535
0.02907641139318374
0.022029268736235712
0.02366669402716286
0.02313823059441243
0.02247859084479035
0.02117123310065085
0.022539979675630206
0.018722387540021836
0.014089062151017268
0.011717135361700454
0.028560749721540858
0.034239376432866835
0.010059987567698993
0.010121138014664112
0.008523137976574094
0.006875761877443441
0.005189238702475567
0.003474018218227531
0.001740706395822472
4.58298430979599E-15
0.0017373792535276217
0.003460750568361606
0.0051595395614849665
0.006823342980652911
0.008441992249953902
0.010005615456474642
0.01825777996928365
0.010122323446689901
0.007095556567021913
0.027903263860778453
0.020888101908702467
0.023266656953047322
0.017546146790519374
0.020174990979806157
0.019478981105789748
0.020085698744615223
0.020563469598970242
0.021263935274860927
0.011799535263804502
0.019464279860953303
0.011681207198833322
0.02119341929528447
0.020636691074282884
0.02018635912263813
0.019609627803400947
0.01978731867287506
0.018023476543285608
0.02343952625938256
0.017867802151561297
0.02999004106168651
0.011992146212810823
0.010598651199500328
0.01783133973451454
0.009757366466509458
0.008217771418260834
0.006630198648207787
0.005004497114997315
0.0033507334073923736
0.0016791295566477669
1.5819385823582418E-15
0.001676311916870314
0.0033394975084930795
0.004979345999426155
0.006585807068175895
0.008149052303017794
0.009659535194483709
0.01039660262924787
0.015590349614094137
0.012116614757489126
0.007283493469431709
0.01747648738541552
0.014613720789404218
0.017846972584810897
0.019676874914514468
0.01925790104989727
0.019806047051599048
0.02023076975631607
0.020293266094844793
0.0346024787142996
0.028458198147339943
0.03436064688945948
0.020090755324855974
0.020106987020920918
0.019644467293512918
0.01906149303882237
0.020453079994351916
0.017645373692235858
0.014406321286266672
0.01953077800554879
0.00591601263698362
0.00962398186357453
0.0076762956959403805
0.010578556939749639
0.00944970230321215
0.007959530298469648
0.006422553345585014
0.004848298416940913
0.0032465075731341895
0.0016270778027958376
1.2212117454696423E-14
0.0016247025454979229
0.0032370357671756378
0.004827096171886336
0.0063851315451527975
0.007901600640550937
0.00936723148844641
0.017014977870691457
0.020931435477135562
0.018630948550209563
0.02282379678412799
0.014289343705832762
0.021890951274177367
0.01751871944131955
0.014153631704588845
0.019079960086164346
0.01959286368354638
0.01998526852232915
0.022252257519098897
0.01247626488018639
0.021337110743486282
0.012729655977187488
0.022335856584513335
0.01973130800874758
0.019258677146025863
0.018669463440526127
0.012896304212984301
0.017234367909906918
0.021548825672293152
0.014582786720319338
0.01822065862926946
0.017738485410168203
0.02561984050962551
0.016650412720881233
0.009190996056045012
0.007742424727151823
0.006248018519869577
0.004717032902417634
0.0031589364957630432
0.001583352625872257
1.3084335060720718E-15
0.0015813671279478836
0.0031510189353830967
0.0046993097840617075
0.00621673738210501
0.007694000992690529
0.009122058333462055
0.01098553311812761
0.02364199037429345
0.009516096092209752
0.014173460457973614
0.020557047927210838
0.015316740042165319
0.017003754737719697
0.025123593057066324
0.02158086024766935
0.022187656730603265
0.02268136685089798
0.016642903511070332
0.023463482153029694
0.026698344284972808
0.02333015197783179
0.01655431460393063
0.023177263524009138
0.022851018098268047
0.022413509085256206
0.02552882378601869
0.016466444314096492
0.015435176001530427
0.018655407948985566
0.016570397147656343
0.011784381492543617
0.028268022954374316
0.011192395862176355
0.008975639047643001
0.007561755518894787
0.006102822496014773
0.004607868489192066
0.003086133828990614
0.0015470136525556572
4.995447488239225E-15
0.0015453766227209109
0.0030796058553020926
0.004593255909141368
0.0060770314496990125
0.007521830580312193
0.008918800579133983
0.015942020188080896
0.02419724612568659
0.017449736929113713
0.010630439630421658
0.014241762292958544
0.023259286066809447
0.01873868264127295
0.010549503950236674
0.012905856277566059
0.01326738625556121
0.013526183338186547
0.0223410474553795
0.024053453588498527
0.02298945945350258
0.024210452341134368
0.022243103700517755
0.012795366708513061
0.012297509500954656
0.011701391529170805
0.011426522334641625
0.0198246134997476
0.024364948106461518
0.015124819627100584
0.011547053229430119
0.019545061264303762
0.01719340442521036
0.015621187846460048
0.008799235330318992
0.007413839913161846
0.0059840096969005835
0.004518586115969627
0.003026621694960913
0.0015173242190164137
2.584314225073214E-15
0.0015160034130022168
0.0030213547264737336
0.004506796245602128
0.005963200715935978
0.007381627315092074
0.008753376451609375
0.011639480250705941
0.023914171157057348
0.018779186374272734
0.014290832970229128
0.014148410306750995
0.013202835129798382
0.010798627655563794
0.023854184222028414
0.028815037841132745
0.02941389590419805
0.029900347947964843
0.017382718944279958
0.018509695238230137
0.025361882515129372
0.018274974367623955
0.017514064722732887
0.03036476301136479
0.030033087005722315
0.0295889220516605
0.02289959300968959
0.009099090132276073
0.011816764305220322
0.014743178085710225
0.01199464745527583
0.019627093054144732
0.018063139872800726
0.011861970908602672
0.008658364370332418
0.007295813132384138
0.005889281682094861
0.0044474606155352646
0.00297925149369844
0.0014937119704670054
6.3006692502900926E-15
0.0014926825330951919
0.002975146414706655
0.004438271585392167
0.005873063161199823
0.007270706647692387
0.008622622008378834
0.014989848931194037
0.009875026598408243
0.021149810360310314
0.0195196084656156
0.018845873596754503
0.02843239027094199
0.026102007742118443
0.018108767462723774
0.0038560036432180892
0.004343608940714887
0.004728610505389145
0.019204473142740486
0.02592303662032633
0.022972024999618645
0.02596037280884368
0.01902832915894219
0.004898050625966047
0.0046169980421123845
0.004285541666820047
0.01901942831464557
0.0272221366178283
0.028866425979425858
0.018352201741483026
0.021504035749558805
0.019517489708236822
0.019747483048335165
0.01470049832183092
0.008550408863446476
0.007205484406098969
0.0058168818202410395
0.004393174290412079
0.002943146454458613
0.0014757402795367996
2.7433846434135502E-15
0.0014749835446396836
0.002940128829376076
0.004386419477500389
0.005804959666123431
0.007187028762764438
0.008524134858664337
0.012337540188569886
0.011126530486340191
0.018425083771807602
0.008638038604429939
0.014789910454995248
0.003445593830711597
0.007422334700620852
0.01587740659570397
0.03229476872991906
0.032786324330333565
0.033169015082600714
0.019566991359647366
0.010595791734367194
0.010342096247565283
0.010616324579869083
0.019610673150897043
0.033111769366007876
0.03271494847854829
0.032213628095059524
0.014818220887865207
0.009479937215122483
0.002005834687219555
0.014207505678802261
0.008064977366880107
0.018060570752757056
0.010843253099470103
0.012572871627435154
0.008473430582404995
0.007141233191076987
0.0057655121864153445
0.0043547546584721515
0.002917660267533701
0.0014630876723727413
1.1543436316153518E-14
0.0014625903074057943
0.002915676929889203
0.004350315050564214
0.00575767634010019
0.007129103207224859
0.008456161982294272
0.014125040122987646
0.030624086649551283
0.01443687886909283
0.020444513384322995
0.014104828609947766
0.026673050876288264
0.029206101980144488
0.020524787393736105
0.01524880869464353
0.01564070946188584
0.015996413760832075
0.01718662608267049
0.026647225847357466
0.03551018320531213
0.026553794801950966
0.017198204499529246
0.017031159886162127
0.01701107937987466
0.016945406966029048
0.02011572495615075
0.02877309609096504
0.025098482863934776
0.014410257981151902
0.01847887765684381
0.013750893378656889
0.028186729377617327
0.013858702255442135
0.008426082790697387
0.007101936019149356
0.005734275035348787
0.004331530647308856
0.0029023480018523498
0.0014555333780355787
7.14811491727813E-15
0.001455286797778589
0.0029013647161493655
0.004329329608811822
0.00573039023351463
0.007095922300626473
0.00841752148699321
0.013075401570772678
0.005993050542351965
0.01677761806652985
0.009974590873785376
0.016229117012141893
0.012538043302850183
0.020595880141214603
0.014535482852485808
0.028089491944421723
0.028377215304165808
0.028579000151854855
0.018871281215930957
0.017858099372102813
0.011270298991454772
0.01812151837055209
0.018769929309737268
0.02791666292046822
0.02750532427399868
0.02701808613537927
0.015390918356470894
0.022639495530101573
0.015495322124150954
0.01683170857391062
0.012020661748664906
0.015665671481278835
0.011634972864996762
0.013324498911664075
0.008407551610461481
0.007086917623871124
0.005722633777815685
0.004323103446456458
0.002896946794169665
0.0014529477539608412
