1.0
0.99897258545273
0.9958941397184476
0.9907760398146912
0.9836371918337702
0.9745039478168528
0.9634099899352759
0.9411412843552283
0.907755064892365
0.8633099921081322
0.8263977497428023
0.7970257179676008
0.8029471457660062
0.7796596017996766
0.754921492590387
0.7196893463019741
0.6558529104244044
0.6274086508625634
0.5884397158386493
0.5340578197185774
0.4764882224613745
0.4715810745023502
0.461836888485863
0.43824465567613624
0.4046731383235954
0.4064536998688914
0.3811906959008614
0.3469619773082515
0.31278960592592536
0.25180949786103474
0.22738230365349
0.21206594048362823
0.2065646912649452
0.1925142759895563
0.17008068053330969
0.1392737663276277
0.10934235931995531
0.08037172439209726
0.052442101627436656
0.02562841376529684
6.368588583149394E-16
0.02437962278192755
0.04745297037168259
0.069168772403488
0.08948212364992623
0.10835460493099737
0.12575437327165614
0.15073325103085009
0.18312600205394405
0.22312959675040706
0.25189371256198034
0.2704701754849077
0.2526607203287737
0.2593707754025889
0.2645900980800761
0.2760400421005159
0.3102605669899154
0.31095372968244084
0.31989731576134595
0.32367408853201685
0.3464375547283967
0.31480620748625343
0.3047832226287091
0.2886037387966531
0.28101682744244283
0.2420976708761866
0.22583076746958722
0.21591288925771698
0.20529851897840468
0.21880944225346327
0.19848819180618127
0.16965731787499533
0.13044139534656557
0.10013925443142237
0.07826434592780039
0.06509537670314783
0.05187566279556115
0.038682351000812146
0.025590567982649852
0.012673085182488768
1.1784519490632966E-15
0.012361565328205329
0.02434774582752876
0.03589819564672825
0.04695632858088979
0.057469536274567065
0.0673893832471313
0.06815810501885396
0.060937773686035285
0.04757052510182858
0.04442508775068526
0.0408733587883543
0.060861615470290134
0.06570835253349018
0.069747879739744
0.06817364246577154
0.060514052675381874
0.062211309168573835
0.040453353825811535
0.10695611750235155
0.1224789168394065
0.10662032990823804
0.03716845843446933
0.05901297772480541
0.056544645288416746
0.05815938131872436
0.05733033356629735
0.05190666360777654
0.04598767230593322
0.033720851057669615
0.03820630904770416
0.037037003826666484
0.04523632995267334
0.05117058907838329
0.05093822132600484
0.04256756538062856
0.034079781627452926
0.025527457685862443
0.016962687462071416
0.008436783880033188
1.2176816941383357E-15
0.008298740059596292
0.016412099049192063
0.02429457209091812
0.0319027185649631
0.03919537927375677
0.0461338778701543
0.06075153695383305
0.0824928645451752
0.11288127372957711
0.13064500039468113
0.14130926618095413
0.126971332659584
0.1304778198299364
0.13342950958649163
0.1379131215830862
0.15352926426713234
0.15437608870141675
0.16181702593450611
0.11414708848474109
0.13623164823449344
0.11085355482605605
0.15726885722341244
0.1479794937478893
0.14511187136271939
0.1301998847315044
0.12524551770142936
0.12127381749497677
0.11690014264936333
0.12826959817812894
0.11788755398064311
0.10148257118144843
0.07192881681076187
0.05143426002587319
0.03785067190997277
0.031703191580882126
0.025439031390898963
0.019097499119954547
0.012717877975441574
0.006339196069146682
5.954214351228547E-16
0.006261866202464123
0.012409475561785463
0.018407024902624296
0.024220032755730217
0.029815527373654987
0.035162223877609956
0.0338883460453744
0.031107196780191894
0.036291287182762144
0.042236066733298945
0.03565261582942453
0.020417031721490255
0.02303840065805866
0.0253710909071967
0.025791017181367514
0.04424240282812369
0.045098974849770164
0.021579799183371634
0.07921169898412565
0.09773920125054318
0.07818270604094532
0.022035312342956765
0.04417802572803773
0.04302855173266302
0.0236128277799773
0.023272191263765524
0.020873745341126567
0.018340610412144832
0.03663700744923481
0.04386745547073305
0.03839234869217974
0.02938306983067253
0.029578996598203174
0.030194876749067096
0.02532521601994606
0.020348602879242263
0.015296350844885306
0.010199922616159476
0.0050907406937656385
4.3237177994295277E-16
0.005041516417229063
0.010003617540091943
0.014856879372913929
0.01957281378612355
0.02412403027178896
0.028484389719773164
0.03904457414592316
0.05510280641981816
0.08008948033673945
0.08870445262003811
0.09296239513859825
0.08807890739748128
0.0903411115447056
0.09226712610839473
0.09308533118935898
0.08886155326267137
0.08952464465038987
0.08978521727924466
0.06743380417171026
0.05084786993803063
0.06838620660501925
0.08708152650010388
0.08625418462825848
0.08453884854393483
0.08952252879860731
0.08780693696133496
0.08527743371108268
0.08247381621753634
0.08427348019052737
0.08062362747499105
0.0737343829829243
0.049699696902773954
0.0348787751809211
0.025185915879488537
0.02114321444760896
0.017003654284082494
0.012793277347067745
0.008538345181071643
0.004265178890456711
8.22825712517442E-16
0.004231226855951159
0.008402948491872312
0.012490174076164576
0.016468621510454893
0.020314858443545726
0.02400643711855177
0.024534876007972186
0.02858294067808638
0.04277650208738528
0.04525994961520813
0.03699810661976087
0.0157358411620656
0.01722438574527777
0.0186457695214112
0.013696624952012123
0.029515952942566374
0.030304940581567193
0.0357590564214637
0.03893395852007541
0.03921808384586576
0.03808049259407945
0.03643201791921936
0.02912016423148773
0.027940050646611425
0.01284700854403111
0.018471962310292456
0.01709236303394897
0.015661680650308415
0.036542238841065215
0.0447076585624643
0.043752054412938744
0.02868197427467008
0.02323975767310803
0.021665227760588875
0.018199480544474664
0.01464571546934326
0.011026264246837688
0.007363706582085065
0.003680731678741492
2.1858881454635036E-15
0.0036559938856944143
0.007265056556972253
0.010805428289308677
0.014255912122850547
0.01759599869453611
0.020805986110944256
0.028174194141742624
0.0392812890546355
0.05927390852012672
0.059091596895477314
0.057631213862151594
0.06331284058023944
0.06496693806176676
0.0663801057396014
0.0732806900890432
0.06262280820592099
0.06344746302694358
0.05138804679320905
0.09816168160523538
0.07473384110708559
0.09828434444265097
0.05030176160964042
0.0628009870472483
0.0617828408092722
0.07194880364686575
0.0631107363625223
0.06122629502807403
0.059133569018975665
0.050775470807546026
0.05265428057646814
0.05436105848468994
0.03545022083430331
0.025554322635023673
0.019064718399567943
0.01602286105365519
0.012900431665655231
0.009717023953106734
0.006492489323494663
0.00324681466253436
1.924059892216097E-15
0.0032280632073127488
0.0064177124435889285
0.009549632433254272
0.012604970668223418
0.015565449480291847
0.018413474000504623
0.021820888672784425
0.02879177576132653
0.04460421628091895
0.04091694904101111
0.03454376226260875
0.016161138341730122
0.017540902513051303
0.018807039856260546
0.009984306281240746
0.015463791833618963
0.016132518281355642
0.04219247678274113
0.015445924891051267
0.012290530460345204
0.015228721833310841
0.04207042214193315
0.015237697049381032
0.014300155084262288
0.009803934334954358
0.019026093345778768
0.01780426705307435
0.01645858772001064
0.03400917895952932
0.03913583608347509
0.04434871423633172
0.028656507541180584
0.02151025684025552
0.01707317065595341
0.014354647114390176
0.011561772961431046
0.008712048594939802
0.005823233049990512
0.002913234433609394
9.50429925857766E-16
0.002898593465297038
0.00576484828929729
0.00858135292930627
0.011331086723557655
0.013997521750363366
0.016564721191941714
0.020895975019571834
0.0275242277541733
0.04238219604183359
0.0355921398303679
0.03054151884209976
0.04439520500083983
0.045724995136232384
0.046865265069579914
0.0658671634974375
0.05892701532576183
0.0596402690907124
0.03979951252666675
0.07598863647745674
0.06481528803688429
0.07487988328274182
0.03959870849260062
0.059352928625876766
0.05855751276367986
0.06514446812228741
0.044385838766760936
0.042875226131781255
0.04119398705004591
0.025825843350033763
0.030791638941971487
0.038138140895822
0.024493193974452782
0.01892397332331853
0.015505857279750778
0.013041013712288909
0.010507026791997456
0.007919752519503408
0.005295302366412475
0.0026499437508182436
1.660948875329411E-15
0.0026382495895500725
0.0052486689873561644
0.007815363359243396
0.010322775102728353
0.01275577741173498
0.015099764812139406
0.021256283081033955
0.027790685226161668
0.04239705907033586
0.0329116998463206
0.032448310418494074
0.01817887668139803
0.019551412718196468
0.02076986436363307
0.007258131645438254
0.006085538623840891
0.006702850145101839
0.03278463796773636
0.023076444919263174
0.03066881819154607
0.023448294381235534
0.03202779679264309
0.006467011289262724
0.005765977498537136
0.006574796570790125
0.02111638698636172
0.01997245788706696
0.018677870481641642
0.031995106815097714
0.030673034281207177
0.041232993200824596
0.02718193350965925
0.021234724883582676
0.014246258644900289
0.011984803983149083
0.009658584444421177
0.007282136745888266
0.004870248084485404
0.002437864729541687
3.646640449915618E-15
0.0024283578107867202
0.004832337001505845
0.007197272964716239
0.009508797076711664
0.011752923439938567
0.013916132957620984
0.015217544101968237
0.018225956954921334
0.027652680546569434
0.020239528488941488
0.015100783184529985
0.03041628468493174
0.03158157867710714
0.03258684776601047
0.0584454353646669
0.05050971642882618
0.0509739509444879
0.038590097648034075
0.031055914025715278
0.031057880686057738
0.0303767096849606
0.038630466084722634
0.04988555389526583
0.049068689611717495
0.05713780687007172
0.03091448812955583
0.029657326047925883
0.02825176625213782
0.01390583982899493
0.01839928760189331
0.02395322220674601
0.015915589350427452
0.013578738892306291
0.013217291849713583
0.011121676278226293
0.00896499579792747
0.006760710998607414
0.004522527309871479
0.0022643102517698175
2.913298946861167E-15
0.0022564742107774494
0.004491279322592079
0.006690762809976263
0.008841535644205098
0.010930553364364437
0.012945194766960497
0.02125761759851214
0.02524908924011459
0.03724116907020878
0.02389758168464161
0.02988474272646522
0.02046401348960796
0.021709085822726765
0.022803775963424436
0.0019339245210547346
0.01276086579174955
0.013446889597927112
0.01741617541291139
0.03142959961293457
0.026069835138966588
0.03138822835687836
0.016797735870614467
0.014376924265656506
0.014003748168776909
0.002984567527114168
0.023003800350341882
0.021964070478109922
0.020783096779170063
0.02902898336861175
0.021698120087872357
0.035427226688481965
0.024223136318426545
0.021268389178054948
0.012365975136845047
0.010407368373056686
0.008390836793719051
0.00632895170956786
0.004234523600873363
0.002120522893440845
2.2345120172012727E-15
0.002113994882376442
0.004208491728063222
0.0062706799041997215
0.008287986175758799
0.010248151021482176
0.012139302799509939
0.010407564944027678
0.0116590715930802
0.015133849950826863
0.018063421205615143
0.014546150671928715
0.021763198930731455
0.022842705156910302
0.023780741680099932
0.04532116116497436
0.033079242746323886
0.033390577815462466
0.03899650899108617
0.03788399236352329
0.04140866624999325
0.03832824516712549
0.03892217269699961
0.0319632665710719
0.031183356765715736
0.043310630668456786
0.022916156545951947
0.021854384817284953
0.02066014762043656
0.015219977163423697
0.019039171875817495
0.012293624524737808
0.010461692802642726
0.008976672976313394
0.011654737426120483
0.009810470346245027
0.007910951711349255
0.005968010510534362
0.0039937095292462066
0.002000270752828687
2.8288996130906615E-15
0.0019947887508715194
0.003971848879047947
0.0059190760209356505
0.007824581895462783
0.009676766606714328
0.011464388985833405
0.021236387153054745
0.021450100320875062
0.030027310296416067
0.015526941087548811
0.025154558838091392
0.021235481038584057
0.022320965211332457
0.023272005548917295
0.013441183565133534
0.024158107058241316
0.024791295550926212
0.012296843649475109
0.019379127367881253
0.009197313429476672
0.018867141749966038
0.01239936516142971
0.025430681044021873
0.02501285163715404
0.014990799488267943
0.02315091342672741
0.02219765522947444
0.021117983540565696
0.023821080129062425
0.013660180741511771
0.027793088645675746
0.020130174000726742
0.02118211013647517
0.011056240820026642
0.009308114012788587
0.007507015135158436
0.0056641488206848984
0.003790948594128926
0.001899006177591486
2.9829468791643954E-15
0.0018943766504768871
0.0037724873907048822
0.005622823984444001
0.007434076627061828
0.009195202845306264
0.01089549459368816
0.006187784443455667
0.00948494309236856
0.007687861013236101
0.02236019180170787
0.0168058964325639
0.01794781902629209
0.018956840139030432
0.01983979597529091
0.028206795801333322
0.017514885463373615
0.017908820817155377
0.034075058708204244
0.04211064529903043
0.04640675347130908
0.04185300237581925
0.03363928680118342
0.01730189743365712
0.016710954749340336
0.026040618825952745
0.01955749059486822
0.018642345855614296
0.017607761731320337
0.016953452018767627
0.02322906809716614
0.007731431965199558
0.009782410275938127
0.004941070580985544
0.010550164881388357
0.008883293100554664
0.007165392548762502
0.00540713994644758
0.0036194365539026596
0.0018133407843687458
2.3226526375305217E-15
0.0018094180900288283
0.0036037940082439914
0.005372124644471873
0.007103590532064033
0.008787621854597116
0.010413962781398393
0.020967712161523783
0.016853587374391465
0.021594296417191728
0.008867204780816419
0.019227164154888003
0.019760706821117285
0.02071943623581756
0.021557058262713206
0.024426655500730154
0.028759164545200094
0.029235669841294453
0.016455021536279434
0.010527187602981807
0.010562236595759283
0.01092660430821235
0.016733556022884153
0.029195268647555162
0.02871137408565813
0.02545081207338407
0.021142957123767306
0.02024825869597524
0.019237677228721
0.018113556964752434
0.007636545447288571
0.019183780507377273
0.015408498452938459
0.020810651174093097
0.010121138014664898
0.00852313797657341
0.006875761877445016
0.0051892387024781205
0.0034740182182240193
0.001740706395818078
7.979457605000942E-15
0.001737379253520605
0.003460750568359907
0.005159539561487308
0.0068233429806495985
0.00844199224995613
0.010005615456471143
0.0026919814242270367
0.011416253320040468
0.011343718628255145
0.02451465317925561
0.016636950081113298
0.017146926952208163
0.018102903814864416
0.018942809871744144
0.013033161910192414
0.016583182414839342
0.01704578564057828
0.023776284840245524
0.02509038144416379
0.02584626095219642
0.02466371791728067
0.023265705655266256
0.017314762121236605
0.01694662022461901
0.01180508323995742
0.018973146268313413
0.018147962418670498
0.017210885033346567
0.016408800248897158
0.02447986278744876
0.01314905090090057
0.012279232605680068
0.0020045168088786165
0.009757366466507612
0.008217771418258314
0.006630198648211041
0.005004497115000253
0.003350733407391148
0.001679129556646614
4.050083502465079E-15
0.0016763119168726275
0.0033394975084905377
0.004979345999421004
0.006585807068175314
0.008149052303017532
0.009659535194486804
0.020364953116004395
0.012115347896387713
0.012951782653204503
0.0057826605729326555
0.016165489959976492
0.01685263804653706
0.017738665675098884
0.018512196307844293
0.029316016655738377
0.025051110189913378
0.025402143093420537
0.022426682815876016
0.022532371256143387
0.023331506605273902
0.022581439814473383
0.022697737751218888
0.024943458061273217
0.024442413917195652
0.029349421311314964
0.01807321298831702
0.017237153181190425
0.016293538651963462
0.01623920334193322
0.005900996331280727
0.010767736583307668
0.010818353168191078
0.02009123470124712
0.009449702303208195
0.007959530298471643
0.006422553345597083
0.004848298416954114
0.0032465075731389925
0.0016270778027933645
4.719628757952766E-15
0.0016247025454916842
0.003237035767175062
0.004827096171891047
0.006385131545153441
0.007901600640544635
0.009367231488443125
0.0025440333290365266
0.014212626581963669
0.017665014029352246
0.023142661774849815
0.01560385421596005
0.01806114949873352
0.01896783590105747
0.019766729571515467
0.011621889534771439
0.018677750256866528
0.01908461195753734
0.016627021933188407
0.022377365840993098
0.026032995817015247
0.0226319629524997
0.016456957498517194
0.019027201834905565
0.01859944716766546
0.012463830367697095
0.02000512011345225
0.019258470413168416
0.018410132898063397
0.015413024858525323
0.022362017145240512
0.019156075754429323
0.01492518898539418
0.00340831135415184
0.009190996056044475
0.007742424727156367
0.006248018519874362
0.004717032902413471
0.0031589364957599845
0.0015833526258667665
3.933697369146182E-15
0.0015813671279516263
0.0031510189353864885
0.004699309784058746
0.006216737382104553
0.007694000992686553
0.009122058333467796
0.019398121212905337
0.008429252726763183
0.006650547247858008
0.007670621525431956
0.0179580475992193
0.014993456774926214
0.015811240851103053
0.016531555911634726
0.025989293665889084
0.020769361077056257
0.02118504255987895
0.02530580621675665
0.014023748825111095
0.020086677848733605
0.013636936775564656
0.02527807208566728
0.021184900006114716
0.02076940884475849
0.02505243674661212
0.016500908809983755
0.015798652453093597
0.015011338866175382
0.018613413069930314
0.008445100570164846
0.00636637670757663
0.007840899734831142
0.019004345424643694
0.008975639047644507
0.007561755518895844
0.0061028224960179706
0.00460786848919145
0.0030861338289863314
0.0015470136525566414
5.3961656361281305E-15
0.0015453766227202634
0.003079605855304909
0.004593255909143912
0.006077031449697492
0.007521830580311924
0.008918800579125414
0.0054250952117028016
0.016181509928390216
0.022301997281028725
0.01943891201193538
0.014921765184709867
0.020210081195364726
0.02102845685712507
0.021753626572325085
0.0187304849367172
0.015527110792831273
0.015876759752095963
0.014998593568455384
0.02992744320238105
0.03622738819898275
0.02994599905679535
0.014987178491196641
0.015466576550788456
0.01498179619211695
0.019499265794321687
0.022104442522384405
0.02145476410291767
0.02072035463881593
0.014810086339506597
0.018388851580469132
0.023171252382712698
0.01652279105333851
0.006406278821255877
0.00879923533031355
0.007413839913159947
0.005984009696896842
0.004518586115976273
0.0030266216949544926
0.0015173242190152625
0.0
0.0015160034130036575
0.003021354726472667
0.00450679624560649
0.0059632007159412465
0.007381627315087379
0.008753376451614819
0.01806283831285486
0.007828785900507569
0.00918292207322012
0.01063444620658091
0.02033857420960463
0.01653733992192267
0.01721861574695326
0.017832364652220482
0.016694434967844212
0.023912172713785113
0.024380215856455584
0.022531565774581215
0.016675355529173326
0.007017358925243402
0.017177031956125445
0.022359232945309115
0.024728418861839588
0.024377477395117857
0.015454267243480369
0.018280008541382595
0.017764965007967554
0.017194194944750347
0.020565390575438547
0.011241824216980521
0.010854946906325975
0.008347013652215941
0.017550731197446493
0.008658364370329363
0.007295813132387503
0.005889281682093121
0.004447460615541886
0.002979251493706104
0.0014937119704677055
4.2214980032467945E-15
0.0014926825330989339
0.0029751464147071667
0.004438271585388389
0.005873063161208686
0.007270706647692816
0.008622622008377195
0.0083913499910546
0.016826308586584588
0.024562232150827895
0.015528787872180498
0.014536386652347964
0.0226844554804369
0.023381589916765325
0.024003308813302586
0.023258556377262516
0.010126107739570765
0.010486673601146117
0.01726952385457914
0.021992450767361886
0.023762139204275726
0.021581485978091508
0.017547095968110816
0.010264706554733867
0.009832842454681799
0.023532072477445477
0.02428355449202848
0.023725045584204667
0.02309915844463108
0.014526420548132758
0.01478180698278777
0.02474377979792179
0.016743060787032752
0.009311544947958652
0.008550408863444766
0.00720548440609511
0.005816881820238446
0.004393174290426156
0.002943146454462624
0.0014757402795397274
1.2166523317656789E-15
0.0014749835446391003
0.00294012882937524
0.004386419477506559
0.005804959666126798
0.007187028762763776
0.008524134858662975
0.016367697447588994
0.010223131999384493
0.015355002145824418
0.01254027645898938
0.02022481304020174
0.020177136504752634
0.02074639881461446
0.021266393845508696
0.010935559544900287
0.02650282916904008
0.026890793506611794
0.02208544526350762
0.031488891466424
0.02298015904037038
0.031619991090430205
0.022250466351297734
0.026817010410010115
0.02640653177151122
0.01126305888742565
0.02179239544653334
0.021368619459777943
0.02089909499975128
0.019831882194496192
0.012790747175705018
0.016943716472339387
0.01114430789866428
0.015741821443333054
0.008473430582410799
0.007141233191082524
0.005765512186418989
0.004354754658467007
0.0029176602675286063
0.00146308767237097
7.808698363361738E-15
0.0014625903074061955
0.002915676929889609
0.004350315050560537
0.005757676340096225
0.0071291032072201025
0.008456161982294891
0.011135025560051698
0.01606514619756487
0.024317142655361217
0.013407126640252216
0.015036011969275762
0.024145839808706326
0.02472263186658937
0.0252394376442572
0.023276205600475247
0.01282102323716057
0.013261717295205117
0.02372422526299075
0.005766875808290393
0.015428415528345925
0.005945052603651981
0.023997490972678778
0.0138758581397744
0.01364262803552841
0.02291009278031295
0.02526945429417211
0.024769444664181118
0.024215208936807273
0.015388465753548228
0.013218415624197838
0.023819696640864054
0.015578301921578424
0.011967503588399164
0.008426082790695365
0.0071019360191538795
0.005734275035347509
0.004331530647314013
0.0029023480018612
0.0014555333780416006
1.5908738458767371E-15
0.0014552867977785067
0.002901364716140218
0.004329329608803105
0.005730390233520912
0.007095922300631332
0.008417521487001332
0.014328783854963984
0.013234549106213071
0.02055926303181929
0.013089459222008356
0.017866722586890284
0.023207858961055913
0.023739573637198738
0.024224178012613236
0.017213856304821636
0.022305522985104003
0.02257547349540664
0.025742905581173783
0.02549809080793518
0.028240797545823405
0.025081547001248105
0.025835526631297796
0.02200131519831294
0.021544445132641196
0.01814573612627474
0.02451907533216301
0.024079733214412695
0.023591069206942043
0.017231157495191784
0.013095281341956342
0.02167158046581898
0.014039478765373443
0.013595546739695036
0.008407551610457187
0.007086917623866545
0.00572263377781794
0.004323103446457276
0.002896946794165877
0.0014529477539598512
