1.0
0.9989725854527283
0.995894139718445
0.9907760398146899
0.9836371918337679
0.9745039478168513
0.9634099899352768
0.9411374078729977
0.9077395665249421
0.8817861071010924
0.8541373371715371
0.7972390428427885
0.757286548223692
0.7432349995015461
0.7548746201718212
0.7287684245011533
0.7013946246060234
0.6269989454066869
0.5794349961845261
0.5489767314405951
0.5812423839336744
0.4856261195486342
0.4529565108577548
0.43746074329318246
0.4492220831635391
0.41521067422056895
0.3810265660797694
0.312672759250092
0.2703130195145467
0.253477417708034
0.2547198619659091
0.2299842142754221
0.20629318782505104
0.19242504654866996
0.1700806805333095
0.13927376632762742
0.1093423593199546
0.08037172439209714
0.052442101627436614
0.025628413765296686
2.8005623765356005E-16
0.02437962278192768
0.04745297037168229
0.06916877240348801
0.08948212364992598
0.10835460493099754
0.12575437327165567
0.15089518034846558
0.18358202892709685
0.20546702225323338
0.224684784512819
0.2672515838874275
0.2902568780430566
0.28813453747186313
0.265231919391641
0.26901104277468524
0.27135816905896126
0.313730670080353
0.3265962679704431
0.324555664137577
0.26730276050986174
0.3167666916945171
0.31113719395800865
0.2918668390582846
0.24415803276855433
0.23589250821873972
0.2267753110871843
0.24036499094405678
0.23769174859988826
0.21343272523933748
0.17170320532893074
0.1527292796957168
0.13138778465307097
0.10051566167684636
0.07826434592779995
0.06509537670314766
0.05187566279556147
0.03868235100081224
0.02559056798264963
0.012673085182488315
6.0378060870599E-16
0.012361565328205372
0.02434774582752836
0.035898195646728304
0.04695632858088938
0.05746953627456645
0.06738938324713094
0.06749666242391077
0.05842808730125581
0.057667194390863
0.06264347147834456
0.059527441655918084
0.0640965274898954
0.06090763777072958
0.06739050777521377
0.07058376101549858
0.07295447213628771
0.041938765813030195
0.037704642799527954
0.03814386107698778
0.074755303634059
0.036715894429785394
0.03489517274029553
0.03643402851362772
0.06362160543934209
0.059252390903842204
0.0542795197959368
0.05391253798885988
0.061488401946632645
0.055500190695938194
0.04914355408643345
0.04015398385667325
0.04089995821138109
0.05002741813043604
0.050938221326004854
0.0425675653806285
0.034079781627452344
0.025527457685862825
0.0169626874620711
0.008436783880032741
1.2327612430548553E-15
0.00829874005959646
0.01641209904919141
0.024294572090917923
0.0319027185649626
0.03919537927375724
0.04613387787015398
0.06180735412429095
0.08499975450915329
0.09833378974904727
0.1055582200483092
0.12719063471759848
0.13363152462250302
0.13067575230683376
0.13697807950061885
0.1394201930474033
0.14128910668969918
0.16362369225060908
0.1596979683109043
0.15928442558747283
0.14341244457943364
0.1567704352571527
0.15469358428425395
0.15757918183448277
0.13591928492703723
0.13288061926498637
0.129381487738675
0.11699138806478974
0.11717501025760313
0.11175751326707974
0.09350303627620808
0.08792060303658421
0.07522017657197533
0.05291279543472283
0.03785067190997234
0.03170319158088182
0.025439031390898453
0.019097499119954713
0.012717877975441572
0.006339196069146991
1.2831541225224297E-15
0.006261866202462981
0.012409475561786053
0.018407024902624844
0.024220032755729603
0.029815527373654872
0.035162223877609554
0.031322486905775826
0.02107534973874497
0.017755715172114318
0.036336323369383444
0.05270900214395111
0.05230140742560222
0.034760336684945395
0.016610134991133573
0.0187286806249719
0.020408311492176485
0.015486325470592992
0.028695781112481986
0.02954049730555048
0.02618914004394667
0.02993555149135212
0.029499294702226342
0.015743655204962945
0.01802048517572096
0.015848473245714166
0.013305757697991043
0.030737329019689622
0.0480664303924066
0.05082291415767079
0.035396226180905405
0.013595455188311296
0.016952472375415997
0.026155848530427336
0.030194876749066693
0.025325216019946195
0.020348602879242377
0.015296350844886872
0.010199922616159136
0.0050907406937653315
2.1715540341432963E-16
0.005041516417228913
0.01000361754009175
0.014856879372912473
0.019572813786122828
0.024124030271788596
0.028484389719774364
0.041562722139378366
0.06035586852531111
0.06918754459311542
0.06688473738283983
0.07159073129446669
0.07207491377981316
0.08021428214830267
0.10015078536297554
0.10180560892613039
0.10310336707514868
0.09856389390985844
0.08112397594218161
0.08094657682728773
0.10574665026952812
0.07951921992959599
0.07827900021156389
0.09468673890600898
0.10047154202009033
0.09858564738108991
0.09638821155340656
0.07797716625113871
0.06621998190242716
0.06315916582957193
0.05983591372415934
0.06384397330215022
0.055814634593021745
0.0379637367462997
0.025185915879488926
0.021143214447609887
0.017003654284082934
0.012793277347067656
0.008538345181071742
0.0042651788904574045
5.258059125477124E-17
0.004231226855954286
0.008402948491872255
0.01249017407616401
0.016468621510454508
0.020314858443545625
0.024006437118551407
0.019132817901271002
0.012283514636814203
0.00800633733504041
0.03368246982084216
0.03944965611209764
0.026637317817683717
0.014755800693013077
0.00289509301479949
0.00449563840413912
0.005795318917141703
0.02562548556545813
0.04398170130694874
0.04454717599244672
0.018554540802786016
0.04475247456565601
0.04439888823535119
0.02661548010234866
0.005142773847658062
0.0037296209134054345
0.0020479775468028524
0.013267916327415764
0.021060394398195105
0.03522842303495388
0.03294117862340464
0.007207084160478253
0.011524666733077806
0.016866569538698854
0.021665227760587706
0.018199480544474855
0.01464571546934162
0.0110262642468393
0.007363706582084554
0.0036807316787409367
2.5107253417950914E-15
0.003655993885695401
0.007265056556971871
0.010805428289309032
0.014255912122850175
0.017595998694536426
0.02080598611094411
0.03254850031914666
0.047366139087019
0.05202497120441112
0.04211646144022451
0.046274093583257236
0.06092186863425759
0.0803869694002207
0.0787505507986969
0.07998741931963312
0.08096298269664103
0.056217980362484786
0.043272178582310306
0.04343809767788131
0.08410267861840731
0.04298957684158013
0.0423804626041558
0.053863150412961705
0.07911643951861248
0.07771628303711202
0.07607896574457094
0.08127882800722264
0.06178828460330842
0.04477722674981598
0.037265677265282335
0.04810266250168709
0.04433475423234359
0.030595110257941014
0.01906471839956711
0.016022861053656384
0.012900431665654638
0.009717023953106158
0.006492489323495293
0.0032468146625348427
1.3608985126655399E-15
0.0032280632073141383
0.006417712443588516
0.009549632433255415
0.012604970668223747
0.01556544948028892
0.0184134740005033
0.013579371766651697
0.01093934588012373
0.007183459313710009
0.029790124505912948
0.02052863960407359
0.006315100907844907
0.015201144468295055
4.910825897434653E-4
0.001799773987094368
0.0028773802416605905
0.03601038666801415
0.041774668470136556
0.04196818641345002
0.01906357465222371
0.04164097420908527
0.04112441419817791
0.036411349187226986
0.002924914928816658
0.0018876977336687824
6.379728138853644E-4
0.015960656977873595
0.007709629945252191
0.017008388217840453
0.028474047913209923
0.007729412845616335
0.010895538189677756
0.012491964623193902
0.017073170655953557
0.014354647114387204
0.011561772961430843
0.008712048594939474
0.005823233049989021
0.002913234433606903
0.0
0.0028985934652980398
0.005764848289299342
0.008581352929305473
0.011331086723561302
0.013997521750360379
0.016564721191944118
0.027396721721936412
0.03808792596644796
0.038710251459476076
0.02640336740751504
0.04555305112462936
0.06203605292940948
0.07783607602753717
0.062443272840198676
0.06343172886236115
0.06421212082808413
0.034107309247696
0.03865658668855939
0.039046214119688616
0.06774405207596673
0.039195792062242316
0.03895845393884788
0.033211156227957714
0.06270902553306303
0.06157544104868979
0.060248508799824456
0.07519460724662436
0.060480386023658225
0.04607793593638587
0.024245291488196298
0.03543948612255782
0.03566603150304183
0.0261575329830615
0.015505857279753068
0.013041013712293744
0.01050702679199639
0.007919752519502925
0.005295302366410528
0.0026499437508170727
3.2088207525986244E-15
0.0026382495895484587
0.005248668987355874
0.007815363359243505
0.01032277510272855
0.012755777411733091
0.015099764812137791
0.010952155860542335
0.010885071288762174
0.010052946190938019
0.024022193863408165
0.013217455222636225
0.016251179067680713
0.01810607699206759
0.0029311185844758
0.004051209792811391
0.004981642452316267
0.03588139512214831
0.024143648957162468
0.024185129469813556
0.019115209678558762
0.023714565577172195
0.023206478929685442
0.03542216187981984
0.0053428848390754385
0.004520933138148663
0.003521163369835016
0.018608745390591822
0.01743119460969362
0.014611928277402415
0.022437704550779678
0.011150328921432478
0.010884912079491807
0.010476923171398148
0.01424625864490315
0.011984803983148235
0.00965858444442042
0.0072821367458847
0.004870248084484627
0.0024378647295399208
2.2114791037098566E-15
0.0024283578107869917
0.004832337001506824
0.007197272964719012
0.009508797076711012
0.011752923439939696
0.013916132957620607
0.024018881293475604
0.030440121765458465
0.027489842446194592
0.022345331128509192
0.04482573335788089
0.04798605613706537
0.055715783216218194
0.04876845692420313
0.04960173186246166
0.05026030952355082
0.028881631275399403
0.04661830670394965
0.046968807149326455
0.05376987495828166
0.0471209686175431
0.046924431029359476
0.028961000967222757
0.048989303917725914
0.04802790031767452
0.046901525702359025
0.05068396905087657
0.04388773961824729
0.04331561670954837
0.02285712215209561
0.024726671047179582
0.028354001512830875
0.023150900449444185
0.013217291849711746
0.011121676278225707
0.0089649957979265
0.006760710998608992
0.0045225273098699345
0.002264310251768743
1.014546968373758E-15
0.0022564742107762797
0.004491279322590326
0.006690762809976884
0.00884153564420718
0.010930553364366434
0.012945194766961864
0.009887880195017868
0.0109025577805188
0.014277335973239741
0.017604245739984974
0.02077377673423078
0.018194980035178766
0.02277578610719725
0.007406234479733574
0.008390684300154133
0.009212417338834069
0.026392311740248076
0.010721732486106656
0.010823506889380437
0.018627191756326014
0.010667988349000967
0.010414950760561578
0.025500861654649362
0.009681986343270972
0.008989982242728659
0.008143299844243333
0.02382035114376754
0.017649026272560393
0.022152285853555817
0.016003986200393245
0.01547603047224603
0.010934839296978952
0.009751023562816525
0.012365975136845925
0.0104073683730538
0.008390836793720852
0.006328951709568156
0.004234523600871418
0.0021205228934416784
1.138051530549791E-15
0.002113994882377112
0.004208491728062376
0.006270679904201029
0.008287986175755773
0.010248151021480743
0.012139302799510525
0.02159694069081095
0.023810821559372773
0.018138409008140326
0.02548270746681643
0.034562937851286515
0.029558774759139674
0.027901901813830187
0.03721039892598379
0.037946603837489934
0.03853054531744462
0.032493036100271606
0.04618685434931257
0.046322791566866854
0.04140866624999321
0.04610754835882168
0.045757742079860234
0.03285655953246898
0.037478930850887396
0.03664244350195806
0.035660442120585216
0.024000053101986846
0.027675334452967687
0.03129873965150001
0.026296830217303984
0.01591843681751421
0.022005098434049367
0.02094495397135015
0.011654737426119836
0.009810470346246202
0.007910951711350622
0.005968010510534777
0.003993709529248534
0.0020002707528300225
7.254860506958762E-16
0.0019947887508712067
0.003971848879048029
0.005919076020937943
0.007824581895460817
0.009676766606716136
0.011464388985834437
0.009681023789251886
0.011121132301232194
0.018445883557376204
0.01136399348679287
0.0243486146092342
0.013985041064099613
0.02697138223633138
0.012285167704798629
0.013164021405331251
0.01389867699424606
0.015148079485936203
0.01061990135751929
0.010907226941162978
0.01865607169899683
0.011092033033014839
0.01098685750437047
0.01446318933717177
0.014347212826441793
0.013733388091578088
0.01298103185362226
0.02709443984343503
0.012854239630335867
0.02423898420289285
0.009911766386178737
0.019449105261770926
0.01126016455687148
0.009724487576228093
0.011056240820026028
0.009308114012789503
0.007507015135158549
0.005664148820683009
0.0037909485941313814
0.001899006177588506
8.405721134195037E-16
0.0018943766504753677
0.0037724873907040717
0.005622823984443656
0.0074340766270641866
0.009195202845305922
0.010895494593690588
0.01974514416340055
0.01816282633992899
0.0108587484071962
0.027595513777987166
0.020043960906511882
0.02804293899637162
0.013955110267521494
0.02783336136130758
0.028511307128534644
0.029052708170689934
0.035720492090630135
0.03179302249364882
0.03177920900655556
0.030806929834960917
0.03131709023137526
0.0308698203688312
0.03573530778743149
0.02823491732871807
0.027496451560644116
0.026626251863879097
0.013363041308082963
0.02888121341700205
0.01750251800806732
0.027553874603385577
0.009254926508469843
0.016699369078422645
0.01922881141883224
0.01055016488138789
0.008883293100554676
0.007165392548761577
0.0054071399464495065
0.003619436553900368
0.0018133407843691793
1.1929110201801773E-15
0.001809418090029479
0.003603794008246589
0.005372124644471846
0.007103590532063381
0.00878762185459622
0.010413962781396327
0.009924582184980869
0.011729980944310927
0.021624133807345954
0.006282111562492073
0.02166847722024283
0.008147179762395127
0.02617351986115807
0.01651594657660947
0.01730860241417377
0.017970210787664795
0.009520907788684089
0.022409525792372532
0.022782732805109528
0.01983856650977274
0.023111663439333477
0.023067945901092863
0.009453802441494718
0.018315337202402665
0.01774625497596556
0.01705019397098873
0.02606659792873636
0.007245268553103664
0.020417039040079746
0.005578583801356075
0.022240351911767257
0.011986674410994843
0.010059987567699403
0.010121138014665772
0.008523137976574927
0.0068757618774467335
0.005189238702479418
0.003474018218223765
0.0017407063958142217
4.925566257241843E-15
0.001737379253527821
0.003460750568360705
0.005159539561487554
0.00682334298065043
0.008441992249957304
0.01000561545647275
0.018257779969284953
0.013816596503749843
0.005896633858073953
0.025943013936832838
0.014880397347034467
0.028908189268991073
0.01096758824702591
0.020810541835307172
0.021456646104572697
0.02197744328685476
0.03235809598662829
0.014860922916780974
0.014902402902437672
0.022810607243273214
0.014589871694100342
0.014236527808459852
0.03180579591312104
0.02140580654710384
0.020747404451259745
0.019967151428276906
0.010015803918989232
0.027735859952032087
0.015659532139148623
0.02495005589905791
0.0049584776551215015
0.01285035784412104
0.01783133973451524
0.009757366466509541
0.008217771418262822
0.0066301986482126315
0.005004497115002831
0.003350733407394667
0.0016791295566423834
1.4874847072942266E-15
0.0016763119168704012
0.003339497508488907
0.004979345999418316
0.006585807068179781
0.008149052303011972
0.009659535194490136
0.010396602629245777
0.01267149218390865
0.023240078985576406
0.00624244045144145
0.015353439134643782
0.00910968989418837
0.028263679831643927
0.019457559836167516
0.02017896548902375
0.020778797490498806
0.012980532229336131
0.03139255403066217
0.03162231967411486
0.02196858368625328
0.03168634002787548
0.031521223740560995
0.013558871157273972
0.020976238827128908
0.020430248595027768
0.01976560467008598
0.029188610795337043
0.010821546385997785
0.013974952119488468
0.0072025892889581045
0.02337093925196539
0.01298312753351946
0.010578556939753047
0.009449702303210421
0.00795953029846947
0.00642255334559772
0.004848298416957734
0.0032465075731355473
0.0016270778027905604
4.973626820406653E-15
0.0016247025454899265
0.0032370357671762527
0.004827096171891763
0.006385131545154959
0.007901600640543452
0.009367231488445513
0.017014977870688147
0.011336291226359457
0.003368482206522948
0.02093897724232825
0.018643496616766588
0.019572326590265195
0.004472785483920279
0.01621895989501312
0.01685069776331935
0.01736516596721193
0.022783402147620688
0.009689886190149103
0.009908155947499664
0.018818534686480426
0.009984341064147714
0.009843281365641521
0.021964492980166662
0.017036454421532607
0.016443567655328197
0.015735860591727296
0.0041541604346806565
0.017397653056594808
0.018954838197288496
0.019376572717732812
0.0030933317074715513
0.011019069134881973
0.016650412720884366
0.0091909960560438
0.007742424727156619
0.0062480185198706475
0.004717032902417736
0.0031589364957619885
0.0015833526258685168
4.451428542512381E-15
0.001581367127955643
0.0031510189353842486
0.004699309784056703
0.006216737382103128
0.007694000992687994
0.00912205833346937
0.010985533118127333
0.013691230801079306
0.023053624932032904
0.010730941213304923
0.01180003744942367
0.0182418822048574
0.032570296331013326
0.020825411674220126
0.021489354229456466
0.022038514183055954
0.02208163909567873
0.02769642843145602
0.02776367481524858
0.02432871915768532
0.027530142009387165
0.027230042117229764
0.022777017923463986
0.02207823137697198
0.02154213605958137
0.020893301121669726
0.032662006814760364
0.0197656783521909
0.0122331494674321
0.011912617796983976
0.022688759480854224
0.01396690944186301
0.011192395862179563
0.008975639047644313
0.007561755518893329
0.006102822496015522
0.0046078684891915096
0.003086133828987153
0.001547013652556282
1.912985813407132E-15
0.0015453766227175674
0.0030796058552977307
0.004593255909149101
0.0060770314496974035
0.007521830580308888
0.008918800579127997
0.015942020188080504
0.010972160100301711
0.0031828255605134506
0.014713037916191154
0.01714799950068468
0.015336783955292728
0.010243075747106516
0.013947313422214168
0.014575312421895909
0.015091652888558908
0.013234606358019936
0.01748644846806417
0.017792327831649368
0.019195628897668564
0.018060518630955147
0.018023018881279412
0.012747684527944699
0.01498179619211937
0.01444053369994024
0.013789268853575506
0.01187610992049141
0.016758047618579092
0.01586874305973856
0.013396546903257086
0.003505232601891701
0.011185238870199798
0.015621187846458943
0.008799235330315491
0.007413839913161543
0.005984009696895039
0.0045185861159698516
0.0030266216949544097
0.0015173242190148733
1.5206333900329771E-15
0.0015160034130003313
0.0030213547264758642
0.004506796245605652
0.005963200715940271
0.0073816273150897
0.00875337645160609
0.01163948025070209
0.014491372357091841
0.021135530753204457
0.01499455066930479
0.015990219829997657
0.02279457148080707
0.028729505263182166
0.020658012999340503
0.021278779796550188
0.021789474162637438
0.02928602692821882
0.017411494493012363
0.017465536745901317
0.026189140043949462
0.017248390473009235
0.016978668984745808
0.029573984158566997
0.021691820965734004
0.02115875738161272
0.02051695341831452
0.0270293825254111
0.022658309739783382
0.017214925126642383
0.015793572952354635
0.020344582554581166
0.014650250408282299
0.011861970908602821
0.00865836437033397
0.007295813132386443
0.005889281682091288
0.004447460615538646
0.002979251493708833
0.0014937119704681952
3.2377990651660754E-15
0.0014926825330979624
0.0029751464147104987
0.004438271585384117
0.005873063161205051
0.007270706647693679
0.008622622008377892
0.014989848931196719
0.011991776065150962
0.005019882735157768
0.011294231904488609
0.010453336942688966
0.0231247150432981
0.018067486705126454
0.013669796754327692
0.014299467561533857
0.014821144703010613
0.010543265725558125
0.026528782977238135
0.026763024239601592
0.021886628945403455
0.026891675536401347
0.02678630230643301
0.010632939535214523
0.014885384721836346
0.01438129284463539
0.013770200829661735
0.01890445349244295
0.024031598136927252
0.009280750814850004
0.011363843614296869
0.005814050350870237
0.012400292871196737
0.014700498321839355
0.00855040886344822
0.007205484406098555
0.005816881820238847
0.004393174290420713
0.0029431464544620524
0.0014757402795381412
3.528536406294519E-15
0.0014749835446386053
0.002940128829363969
0.004386419477508206
0.005804959666126761
0.0071870287627665225
0.00852413485866218
0.012337540188566158
0.014831344390600338
0.01783104541371423
0.017282454477211835
0.020110835486095973
0.019113483219399142
0.017270236494348345
0.01927366205866541
0.01986667833028537
0.02035261290473385
0.029399788861784522
0.013354442037324613
0.01350115328588977
0.027019374279761404
0.013528376151107649
0.01340934042534711
0.02909126718703342
0.02016284322840987
0.01963056853328123
0.018991930635804302
0.015459421982967727
0.017878953814554028
0.02036755081097052
0.017442307822398296
0.016749851064062092
0.01481950732484732
0.012572871627440786
0.008473430582411236
0.007141233191079651
0.005765512186418197
0.004354754658465552
0.0029176602675268304
0.0014630876723655602
5.9138018872414674E-15
0.0014625903074106598
0.002915676929890219
0.004350315050561696
0.0057576763400984474
0.007129103207221664
0.00845616198230021
0.014125040122986201
0.01333917757874803
0.008354515733840653
0.013227742858883139
0.010669814691859387
0.02332951698737124
0.019827774756930757
0.014866734704334087
0.015499821793310034
0.016026927913974906
0.014189601561072037
0.02640432638371495
0.026498062346015854
0.024693927255459516
0.02635841291793811
0.0261254670807876
0.014668616421128561
0.01620398732785094
0.015721767995783044
0.015133972607598824
0.019340415227698537
0.02220133704837402
0.012259384384288462
0.014083719373697354
0.009446860521272953
0.013699219813421095
0.013858702255446751
0.008426082790696433
0.0071019360191542785
0.00573427503534848
0.00433153064731111
0.002902348001856025
0.0014555333780408672
3.008731621904277E-15
0.0014552867977795456
0.002901364716144189
0.004329329608798774
0.0057303902335224385
0.007095922300633341
0.00841752148700176
0.013075401570770357
0.014570555965511928
0.013701616141728871
0.016870927345705306
0.01881137957497131
0.015943163258467338
0.013785601700106002
0.017208042252628616
0.017789841798462536
0.0182660314302821
0.022726121546535794
0.018188975523839242
0.018437294155172288
0.02652798213134466
0.018640427786895678
0.018594218240286224
0.022083963106928745
0.018046900999498273
0.017516163005839313
0.016879968042297966
0.014759133701606385
0.016739499216128412
0.017675668550681516
0.016350993577585432
0.012512479871760898
0.014369503994800057
0.013324498911666075
0.008407551610461696
0.007086917623867403
0.005722633777813972
0.004323103446457094
0.0028969467941667355
0.0014529477539626467
