1.0
0.9989725854527278
0.9958941397184463
0.9907760398146896
0.9836371918337667
0.9745039478168522
0.9634099899352754
0.9503961825331815
0.9355103927392272
0.9188072805050707
0.8633469377785665
0.8061925459674193
0.756747953324767
0.7059064950023782
0.6997329780102793
0.6552268494550473
0.6103057203730958
0.5819606797849427
0.5987658426252104
0.5947129504715565
0.5633572573009672
0.5312459836025084
0.47275626197019854
0.3935553444850548
0.36014462426230665
0.3426228218762576
0.3269081804968349
0.27429169724835956
0.26702007880517437
0.2603410558156143
0.26349955581081475
0.26683328132118755
0.23395677675898355
0.20167312991975317
0.1700806805333092
0.13927376632762722
0.10934235931995481
0.08037172439209715
0.052442101627436344
0.0256284137652969
2.0950601756850138E-16
0.024379622781927315
0.04745297037168262
0.06916877240348795
0.08948212364992618
0.10835460493099765
0.125754373271656
0.14165622109465448
0.15604160438810744
0.1688986399392115
0.2164501286447309
0.2626742233419919
0.2971336422011175
0.3283593156377327
0.3148921143866231
0.3362277101454381
0.3493976197271199
0.3498431053082858
0.30549895553626516
0.2847987481922889
0.2818627063881352
0.2774614277053229
0.2898735862500523
0.32599932788621355
0.31816477689167744
0.3004803769366511
0.2736168472409118
0.2819592327877326
0.24849211356116674
0.21205533134320095
0.16433972920998466
0.1166724524079367
0.10413347464621614
0.09130375337943689
0.07826434592779971
0.06509537670314824
0.05187566279556104
0.03868235100081204
0.025590567982649602
0.012673085182488478
6.850846865495652E-16
0.012361565328205112
0.024347745827528456
0.03589819564672789
0.046956328580889044
0.057469536274566524
0.06738938324713088
0.0766717780093514
0.0852771196700473
0.09317041956355279
0.06669579720483462
0.0371300310382534
0.02053072333824958
0.01643766578788366
0.03196673142868655
0.0213015733745894
0.05373855821615067
0.054918768451869035
0.09334776109288848
0.07828419669614324
0.07915223478334962
0.07680504702598569
0.09243727871973423
0.05440706280724999
0.05329650609018147
0.017199073079004173
0.024700563245062517
0.01664184663349851
0.009259259259259056
0.021558942545405746
0.05044618414979132
0.07482035430154875
0.06711710121238271
0.05913896231121447
0.05093822132600393
0.04256756538062729
0.03407978162745214
0.02552745768586294
0.016962687462071836
0.008436783880032933
1.2512661898502926E-15
0.008298740059596415
0.01641209904919144
0.024294572090917926
0.03190271856496238
0.039195379273756256
0.04613387787015418
0.05268220563223797
0.05880718876800754
0.06447863753738996
0.10185544868728003
0.13947383680105688
0.16204596013090425
0.17539542073576866
0.15951399967237287
0.17646906923273734
0.16726436671633993
0.1677476797526638
0.13892922151134232
0.14501570931177257
0.14558702426276837
0.14322374046874708
0.1341234320203115
0.15929719154349345
0.15610708524134326
0.16505651018538264
0.14649985036666027
0.1605393669359955
0.1493072140920302
0.12813274416894327
0.09125782245275858
0.05520449656085359
0.0496396405249342
0.04384237336355502
0.03785067190997285
0.03170319158088141
0.025439031390898384
0.019097499119954738
0.012717877975441157
0.006339196069146955
1.8237487227775504E-15
0.006261866202462765
0.012409475561786353
0.018407024902624875
0.024220032755730387
0.029815527373655438
0.035162223877608874
0.0402306896272969
0.044993496981779964
0.049425362699366746
0.029741794231234315
0.0032292191916606042
0.014230289512199571
0.019599565093893448
0.0192129310173975
0.018155478067470227
0.04441042849583179
0.045197997408580465
0.0851000410631689
0.06334697571705379
0.06727131260977776
0.06339971905817023
0.08438854824750851
0.04409604423612173
0.04289341167484784
0.018628620312683662
0.020580847501962995
0.017946584199632798
0.014300284809520798
0.004984291383043774
0.027304053885093205
0.0438552400918165
0.03948997423526595
0.03492661100535079
0.0301948767490656
0.02532521601994611
0.020348602879243106
0.015296350844886867
0.010199922616158654
0.005090740693762549
1.1585748951008198E-16
0.005041516417228571
0.010003617540089339
0.014856879372912897
0.019572813786122925
0.024124030271787125
0.0284843897197738
0.03262914937774962
0.036535098216766995
0.040180681986827047
0.06926575789138295
0.09908832074880339
0.10815127802791957
0.10078131980020957
0.08404032029889555
0.09830705681409839
0.08178245949170447
0.08234313583578727
0.06634005168070016
0.08960403566360305
0.09247633795681312
0.08848954999044809
0.06391980919321974
0.07841728891968223
0.0765830639034723
0.09020878334087791
0.07445174825383757
0.08964630740966055
0.09921711853489915
0.09223621806566942
0.0637249062409503
0.03647909300014263
0.032878631378332496
0.029106096167606475
0.025185915879488624
0.02114321444761135
0.01700365428408475
0.012793277347066803
0.008538345181071392
0.00426517889045598
3.0886516813114386E-16
0.0042312268559523926
0.008402948491872687
0.01249017407616443
0.01646862151045446
0.020314858443545834
0.024006437118551216
0.027522022293950857
0.03084151152596827
0.03394614715005937
0.024532132729663255
0.005588305967397197
0.009259259259260137
0.020682387618329568
0.037865124144673995
0.0310122850269103
0.03480449149314855
0.035843856556781795
0.06385429405920712
0.06390245927424326
0.06878235138141355
0.06384029015461645
0.06257453084885838
0.03558744923244478
0.034497583628044164
0.033529206960672506
0.04179944993324273
0.024328166147489644
0.0086575401105083
0.004572758253550937
0.024195610460676937
0.03131765050089912
0.02824540780962659
0.025021011314591595
0.021665227760586957
0.01819948054447563
0.014645715469341375
0.011026264246840275
0.007363706582083917
0.00368073167874218
1.659190977494543E-15
0.0036559938856940964
0.007265056556971529
0.010805428289308253
0.014255912122851712
0.017595998694535795
0.020805986110943545
0.023867094172386423
0.026761572296945275
0.02947280053486831
0.04983018324103769
0.07149401751659529
0.06681871637573557
0.044732949777179704
0.029362792983947256
0.04351257096677262
0.05410883635433722
0.05490727797732499
0.040166218539520765
0.05054201174441795
0.055906459987761635
0.049695229780836056
0.03986437885387382
0.05417311684562791
0.053157179546970024
0.03839394536473747
0.023835235160801597
0.03718501284043286
0.059519360857339665
0.06613167005209848
0.045839392036056255
0.027517322639367802
0.024830357014184457
0.022006789021949785
0.01906471839956758
0.016022861053655028
0.012900431665656345
0.009717023953107931
0.006492489323494884
0.003246814662535229
2.477928002209024E-16
0.003228063207312689
0.0064177124435869535
0.009549632433254884
0.012604970668226126
0.015565449480289626
0.01841347400050709
0.021132235375583005
0.02370580864346186
0.026119244705549664
0.023372598650778054
0.0031274725709268467
0.016863837191612954
0.04281879591871576
0.06215382532248233
0.047841881492014196
0.03153408669494491
0.03222944954399431
0.04133858257175252
0.058410383369968975
0.06255852553024613
0.058203748250411205
0.040569498340259455
0.031927869934391076
0.031149915040450782
0.04901271053120074
0.06490415198719027
0.04598364134699097
0.020041452423814103
0.004930810185669379
0.023048237916221785
0.024613779935094154
0.02221910702400635
0.019700210362088782
0.017073170655951795
0.014354647114387524
0.01156177296143062
0.008712048594941872
0.005823233049987801
0.002913234433609542
8.822200963967788E-16
0.0028985934652989375
0.005764848289297947
0.008581352929305444
0.011331086723562898
0.013997521750362766
0.01656472119194405
0.019017433623291703
0.021341182673567688
0.023522351538323102
0.035306439833220876
0.04976641142279407
0.03394834989019788
0.01636863649187002
0.02122420602366076
0.015272232370908415
0.04219855099431655
0.04270396766517929
0.03655883995964131
0.022650920597444477
0.02920399029133266
0.02216853434181353
0.036217836360915086
0.04135752711457422
0.040416452880360776
0.014021705866557457
0.02365529188860954
0.0157905111837057
0.0285732880878972
0.04565980622735351
0.032251469112255626
0.02233285365668176
0.0201665563888343
0.017886055366202674
0.015505857279756154
0.01304101371228871
0.010507026791995904
0.007919752519501248
0.005295302366405822
0.0026499437508157864
5.403611458624268E-16
0.002638249589546106
0.005248668987355867
0.007815363359242388
0.010322775102727649
0.012755777411732925
0.01509976481213936
0.01734074013054584
0.019465397382425666
0.02146120009284653
0.02183735159259842
0.012327075336676225
0.0318233917487509
0.05403714274682319
0.07314443161673438
0.04952666643337795
0.03231040744526579
0.03306637691494097
0.03489830643575717
0.04830641551886875
0.049996321133717665
0.0480153513249428
0.03494104578586768
0.03365795628191675
0.0331053941578286
0.04856961414656856
0.07320544959718531
0.05414923187367315
0.03420066952192668
0.014414905995250362
0.021368396183912335
0.020502305557444114
0.018518518518520356
0.016428752422941468
0.014246258644898728
0.011984803983146131
0.009658584444420462
0.00728213674588339
0.0048702480844826
0.002437864729539605
4.096311411237311E-15
0.002428357810786946
0.004832337001508164
0.007197272964717137
0.009508797076712656
0.011752923439941007
0.013916132957622267
0.0159854542383206
0.017948540849477154
0.019793744462761696
0.02460084899425669
0.03397386886992541
0.011954743949182606
0.01853295016573444
0.03193419205911199
0.016526034258545468
0.022964429163502276
0.02335458956995923
0.025126005928916676
0.018495798380878073
0.0188667861992833
0.018732347222010004
0.024450984161664586
0.022166788820064957
0.021398229041722245
0.017677595999903015
0.032103101416546743
0.01863463248733123
0.009259259259260003
0.031322013964796974
0.02263337414085677
0.019008557644271992
0.01717320964004604
0.015238710305109652
0.013217291849714735
0.011121676278227828
0.008964995797928118
0.00676071099860613
0.00452252730987241
0.0022643102517710106
3.3957009285462916E-15
0.002256474210775866
0.004491279322590404
0.006690762809976743
0.008841535644206722
0.01093055336436632
0.012945194766962272
0.014873337741863635
0.016703431801372123
0.018424566870802805
0.019848951642525654
0.020569343944736734
0.04042073592031807
0.047665048138323785
0.06620816031700402
0.036973007089799705
0.04047224948075185
0.04110218893100843
0.03547643507142654
0.03586504013139493
0.03413897036779676
0.03554087696265714
0.035358755407897166
0.04135479124076397
0.040818078293972306
0.034894279066774975
0.06387274930943712
0.04504814563355804
0.04108746574342383
0.02195388723969831
0.019321006859361903
0.017773746605169276
0.016060791128662384
0.01425440294558878
0.012365975136844485
0.010407368373054402
0.008390836793721261
0.006328951709566912
0.0042345236008731356
0.0021205228934389913
2.8881762915973276E-15
0.002113994882375888
0.004208491728062843
0.006270679904201619
0.008287986175755652
0.010248151021481489
0.012139302799504995
0.013950029315995288
0.015669446367282038
0.017287262845731954
0.018832161412466828
0.024556778000060633
0.006448168125009738
0.016259435656067394
0.027114280671805498
0.02686794049956817
0.017420269940285626
0.01785430199790327
0.0202097852940109
0.02909686788913669
0.02618914004394746
0.029318440618061947
0.020599530613654025
0.018185752328649905
0.017870402085156032
0.02814198808154179
0.025550164538106823
0.015861623657295702
0.007033264912956478
0.023161855585764814
0.018292171796237384
0.01674277486948888
0.015131808464325623
0.013432231125055104
0.011654737426118634
0.009810470346244568
0.007910951711350474
0.005968010510537766
0.0039937095292473124
0.002000270752828697
1.115278610673136E-15
0.0019947887508717675
0.003971848879045196
0.005919076020933322
0.007824581895461695
0.009676766606713513
0.011464388985830614
0.013176634547166163
0.014803180649466034
0.01633425847110807
0.017704440898637645
0.025039951123771814
0.04026470108339262
0.029747464926596443
0.04707375145157644
0.020634433754064537
0.035872083622461325
0.0361926764298943
0.028667462576076976
0.023030888632157534
0.01927204146483759
0.02272426368106889
0.028094819675223325
0.03513336493859515
0.034467376627414864
0.018858975589446006
0.04383967727880413
0.026424312019956167
0.03926117600841708
0.025426670668781178
0.01715331709712242
0.015875622498043345
0.01435031925391867
0.012740489276205556
0.011056240820024378
0.009308114012787314
0.007507015135162267
0.005664148820685919
0.0037909485941263425
0.0018990061775885853
3.203225791266001E-15
0.0018943766504772846
0.0037724873907040643
0.005622823984444231
0.007434076627064666
0.009195202845304834
0.010895494593687827
0.012524643141229475
0.014072801356569459
0.01553064301646409
0.018437413671106517
0.01946321360887049
0.009259259259258376
0.01967863201364496
0.017556076766225257
0.034326049572960586
0.022840737762602023
0.023345006208565437
0.03067448265581563
0.03440171448407295
0.03341638094418364
0.03443625457659678
0.031079401906070298
0.023726760159790555
0.023339300351776712
0.034642069842314285
0.016886754845056088
0.021486253140610024
0.009786008989171625
0.018546112725412275
0.01887689536049117
0.015142585844548839
0.013689633232423901
0.01215562186499682
0.010550164881392862
0.008883293100557728
0.0071653925487630095
0.005407139946449811
0.003619436553900419
0.0018133407843673821
0.0
0.0018094180900259105
0.0036037940082481795
0.005372124644468209
0.007103590532062529
0.008787621854596878
0.010413962781402534
0.011972733741573045
0.013454491259358395
0.014850284989619876
0.015430279408599454
0.025095017624590134
0.03278985986076305
0.016104317777675185
0.027461057935249715
0.009807972164994867
0.019192259755552873
0.019485922620378477
0.015362498447953487
0.012887814661822556
0.014796204027495631
0.012731298111162864
0.01474419804525806
0.018513362052350248
0.0178928737305238
0.009155758574871093
0.025267945302567093
0.01578990921838786
0.030713775976143647
0.024573612544855846
0.014822084079947156
0.014521222122822645
0.013129576318164284
0.011659817132507475
0.010121138014667116
0.008523137976578698
0.006875761877450808
0.005189238702480031
0.003474018218228037
0.001740706395814605
5.431705362615944E-15
0.001737379253524443
0.0034607505683595364
0.005159539561483728
0.006823342980661081
0.008441992249956214
0.010005615456471785
0.011504697400994513
0.012930137348574525
0.014273304129172834
0.020546451838769384
0.015475228502317506
0.012954274115455118
0.02977342442094242
0.018035851135956595
0.03192823571715525
0.026316264567220554
0.026787501767614113
0.03235544499178477
0.032230809953291514
0.03509295743778619
0.032090417339112005
0.032068694915120204
0.026820939793754855
0.02636856584308221
0.03086818677126878
0.018550151496558306
0.03098011289859773
0.014080713008334775
0.014621472309623244
0.02107471156006973
0.013994328584077167
0.012654679837934899
0.011239413419891146
0.009757366466511853
0.008217771418261874
0.0066301986482144555
0.005004497114997361
0.0033507334073879917
0.0016791295566406922
1.8568760308059585E-15
0.0016763119168715283
0.0033394975084898065
0.004979345999417019
0.006585807068176128
0.008149052303013582
0.009659535194489532
0.011108049299686088
0.012485784224254731
0.013784379082908133
0.012863633326410792
0.021815476174992205
0.02160248488698106
0.01914977167950893
0.018328137903963343
0.012220274158301644
0.019640298590132284
0.02015467115981884
0.013712068070573612
0.013320646617908638
0.022223225236870283
0.013480264480285303
0.014222744278007262
0.020949311067964174
0.020706909304702044
0.013575195565613759
0.017918475680437286
0.019816384049649718
0.01929539666099006
0.020881835739344462
0.012167004743367125
0.013548571158447393
0.012252950983889666
0.010883816402479653
0.00944970230320295
0.007959530298468053
0.006422553345606248
0.004848298416957274
0.0032465075731340836
0.0016270778027937059
1.7254296563517544E-15
0.0016247025454889407
0.0032370357671769887
0.004827096171892838
0.006385131545156465
0.007901600640547965
0.009367231488451056
0.010773077968523202
0.012110574301535778
0.013371587129264067
0.02219253767569066
0.012432652585443031
0.019242438925655643
0.032222130429496745
0.01922261909454284
0.020346783443868054
0.022701269024538624
0.02294979044177005
0.021641003108496475
0.024180868085429318
0.031067900121363026
0.023931126136084578
0.020945130708916605
0.022286370741167138
0.02182633627370435
0.01862319542525207
0.018856858522481423
0.03149441538704133
0.02051113851053912
0.012218217611884335
0.022359736082032237
0.013173533359923904
0.011915019650559282
0.010584747402744966
0.009190996056048388
0.007742424727151617
0.0062480185198764
0.004717032902418801
0.0031589364957653756
0.0015833526258697325
1.0228235948584149E-14
0.001581367127956097
0.0031510189353861906
0.004699309784057588
0.0062167373821048165
0.007694000992687469
0.00912205833347477
0.010492180819404106
0.011796006812019444
0.01302559255093881
0.010022150002710103
0.018145951958467875
0.010947858928917724
0.019701638034958363
0.017960263158706757
0.024864533796559583
0.027147099259170974
0.027560927896918674
0.02422827291402268
0.021089858291535906
0.028963314022905504
0.02128551214010936
0.02461696956779655
0.02769177176376699
0.027317278337182376
0.026435054737681207
0.018353024866323387
0.019055085254660074
0.009259259259260999
0.017689636812824705
0.009335218298717205
0.012861044675941105
0.011633535736641349
0.010335712165389496
0.008975639047642831
0.0075617555188963355
0.006102822496015417
0.004607868489186817
0.003086133828985306
0.0015470136525611029
8.242423679117548E-15
0.001545376622716589
0.00307960585530168
0.004593255909148934
0.006077031449702639
0.007521830580312929
0.008918800579126246
0.010259392048031259
0.011535411143215138
0.012739069568692049
0.02214979912214574
0.01351335600192935
0.024526619236909214
0.024409899352266683
0.016500888701505106
0.008147600451483945
0.012895684761321247
0.013172000127488615
0.012761677960308804
0.014196282528604791
0.022819668774714086
0.013989447467206172
0.012866531716983069
0.01273315462523898
0.012297509500952828
0.007148587766477582
0.01663306932307425
0.02247742022565285
0.025151666859823018
0.014386409829185695
0.021839409573944212
0.012604699581216853
0.01140273738290752
0.010131620185259666
0.008799235330313761
0.007413839913163321
0.005984009696892929
0.004518586115972641
0.0030266216949503613
0.0015173242190170374
2.405345126498916E-15
0.0015160034130006657
0.003021354726480087
0.004506796245604226
0.005963200715942502
0.007381627315087937
0.008753376451606634
0.010070043035631417
0.011323567895699275
0.01250628702761091
0.007743428089273414
0.01783521280091634
0.005754755715936915
0.01590139199361767
0.023688375147065434
0.03436544473076213
0.024473782072905296
0.02480192913915685
0.027437877922254564
0.027579024110840792
0.031008691518498565
0.027696181112756058
0.0273475046306357
0.024303352276693887
0.023810059078296624
0.034887110404635664
0.025143610275684153
0.01579570380862854
0.005947411522167546
0.018324781092531443
0.007507422665104219
0.012399509771527876
0.011218138743394399
0.0099685093784977
0.008658364370338867
0.007295813132379003
0.005889281682095897
0.004447460615539894
0.002979251493710761
0.001493711970464996
4.0665267660122506E-15
0.0014926825330966167
0.0029751464147050564
0.004438271585380759
0.005873063161209865
0.007270706647694997
0.008622622008379878
0.009920516256844371
0.011156434250424042
0.012322807374820216
0.02023137216219241
0.018058120351332644
0.0257846113761649
0.015918816308720263
0.023375154681097264
0.00370009298008475
0.015458863969809875
0.015953735415486826
0.01986949798078155
0.012368931811344186
0.013776005431656491
0.012509602336863065
0.020215969797126913
0.016524020993523233
0.016220751651204637
0.0033382251765296696
0.025264481076834367
0.015819062348805115
0.02547143595283739
0.019118042488742083
0.01949138624349912
0.012241651830634212
0.01107630343982397
0.00984334631362495
0.008550408863448428
0.0072054844060923775
0.005816881820235272
0.004393174290420928
0.0029431464544569944
0.0014757402795438997
7.071527269640821E-15
0.0014749835446492073
0.0029401288293613545
0.004386419477511977
0.005804959666128003
0.00718702876277219
0.00852413485865929
0.009808066870153434
0.0110309448891705
0.012185268474425309
0.008140383519978292
0.020696399624925962
0.009259259259253838
0.019333664040527162
0.03417606309672218
0.033277171296961276
0.01745172199341117
0.01777381652778048
0.02279370771412621
0.030052818993442837
0.02788751270221403
0.030052694887981738
0.022500770509585013
0.017372583952484175
0.01691739198770044
0.032313097357232326
0.03560847498939538
0.020496010000173658
0.010382109514692775
0.021389721404359498
0.008780668280597105
0.012128285123685346
0.010974681112935153
0.009753882124997596
0.008473430582426016
0.0071412331910758525
0.005765512186420157
0.004354754658463758
0.002917660267525855
0.0014630876723629846
1.0950091174899998E-14
0.0014625903074011281
0.0029156769298935006
0.004350315050561237
0.005757676340102787
0.0071291032072266945
0.008456161982297455
0.00973069470784632
0.010944869218243291
0.012091227201865319
0.016789622116128496
0.022043217453250413
0.022588704649254346
0.020389020126447662
0.035550574178815346
0.005969141954713989
0.019875948202718947
0.020268981655240662
0.022695234163976695
0.020448342509713967
0.012800834626378847
0.02066183698353684
0.02261816875315289
0.02022888510213314
0.01982244708828675
0.007413947289310145
0.03694740880381397
0.021583465760965447
0.021540848637131283
0.022592999884092472
0.015768504581091906
0.012057423013996009
0.010911491925411129
0.009698550779598579
0.00842608279068925
0.007101936019154442
0.0057342750353474746
0.004331530647311449
0.0029023480018545906
0.0014555333780388402
1.1148352977342929E-14
0.00145528679778006
0.0029013647161417293
0.004329329608799702
0.0057303902335276566
0.007095922300628342
0.00841752148700912
0.009687055090156273
0.010896712005368608
0.012039050719143065
0.011504639062672057
0.023053721948196645
0.015348071227261203
0.024289650547857006
0.04053893586870685
0.021778121516671894
0.016409402623638634
0.01684771019359811
0.0199072845779087
0.027594471001718014
0.020664100556298262
0.027470211901578025
0.019979453131447892
0.017124661229385163
0.016778429151229297
0.019928971583929797
0.04068514098464282
0.02444277154445862
0.016644685898396946
0.023233512527949033
0.01255775771069448
0.012027846164579222
0.010885648950797343
0.00967640084369148
0.008407551610460683
0.007086917623864412
0.005722633777813314
0.004323103446453897
0.0028969467941661296
0.0014529477539595406
