1.0
0.9989725854527289
0.9958941397184453
0.9907760398146908
0.9836371918337666
0.9745039478168516
0.9634099899352758
0.9503961825331819
0.9263579090220457
0.8914493837400249
0.826891595618254
0.7701173824128308
0.6749305572608353
0.6433245752144123
0.6646232757654081
0.6847290508409242
0.6667995379410441
0.6391804730311327
0.6099743283354365
0.4978825222738244
0.47539968755547124
0.4355257799633235
0.4848417917953112
0.45203716718813824
0.4176374531799555
0.37512741522538195
0.29664522076340516
0.21980159246985287
0.1930301279674281
0.23088614909164953
0.2322221254217247
0.2442359770244644
0.22640253280678443
0.2016731299197526
0.17008068053330905
0.1392737663276269
0.10934235931995437
0.08037172439209675
0.05244210162743644
0.02562841376529666
0.0
0.02437962278192715
0.04745297037168197
0.0691687724034878
0.08948212364992641
0.10835460493099767
0.12575437327165453
0.14165622109465517
0.16190666482519644
0.18677776747146174
0.2427591619997693
0.28494987852757175
0.35817787834766807
0.3627363268607176
0.3271782033971357
0.2869035693381916
0.2804997357051576
0.27452034956448157
0.2729985424797196
0.342373059118632
0.3385936654606877
0.3322554515735081
0.25432413725941166
0.2468077121391534
0.24561260248389666
0.24360506730626333
0.2750572464744202
0.30032234034814076
0.295659568729272
0.22416213037785032
0.18231086104779662
0.12573321594314457
0.1064445904959852
0.09130375337943668
0.07826434592779949
0.06509537670314802
0.05187566279556108
0.038682351000811764
0.025590567982649554
0.012673085182487958
4.621797989730567E-16
0.012361565328205273
0.02434774582752854
0.0358981956467276
0.046956328580889294
0.05746953627456643
0.06738938324713113
0.07667177800935276
0.08662971771785692
0.09992021828372533
0.07732358587589212
0.07464424049835106
0.053824086837451414
0.051209797702037305
0.06491781569592213
0.0981025160348709
0.1075414698055253
0.12510913469161977
0.12719465321785958
0.0835497518917493
0.08698723099194589
0.08484146663315294
0.1277798883334244
0.126099020166669
0.10772164518567748
0.09918552620051395
0.06670858900794537
0.051600285806455704
0.05111247241981411
0.07303815883278524
0.07225274815766619
0.09131993414052171
0.07236554448925102
0.05913896231121302
0.05093822132600354
0.04256756538062745
0.03407978162745367
0.025527457685861194
0.01696268746207166
0.008436783880032345
6.983868629801589E-16
0.008298740059596485
0.01641209904919168
0.024294572090917434
0.031902718564961435
0.03919537927375519
0.04613387787015406
0.052682205632238514
0.052213929624855195
0.04745512294967101
0.09120632105636918
0.10921024985887023
0.14196265059699886
0.10816512776029756
0.09222017321367691
0.06843756287208783
0.07085042881808107
0.051453231106352554
0.05128715242188619
0.08278633600003003
0.10533943090491447
0.0788682804348502
0.045906100059422555
0.04351671919585958
0.061282916662744574
0.05451964558715485
0.07111239210984076
0.08082454925485637
0.11466364021582036
0.08647523548140854
0.07267791708723373
0.031126528941988522
0.040783540131938883
0.04384237336355412
0.037850671909972974
0.03170319158088195
0.025439031390897676
0.019097499119954463
0.012717877975442132
0.006339196069146845
6.90346002396298E-16
0.006261866202462706
0.012409475561784858
0.01840702490262545
0.024220032755729894
0.029815527373657516
0.03516222387760809
0.04023068962729599
0.05424807820521524
0.0749857359697898
0.05717047186356118
0.06003809932638261
0.038779507914077076
0.08535849886218375
0.1014037925983047
0.12729874333236177
0.1300807212806651
0.145371335136266
0.1463399905530176
0.1423236479620766
0.12995819643629722
0.14294951846112844
0.14565920154732315
0.14438446398608257
0.13076102489518623
0.12907139586592647
0.10675235401166439
0.09318225389748484
0.04166867667361589
0.0544328425987619
0.049904517513759024
0.06710074687738343
0.04786322001638931
0.03492661100534866
0.03019487674906245
0.02532521601994197
0.020348602879240844
0.015296350844880796
0.01019992261616051
0.005090740693767074
1.0491356003958772E-15
0.0050415164172288645
0.010003617540092113
0.014856879372912567
0.019572813786122217
0.024124030271787503
0.028484389719772924
0.03262914937774961
0.030739668949377682
0.029285707116526085
0.046213856854747874
0.045923862457753976
0.06335278183444469
0.06578432214374955
0.05384282901437464
0.03782776715597585
0.04398129229856502
0.019617739897984567
0.018759779867372726
0.03933247868497554
0.038578126618100644
0.03944535072596347
0.017132676535317637
0.01715781373770303
0.0427593098071578
0.03731985051428715
0.058355778680398755
0.0724022687684083
0.06455425215046416
0.04766791672223954
0.046521175783062765
0.03618431923143646
0.031174737814315262
0.029106096167607804
0.025185915879490393
0.021143214447610695
0.017003654284083153
0.012793277347069865
0.008538345181072424
0.004265178890457985
1.5729148718327823E-15
0.004231226855951737
0.008402948491872649
0.012490174076164531
0.016468621510457204
0.020314858443545664
0.024006437118551806
0.027522022293951173
0.03240713696228769
0.0411598628110461
0.024836732981544964
0.035951157500383475
0.05001449428766977
0.09468476716909913
0.10524524557113217
0.10727280763879919
0.1016165609135313
0.09019037998882982
0.08990471957745273
0.11471852418103176
0.10373140217666606
0.11301237723762834
0.08564628648843507
0.08382158512949843
0.09541274416324276
0.1003894898042267
0.09921910995614336
0.08706138841738408
0.04731395158564915
0.03143447445743934
0.01710888023168963
0.03032441072347759
0.02579229721149252
0.02502101131459183
0.021665227760588972
0.018199480544475847
0.01464571546934274
0.011026264246838904
0.007363706582082069
0.003680731678739424
1.07217809773406E-16
0.003655993885696756
0.007265056556973637
0.0108054282893101
0.014255912122851227
0.017595998694535424
0.02080598611094335
0.023867094172387488
0.03366788538092538
0.04696564452938641
0.05294213769282818
0.0635429106875346
0.06834818269798676
0.06933065809350258
0.049674946688473234
0.008548323688226658
0.016915507401117347
0.041452763422829934
0.042882418542247204
0.044386895091112794
0.04278088858424424
0.04512984288198222
0.046043630666991325
0.04620685504380937
0.01824436978174074
0.008211241934994274
0.04328348755475855
0.06317630028937668
0.06504934855582184
0.06546072973535558
0.05308852445907948
0.047264753883764075
0.03359493285940663
0.022006789021946575
0.01906471839956815
0.016022861053657717
0.012900431665655682
0.009717023953108594
0.006492489323494196
0.003246814662533963
1.1496904831889916E-15
0.0032280632073134834
0.0064177124435864505
0.009549632433255148
0.012604970668223352
0.01556544948028919
0.018413474000504058
0.021132235375585038
0.014496831085141902
0.00635625922340959
0.014252350409535704
0.01713283343528163
0.01908259824925277
0.03501407214311557
0.055356141991712834
0.05576956833126042
0.048653295519161886
0.030725349619299153
0.030831345485005105
0.05207142118276478
0.04074454934594045
0.05104075044509947
0.030156796268639985
0.029774905931163356
0.04675116598205086
0.05217610784183687
0.05097095537257252
0.027041300252711155
0.013278421573844337
0.012787386128559109
0.018898249236289976
0.009479480601493976
0.014005403940334012
0.019700210362088005
0.01707317065595378
0.014354647114386497
0.011561772961426884
0.008712048594942087
0.0058232330499872805
0.0029132344336094576
4.766944142967795E-16
0.002898593465300176
0.005764848289297574
0.008581352929309083
0.01133108672356051
0.01399752175036375
0.016564721191941537
0.019017433623296144
0.029150562471647285
0.03918243959265304
0.04355299930835181
0.05833570541085014
0.04114659858174603
0.03612894906181819
0.01703399267028802
0.039698808578256375
0.049929138413276515
0.07408915091393492
0.07452689225681683
0.06551835776600082
0.08437604517073921
0.0654154997273451
0.07413021921099651
0.07349948770720623
0.05163291146780566
0.04185131176220638
0.019554506064314168
0.03306141707265124
0.03523184393576747
0.05320071188653886
0.03754116252020245
0.03357901147280499
0.02553858066139282
0.017886055366203267
0.015505857279749883
0.013041013712292064
0.010507026791996795
0.00791975251950292
0.005295302366411074
0.002649943750812361
2.203334283548043E-16
0.002638249589548918
0.00524866898735478
0.007815363359247617
0.01032277510272735
0.01275577741173683
0.015099764812141425
0.01734074013054597
0.020358482379183928
0.025255306003187646
0.028985068263914837
0.00405615543399786
0.03974576131575112
0.03744481411900105
0.06090262957023612
0.03667269085700215
0.0408774080828752
0.014547443628696775
0.014218474157663911
0.021786448902669404
0.033311195818887494
0.02120315234500423
0.012811315372036695
0.012393039262006328
0.039298614911202734
0.03380564698854791
0.06360693573799495
0.03975636751109206
0.046642766762618866
0.008274548209908932
0.030364923251912684
0.0287350422350798
0.02312233371256313
0.016428752422942134
0.014246258644906248
0.011984803983147956
0.00965858444442363
0.007282136745887256
0.004870248084480866
0.0024378647295388084
7.44054486966837E-16
0.002428357810788174
0.004832337001507534
0.007197272964716842
0.0095087970767133
0.011752923439940825
0.013916132957619383
0.015985454238319263
0.014685287721562999
0.016101390905809043
0.01657916016396815
0.033061290577424955
0.02206874156490013
0.020340969777162262
0.027974094565448318
0.04166175553776626
0.04713657949695372
0.04848766274117687
0.04857851816514841
0.04277325353555896
0.060255736504635345
0.04203347691110263
0.04713681298857449
0.04633136860651563
0.045626790418571435
0.041204422050769976
0.026197294500756224
0.01769534407122461
0.02009760634433929
0.02851934613452193
0.011831984430724434
0.010078976055255486
0.010080281734261176
0.01523871030510961
0.013217291849711247
0.011121676278226859
0.008964995797928288
0.00676071099860771
0.00452252730987153
0.0022643102517699507
3.177988202988935E-15
0.0022564742107749206
0.004491279322587708
0.00669076280997362
0.008841535644202085
0.010930553364363878
0.012945194766960154
0.014873337741867082
0.025846270246228147
0.030304860292906063
0.028857262679466422
0.020048378039644953
0.056738567443100456
0.031223511181573124
0.06203613394691672
0.010654080802714065
0.017817985816127334
0.022825202104440955
0.02344699240208574
0.026726780453874707
0.02223031516279323
0.02717960938099102
0.02440179462605603
0.02426240223991048
0.015887133548510596
0.008783046879734073
0.059224046193182174
0.026955535783520085
0.05491070801879908
0.02203372455950512
0.02679899106737245
0.028404591581640697
0.02512794299503917
0.014254402945583784
0.012365975136841784
0.01040736837305881
0.008390836793724045
0.006328951709569796
0.0042345236008697424
0.002120522893438849
2.2142500252468922E-15
0.002113994882375376
0.004208491728061356
0.006270679904201508
0.008287986175756882
0.010248151021480656
0.012139302799510457
0.013950029315998558
0.009229470853490657
0.010512341545547496
0.020395382644519306
0.023610932810760012
0.00700889086306979
0.027614306746420778
0.004612143309531947
0.044163369361302836
0.03821571365402977
0.029169376155224795
0.029349492586934107
0.02082105484573878
0.01851851851851569
0.02043581716735815
0.028635402789784412
0.02810079475989663
0.03777167126278173
0.0444100474312614
0.0022643352235731133
0.03144806764070721
0.0034427535332849646
0.024097292984439803
0.024767969687819705
0.014036345670175253
0.012892332419318015
0.013432231125050098
0.011654737426117058
0.009810470346250452
0.007910951711352332
0.005968010510534328
0.0039937095292453435
0.0020002707528314575
1.3834658874401406E-15
0.0019947887508706074
0.003971848879046343
0.005919076020934428
0.007824581895462486
0.009676766606715832
0.011464388985839683
0.013176634547164478
0.019346244701665027
0.019625282461714622
0.017743016095072096
0.024006276077175086
0.03675595786629139
0.009650312018202923
0.03966714422040473
0.007219119079485324
0.012887929348556728
0.02788195805008062
0.028216877175076666
0.03508543349830292
0.04988196744384424
0.03511879743839301
0.028085488791736855
0.0276842407190177
0.013465780951292505
0.0065392360909841945
0.0365496311751915
0.007384297848641595
0.031114132581400545
0.023690138885925815
0.014241929730473566
0.01605376561895913
0.01547391073732641
0.012740489276202034
0.011056240820028027
0.009308114012786032
0.00750701513515791
0.00566414882068877
0.003790948594133289
0.0018990061775839419
3.882326258473304E-15
0.0018943766504757673
0.0037724873907039793
0.005622823984444214
0.007434076627062971
0.009195202845301705
0.010895494593687589
0.01252464314122873
0.02021866520931171
0.018920997087315553
0.03154752413077268
0.024292217004919885
0.01762197169212946
0.035041130237722214
0.017226946387182387
0.03672092011656177
0.027901818254200978
0.018543569807247157
0.018854660729614687
0.01287528297314114
0.009626573783088264
0.01289076237455207
0.018670710538789194
0.018272930970471134
0.02622452375745082
0.03462417358714901
0.018075633830135572
0.032255489998221615
0.021061754938821505
0.02367983874288119
0.03155902578868027
0.018877643706777903
0.021907878218415125
0.01215562186499455
0.010550164881391802
0.008883293100556628
0.007165392548761645
0.0054071399464450075
0.0036194365539047556
0.00181334078436215
2.4771327841240472E-15
0.001809418090027067
0.003603794008250611
0.005372124644469762
0.0071035905320650855
0.008787621854599052
0.010413962781395215
0.011972733741575758
0.005458442554604082
0.011560168319324991
0.0047888858936907764
0.022978777295437534
0.012881131771398428
0.014323467252761546
0.025386874168905983
0.015840814922453567
0.024072406334538738
0.029607883203453866
0.029986102436122215
0.034822122172237326
0.035714634277883794
0.034743037218641436
0.030136066661129036
0.029834786429678375
0.025364831246059913
0.01813417060346766
0.024975504774416943
0.018624118108909002
0.010375940300168076
0.023119703395922366
0.0033942441397423868
0.012169763200407278
0.004164802377488571
0.011659817132515961
0.010121138014663465
0.008523137976573824
0.006875761877450323
0.005189238702481729
0.0034740182182254283
0.0017407063958172855
1.3074681319815747E-14
0.001737379253526359
0.003460750568361073
0.005159539561484583
0.006823342980652872
0.008441992249957807
0.010005615456472116
0.011504697401000717
0.02166431646031228
0.01561434631723798
0.027187215198383293
0.022228309982936078
0.027094203984479426
0.01108351078760975
0.013403608217697182
0.02068621486997755
0.012827944622417074
0.013061236631632778
0.013280916754506098
0.011691790979702885
0.03144515653237245
0.011669348375824277
0.012907336951037653
0.012497524458593829
0.011978694739752953
0.019143412083232347
0.01172083159049475
0.008574074155215518
0.0269346110685574
0.02251674038751018
0.025254106279004443
0.014268508861757477
0.019806348601002534
0.011239413419889599
0.00975736646650482
0.008217771418259448
0.006630198648209247
0.005004497115001644
0.0033507334073888118
0.0016791295566447875
2.105270990350584E-15
0.001676311916873256
0.0033394975084905234
0.004979345999426472
0.006585807068176966
0.008149052303009167
0.009659535194478935
0.011108049299681606
0.01255042111278571
0.013934069134497377
0.006382784809518554
0.02237185599307404
0.008206779563956903
0.03522208094008807
0.02969385377743253
0.025850037775778798
0.028907576878278718
0.029700258597133884
0.029996165211506755
0.02887952421672358
0.04067274133069276
0.02869763108505388
0.02989146957508006
0.02954652548271903
0.028275396170831905
0.0255579843967853
0.030754332881823332
0.03655587277306365
0.008544849105133643
0.021147043938064956
0.007081746133009102
0.013533666447702226
0.01594771149516957
0.010883816402490535
0.00944970230321017
0.00795953029846326
0.006422553345592579
0.004848298416947651
0.003246507573131931
0.001627077802788489
4.3069115145730726E-15
0.00162470254549803
0.0032370357671740544
0.004827096171888958
0.006385131545144891
0.00790160064055412
0.00936723148845227
0.010773077968524858
0.012181416615860237
0.014369168132260772
0.021812208922099535
0.024558382559445566
0.02433954241176627
0.020452789746380207
0.005202997205253271
0.014884058578927576
0.017517731543217233
0.01731886960843801
0.0177132074697189
0.01803732861842983
0.04243385316595862
0.018227051085292746
0.018276325262941102
0.01816583924726888
0.019124292103913865
0.015568966404769303
0.005056224561158841
0.022722951127499037
0.02388889439664461
0.024766272743289693
0.021509770941649114
0.015575637542380637
0.007982967826944977
0.010584747402743464
0.00919099605604214
0.007742424727149319
0.006248018519874966
0.0047170329024192326
0.0031589364957629123
0.0015833526258747343
3.2034743343507185E-15
0.0015813671279520975
0.0031510189353837945
0.0046993097840578955
0.006216737382103332
0.007694000992685695
0.009122058333469744
0.010492180819399163
0.020576477076596433
0.00966570298911595
0.007086730228988561
0.012756239619517393
0.00959661335497238
0.029035727680589325
0.032166227232704514
0.018629686392710745
0.01803537319869917
0.023726794667198226
0.023841503015331892
0.020331541133511963
0.029254156790247423
0.02012070226118611
0.023221190315829313
0.022797993748465473
0.01678243303745349
0.01759987641835378
0.03165524120495963
0.02506707439744633
0.009592905214830172
0.009997150476980346
0.007361543522554231
0.008250821959229037
0.02089139898582951
0.010335712165391971
0.00897563904764361
0.007561755518894022
0.0061028224960169904
0.004607868489185178
0.0030861338289918674
0.0015470136525589252
9.664771321979846E-15
0.001545376622717465
0.0030796058552993843
0.0045932559091475455
0.006077031449695107
0.007521830580316235
0.008918800579130564
0.010259392048037603
0.0040519044348363885
0.017753003641012406
0.019773128544987025
0.02191390225050081
0.02266498969020624
0.02788234743717405
0.008216203120053724
0.020938305266335906
0.02957710963876389
0.023391595215813726
0.02369936879085682
0.02079773469098457
0.02314213548222158
0.020790952956928243
0.02377899447613522
0.02350796467138907
0.02983431328604105
0.0209416668689609
0.009096032697577867
0.028072437585339068
0.022083513206672567
0.019924502726055112
0.01814023280205064
0.01739724676681028
0.008097914373685343
0.01013162018526508
0.008799235330315404
0.0074138399131576035
0.005984009696894297
0.004518586115973972
0.003026621694954988
0.0015173242190196366
1.6506662814314638E-15
0.0015160034130004202
0.003021354726473969
0.0045067962456056005
0.005963200715941402
0.007381627315087562
0.008753376451609615
0.010070043035633615
0.017674932552605497
0.011180974811095016
0.012966241678341796
0.013508560509288088
0.010316097578955075
0.005976778051891176
0.028157051735640263
0.016216874965470484
0.00871376930212984
0.013459043320956458
0.013758408998638474
0.02240067910902349
0.016051279857397904
0.02267378779363981
0.013828485852880342
0.013567338696893411
0.008818958560872248
0.01706476963604592
0.027719589039823193
0.006201911461214829
0.011197803507416157
0.017207269326510222
0.01582907102825655
0.013937512111856476
0.014792925872214736
0.009968509378498308
0.008658364370338062
0.007295813132384528
0.005889281682094936
0.0044474606155349775
0.00297925149371206
0.0014937119704674499
4.5577478605151585E-15
0.0014926825330957864
0.002975146414704768
0.004438271585382875
0.005873063161209338
0.0072707066476931665
0.008622622008376424
0.009920516256840317
0.016273665008622002
0.01248489146934979
0.009256386840031293
0.009522445734432018
0.01790128334270031
0.023442758096664518
0.0119646201793432
0.014444147203377887
0.024049164298949745
0.023504819855163686
0.023744917271886382
0.01753370439634099
0.025763151628578878
0.017304624527987842
0.023582792674904592
0.023264199751134123
0.02288467710131106
0.01308389378991696
0.011883701239888207
0.021119274380900516
0.016624582707843134
0.005711364849415264
0.00555433216800416
0.009343425750191986
0.01854414708429207
0.009843346313621255
0.008550408863444676
0.007205484406094421
0.00581688182023762
0.00439317429041454
0.002943146454452282
0.0014757402795363903
2.8649241364821076E-15
0.0014749835446423206
0.0029401288293624244
0.004386419477509191
0.005804959666128909
0.007187028762762569
0.008524134858665877
0.009808066870154853
0.0057385816317812866
0.01980378030559384
0.023610230535389794
0.027364290370567233
0.01588815700147422
0.017911383458907637
0.025342971742945645
0.024967364942469494
0.01764498716036686
0.01849890658042452
0.018796575407860897
0.02852286216569016
0.010977995912497573
0.028506214697612525
0.018928050817290848
0.018693838780395284
0.018521052200437753
0.02564629068211799
0.024715631925063892
0.01952014687693125
0.01667227432999502
0.028779485663207136
0.025253505768435644
0.02073877057241977
0.001955126155993321
0.009753882124996184
0.008473430582405439
0.007141233191082863
0.0057655121864222765
0.004354754658464753
0.0029176602675285725
0.0014630876723691385
1.994978931567577E-14
0.0014625903074068278
0.002915676929892446
0.004350315050564204
0.005757676340102387
0.007129103207229987
0.008456161982289132
0.009730694707840182
0.020094220633476084
0.00399615530986524
0.01014594408757172
0.008941327752382756
0.013084470956385427
0.010438373025142918
0.011118769737456598
0.010313919222462218
0.015105547589373169
0.01807801512790568
0.01830511999183184
0.010191900261157958
0.02715694153568652
0.010412529514963442
0.018123807520776233
0.01780434454024806
0.014925185960482068
0.011334008647924757
0.01162423017511984
0.010877967082337028
0.013016484103457555
0.013099489175341013
0.014319513059380836
0.007264608774183449
0.019079404268402697
0.009698550779598624
0.00842608279069358
0.00710193601915082
0.005734275035344143
0.004331530647305562
0.002902348001846586
0.0014555333780353337
4.359363699643655E-15
0.0014552867977766285
0.002901364716136678
0.004329329608806001
0.005730390233525197
0.0070959223006242375
0.008417521487005641
0.009687055090162723
0.009470654050083752
0.018751129775763823
0.025479250505855755
0.02716750434287494
0.01638340160308268
0.020904890090449435
0.01924781085419986
0.022974586284767666
0.019422169285029076
0.018584866936083775
0.01884667035859469
0.023537688275115917
0.02360756849316093
0.02329741619313946
0.01875543915803057
0.01844801418119099
0.018867661356946626
0.021662152070000884
0.018000864799609294
0.019778517128332052
0.01562080008149995
0.024945630297813066
0.023823744439772407
0.01637010048607161
0.013185412064307666
0.009676400843696456
0.00840755161046164
0.007086917623863499
0.0057226337778188
0.0043231034464591665
0.0028969467941740872
0.0014529477539681473
