1.0
0.9989725854527295
0.9958941397184483
0.9907760398146899
0.9836371918337689
0.9745039478168525
0.9634099899352763
0.9503961825331828
0.9355103927392282
0.9188072805050684
0.8728232177331523
0.8163908662668986
0.749581024433485
0.7176206385066866
0.7025414330726603
0.6769093285618192
0.6500416011863016
0.6304610103744768
0.5841549863760768
0.40780770730041893
0.3693936531129269
0.34606548037860435
0.45999349794882144
0.4437543327973663
0.40305772667972034
0.36983723617414477
0.3364763379988443
0.2939595053555977
0.2689174114103165
0.2760683320468846
0.2748071015594584
0.2668332813211874
0.2339567767589834
0.20167312991975334
0.17008068053331007
0.13927376632762742
0.10934235931995472
0.08037172439209725
0.052442101627436795
0.025628413765296947
4.945731240346606E-17
0.024379622781927755
0.047452970371682654
0.0691687724034882
0.08948212364992648
0.10835460493099802
0.1257543732716556
0.1416562210946553
0.15604160438810852
0.1688986399392127
0.202800850110841
0.23505240950806167
0.2704434230530169
0.28209895623783565
0.27745001711079226
0.27975055407323635
0.2806042212325243
0.2782876180871234
0.28410600204595876
0.4172535903800014
0.4141398832181462
0.4060507630043056
0.26337522847392303
0.24951501537695933
0.24097963179740978
0.23110971949238732
0.2203787575502629
0.21685257786320536
0.2001929726226221
0.17150291286535813
0.14713035038581812
0.11667245240793693
0.10413347464621678
0.09130375337943804
0.07826434592780032
0.06509537670314784
0.051875662795561314
0.03868235100081261
0.025590567982649998
0.012673085182488823
1.0680635155673859E-16
0.012361565328205577
0.024347745827528335
0.03589819564672796
0.04695632858088969
0.057469536274566635
0.06738938324713159
0.07667177800935339
0.0852771196700485
0.09317041956355206
0.09336449137498193
0.10052253619209142
0.1035176823593909
0.1083003338816846
0.1210440300397703
0.12589227868396125
0.12991323201887967
0.12656855661153765
0.1355680017224381
0.04584343773260698
0.05513595721607938
0.04626351761970729
0.13762319061778655
0.12840280896930084
0.1335688707333016
0.13079582418722735
0.1274142299411554
0.1175923603496059
0.11354483629068439
0.10129152553509875
0.08307081443389598
0.0748203543015487
0.06711710121238192
0.05913896231121239
0.05093822132600311
0.04256756538062862
0.03407978162745381
0.025527457685861947
0.016962687462071656
0.008436783880031806
7.020997834064101E-16
0.00829874005959625
0.01641209904919322
0.024294572090917645
0.03190271856496256
0.039195379273755916
0.04613387787015428
0.05268220563223934
0.058807188768006495
0.06447863753738897
0.07122538831190935
0.0597684547969234
0.05620186221578445
0.049229520741038715
0.04196042601001381
0.04355476334607005
0.044777109082829114
0.05070417367632915
0.036886263628523375
0.10937530609785309
0.0982219866327739
0.10443435456452636
0.035722605085675985
0.046144826677459456
0.04327055841307478
0.04253209596907879
0.04201580196455076
0.05063186126246565
0.05805853660952848
0.046401370913861345
0.055969283686178914
0.05520449656085883
0.049639640524940305
0.04384237336355519
0.037850671909973474
0.031703191580882466
0.02543903139090001
0.019097499119956455
0.012717877975441185
0.006339196069148348
2.863424428804535E-16
0.00626186620246407
0.012409475561784502
0.0184070249026246
0.024220032755729277
0.02981552737365813
0.03516222387760958
0.04023068962729757
0.04499349698177955
0.049425362699366315
0.07197809669066638
0.1105388232836587
0.14506901176594914
0.15400399169090406
0.15554405805211263
0.15760547481828327
0.15923027075159718
0.15451010244845176
0.1684962006484036
0.10765438861982929
0.11313058006865237
0.10850527842713756
0.16735271034015836
0.15341488160352262
0.1565190417252434
0.1543367054490167
0.15179651212959303
0.15119809817399843
0.1408380085363812
0.10707714816758933
0.06953263340583653
0.043855240091814844
0.039489974235264125
0.03492661100534811
0.030194876749062186
0.025325216019942337
0.020348602879239116
0.015296350844879084
0.010199922616161922
0.0050907406937676135
0.0
0.005041516417229919
0.010003617540091773
0.014856879372913879
0.0195728137861231
0.024124030271786962
0.028484389719773063
0.032629149377751784
0.03653509821676909
0.040180681986828524
0.022965723094867215
0.026483055674616545
0.06744595216301999
0.07004692951226889
0.0601522444191636
0.05949162366175883
0.05893035010333216
0.05156186187561011
0.06174546369926322
0.045261593420717866
0.05426692337354331
0.04524904735225725
0.060027964223421944
0.049250034106409185
0.0549127502331916
0.05431794027128614
0.053724159654139264
0.06240754350516269
0.05727388529059722
0.017667044080344033
0.016594912926243162
0.036479093000143716
0.03287863137833075
0.02910609616760819
0.025185915879489852
0.02114321444761094
0.017003654284084055
0.012793277347072212
0.008538345181073392
0.004265178890458633
1.685280160230292E-15
0.004231226855954604
0.008402948491872468
0.012490174076164286
0.01646862151045603
0.020314858443545105
0.024006437118552177
0.027522022293950493
0.03084151152597041
0.03394614715006018
0.05979014014647127
0.07077895695620762
0.07448469282891866
0.08359196417954042
0.07784984874564897
0.07799763381746495
0.07788247993967191
0.08642795391344853
0.08441617251720868
0.07733830641170217
0.06755099305919336
0.07548128010092776
0.07840126496358578
0.0785229419307563
0.0669508812486925
0.06435389395538586
0.06150633849363052
0.0643869595557483
0.05477027968394441
0.05867919416874655
0.05553283698170808
0.031317650500895675
0.028245407809628573
0.02502101131459264
0.021665227760590957
0.01819948054447594
0.0146457154693405
0.011026264246840368
0.007363706582083728
0.003680731678742979
8.558273277941878E-16
0.003655993885695212
0.0072650565569733405
0.01080542828930994
0.014255912122852198
0.017595998694534636
0.020805986110944454
0.023867094172387516
0.026761572296945695
0.029472800534868414
0.01983983982181395
0.03385855541248547
0.03865121303547113
0.038138029439312784
0.04742183413928393
0.04960052685558936
0.051525432243072496
0.046343958130048615
0.052254446789530035
0.04248645839916012
0.048020048533051696
0.043084626963370426
0.055361698836770834
0.05141138814795222
0.057897874179788825
0.05766620448889018
0.057248465800268114
0.04800672394604341
0.05095223964301249
0.0462213846086422
0.023966243562171783
0.02751732263936647
0.024830357014184446
0.022006789021947866
0.01906471839956854
0.016022861053658802
0.012900431665656206
0.009717023953108422
0.006492489323493879
0.003246814662534439
2.7903468373015082E-15
0.003228063207316268
0.00641771244358853
0.009549632433255276
0.01260497066822736
0.015565449480292756
0.018413474000504033
0.02113223537558455
0.023705808643466542
0.02611924470554831
0.040385429791547335
0.047112996037378584
0.06106052607439951
0.053255454082103144
0.05736398076493584
0.0583412234686542
0.05923784153951409
0.0508670729522775
0.052101210750073255
0.04117030829699299
0.050324368912229724
0.04144231136150526
0.05429333810946198
0.054083083860311305
0.06302684743810562
0.06312606872823677
0.06317410778189027
0.0604386542621084
0.06853867963471219
0.04819784576755204
0.034861876623403835
0.024613779935094428
0.02221910702400938
0.019700210362089812
0.017073170655952256
0.014354647114388988
0.011561772961426641
0.008712048594944996
0.005823233049990114
0.0029132344336093487
1.1483506395431861E-15
0.002898593465299369
0.0057648482892966885
0.008581352929309059
0.011331086723561142
0.013997521750361298
0.01656472119193909
0.019017433623297872
0.021341182673569284
0.023522351538325513
0.03314846260797654
0.06365875325231671
0.06923575993227767
0.07094791633113672
0.07925402211568545
0.07966061896938663
0.07993613970262929
0.08516732883836715
0.08416357685501112
0.0525059430165379
0.04549529443359786
0.051998222273732644
0.08318054770382768
0.08399274664309708
0.07702418590225157
0.07604512003718104
0.07495108541626072
0.06666857928124355
0.062494477054412904
0.060094084447559454
0.03470673700753677
0.022332853656678905
0.02016655638883043
0.01788605536620319
0.015505857279750028
0.013041013712293957
0.010507026791998516
0.007919752519499586
0.005295302366410638
0.002649943750816595
1.6160242086105635E-15
0.0026382495895521368
0.005248668987356396
0.007815363359248439
0.01032277510272831
0.01275577741173861
0.015099764812140743
0.017340740130547535
0.019465397382424955
0.02146120009284464
0.01859573848053391
0.03156434919255074
0.05763743643777934
0.05490758158680511
0.05145240639466405
0.051319243098877754
0.05111967552272025
0.05477528289592672
0.050021085964988735
0.03327501628236008
0.03538176981057387
0.03270768165619847
0.047782141743253244
0.05173357053505868
0.045993367700623816
0.0448584302384943
0.043622359626520515
0.04754560757255071
0.04830867330648091
0.021470786085549982
0.013874051210879899
0.02050230555744146
0.018518518518520703
0.01642875242294419
0.014246258644908296
0.011984803983149408
0.009658584444424736
0.007282136745884793
0.004870248084481357
0.002437864729542707
1.2368224948210376E-15
0.002428357810789114
0.0048323370015058405
0.007197272964718378
0.009508797076711458
0.01175292343993809
0.013916132957618142
0.015985454238323024
0.01794854084947649
0.01979374446275967
0.03490940071505112
0.036265042349748075
0.01685068856944017
0.026191991352123183
0.0341287153826937
0.03474075839999781
0.03522942412636461
0.0367768032890498
0.042955373470200134
0.034178235082023424
0.040210923505091596
0.03440727663520454
0.04139426998629648
0.0331828904863432
0.033831853904438255
0.032962644515450445
0.03194708467982009
0.02229192601145558
0.01770043298434293
0.03412522843306568
0.033668679188033394
0.019008557644272974
0.01717320964004544
0.01523871030511332
0.013217291849714902
0.011121676278224956
0.008964995797927386
0.006760710998606018
0.004522527309870914
0.0022643102517711598
1.0720659529491401E-15
0.002256474210773645
0.004491279322587009
0.00669076280997192
0.008841535644203402
0.010930553364362064
0.01294519476696052
0.014873337741864452
0.016703431801364892
0.018424566870800976
0.008332651446785903
0.02340039555984602
0.02947135118380348
0.02580727778713832
0.02192104993182138
0.022814226494344083
0.023579540661991017
0.030162850474626465
0.020680144455333935
0.029500140561668366
0.02567611662847651
0.02958207396122587
0.021315856399912406
0.031530798805762
0.025160203874679675
0.024887571215009157
0.0245543574507464
0.02606276165016786
0.030077431344191313
0.03025063224237083
0.01022206368089223
0.01777374660517233
0.016060791128660313
0.01425440294558728
0.012365975136838087
0.010407368373060725
0.008390836793721537
0.006328951709570872
0.004234523600869866
0.002120522893439623
1.2022987675209845E-15
0.002113994882375974
0.004208491728064133
0.0062706799042020625
0.008287986175751773
0.01024815102148391
0.012139302799509321
0.013950029316005719
0.015669446367279533
0.0172872628457372
0.027228332341303303
0.04213647792898415
0.04266356644890896
0.03471298569566012
0.044779552018149725
0.04552442194385707
0.04613914533154778
0.04509559082845732
0.037992428791490666
0.038313367791750694
0.041408666249993314
0.03789529459705115
0.03778764688496696
0.04639299132978119
0.04602693233867356
0.04539422376584895
0.04463787915343209
0.03474229984248911
0.04299248840868401
0.04139816819634641
0.024558434634268024
0.01674277486949197
0.015131808464321089
0.01343223112505118
0.011654737426118136
0.00981047034624708
0.007910951711350384
0.005968010510531804
0.003993709529245373
0.0020002707528322837
3.27293860498483E-15
0.001994788750872795
0.003971848879048329
0.00591907602093641
0.007824581895461313
0.009676766606714779
0.011464388985836002
0.013176634547162877
0.014803180649464386
0.016334258471106866
0.016430682931121144
0.03179202532044908
0.01740039026627608
0.02029441377281325
0.024288111976631298
0.024505440997218075
0.024681239190975392
0.03246987869583705
0.02976383973484872
0.025755159970860895
0.02658841376436268
0.025904163058038877
0.029887299732121068
0.03053461048077869
0.02344142451863443
0.022910147865971876
0.02230627712385259
0.0183717369952002
0.011133292063572615
0.027124611698394516
0.017693294156512343
0.01587562249804363
0.014350319253918182
0.012740489276204983
0.011056240820029697
0.009308114012788525
0.007507015135156765
0.005664148820686753
0.0037909485941335012
0.00189900617758757
2.747885492041533E-15
0.0018943766504753562
0.003772487390706888
0.005622823984447518
0.007434076627062127
0.009195202845304281
0.010895494593688937
0.012524643141225714
0.014072801356564382
0.015530643016467918
0.017068935212599227
0.02286557057569427
0.0306164198146351
0.022955944522981945
0.02807055784057735
0.028495911798114136
0.02880202957055076
0.038208978575030646
0.023595375233388265
0.015508263747744496
0.010187145860777319
0.015234590168707577
0.022849014090478872
0.03655172124483143
0.02654554765873269
0.02567056190814507
0.024672573471370654
0.020969019646198774
0.028228156634971156
0.016830454234096653
0.015360761628935822
0.015142585844552085
0.013689633232426782
0.012155621864992722
0.010550164881392977
0.008883293100560784
0.007165392548762418
0.0054071399464466
0.0036194365539023257
0.001813340784368941
4.070847735517154E-15
0.0018094180900281819
0.00360379400824734
0.005372124644473389
0.007103590532066014
0.008787621854599793
0.010413962781396084
0.011972733741574888
0.01345449125935917
0.014850284989616226
0.01844476830206848
0.022404009885022478
0.02043391259954693
0.02151713684920384
0.02184670835002735
0.022651188919111383
0.023324278442882877
0.016069508079900312
0.030108943981315597
0.0376666541938141
0.04406345485548048
0.0376771469907265
0.029729931879373003
0.0175607783130225
0.023696049566467148
0.023118396785887917
0.022410637620569444
0.021938608896045535
0.023848035771096423
0.026070539515340514
0.017808757206178905
0.014521222122821214
0.013129576318167564
0.011659817132513791
0.01012113801466834
0.008523137976572654
0.006875761877447138
0.005189238702476167
0.003474018218224017
0.0017407063958210776
1.0583639031329403E-14
0.001737379253517945
0.0034607505683581577
0.0051595395614864046
0.006823342980651017
0.00844199224995022
0.010005615456473441
0.011504697400997346
0.012930137348565558
0.014273304129173598
0.01421275668988485
0.017185113716712063
0.02547125206067977
0.021372864100194303
0.017172369837333258
0.017928181797363937
0.018561658289492577
0.021786295602801924
0.022721396186059426
0.01577079489183415
0.012623076076657611
0.015949282496532
0.023422190384081706
0.0208168603935292
0.01899099478161267
0.018469148629690398
0.017827751509162694
0.022703652772103424
0.024488319619281117
0.017858316671235344
0.014783760849927713
0.013994328584074789
0.012654679837933672
0.01123941341989244
0.00975736646650482
0.008217771418259523
0.006630198648204209
0.0050044971150032275
0.0033507334073899346
0.0016791295566486943
3.417998962729662E-15
0.001676311916875984
0.0033394975084879773
0.0049793459994254075
0.00658580706818125
0.008149052303010771
0.009659535194484588
0.011108049299677169
0.01248578422426148
0.013784379082908896
0.01453752620989959
0.02906566243028089
0.021590807698261855
0.0130702309945647
0.017128987143585288
0.017684273040657665
0.018118630555485613
0.026315121315091543
0.013916858678785352
0.021098286380011762
0.012205968558944319
0.020454760633649365
0.01299367806328119
0.02597750970546567
0.01703308544379953
0.016334653010381974
0.015520249863791784
0.010094443445782215
0.018395974340829197
0.0260660328269839
0.013513834290745196
0.013548571158451579
0.012252950983886323
0.010883816402495416
0.00944970230321533
0.007959530298467913
0.006422553345592978
0.004848298416957535
0.0032465075731365114
0.001627077802790344
3.696004443358204E-15
0.0016247025454986341
0.0032370357671751542
0.00482709617188739
0.006385131545152015
0.007901600640545205
0.009367231488453752
0.010773077968527339
0.012110574301552733
0.01337158712926165
0.016371141514428825
0.012883813246450503
0.020997312600169998
0.03058321685074919
0.02416944500478015
0.02488131688597144
0.025473055380677193
0.018267116421173537
0.035543145174866835
0.030908010464068606
0.039826060902912255
0.031218544196265824
0.03561307355501482
0.01949842193134624
0.025657934914906564
0.02511712058425746
0.024459342047555805
0.03125737886814414
0.021132344229995482
0.013803853917586244
0.016390054523737065
0.013173533359922367
0.011915019650548688
0.010584747402744158
0.00919099605604843
0.007742424727152307
0.0062480185198730475
0.004717032902418782
0.0031589364957626763
0.001583352625874072
5.8444555160004534E-15
0.001581367127948081
0.003151018935388183
0.0046993097840648855
0.006216737382100965
0.007694000992686974
0.009122058333470077
0.010492180819407849
0.011796006812020476
0.013025592550932346
0.01319058504804053
0.014134960366474266
0.012493083843598993
0.0041342035871351325
0.014203328355064096
0.014928313223669843
0.015552509825118077
0.022413438374172846
0.0075733171827292575
0.006752809586889462
0.008598459226169284
0.006854916552373372
0.008336322818890124
0.022268532326720953
0.016599830660044744
0.016240507194258267
0.01578209762043762
0.006162593097390024
0.014899087205913972
0.013417033429775748
0.01415951562327268
0.012861044675949652
0.011633535736643193
0.010335712165395248
0.008975639047647671
0.007561755518895092
0.006102822496014565
0.004607868489185484
0.0030861338289884656
0.001547013652555009
7.476312549575545E-15
0.0015453766227194893
0.003079605855300393
0.004593255909148417
0.006077031449700784
0.007521830580315134
0.008918800579127834
0.010259392048038078
0.011535411143222811
0.012739069568689126
0.014172631800549527
0.02277489644806396
0.023554694617202634
0.02462851851914966
0.01669150841375362
0.017080915704863323
0.017368142075244987
0.026386248717578956
0.019762984859304337
0.028430129900987727
0.020924272440751568
0.02804285656382897
0.018267459586802325
0.025524884626253377
0.015794651840741886
0.015138382211620827
0.014398640257106755
0.02194847482525624
0.024050246129294756
0.023198567201232142
0.01270185052695787
0.012604699581230717
0.011402737382911338
0.010131620185267998
0.00879923533031599
0.007413839913163507
0.005984009696897845
0.004518586115969237
0.003026621694959631
0.001517324219019339
5.006782685717244E-15
0.0015160034129984132
0.0030213547264747397
0.004506796245602477
0.005963200715939072
0.007381627315095317
0.008753376451608369
0.010070043035637051
0.011323567895696742
0.012506287027602599
0.018310885614136786
0.01451291216030017
0.025000068425083375
0.02101099787011973
0.02961903908559664
0.030418129953834788
0.031110179312347917
0.022459034425522658
0.03330935531485527
0.020810315522665455
0.03031324756866224
0.021232906865931628
0.03462869610930365
0.02355070128613671
0.03251961428268405
0.032178129974274335
0.03172821624156513
0.02383855752946528
0.02570623255413454
0.014887700240344031
0.019566336862404467
0.012399509771524944
0.011218138743397645
0.009968509378500818
0.00865836437032943
0.007295813132383713
0.005889281682087052
0.0044474606155360235
0.002979251493708217
0.0014937119704653621
1.961119878804523E-15
0.0014926825330973624
0.002975146414705722
0.004438271585393814
0.005873063161209424
0.007270706647697384
0.008622622008376199
0.009920516256840577
0.011156434250423912
0.012322807374812016
0.007073598656619828
0.014735985609267298
0.021053899609183073
0.012270910049967425
0.005658471729868192
0.0055111036407888715
0.005404861387328613
0.0053253381190038395
0.0062709012938346465
0.012958118704029867
0.017429457943705706
0.012671602168229311
0.006911499669207342
0.005116036542421465
0.0043803590764313624
0.004306647399632498
0.004341454021912304
0.010672922169010743
0.018639870634582206
0.01113462857308135
0.0055472577719533995
0.012241651830623002
0.011076303439823685
0.009843346313626695
0.008550408863444813
0.0072054844060990934
0.00581688182023865
0.004393174290419597
0.0029431464544569423
0.001475740279540534
8.270586284032031E-15
0.00147498354464623
0.002940128829372201
0.0043864194775021246
0.005804959666128401
0.0071870287627662024
0.008524134858669975
0.009808066870153469
0.011030944889166443
0.012185268474431174
0.021539487247252805
0.020710370790018515
0.019049340354518766
0.028086851133246108
0.034628897715276157
0.03518321048713671
0.03562850161683493
0.04213735123350264
0.04543948828083351
0.0290632227013491
0.025206379964256693
0.029020614685566107
0.04513151779533
0.04279014917976575
0.03505862338969226
0.034475013914885826
0.0337852308466532
0.027207167395063674
0.017067454991741737
0.022350402557264226
0.021434874992125198
0.012128285123699423
0.01097468111293162
0.009753882124999018
0.00847343058239551
0.007141233191078051
0.005765512186415541
0.004354754658463531
0.0029176602675289828
0.001463087672366676
7.625211632998181E-15
0.0014625903074051469
0.0029156769298917303
0.004350315050565869
0.005757676340107758
0.0071291032072223915
0.008456161982294055
0.009730694707836413
0.010944869218237917
0.012091227201863555
0.008164556070861426
0.008229293210548232
0.01522161503679938
0.0070220409248016105
0.010484530589133031
0.010964875308042547
0.011435984049893058
0.011145380163256748
0.0060354007930168065
0.011085766294673468
0.020371669793680488
0.011377049830087471
0.006159232435281481
0.010715449353088461
0.013573500421539295
0.013611658873831999
0.013616465669910024
0.009356902695170454
0.017960123377502163
0.010029448040260179
0.010471081849424147
0.012057423013989769
0.010911491925405836
0.009698550779602307
0.008426082790691519
0.007101936019148395
0.005734275035343961
0.004331530647307862
0.002902348001853581
0.0014555333780298795
7.088374501726276E-15
0.0014552867977732607
0.002901364716139566
0.004329329608807665
0.00573039023352873
0.007095922300621493
0.00841752148700075
0.009687055090160945
0.010896712005369706
0.012039050719155358
0.0186656817942453
0.020752391682200663
0.022016378792095982
0.02123682247144131
0.02785132606137579
0.028236128341409535
0.028534699958504196
0.02950042039847023
0.027616424299589108
0.023163279995212827
0.023894072478454327
0.022945678532072206
0.026338005426633667
0.02712261601013544
0.02765681419897641
0.027161213557944625
0.02659524366424505
0.01982983835714977
0.023467177366942215
0.018435893857015922
0.016991793111970955
0.012027846164577976
0.010885648950793532
0.009676400843697964
0.00840755161046024
0.007086917623865831
0.005722633777823954
0.004323103446457907
0.002896946794175718
0.00145294775396957
