1.0
0.9989725854527283
0.9958941397184465
0.9907760398146885
0.9836371918337664
0.9745039478168523
0.9079150071707695
0.7564563521476805
0.7326459356741961
0.7438164335861199
0.8448879778317459
0.8247010756166229
0.8029488998089582
0.779661721364487
0.7549240307074883
0.7288252765996627
0.701459478073941
0.6821821296102764
0.6434074420339234
0.6128541776517586
0.5814479496314429
0.5492992592616044
0.5165205367234282
0.4923401309120563
0.44937374779789885
0.4153766753728447
0.38120795589614914
0.34698241669033203
0.3128139763207567
0.27881521406987336
0.2455749462426687
0.10344184264606457
0.048411202334866246
0.029820773013670917
0.1168788492554379
0.13927376632762775
0.10934235931995506
0.08037172439209687
0.0524421016274367
0.025628413765296856
3.392712631633812E-16
0.024379622781927738
0.047452970371682425
0.06916877240348847
0.08948212364992689
0.10835460493099726
0.17851835893702778
0.31679805272658423
0.3335444852255098
0.32098404914062806
0.23380896550916414
0.2445413508850895
0.2527629402765121
0.25947411795824254
0.26469515753572465
0.26845237800669847
0.27077793459976496
0.2625149996378452
0.2707064486075618
0.2689658284576262
0.26597631816425693
0.2617954678347887
0.25648499474192915
0.24160339512782594
0.2434237130321059
0.23514298816073023
0.22601218427307826
0.2161081834132495
0.20550981069537047
0.19429746103284118
0.18073575668558559
0.2459684267960712
0.25299215237933054
0.2420554203973784
0.1272599056873476
0.06509537670314722
0.05187566279556045
0.03868235100081217
0.0255905679826495
0.012673085182488495
7.146922511148979E-16
0.01236156532820496
0.02434774582752841
0.035898195646728366
0.04695632858088978
0.057469536274566586
0.03342940874788924
0.06923265933161532
0.05172616348422359
0.03252343832500335
0.05561708866850071
0.056565863981607574
0.06210859525070467
0.06688805614978938
0.0708822710743354
0.07407842837863163
0.07647104883366668
0.08730942871816924
0.08266321626745263
0.08274244647809785
0.08207045814502034
0.08067030270996313
0.07857070267470995
0.0807143168837931
0.0679196541962065
0.0637561405650123
0.05903519951855618
0.05381495963530774
0.04816629346040431
0.04218094575371713
0.043848778633360265
0.021383754311767526
0.03450342532196411
0.055732517387688627
0.03211295180030061
0.04256756538062789
0.034079781627452344
0.02552745768586356
0.016962687462071503
0.008436783880033393
1.5169005301207592E-15
0.008298740059596478
0.016412099049190988
0.02429457209091861
0.03190271856496301
0.039195379273757644
0.08533475360941284
0.1367107526594473
0.12859475218947244
0.12548809729120555
0.11426290293718698
0.12408456149034584
0.1281096460757831
0.1315998003470459
0.13454059278407593
0.1369212596040081
0.13873468060130748
0.13129381130783702
0.1383483145239743
0.13841800228042894
0.13793491548413384
0.1369096868248767
0.13535634860021625
0.127072328509272
0.13313144585487655
0.13009412344853008
0.12660524494989345
0.12269285175752434
0.11838746038727528
0.1137219262605701
0.10207892561940915
0.0981507269845703
0.0922999741408462
0.09584331303979052
0.07073644786285034
0.0317031915808809
0.02543903139089876
0.019097499119953232
0.012717877975441615
0.006339196069145956
9.702969248399937E-16
0.006261866202462241
0.012409475561786319
0.018407024902626
0.02422003275573056
0.029815527373654668
0.03429699040710201
0.015485314408140086
0.01771548849603244
0.025921100599749714
0.036569565712806625
0.0273077169530176
0.029262135212703093
0.03120653946892585
0.03302160972235059
0.03462514046779301
0.03596141488796301
0.04549489638372
0.050077178433987526
0.05049194966101936
0.05059353347349737
0.05038722945671586
0.04988578549297641
0.044655588825996975
0.03506830791326452
0.03367051092201749
0.03211501235099084
0.030479516558233305
0.028864518682907483
0.027397055167464348
0.036816265581149775
0.0374104102736515
0.03131091616860444
0.019700546674713482
0.033886605732905584
0.025325216019947215
0.020348602879244254
0.015296350844887698
0.010199922616159025
0.005090740693766312
3.728595115455387E-17
0.005041516417229291
0.01000361754009133
0.014856879372913802
0.019572813786121312
0.024124030271786903
0.04877710454469365
0.041112488097057205
0.053908828405611384
0.07488018977370223
0.074965912163269
0.08877813049193636
0.09128803949097104
0.09348885927761448
0.09536712540421748
0.09691190988077669
0.09811480279498477
0.0914415576915709
0.09525909567331954
0.09535900407013342
0.09512671495324776
0.09456642397576481
0.09368499633445836
0.08935834955543619
0.09523580626898585
0.09338795441885957
0.09124720528011886
0.0888309187103118
0.08615853106489817
0.08325151758376277
0.06769396670372423
0.07261341909351768
0.0473627934425381
0.03394314722888891
0.03878148286185118
0.021143214447608652
0.017003654284084013
0.012793277347067797
0.008538345181070708
0.0042651788904561755
2.613551424413749E-15
0.00423122685595274
0.008402948491870172
0.01249017407616468
0.01646862151045368
0.020314858443546246
0.030328586301617517
0.04133425513533906
0.03676098663223918
0.04131969328044293
0.03705228603220877
0.029654694159360992
0.03040590349641464
0.031233246838256918
0.032068720460609365
0.032856623646302256
0.03355311365171675
0.04193200872583371
0.05109588438689029
0.05140404657055439
0.05152706939407344
0.051464449720299316
0.051220325595254614
0.04198806186697619
0.03363747961997435
0.032997076580543384
0.032283295667752995
0.031537548462185656
0.0308089674333085
0.030153766449155378
0.036637725027481687
0.03409287841337749
0.032923358413608855
0.043790662195734305
0.027397129769779868
0.018199480544475476
0.014645715469342657
0.011026264246838747
0.007363706582085709
0.003680731678743189
1.8927191198504946E-15
0.0036559938856948236
0.0072650565569705354
0.010805428289310703
0.014255912122850947
0.01759599869453539
0.023868883099640477
0.030471657116803805
0.024771559813996816
0.05251291615065664
0.048962049999201875
0.0670873138713712
0.06882144713792716
0.07035007328259069
0.07166077178508064
0.07274322815418233
0.0735892014285346
0.06835634805132054
0.06849186064456972
0.06852906432181084
0.06834868587342983
0.0679527667009325
0.06734579492587366
0.06692689601904227
0.07152126438955957
0.070199455255826
0.06866820061093579
0.06694076746400218
0.06503230508494809
0.06295985947262538
0.043588905293382205
0.04048863984818846
0.014627778776585519
0.02476140945200221
0.01875011734798503
0.01602286105365574
0.012900431665655273
0.009717023953105279
0.006492489323494562
0.0032468146625330824
1.7400559881652756E-15
0.0032280632073129543
0.006417712443588338
0.009549632433258744
0.012604970668225903
0.015565449480290705
0.02107362710009312
0.03875139498870141
0.039563129426264845
0.022718381071069434
0.033992864991585284
0.03065489523238302
0.03135848599506414
0.03207796557967021
0.03277383185376701
0.0334129983200361
0.03396860767934605
0.04279403862351927
0.05230952572324372
0.0525467214886563
0.052621757820028314
0.05253349751215306
0.052283586758440165
0.04281707717511552
0.03391842622905952
0.03335088787208006
0.0326973473919115
0.031981218354988024
0.03123046716280437
0.030477580080600208
0.03274741592786951
0.029386640729883742
0.04621327773550369
0.03675178310526715
0.017556690729922372
0.014354647114384108
0.01156177296143127
0.008712048594934775
0.005823233049989778
0.0029132344336113202
2.4595905316084207E-16
0.002898593465295294
0.005764848289296862
0.008581352929308188
0.011331086723562563
0.013997521750363394
0.01708987490351378
0.007677446424652293
0.01493852313245819
0.013992839979661898
0.030133264095532377
0.05004275157980345
0.05132295224330488
0.052457728179312164
0.05343493196423093
0.05424438451506709
0.05487781685789907
0.05140591598519051
0.04774667936771167
0.04773310004028931
0.04757222827395768
0.04726480164961025
0.04681405779893765
0.05028974688089487
0.053217624026164916
0.052193322403156876
0.05100893171788003
0.049675735922328636
0.04820685800916295
0.046617326172379334
0.0266575190876021
0.010386764174708352
0.015121071831056246
0.0018928082253073326
0.019173482641972918
0.013041013712292864
0.01050702679199822
0.007919752519504691
0.005295302366407688
0.002649943750819194
8.765350571817139E-16
0.002638249589547821
0.005248668987354705
0.007815363359244666
0.010322775102727652
0.012755777411735282
0.01143078472544917
0.03727851291468933
0.047849289669129436
0.04119849899371011
0.028370666592499705
0.02903810204352184
0.02988214422139196
0.030689144766176464
0.031432994575275104
0.03209207137607217
0.03264886623729775
0.04218146960272856
0.05013905831655969
0.05032915297040122
0.05036016297993663
0.05023123885679204
0.04994336333525099
0.04205328587147177
0.0324286161810254
0.03181187536548882
0.03108794063516708
0.030271638245575685
0.02938094733542082
0.02843722960176657
0.026795527348789337
0.03945924462068977
0.04135093535954991
0.03613827726902925
0.008522501065082528
0.01198480398315415
0.00965858444441761
0.007282136745884293
0.004870248084481467
0.0024378647295433447
0.0
0.002428357810785688
0.004832337001506891
0.007197272964716818
0.009508797076706661
0.011752923439939977
0.023482062806262
0.004560677724013281
0.002406576061971822
0.010035523786837012
0.019895878183087155
0.03588481668108955
0.03691715313757594
0.03783997501202433
0.03864077549078687
0.03930908601232646
0.039836358184743986
0.03796575036640795
0.030826461907272514
0.03080394281428576
0.030672399501675444
0.030431166545946856
0.030082351813452476
0.037079287450458784
0.03852811717695585
0.03768607266107422
0.03671102206090488
0.03561298525063222
0.03440386398255033
0.03309758926397772
0.01888972656639917
0.013731557564764438
0.009337009710889006
0.004615408847285613
0.024959247791025544
0.011121676278224047
0.008964995797925921
0.006760710998607194
0.004522527309870141
0.0022643102517711775
3.4622959480828753E-15
0.0022564742107731087
0.004491279322586034
0.006690762809977504
0.008841535644207843
0.010930553364366415
0.004019404570892823
0.025085816110403145
0.018258923168764228
0.025448356867141652
0.022080504199965104
0.025988184231939084
0.026965268747161698
0.02786577478187366
0.02867237275967829
0.02937088012123
0.029949873418044812
0.039607883573828974
0.04486233951457674
0.04501357774466168
0.045008717572031245
0.044847290775328674
0.044530136930096886
0.03934622283469566
0.02963259789275803
0.028971337335252575
0.02818753042436495
0.02729087433140999
0.026293150636966793
0.025208457716422078
0.020591197059475534
0.022036425869828197
0.009274160300495958
0.016887329724407516
0.0021365756429738312
0.010407368373052445
0.008390836793717644
0.006328951709566839
0.00423452360087212
0.0021205228934378048
6.558064167211416E-15
0.0021139948823765344
0.004208491728062936
0.006270679904201528
0.008287986175759376
0.01024815102148212
0.02538817853949174
0.017420366899155503
0.026731392415384282
0.0287013368292702
0.018413593787537805
0.02483653785448957
0.025799262964928276
0.02666708640402667
0.02742742517732717
0.028069906402904844
0.028586125143846487
0.027595148603385068
0.0185115398736991
0.01857012476823701
0.01851851851852427
0.018354323313884667
0.018077945118293318
0.026951724086760203
0.027705426651830508
0.02697226990790225
0.0261145983811703
0.02514076132192311
0.024060867912104496
0.022887018979740777
0.018632105992714035
0.03203838941342905
0.029395253525909878
0.02484577167406502
0.02437475689437136
0.009810470346240935
0.007910951711348474
0.005968010510534886
0.003993709529246472
0.0020002707528299327
3.339175965291551E-15
0.0019947887508691376
0.00397184887904676
0.005919076020936063
0.007824581895460064
0.009676766606718264
0.001980800866705248
0.009307606053986036
0.0017473713231705758
0.024011314768105807
0.016723132996399957
0.022447429048847473
0.023495975232918225
0.0244429977298846
0.02527766125798275
0.025991052111169755
0.026575942878872216
0.03551800425880197
0.03725320155527623
0.037370488256036644
0.037338591197067277
0.03715733777141141
0.0368275679471255
0.0351681368350175
0.02622306812260967
0.025550797591394156
0.024749952783281622
0.023827063878456862
0.022789906802537382
0.02164759882370743
0.01573268730141876
0.023850309176907305
0.002461436532176546
0.012958077001250233
0.003432895811059309
0.00930811401279549
0.007507015135157414
0.005664148820686868
0.0037909485941282958
0.0018990061775879265
4.194756177401925E-15
0.0018943766504756223
0.0037724873907068013
0.005622823984442976
0.0074340766270636505
0.009195202845303731
0.02057481611677746
0.0331431445106737
0.024646141361393346
0.028305401749959515
0.018895760930819638
0.01803564813287998
0.01906343912997705
0.019988800035502408
0.020802069619237917
0.02149534737784748
0.022062247295990354
0.02080632823202984
0.01483946875930392
0.015070304977962624
0.015163674853911407
0.015118648444000425
0.014935534977367906
0.020463126876531224
0.021691516412299765
0.02103330563331803
0.02024906784473384
0.019344637974907444
0.01832694252774087
0.017204086842793117
0.018662276604011048
0.023378086958965743
0.020997808809620034
0.03193364107459791
0.017802333098979908
0.00888329310055632
0.0071653925487620545
0.005407139946449837
0.003619436553899142
0.0018133407843644832
9.776860994945784E-16
0.0018094180900292038
0.0036037940082488044
0.005372124644470877
0.007103590532063513
0.008787621854597973
0.0062299169984561835
0.0141615740881591
0.008934663641003251
0.01602458006756605
0.014106158315602912
0.018979333774563498
0.020025861850297054
0.02096159727727941
0.02177974532463816
0.02247453415136849
0.023041168327045024
0.030591349480345816
0.028254253172631416
0.02834631674625204
0.028299219570420378
0.028112921608189352
0.027788246416108026
0.03021017295028985
0.02269299957728825
0.022043281235466942
0.021267781295034777
0.020371482390952877
0.019360154192389165
0.018240332273064777
0.01408522475946584
0.012920292112315303
0.01153506085192045
0.011269358196166642
0.007661877602832656
0.008523137976573026
0.00687576187744472
0.005189238702476062
0.003474018218231627
0.0017407063958178482
5.7627297714098385E-15
0.0017373792535275569
0.003460750568358971
0.0051595395614865164
0.006823342980650699
0.008441992249959021
0.012372259773565946
0.019802630439505246
0.018632771673783858
0.01706137920747476
0.016727693054189346
0.016105952796901038
0.017168335003940008
0.01812108046536543
0.018958316169367453
0.01967497866368148
0.02026681609967174
0.01814056405958439
0.019450239267351975
0.01972686398885302
0.019869485143988657
0.019878038218169403
0.019753284040728757
0.018091542311184785
0.02027029100482908
0.019683882744952502
0.018975549178003537
0.018149972569125955
0.01721255110301563
0.01616936398659326
0.01569602941145134
0.019259316680710015
0.018997810881014123
0.012593817858676056
0.010066705643166638
0.00821777141826269
0.006630198648217714
0.00500449711500152
0.003350733407395071
0.0016791295566445355
2.043392098697661E-15
0.001676311916868539
0.0033394975084910347
0.004979345999427008
0.0065858070681767385
0.008149052303008995
0.009933097690055672
0.012349410885850792
0.01053165069840419
0.01250087142484013
0.01548115945514801
0.015858153914096697
0.016850970348906532
0.017736653337624506
0.018509790497043137
0.01916567084850538
0.019700312893984256
0.0256522800021088
0.01916490144349326
0.019253545907689823
0.019212932685908818
0.019042977701500874
0.01874439517192061
0.025307342241632017
0.019390244088226656
0.01878295709408798
0.018057642357083233
0.01721889161324726
0.01627201735456886
0.015223033153667275
0.0163135119957814
0.0127715715191307
0.008022377121342945
0.017385757080175274
0.010814879502871603
0.007959530298468612
0.0064225533455832505
0.004848298416949741
0.0032465075731299632
0.00162707780278879
3.637985427333725E-15
0.0016247025454928438
0.0032370357671786037
0.004827096171893127
0.0063851315451554334
0.007901600640548533
0.009212655857433883
0.01412675595653281
0.016787645753881527
0.020331080868678107
0.01186699086304197
0.01693169941807143
0.017940849244622414
0.018846772593810956
0.019644080396452553
0.020328089197690958
0.02089484110991433
0.018582781652338648
0.025201310528283154
0.025452561817483562
0.025577804686740428
0.025576933927982003
0.025450625544233368
0.018679250228438946
0.02098367737573306
0.020443201853376725
0.01978814726745736
0.019022976886317915
0.018152868168513876
0.017183696203708954
0.010553395853903967
0.017145753477844253
0.015023484354686195
0.01830936567153535
0.01054402368920399
0.0077424247271540006
0.006248018519863571
0.004717032902414994
0.003158936495759326
0.001583352625873355
4.041417964757165E-15
0.0015813671279566565
0.003151018935385086
0.004699309784057801
0.006216737382105737
0.007694000992688506
0.0115354529705933
0.02326487826567249
0.01334577091686953
0.015714528856686925
0.019296495677039605
0.01330177386502435
0.014236838481446091
0.015073299151017216
0.0158055210823445
0.01642866445596093
0.016938668030708447
0.02164797491480193
0.012649950354457627
0.012782954867752818
0.01279889791824511
0.012698123543002818
0.012482018497964925
0.02141167931628847
0.016715102440124432
0.016152667562015045
0.015479387037855561
0.014699776164424033
0.013819138634651297
0.012843599959338545
0.020319520456580562
0.01976559826136055
0.017911461579308792
0.022162444321592343
0.011339393768607304
0.007561755518894429
0.006102822496016815
0.004607868489187378
0.0030861338289898056
0.0015470136525595599
1.9321403311478354E-15
0.0015453766227167024
0.0030796058552996957
0.004593255909145339
0.006077031449696546
0.007521830580305955
0.01373324335166747
0.01898299462326992
0.010887213679705084
0.00573192867617947
0.008199980458735484
0.017754971182455583
0.01870431186372031
0.01955613450999255
0.020305115953747618
0.020946630300357448
0.021476761130576033
0.01998137097631482
0.02908523640143487
0.02929366084587488
0.02938433490938982
0.029357222307417385
0.029213084279795062
0.0200774573636733
0.021480615426444954
0.02095384698948533
0.020317244966495444
0.0195749854125164
0.0187319246887634
0.01779358034080461
0.008445451020474396
0.00598045707012546
0.00829604968591715
0.015474948039364481
0.015067945139168712
0.0074138399131602395
0.005984009696894916
0.004518586115967485
0.0030266216949547007
0.001517324219015422
5.030913516693725E-15
0.0015160034130007373
0.0030213547264741256
0.004506796245610163
0.0059632007159375845
0.007381627315090117
0.009823594218066571
0.014781273128116142
0.022659893999920754
0.02983348317210531
0.02301963917329573
0.011754980426627582
0.012668974159484469
0.013489125466617798
0.014209794526125688
0.014826156513978877
0.015334164250690535
0.019425852630784595
0.013282823597475554
0.013461085528395221
0.013556496436463108
0.013569214600152616
0.013501444717802681
0.019342179760562593
0.015261819504839411
0.014737330482003081
0.014105484165939038
0.013370446521464411
0.01253710498415032
0.011611081347680722
0.023710677024609477
0.030732641422909383
0.02164697059007581
0.013003158397008364
0.008445308828700782
0.007295813132382549
0.005889281682084822
0.004447460615539325
0.002979251493706837
0.0014937119704648274
7.431195390089265E-15
0.0014926825330969717
0.0029751464147053787
0.004438271585383133
0.0058730631611939995
0.007270706647695151
0.016114209374862055
0.006352960047988571
0.0021583091103205545
0.009029946529784415
0.011966075085277606
0.01741763481047635
0.018324074095260587
0.01913579535478911
0.019847695211046505
0.020455314672613474
0.020954858785469002
0.020894454518573247
0.030344973608997274
0.03050214677090734
0.030552811446270662
0.030497012646509336
0.030335683376533154
0.0209254149866018
0.02083555504362922
0.020307545563710415
0.019672331723012294
0.018933845316185742
0.018096659829903314
0.017165964859934275
0.013580114949651775
0.007516993834189156
0.006151979126926865
0.005899658137379025
0.015815861733439372
0.007205484406094061
0.005816881820240935
0.004393174290416481
0.002943146454459896
0.0014757402795337817
3.610721554642243E-15
0.0014749835446399018
0.0029401288293652815
0.004386419477512679
0.005804959666127667
0.00718702876276682
0.005373865139574557
0.017606810806944012
0.015053261641969318
0.023633947721146485
0.024876720306885373
0.011788140961177081
0.012708775222945853
0.013536291287459675
0.01426557931484602
0.014892182224703296
0.01541230751114797
0.019135656758312164
0.01893468548088023
0.019115061142410034
0.019227117630284462
0.019269951889309647
0.019244402662216078
0.01917324625269464
0.015513594512468367
0.015019646828933074
0.014419754587871153
0.013717775462148956
0.012918202716794286
0.01202614052479234
0.024915352232881105
0.01924814831886197
0.011878161820206802
0.01933134394235068
0.004203359057279833
0.007141233191073809
0.005765512186423567
0.004354754658465672
0.0029176602675318854
0.0014630876723539733
5.500557286357369E-15
0.0014625903074069488
0.0029156769298857607
0.004350315050560338
0.0057576763401026515
0.007129103207223104
0.013749944033744084
0.009274534444153723
0.013040412371479551
0.00787410117901505
0.01838245740642347
0.01590185632982644
0.016781880243142814
0.017568797710774613
0.018257638882810966
0.018844041629067318
0.0193242772075478
0.020851010305591076
0.02888257198096995
0.028985272910631087
0.02899574036222684
0.028914014919244647
0.028741192127943082
0.020810920025727903
0.019119551314919617
0.018588770141719932
0.01795223352941093
0.017213740152568584
0.016377714945389327
0.015449181811096715
0.01980259511897201
0.011214580883030062
0.013556729574345665
0.010089771210240185
0.011961496311649401
0.007101936019152332
0.005734275035345305
0.0043315306473072955
0.002902348001853191
0.0014555333780375745
9.37579434649282E-16
0.0014552867977882466
0.0029013647161533268
0.004329329608804525
0.005730390233521875
0.0070959223006307505
0.005784491347862033
0.01704669197673543
0.008806262326991398
0.014719429435769895
0.023866431736549155
0.01332174063047533
0.014247894029807421
0.015081598011997654
0.015817886189447305
0.01645239307045591
0.016981380683256466
0.019964225722364008
0.024704727912652862
0.024883002386986975
0.024984875567707527
0.025009193025645256
0.024956123279734902
0.02003932240023919
0.017187431551029305
0.016710135318858982
0.01612743541069865
0.01544308938453641
0.014661480357038582
0.013787589995305478
0.023123580956544567
0.01517845975485518
0.010246469426378737
0.014162307281131357
0.007923254232824035
0.0070869176238649795
0.005722633777810572
0.004323103446461695
0.0028969467941687803
0.0014529477539566484
