1.0
0.9989725854527287
0.9958941397184458
0.99077603981469
0.9836371918337676
0.9745039478168528
0.9634099899352766
0.9503961825331808
0.9355103927392278
0.9188072805050698
0.9003480590739805
0.8802002270235769
0.8399331029333056
0.8166366841630087
0.7918889871993341
0.7657794522196069
0.6921988077934048
0.6545475981380487
0.6067376809959582
0.5854479282462849
0.5631082370053764
0.5219741842030112
0.4800315510377195
0.46482367859718055
0.4401064298764162
0.4521763157923769
0.4179865630653721
0.383738603226006
0.3495461348744788
0.3339538200796367
0.3002006862750955
0.2668332813211877
0.23395677675898302
0.20167312991975325
0.17008068053330974
0.13927376632762725
0.10934235931995487
0.08037172439209733
0.052442101627436524
0.025628413765296825
5.4213746821807393E-17
0.02437962278192751
0.04745297037168244
0.06916877240348812
0.08948212364992564
0.10835460493099745
0.12575437327165562
0.14165622109465462
0.15604160438810755
0.1688986399392114
0.18022207187652928
0.19001320791217988
0.2165524380992525
0.22329858542881556
0.22855459310961776
0.2323467958485486
0.2798841986265567
0.28866388129466003
0.304010679884408
0.2931023647100942
0.282489410825314
0.2856863814574419
0.2892712741460138
0.26739465669559287
0.2524666111126057
0.19937953264329006
0.1902799661199511
0.18040588938525456
0.1698357754180952
0.14055159595840233
0.12883908052317344
0.1166724524079367
0.10413347464621642
0.09130375337943844
0.07826434592779986
0.0650953767031477
0.05187566279556158
0.03868235100081247
0.025590567982649807
0.012673085182488322
2.089810313626974E-16
0.012361565328205435
0.02434774582752863
0.035898195646728207
0.04695632858088944
0.05746953627456682
0.06738938324713148
0.07667177800935232
0.08527711967004804
0.09317041956355211
0.10032139756208633
0.10670455287113897
0.09472393232412803
0.09952839666883037
0.10351899136499276
0.10668934264011791
0.06612984308412938
0.0638511021279771
0.05547343141762257
0.06261736613027828
0.0651080780182997
0.06074414619982292
0.05204549212025695
0.05775607988896456
0.05724043174889226
0.09517053364867993
0.09018540043382195
0.08464002361551194
0.07857864643972402
0.0891969190277812
0.08219714680739845
0.07482035430154846
0.06711710121238211
0.059138962311213156
0.0509382213260042
0.04256756538062849
0.03407978162745175
0.025527457685863314
0.016962687462071465
0.008436783880032835
7.69851592621417E-16
0.00829874005959625
0.01641209904919171
0.024294572090917517
0.0319027185649628
0.03919537927375651
0.04613387787015379
0.05268220563223869
0.058807188768006835
0.06447863753738974
0.06966947658610861
0.0743558559953376
0.09561465432382467
0.09920368963076755
0.10223838077535773
0.10470830933656222
0.146581433086955
0.150186946638996
0.15664393993404802
0.14831793346994876
0.14590586223059068
0.14638237505384671
0.15272985281123447
0.14524235888646453
0.14077747616213215
0.09853048578224939
0.09507755902576853
0.09119380151153433
0.08690881737647958
0.06548986096701229
0.06049987700365032
0.0552044965608562
0.049639640524935934
0.04384237336355556
0.03785067190997231
0.03170319158088175
0.02543903139089904
0.019097499119955234
0.012717877975441137
0.006339196069146811
6.426995767509607E-16
0.006261866202463432
0.01240947556178626
0.018407024902624386
0.024220032755730418
0.029815527373655924
0.0351622238776095
0.04023068962729655
0.04499349698177925
0.04942536269936627
0.05350327330829041
0.05720659586665532
0.04559411324738987
0.048485301095861466
0.05096620719453927
0.05302439046238278
0.019845428398567237
0.027728711136392494
0.028420759912333136
0.03127024610593736
0.027888355169449035
0.03102273570016903
0.027982698486582053
0.02701731198790339
0.01826231983555796
0.04987614111117016
0.047347530159670956
0.04448156701523814
0.04130396817589753
0.05187727902217734
0.04799358665120054
0.04385524009181617
0.039489974235266755
0.034926611005348475
0.030194876749066166
0.025325216019945706
0.020348602879241697
0.015296350844886994
0.010199922616159209
0.0050907406937647295
3.226930462549916E-16
0.00504151641722893
0.010003617540091278
0.01485687937291224
0.01957281378612249
0.024124030271785647
0.028484389719773604
0.03262914937775145
0.03653509821676739
0.04018068198682699
0.04354611731320115
0.04661349425376724
0.06457325159438364
0.06693900617911894
0.06897030409790755
0.07065688946614644
0.10351829878945723
0.09985840422145337
0.09609786693186108
0.09011841054985434
0.09316933256748286
0.0890738485388159
0.09384131430472142
0.0969839109176261
0.10035975933156244
0.06798124875047062
0.06586371937871964
0.06345680593760028
0.06077877585949385
0.043070478637465125
0.039883901941637455
0.03647909300014284
0.032878631378333
0.02910609616760648
0.025185915879487573
0.021143214447609915
0.017003654284083472
0.012793277347067864
0.00853834518107181
0.004265178890456924
6.14956514096807E-16
0.004231226855953761
0.008402948491872104
0.012490174076164894
0.01646862151045345
0.02031485844354565
0.024006437118552663
0.027522022293951964
0.030841511525969284
0.03394614715006098
0.03681861935329875
0.039443159786786405
0.031182947613714932
0.03318002357719162
0.03492355925943042
0.03639826151965733
0.012251511458252254
0.022113817008750102
0.023509811023104593
0.02836205917451811
0.02549692255145254
0.02844513729596576
0.023514739817111354
0.021850495412458423
0.012031409904678327
0.03528602836546937
0.03367004070492781
0.03182926353321637
0.029786317446992498
0.036926673868340754
0.03421776046338181
0.03131765050089795
0.028245407809626977
0.025021011314592372
0.02166522776058752
0.018199480544474702
0.014645715469340598
0.011026264246839692
0.00736370658208466
0.003680731678742076
1.218511315147081E-15
0.003655993885695013
0.007265056556971397
0.01080542828930912
0.014255912122851096
0.017595998694536416
0.020805986110943964
0.023867094172387186
0.026761572296945844
0.02947280053486598
0.03198538310894133
0.0342852339646759
0.04916410202076668
0.05090512465875653
0.052410498908780405
0.05367080716818806
0.07626828746964244
0.06790401170398912
0.06381087711652308
0.06318569383402381
0.06577530777918254
0.06289207843709878
0.06290968825033869
0.06603592216207298
0.07396104607102043
0.05206707748331718
0.0505433024990076
0.04880502285940452
0.046866215418526015
0.03241281085604741
0.030050316655057467
0.027517322639368416
0.02483035701418474
0.02200678902194865
0.019064718399568352
0.016022861053654868
0.0129004316656551
0.009717023953106314
0.0064924893234948565
0.0032468146625353176
1.9787724065853517E-16
0.0032280632073138694
0.00641771244358953
0.009549632433255847
0.01260497066822319
0.0155654494802907
0.018413474000504564
0.021132235375583223
0.023705808643462854
0.026119244705550167
0.02835865587171011
0.030411294495707595
0.026609332262649752
0.028089069783085695
0.029398247562054548
0.03052052504497055
0.01161170697206027
0.01999651505008921
0.026689902534123185
0.03367981833024433
0.033018273987375765
0.033800537466289436
0.026890259165719774
0.01996953137066015
0.011736101794033267
0.030137186834105198
0.02898355126833664
0.02766704786208349
0.02620736060714214
0.02896962945826173
0.026868828375116074
0.024613779935095056
0.022219107024003874
0.019700210362088813
0.01707317065595208
0.014354647114388105
0.01156177296143296
0.008712048594937643
0.005823233049989368
0.0029132344336064544
2.4007661432037145E-16
0.0028985934652986348
0.00576484828929795
0.008581352929304707
0.011331086723562537
0.013997521750360111
0.01656472119194186
0.01901743362329514
0.021341182673571622
0.023522351538320795
0.025548261854456168
0.0274072464862219
0.03913651590067563
0.04049429727558751
0.04167412531001321
0.04266693862390059
0.055830702249004965
0.04920537067957271
0.055016458510421806
0.060038529612977475
0.05985768668770492
0.06006973292483431
0.054883417132953013
0.04834044320509376
0.054100934950857625
0.04152332465654655
0.04033817408707422
0.03898555093986778
0.03747755325538846
0.026268079742022898
0.0243710768043598
0.022332853656681126
0.020166556388835542
0.017886055366203572
0.015505857279755512
0.01304101371229219
0.01050702679199532
0.007919752519503125
0.005295302366408908
0.0026499437508179327
1.108531591448586E-15
0.002638249589548478
0.0052486689873558956
0.007815363359243863
0.010322775102727975
0.012755777411733544
0.015099764812138297
0.017340740130547237
0.01946539738242547
0.02146120009284584
0.023316454592680436
0.02502037786560528
0.025375161086627577
0.026563168528761512
0.02762051423004985
0.0285328205068567
0.01421898386746494
0.0204239821716054
0.027775137134949838
0.03469125362338593
0.03760657841056761
0.0345977307022956
0.027626097911589573
0.020462258983990168
0.014596411118374989
0.028403932618211124
0.027490342561298658
0.0264440934455746
0.02528067316616169
0.024102011149963146
0.022367460989532215
0.020502305557443323
0.01851851851852078
0.016428752422942505
0.014246258644900521
0.011984803983147392
0.009658584444420219
0.0072821367458840375
0.004870248084483333
0.002437864729540145
2.1023649526498725E-15
0.002428357810789172
0.0048323370015051275
0.007197272964718943
0.009508797076711843
0.011752923439938667
0.013916132957618932
0.015985454238324516
0.01794854084947622
0.019793744462757754
0.02151018346102489
0.023087806605616983
0.031590881302608745
0.03269063378257583
0.033650895766390305
0.0344625311972282
0.04117312537409363
0.042507437004578014
0.051482563116619154
0.059041207646594374
0.06164782754083947
0.058918330662073234
0.051159914670920445
0.042313189800681945
0.04003661316237714
0.03356490472429659
0.032598398084410694
0.03149660727918716
0.030270841427571762
0.022335777788461506
0.020733088768744842
0.01900855764427204
0.017173209640042753
0.01523871030511199
0.013217291849715141
0.011121676278225821
0.008964995797926834
0.00676071099860634
0.004522527309869434
0.0022643102517706996
9.425553987929583E-16
0.0022564742107769936
0.004491279322591129
0.006690762809975324
0.008841535644206241
0.010930553364365206
0.012945194766962067
0.014873337741865464
0.01670343180137232
0.01842456687080264
0.020026537933307425
0.021499905148104705
0.025059527372433353
0.026090708113087526
0.027008111364169706
0.02780016453473866
0.017973773411008778
0.019765489913818574
0.021747437346343334
0.026724642277680847
0.032622454270899236
0.026439732258401297
0.02136087614718199
0.01958394307093578
0.01829616544412039
0.027735117413378436
0.026943205975188907
0.026032238253448636
0.02501401020332185
0.020876550878772854
0.019382415367130288
0.017773746605173106
0.016060791128663366
0.014254402945590404
0.012365975136843213
0.010407368373055259
0.008390836793720142
0.006328951709567428
0.004234523600870573
0.002120522893441514
2.1967824544329795E-15
0.002113994882376961
0.004208491728061459
0.006270679904199715
0.008287986175758155
0.010248151021480242
0.01213930279950745
0.013950029315998678
0.015669446367278905
0.01728726284573315
0.018793842021818406
0.020180258639177776
0.025461266262939895
0.026383694395448458
0.02719362538310858
0.027881537636953693
0.032424294841729456
0.04079097931904689
0.04143817125158205
0.04994803317042633
0.05856069741052121
0.04962801784509673
0.040764611454213714
0.040651954268502696
0.031845175416360665
0.027146387141608233
0.0263279765104907
0.025396550202281085
0.024363163497961627
0.019658737610333172
0.018254951168102468
0.01674277486948808
0.015131808464326544
0.013432231125053025
0.011654737426118607
0.009810470346245376
0.007910951711350022
0.005968010510536582
0.003993709529246363
0.0020002707528290874
5.592392020293448E-16
0.0019947887508708203
0.003971848879048087
0.005919076020936907
0.007824581895461815
0.009676766606714453
0.011464388985832115
0.01317663454716579
0.014803180649467378
0.016334258471107085
0.01776071142865586
0.01907404969099538
0.024763813493810016
0.025709143198124063
0.02654736016292571
0.027269314596400883
0.020189070257718007
0.01578462275128012
0.01779870500205763
0.0159096995692275
0.017559121372490875
0.01573806006446432
0.017947483008926013
0.015381319558545782
0.020268632416642306
0.027192965781908007
0.026463133395155203
0.025620400449580416
0.024673862895679712
0.01863475161966149
0.01730678585520864
0.015875622498042963
0.014350319253918671
0.012740489276205686
0.011056240820026474
0.009308114012789949
0.00750701513515992
0.0056641488206829755
0.0037909485941310266
0.0018990061775893965
1.4441775208175019E-16
0.0018943766504765757
0.003772487390705685
0.005622823984445026
0.007434076627062453
0.009195202845305617
0.010895494593688567
0.012524643141228422
0.014072801356562213
0.01553064301646415
0.01688941878175906
0.018141008505866477
0.020347872611261534
0.021157729934128962
0.021873222472117933
0.022484312384029315
0.02838519634004213
0.0377418141507454
0.026740946155978662
0.03572996269608121
0.048853555273913066
0.035369793091008316
0.026002401368579984
0.037397561358541415
0.028145145539956107
0.021886514682676786
0.021165608346124246
0.020345564603564563
0.01943731016944896
0.01776930810698252
0.016505344286024227
0.015142585844549
0.013689633232425013
0.012155621864994035
0.010550164881389894
0.008883293100555106
0.0071653925487606355
0.005407139946450148
0.0036194365539003854
0.0018133407843695442
0.0
0.0018094180900317094
0.003603794008246039
0.005372124644473446
0.007103590532064641
0.008787621854597779
0.010413962781401496
0.01197273374157613
0.013454491259358489
0.014850284989617183
0.016151711609940105
0.017350965245904272
0.024168429889312774
0.0250625163158739
0.025852141579826515
0.0265299772149087
0.01973101172932018
0.010920337651224113
0.025072519602126857
0.01682753957849883
0.003910127882457246
0.01698893794508477
0.025508684056904263
0.010732200890730658
0.01953995617240248
0.026413973537269236
0.0257175272395171
0.024911317335606004
0.024002577630364022
0.01703576891732025
0.015826024000829043
0.014521222122822594
0.013129576318166808
0.011659817132508027
0.010121138014665746
0.008523137976574125
0.006875761877446137
0.005189238702477225
0.0034740182182238662
0.001740706395813136
4.346532996797145E-15
0.001737379253524098
0.003460750568360401
0.005159539561488857
0.006823342980650059
0.008441992249955683
0.010005615456474678
0.011504697400996387
0.012930137348571189
0.01427330412917189
0.015526088255910463
0.01668095074674103
0.016192580203454928
0.016951765029359734
0.0176257881321427
0.018204399090480005
0.026607152567177883
0.032023088441239245
0.014124745994133114
0.023448347786619153
0.037132743266130856
0.023221436693872975
0.013664858390565719
0.03151760783238508
0.02647545977322921
0.017755035773163848
0.017090210666721697
0.016331684129703677
0.015489784755764593
0.01641372860143257
0.01524997286577585
0.013994328584078107
0.012654679837935418
0.011239413419893202
0.009757366466509574
0.008217771418264548
0.006630198648211147
0.005004497115001398
0.0033507334073921077
0.001679129556642055
2.2354516853449682E-15
0.0016763119168725818
0.0033394975084875896
0.004979345999415343
0.0065858070681807076
0.008149052303018498
0.009659535194493536
0.011108049299680225
0.012485784224256861
0.013784379082912869
0.014995973114479045
0.01611325314607384
0.023173555969719106
0.02403246120036087
0.024788293080019317
0.02543501587722702
0.016962020287762093
0.012559660794321512
0.03110825074236601
0.022114300118536212
0.025041157112916358
0.022175046273876547
0.031211695215366906
0.012974049591176299
0.016614642895653006
0.025270815342231964
0.024594514521465827
0.02381055935674815
0.022924936016901362
0.01588737822922395
0.014762581844749111
0.01354857115845067
0.012252950983884445
0.010883816402481131
0.009449702303210503
0.00795953029846954
0.006422553345597528
0.0048482984169606475
0.0032465075731352784
0.001627077802791821
3.1491525621242386E-15
0.00162470254548969
0.003237035767176896
0.004827096171891174
0.006385131545154862
0.00790160064054458
0.009367231488444613
0.010773077968522827
0.01211057430154046
0.013371587129258218
0.014548464866401777
0.015634084025901444
0.013191846684839652
0.01395858254691922
0.01463947014047331
0.015225239160595677
0.025401325937865652
0.024987256591658735
0.009240269826131619
0.01849914479878996
0.028551199546220426
0.018485854516574505
0.00923732786314222
0.024459148116776977
0.025289575413586764
0.01495928067270386
0.014319876484964533
0.01358446180604207
0.012761547904996087
0.015444371757692033
0.014352440193510365
0.013173533359923209
0.011915019650556214
0.010584747402746057
0.009190996056045002
0.007742424727154786
0.006248018519873855
0.00471703290241812
0.0031589364957631113
0.0015833526258704877
3.374202543038515E-15
0.0015813671279555385
0.0031510189353865627
0.004699309784058335
0.006216737382103943
0.00769400099268913
0.009122058333465747
0.010492180819402605
0.011796006812019965
0.013025592550941795
0.014173460457967975
0.015232644520591351
0.021770921093769033
0.02260205173051383
0.023331382974736307
0.023953746203423658
0.013708466077133304
0.018623598229176107
0.029318033139388508
0.02141454378786317
0.03993585681635465
0.02133830318328609
0.029047534218453866
0.01903888159402129
0.013472278643443336
0.02374250647698348
0.02308048183637694
0.022312695153286842
0.021444332223787686
0.015075026171650647
0.01401059797401826
0.012861044675941959
0.011633535736640015
0.010335712165389203
0.008975639047644594
0.007561755518893025
0.006102822496014071
0.00460786848918777
0.003086133828982801
0.001547013652553252
2.5717642123018932E-15
0.001545376622720196
0.0030796058553008744
0.00459325590915189
0.006077031449697636
0.007521830580307612
0.008918800579123575
0.010259392048030324
0.01153541114321998
0.012739069568687544
0.01386303202823591
0.01490046084737406
0.011698592735886517
0.012504014624138316
0.013216236839414782
0.013828463923713234
0.024341201590576858
0.01849026212067413
0.0125336774037163
0.02146590304779993
0.022155972609481364
0.02161381332225215
0.012842908535988412
0.018075118706383283
0.024241055451379365
0.013772169391804239
0.01314808210154867
0.012423051545289061
0.01160307055738472
0.01477174899577713
0.01373003804923516
0.01260469958122244
0.01140273738290642
0.01013162018526204
0.008799235330314757
0.007413839913161788
0.0059840096968922386
0.004518586115970885
0.0030266216949519907
0.0015173242190112026
1.754485142641539E-15
0.0015160034130012382
0.003021354726476933
0.0045067962456063525
0.005963200715940794
0.007381627315091188
0.008753376451610412
0.010070043035633873
0.01132356789569451
0.012506287027605697
0.013610978374998707
0.014630905856398849
0.020001053094177382
0.020808857187364565
0.02151637491964331
0.02211895975827801
0.012956964032256428
0.02259052530403491
0.023081605953488314
0.01965124467474424
0.04433648464761695
0.019693718856781242
0.0228231665917472
0.022730259982706967
0.013093670982534486
0.021868351129234607
0.021217712468459708
0.02046315742394554
0.019609402332977845
0.01452862451509556
0.013505294387044807
0.012399509771531128
0.011218138743399103
0.009968509378502799
0.008658364370333972
0.007295813132386546
0.005889281682095095
0.004447460615539853
0.002979251493706626
0.00149371197046775
2.4762523932151524E-15
0.0014926825330988833
0.0029751464147106674
0.004438271585383733
0.005873063161207984
0.007270706647695255
0.008622622008376367
0.009920516256841792
0.011156434250420594
0.012322807374818119
0.01341249982226359
0.014418852180571122
0.011856609720857524
0.01268715578047989
0.013419784362412233
0.014049642565979611
0.023304386525657857
0.01447985278500349
0.01971919442357114
0.02841049551123389
0.012742513551180645
0.02858486613171077
0.02008367305212082
0.014347041338884793
0.02318653015822819
0.014173875888339045
0.013569788935941041
0.01286322556826107
0.012058870113540588
0.01434111354308165
0.01333217510720583
0.012241651830627826
0.011076303439811924
0.009843346313629472
0.008550408863448551
0.007205484406092228
0.005816881820238115
0.004393174290424132
0.002943146454463287
0.0014757402795395368
7.76604013829548E-15
0.0014749835446413934
0.0029401288293675687
0.004386419477509386
0.005804959666124407
0.007187028762768604
0.008524134858662633
0.009808066870157275
0.011030944889174697
0.012185268474428326
0.013263962587798186
0.014260420895057434
0.017946036220261554
0.018735833573452258
0.019426955150370465
0.020014997121829085
0.015534416524979227
0.02255290349237176
0.021751019825379383
0.025278373068568383
0.03760496174259959
0.02548113443007152
0.021891782518223168
0.02239606142449928
0.01588289154523371
0.019739610640897357
0.019097862541812692
0.018353739163412805
0.017511723416226904
0.014205836626896059
0.013207562550505984
0.012128285123690928
0.010974681112941866
0.009753882124999638
0.008473430582412943
0.0071412331910762445
0.005765512186416311
0.004354754658462504
0.0029176602675261994
0.0014630876723633014
7.178320380942831E-15
0.0014625903074049309
0.0029156769298867204
0.004350315050558502
0.005757676340100786
0.007129103207220776
0.008456161982300673
0.00973069470784398
0.01094486921825033
0.012091227201864698
0.013162729950764267
0.014152801518090405
0.013267357672582233
0.014101598247371757
0.014837989915612892
0.015472156125269058
0.021812786060943817
0.015026311240728752
0.025372056307251162
0.03353007534841888
0.006955566778063996
0.033589342698879684
0.025526831779280515
0.01524739866911749
0.02161379798779222
0.01570463914491651
0.015117793145519944
0.014429144221272238
0.013643114983988536
0.01412042049823767
0.013129271780950566
0.012057423013992315
0.010911491925413335
0.009698550779605205
0.0084260827906958
0.0071019360191535595
0.005734275035348755
0.004331530647311799
0.002902348001855096
0.0014555333780355126
3.1059901041809433E-15
0.0014552867977823487
0.002901364716144866
0.004329329608800445
0.005730390233526123
0.007095922300634081
0.008417521487002356
0.009687055090152894
0.010896712005368731
0.012039050719150936
0.01310704502455408
0.014094127177916796
0.015745794471263785
0.01652670616532515
0.017210124955770054
0.017791688370435783
0.018990618242230323
0.019240858415067633
0.02541341081920608
0.03233266709729197
0.02281004481685164
0.03244973591917901
0.025552858436177807
0.018921994650256534
0.019303524255418848
0.017516556368038134
0.016880287643736686
0.016142332978945184
0.01530707832702051
0.014083394332790777
0.013095955155909592
0.012027846164576517
0.010885648950798466
0.009676400843692484
0.00840755161046214
0.007086917623866494
0.005722633777813854
0.004323103446454674
0.002896946794166217
0.0014529477539669804
