1.0
0.9989725854527295
0.9958941397184465
0.9907760398146913
0.983637191833769
0.9745039478168519
0.9634099899352778
0.9503961825331825
0.9355103927392302
0.9188072805050704
0.9003480590739824
0.8802002270235793
0.8584372731615438
0.8351383556816399
0.8103879571087239
0.7657794522196079
0.7199513972552875
0.6729248175033682
0.6524989101896369
0.6404068896660743
0.59975469031877
0.5767998244269008
0.5255247469216356
0.48308389039139243
0.46783036170883224
0.4521763157923775
0.4364366034228269
0.402183055827934
0.3679847175671996
0.33395382007963736
0.30020068627509583
0.26683328132118783
0.2339567767589836
0.20167312991975364
0.17008068053331005
0.13927376632762725
0.10934235931995512
0.08037172439209747
0.05244210162743657
0.02562841376529703
0.0
0.024379622781927738
0.04745297037168277
0.06916877240348818
0.08948212364992618
0.10835460493099776
0.125754373271656
0.14165622109465506
0.15604160438810782
0.16889863993921136
0.18022207187652947
0.19001320791217965
0.19827982582151749
0.20503605084075047
0.2103022048015688
0.2323467958485488
0.25252768257080416
0.27170958665446787
0.2627422293094719
0.24281827644777385
0.24889421266507758
0.23574907228680586
0.2486851983966595
0.25077979730119204
0.22525125498284349
0.19937953264329028
0.17215286420565548
0.16228884351832656
0.1517284766718166
0.14055159595840286
0.12883908052317392
0.116672452407937
0.10413347464621682
0.09130375337943818
0.07826434592780013
0.06509537670314838
0.05187566279556198
0.038682351000812625
0.025590567982650046
0.012673085182488475
1.2597252754218233E-16
0.01236156532820541
0.024347745827528827
0.035898195646728616
0.04695632858088963
0.05746953627456724
0.06738938324713185
0.07667177800935285
0.08527711967004868
0.0931704195635525
0.1003213975620867
0.10670455287113921
0.11229920923996704
0.11708953465262517
0.12106453569679947
0.10668934264011852
0.0934706943610427
0.07806098251972528
0.08488905093148827
0.10199579095485509
0.09326161465749418
0.09951260255143726
0.08010327919216624
0.07147636515334116
0.08455317576215515
0.09517053364868071
0.10745012688708834
0.10187006638129435
0.09577043133222467
0.08919691902778001
0.08219714680739845
0.07482035430154854
0.06711710121238205
0.05913896231121349
0.05093822132600403
0.04256756538062827
0.0340797816274519
0.025527457685863272
0.01696268746207117
0.008436783880033072
7.52487349396832E-16
0.00829874005959639
0.01641209904919185
0.024294572090917826
0.03190271856496287
0.03919537927375643
0.04613387787015476
0.05268220563223894
0.05880718876800695
0.06447863753738954
0.0696694765861081
0.07435585599533828
0.07851724266229428
0.08213649173906556
0.08519989796978722
0.10470830933656183
0.12167466887041468
0.13997734591702915
0.13478987968764827
0.11781010826739659
0.12570626858585895
0.1164710476509753
0.1320647256934143
0.13569178682262414
0.11624047555406415
0.09853048578224978
0.07829011355494268
0.0744170322576718
0.07013989843314601
0.06548986096701277
0.060499877003651135
0.05520449656085673
0.04963964052493658
0.04384237336355557
0.03785067190997296
0.031703191580882174
0.025439031390899265
0.01909749911995538
0.012717877975441301
0.006339196069146935
2.034819553209476E-16
0.006261866202462862
0.012409475561785977
0.018407024902625406
0.024220032755730682
0.02981552737365685
0.035162223877610185
0.0402306896272968
0.04499349698178012
0.049425362699366246
0.05350327330828973
0.057206595866655975
0.06051717361937967
0.06341940615120037
0.06590031372758895
0.05302439046238415
0.04681170056767354
0.03699375887398122
0.034937474896013045
0.04769616092610164
0.04433648464761699
0.04700751093413627
0.03393470768604136
0.036249011902904374
0.045134902194276204
0.04987614111117044
0.06174308144078715
0.05877625830867523
0.05547984723424969
0.05187727902217864
0.04799358665119991
0.04385524009181633
0.03948997423526708
0.03492661100534988
0.03019487674906651
0.02532521601994551
0.020348602879242273
0.015296350844886416
0.010199922616159915
0.0050907406937655865
5.607134460632932E-17
0.005041516417229583
0.010003617540091679
0.01485687937291198
0.01957281378612297
0.024124030271785692
0.028484389719773556
0.032629149377751666
0.03653509821676771
0.040180681986827615
0.043546117313201085
0.046613494253766936
0.04936686681015418
0.051792330960252604
0.05387808985638851
0.07065688946614711
0.08314339960366804
0.0989698956366999
0.09748069626655241
0.08223071256884132
0.08956959894969875
0.08163919507358319
0.09621176179791616
0.09677552361420329
0.08052038203140574
0.06798124875047103
0.05111302244239029
0.048704480630812994
0.04601738833181825
0.04307047863746559
0.0398839019416376
0.036479093000143126
0.03287863137833184
0.029106096167606472
0.02518591587948814
0.021143214447609977
0.017003654284083874
0.012793277347068149
0.008538345181071832
0.004265178890457162
9.470447810991586E-16
0.004231226855953765
0.008402948491872566
0.012490174076164682
0.0164686215104546
0.02031485844354637
0.024006437118552944
0.027522022293952154
0.030841511525970228
0.03394614715006093
0.03681861935329982
0.03944315978678738
0.04180562522719356
0.04389357085926356
0.04569631281577812
0.036398261519657846
0.03818694769299381
0.034125096608494075
0.02575211450212418
0.03020138128086498
0.03448205192548558
0.029948740259398504
0.02566811491135848
0.03417078798236078
0.03789419385246618
0.03528602836546921
0.04373185834060508
0.04169996125597213
0.03942636457365009
0.03692667386834165
0.034217760463381854
0.031317650500898415
0.02824540780962674
0.025021011314592518
0.02166522776058769
0.018199480544475392
0.014645715469341822
0.011026264246840079
0.0073637065820853
0.0036807316787437526
5.366101707802446E-16
0.0036559938856951437
0.007265056556971736
0.010805428289310507
0.014255912122851414
0.01759599869453664
0.020805986110944672
0.02386709417238735
0.026761572296946833
0.02947280053486708
0.03198538310894084
0.03428523396467484
0.036359653865194325
0.038197398619259575
0.03978873808653057
0.053670807168187444
0.06152422097490314
0.074192498577682
0.07684645532083637
0.06368021086661323
0.07026877427577483
0.06331355815336163
0.07600201503189133
0.07262224108557001
0.05978623653081021
0.05206707748331879
0.0383268188453938
0.03656502344139409
0.034589224142181504
0.03241281085604756
0.03005031665505762
0.027517322639368742
0.024830357014184082
0.022006789021949354
0.019064718399568418
0.01602286105365633
0.012900431665655111
0.009717023953106628
0.006492489323495265
0.0032468146625351546
5.417567450954592E-16
0.0032280632073140043
0.0064177124435883135
0.009549632433256322
0.01260497066822362
0.015565449480291784
0.018413474000508023
0.02113223537558347
0.02370580864346328
0.0261192447055513
0.02835865587171232
0.030411294495708684
0.032265624262945394
0.03391138373905995
0.03533964183664646
0.03052052504497317
0.03624525624081432
0.03441963014851246
0.02599791736646837
0.02371037289972066
0.03445691599562414
0.023617532186367984
0.026056023102446188
0.034380994827154544
0.03607868488185665
0.030137186834105618
0.03421391831764778
0.032654443927109277
0.030902431730863593
0.028969629458261068
0.02686882837511808
0.024613779935093557
0.02221910702400496
0.01970021036208847
0.01707317065595042
0.014354647114387152
0.011561772961432794
0.008712048594938902
0.005823233049988962
0.002913234433608564
2.8473455957256786E-16
0.0028985934653001054
0.005764848289296528
0.008581352929305612
0.011331086723562006
0.013997521750360752
0.016564721191940888
0.019017433623294364
0.02134118267357127
0.023522351538321773
0.025548261854455596
0.027407246486222565
0.02908871580949619
0.030583217122954164
0.03188248685802077
0.04266693862390255
0.046380348447740756
0.055328823860748284
0.061797894680716836
0.051098222521914524
0.05688681869529114
0.05082686384149224
0.0611240975462131
0.054072345772332865
0.045106363141817984
0.041523324656547254
0.03099290024893398
0.029589960921755535
0.028011524569113426
0.02626807974202387
0.02437107680435915
0.022332853656682156
0.020166556388834637
0.0178860553662038
0.015505857279754592
0.013041013712291195
0.010507026791996646
0.007919752519503538
0.005295302366408506
0.002649943750818117
5.992954240995319E-16
0.0026382495895483143
0.005248668987355769
0.007815363359243143
0.010322775102729042
0.012755777411734084
0.015099764812141205
0.017340740130546782
0.019465397382425524
0.021461200092844673
0.023316454592684013
0.02502037786560614
0.026563159556027626
0.02793601778524431
0.029131248462034152
0.02853282050685673
0.03409137830129109
0.03308961164233385
0.027038723468645796
0.0213903815694196
0.03595562666898181
0.02135913594011759
0.027076864022291706
0.03292628804530132
0.03380306157400561
0.028403932618210715
0.028414046555183023
0.02713524842484385
0.025694737479844826
0.024102011149964585
0.02236746098953233
0.02050230555744219
0.01851851851852107
0.01642875242294301
0.014246258644902636
0.01198480398314908
0.009658584444422054
0.007282136745884204
0.0048702480844828805
0.0024378647295438525
1.2240398902616672E-16
0.002428357810788222
0.004832337001505866
0.007197272964717955
0.009508797076710915
0.011752923439937859
0.013916132957619037
0.015985454238322476
0.017948540849475822
0.01979374446276042
0.02151018346102417
0.023087806605617392
0.024517451394459114
0.025790896774975532
0.02690090991146512
0.03446253119722774
0.035385542449723535
0.04021587040978135
0.049237614692300556
0.041350503981856045
0.04621236378672408
0.041131931755986915
0.04865251750129394
0.039228911756010724
0.03450008680549831
0.03356490472429592
0.02631358558429268
0.025135146105055097
0.023806309798950088
0.022335777788461176
0.020733088768745876
0.019008557644273647
0.017173209640044262
0.015238710305111612
0.013217291849714248
0.01112167627822681
0.008964995797927386
0.006760710998605885
0.004522527309868502
0.002264310251770401
1.2132260971044672E-15
0.0022564742107776567
0.004491279322590043
0.006690762809974635
0.008841535644206639
0.010930553364366402
0.012945194766963413
0.014873337741866619
0.01670343180137314
0.018424566870803072
0.020026537933308115
0.02149990514810378
0.022836049090249392
0.0240272207909499
0.025066586290092452
0.027800164534737694
0.03058241395085304
0.030400382331440486
0.0275082842175435
0.0206910464781634
0.036912089611733846
0.020684501393496542
0.027517309042237592
0.030163536878138626
0.030161120613978926
0.027735117413377117
0.02457973942643646
0.023483658768743816
0.022246578963335324
0.02087655087877513
0.019382415367130375
0.017773746605173536
0.016060791128663304
0.01425440294558758
0.012365975136844821
0.01040736837305451
0.008390836793721233
0.006328951709568138
0.00423452360086914
0.0021205228934403774
2.350182768292806E-15
0.0021139948823756215
0.004208491728062802
0.006270679904201679
0.008287986175758275
0.010248151021481902
0.01213930279950606
0.013950029315996478
0.015669446367280206
0.017287262845732294
0.01879384202181826
0.02018025863917591
0.02143835148631249
0.022560771136896612
0.023541022581268927
0.027881537636953033
0.02837963943966755
0.028969464961830362
0.03816146987545301
0.03339522383487629
0.03703703703703897
0.033216159303704675
0.03764088171490856
0.02830732602052539
0.02791040930947129
0.027146387141606245
0.023133698461557207
0.022105999136023357
0.02094517451159265
0.019658737610331614
0.018254951168101365
0.01674277486948715
0.015131808464324758
0.013432231125051191
0.011654737426118191
0.009810470346244113
0.007910951711349652
0.00596801051053488
0.003993709529244758
0.002000270752828599
4.541973746932871E-16
0.001994788750869819
0.003971848879048855
0.005919076020935878
0.007824581895463248
0.009676766606716264
0.011464388985834531
0.013176634547167472
0.014803180649468672
0.016334258471109243
0.017760711428656952
0.019074049690996516
0.020266500465848446
0.02133105376226319
0.02226150336103128
0.02726931459640619
0.025961959800892036
0.027026628131837274
0.027508612531154122
0.020678138323049124
0.03691198963992456
0.020682994274750708
0.027500774508712803
0.02676142513401258
0.025464517153633577
0.02719296578190729
0.021918391127269673
0.020947975676331786
0.019851074618273998
0.018634751619663308
0.01730678585520914
0.015875622498043848
0.01435031925391968
0.012740489276205783
0.01105624082002605
0.009308114012790148
0.0075070151351608735
0.005664148820685934
0.0037909485941305635
0.0018990061775897202
2.3031161729938006E-15
0.0018943766504755
0.0037724873907060484
0.005622823984444881
0.007434076627062458
0.009195202845304644
0.01089549459368856
0.012524643141228553
0.014072801356563167
0.015530643016466813
0.016889418781758946
0.018141008505865978
0.01927796956448315
0.020293580919802278
0.021181882659613432
0.022484312384030175
0.025507856312554096
0.022497737268541932
0.028375263822027725
0.026985376562929982
0.028894712218647155
0.026845581009406705
0.027923279656420823
0.02221891207178805
0.025423352471918605
0.02188651468267603
0.020891562743016238
0.019969445908411727
0.018926465904996095
0.017769308106983107
0.016505344286024737
0.015142585844549437
0.01368963323242778
0.012155621864996354
0.010550164881390387
0.008883293100556994
0.007165392548762527
0.005407139946447001
0.0036194365538993927
0.0018133407843693458
1.963252568114729E-15
0.0018094180900337332
0.0036037940082472675
0.005372124644469777
0.007103590532063927
0.008787621854596219
0.01041396278140271
0.01197273374157431
0.013454491259356742
0.01485028498961681
0.01615171160994072
0.017350965245905046
0.01844088412787281
0.01941499320140295
0.020267542438716275
0.02652997721491294
0.02100119805734755
0.023475802250840127
0.027264172231906844
0.02099138850914605
0.03592874483126789
0.021001490108233847
0.02724785912363496
0.023212763488956914
0.020530761802007573
0.026413973537273695
0.020021352368249326
0.01914012909251219
0.01814281288280171
0.017035768917318485
0.015826024000833723
0.014521222122825904
0.013129576318170017
0.011659817132509409
0.010121138014666029
0.008523137976575028
0.006875761877444271
0.005189238702476995
0.003474018218225253
0.001740706395814831
1.5332146774634947E-15
0.0017373792535257035
0.0034607505683611375
0.005159539561487887
0.006823342980654286
0.00844199224995413
0.010005615456473767
0.011504697400995181
0.012930137348572783
0.014273304129174
0.015526088255912318
0.01668095074674505
0.017730968356759188
0.018669874950325325
0.01949209876671452
0.01820439909048021
0.02580182131819708
0.020730395099615922
0.0201967696038308
0.0222507576868504
0.02171932019791357
0.02215608408570785
0.019843700932540367
0.020730838291081122
0.025932391558078784
0.01775503577316287
0.019283377659066375
0.018436844561120793
0.017478263788008302
0.016413728601434936
0.015249972865780415
0.013994328584078735
0.012654679837933707
0.011239413419892553
0.009757366466510885
0.00821777141826574
0.006630198648215762
0.005004497115000474
0.0033507334073891192
0.001679129556642298
1.2164792566068256E-15
0.001676311916871485
0.0033394975084907225
0.004979345999418588
0.006585807068185421
0.00814905230301784
0.009659535194492566
0.011108049299684725
0.012485784224257666
0.013784379082911346
0.014995973114478842
0.016113253146073914
0.0171294976203201
0.018038616921339665
0.018835189758196435
0.02543501587722626
0.01699249304757836
0.020110488230249034
0.026864534723493354
0.02141917616228765
0.034030184787519784
0.021429678277165753
0.02683980477915942
0.019875652681488946
0.016711109119013003
0.025270815342229278
0.018658762518071657
0.0178416420804367
0.01691589328892721
0.01588737822922327
0.014762581844747068
0.013548571158450219
0.012252950983884417
0.010883816402481929
0.009449702303209632
0.007959530298471289
0.006422553345596353
0.004848298416957565
0.003246507573135015
0.001627077802792831
5.484422792447147E-16
0.001624702545488085
0.003237035767177415
0.004827096171889684
0.0063851315451517775
0.007901600640547913
0.009367231488447864
0.010773077968524943
0.012110574301541879
0.013371587129261555
0.014548464866403259
0.01563408402590448
0.01662189223757016
0.017505947700951173
0.01828095483540417
0.015225239160594786
0.027364085527383234
0.021341122137126915
0.014581539713465787
0.01942390785055659
0.01585384714883857
0.019378435377319075
0.014395774658508446
0.021405842252435532
0.027523572176792147
0.014959280672705888
0.018132772620542623
0.01734050777602397
0.01644248555706279
0.015444371757690282
0.014352440193510299
0.013173533359923443
0.011915019650557815
0.010584747402742843
0.009190996056044743
0.007742424727152546
0.006248018519870625
0.004717032902416128
0.0031589364957638113
0.0015833526258710157
2.277552812668237E-15
0.0015813671279562844
0.0031510189353849013
0.004699309784056846
0.006216737382106131
0.007694000992691463
0.009122058333469771
0.010492180819402404
0.011796006812015888
0.01302559255094141
0.01417346045796664
0.015232644520592867
0.016196732480062852
0.017059904568939143
0.01781696856465695
0.023953746203420483
0.015633883297318584
0.017332245265221
0.026240229357626692
0.021770901827790592
0.0313118963990942
0.021777134593079103
0.026200237402081366
0.017162952296907803
0.015686759595288636
0.023742506476983446
0.017693853866571928
0.01692245181841254
0.01604767598688838
0.015075026171647837
0.014010597974015684
0.012861044675942611
0.011633535736640799
0.010335712165390037
0.008975639047642491
0.007561755518892606
0.006102822496016487
0.004607868489190267
0.0030861338289849853
0.001547013652551348
1.6094056036200899E-15
0.0015453766227204772
0.0030796058553020436
0.004593255909150278
0.006077031449698055
0.0075218305803109115
0.008918800579123014
0.010259392048028306
0.011535411143222735
0.012739069568689988
0.013863032028236626
0.014900460847373061
0.01584505749411869
0.01669110074708054
0.017433481279873875
0.013828463923712108
0.028641001700924776
0.021892314369409697
0.012952775822366775
0.01847068648620302
0.01231693019321098
0.018467179244467054
0.012982674442811318
0.021894073214572228
0.028715699388206953
0.013772169391812422
0.017332944804808036
0.016578855848731183
0.01572333708212433
0.014771748995775946
0.013730038049235456
0.012604699581219623
0.011402737382905755
0.010131620185260813
0.008799235330313985
0.007413839913160549
0.0059840096968930825
0.0045185861159721084
0.003026621694954417
0.0015173242190144078
1.5557710352272606E-15
0.0015160034130023996
0.003021354726474849
0.004506796245604561
0.005963200715939787
0.007381627315090424
0.008753376451609228
0.010070043035637077
0.011323567895694348
0.012506287027606386
0.013610978374996483
0.014630905856403304
0.015559860370933888
0.016392197533321384
0.01712287190941538
0.02211895975827718
0.017472872481697852
0.015730532230698688
0.025217713710632434
0.02187101800355982
0.027888355169448216
0.021869039884989235
0.025152512112245333
0.01567550698210379
0.017782602779232895
0.021868351129234853
0.017042979944525194
0.01630300148682952
0.015463134670324459
0.014528624515098693
0.013505294387045052
0.012399509771533665
0.011218138743397827
0.00996850937850231
0.008658364370331916
0.007295813132385543
0.005889281682093252
0.004447460615537604
0.002979251493705495
0.0014937119704660816
2.1269451192493212E-15
0.0014926825330989185
0.0029751464147057434
0.004438271585382169
0.005873063161204181
0.007270706647694402
0.00862262200837557
0.009920516256841238
0.011156434250419194
0.012322807374819349
0.013412499822261973
0.014418852180571633
0.015335722067309203
0.016157521561482646
0.01687925120500644
0.014049642565982448
0.028802264509783276
0.021343214505321086
0.014897873599407498
0.018865441760274666
0.012392440889892777
0.01888599800711101
0.01504573448426971
0.021253092736073242
0.028741961325046687
0.014173875888343356
0.01681852937967486
0.01608972823059279
0.015262205901336591
0.01434111354307866
0.013332175107206592
0.012241651830628272
0.011076303439812144
0.009843346313627327
0.0085504088634476
0.007205484406093793
0.00581688182023681
0.004393174290422099
0.0029431464544606295
0.0014757402795402437
3.412534145098347E-15
0.0014749835446425433
0.0029401288293639844
0.004386419477510021
0.005804959666127582
0.007187028762769564
0.008524134858660238
0.009808066870151112
0.011030944889176641
0.012185268474426249
0.013263962587796696
0.014260420895057434
0.015168546166192915
0.01598278752871014
0.016698174346588438
0.020014997121830316
0.021014429410135198
0.015822840943177912
0.02360275096308257
0.021591808219616666
0.023908089549082325
0.02157939484697053
0.02350365033662281
0.01589839768170174
0.02139270466088474
0.019739610640896767
0.01665553836546817
0.015935186300048903
0.015116926671640487
0.014205836626894081
0.013207562550505484
0.012128285123689343
0.010974681112941245
0.0097538821249991
0.00847343058241216
0.007141233191074532
0.005765512186416642
0.004354754658460639
0.002917660267526191
0.001463087672361726
5.224605379062827E-15
0.0014625903074009746
0.002915676929885176
0.004350315050560894
0.0057576763401024226
0.00712910320722428
0.008456161982301619
0.009730694707844297
0.010944869218251323
0.012091227201865479
0.013162729950769104
0.014152801518092603
0.015055369018599215
0.015864899825912118
0.016576435438843854
0.015472156125268246
0.027546958629655092
0.01969527235434477
0.01810352574901812
0.019861989324283756
0.015420497284715715
0.019888965300720898
0.01826586577491786
0.019541428112890627
0.027343258999004912
0.01570463914491914
0.016551142466865038
0.01583666132748876
0.0150247467758946
0.014120420498242595
0.013129271780952897
0.012057423013994296
0.010911491925410348
0.00969855077960326
0.008426082790694666
0.007101936019155761
0.005734275035344555
0.0043315306473096565
0.002902348001854375
0.0014555333780368195
2.9989691363471635E-15
0.0014552867977868705
0.002901364716146565
0.004329329608804633
0.005730390233524288
0.007095922300630576
0.008417521487002949
0.009687055090152507
0.010896712005367617
0.012039050719149524
0.013107045024554767
0.014094127177918195
0.01499422823228766
0.015801815300149766
0.016511925517089743
0.01779168837043199
0.024618720973215966
0.017401761393145445
0.021268693024677775
0.020896038385241428
0.019601845494121504
0.02087383693630724
0.021132861435243632
0.017556215273593245
0.024941226841137865
0.017516556368036378
0.016503542034165555
0.01579245550940668
0.014984078339835883
0.01408339433279208
0.013095955155909444
0.012027846164578726
0.010885648950799381
0.009676400843693691
0.008407551610460594
0.007086917623862283
0.005722633777812401
0.00432310344645526
0.0028969467941673127
0.0014529477539613849
