1.0
0.9989725854527304
0.995894139718447
0.9907760398146919
0.9836371918337706
0.974503947816854
0.9634099899352767
0.9503961825331838
0.9355103927392281
0.9188072805050685
0.854096084926724
0.8063250784140417
0.7117800319747879
0.670275202703529
0.6462215250894272
0.6653216224496653
0.6841164408893218
0.6737316115657015
0.6442304456659449
0.6137742005930116
0.5824712211409312
0.5504323095559099
0.5177702777931588
0.48459950301313054
0.43350269534320357
0.3541700679945992
0.2784489888731781
0.24342646194071885
0.2281431370042808
0.26125588102279307
0.2543078220660501
0.2668332813211875
0.23395677675898344
0.2016731299197531
0.17008068053330896
0.1392737663276272
0.10934235931995478
0.08037172439209743
0.052442101627436385
0.025628413765296492
0.0
0.02437962278192751
0.04745297037168247
0.06916877240348797
0.08948212364992603
0.10835460493099781
0.12575437327165548
0.14165622109465503
0.15604160438810752
0.16889863993921223
0.22544913066757313
0.259879859567364
0.3214002346097019
0.34467141744371177
0.3432547460695907
0.3163426225477757
0.27597837810556847
0.2652110770994231
0.2645698501962207
0.2626309932340268
0.2594482481965267
0.2550800512481627
0.24958923749014017
0.24304274629328365
0.24485625619034673
0.27680151688098237
0.29015490124630366
0.28731741622706436
0.25892588928473287
0.2070321087028125
0.17306720814904322
0.11667245240793678
0.10413347464621603
0.09130375337943723
0.07826434592780022
0.06509537670314836
0.05187566279556097
0.03868235100081193
0.025590567982649273
0.012673085182488334
2.789315608958432E-16
0.012361565328205159
0.024347745827528425
0.035898195646727867
0.04695632858088927
0.05746953627456674
0.06738938324713112
0.0766717780093526
0.0852771196700477
0.09317041956355274
0.05778215081920584
0.04553764317301706
0.04706524421390368
0.0386191714333743
0.054917489160431425
0.05273071694361803
0.09688313024131438
0.1081456472700716
0.10933004806096754
0.10978764177169768
0.1095341770076401
0.10859193692479935
0.10698954133961264
0.10476191493333076
0.0939131544713465
0.04995367471330137
0.05929466318132214
0.04021679439449071
0.049339203090383726
0.03320953887135889
0.04157163461659651
0.07482035430154846
0.06711710121238211
0.05913896231121424
0.05093822132600303
0.04256756538062728
0.03407978162745298
0.02552745768586254
0.016962687462071427
0.008436783880032618
7.892602430278725E-16
0.008298740059596016
0.01641209904919113
0.024294572090917614
0.03190271856496178
0.03919537927375526
0.04613387787015463
0.052682205632238834
0.05880718876800627
0.06447863753738921
0.10915538891561001
0.1231951209683297
0.10845560830834962
0.12305340720917922
0.1045366907776639
0.12452940658954194
0.09864403651841952
0.11280580886873974
0.11303943617019713
0.11276197879889108
0.11198093712747267
0.11070846086178054
0.10896132068464784
0.10676093675617915
0.08890893075688193
0.11062617296518011
0.08269276528456102
0.0988511137758831
0.08253998597971823
0.10798221272983449
0.0978917554838608
0.05520449656085555
0.04963964052493481
0.04384237336355517
0.0378506719099729
0.03170319158088236
0.025439031390897753
0.019097499119954092
0.0127178779754423
0.006339196069147171
6.028020247769189E-16
0.006261866202462768
0.012409475561786716
0.018407024902625666
0.024220032755731244
0.029815527373657114
0.03516222387760844
0.04023068962729596
0.044993496981779714
0.04942536269936541
0.020784406381804444
0.022842829559311707
0.07178566703088539
0.06543814807096661
0.09475882052465635
0.06739896176842115
0.10358843864467904
0.09603921074561533
0.09699042855720365
0.09755743211118276
0.09773920125054412
0.09753860116805813
0.09696218586377488
0.09602003562524491
0.10547992104301657
0.07075835423747691
0.0976088080793271
0.06995060330686022
0.07556591466198354
0.024280441116155422
0.01834002901935112
0.04385524009181623
0.03948997423526596
0.03492661100534972
0.030194876749064913
0.025325216019945078
0.02034860287924371
0.015296350844884234
0.010199922616158747
0.005090740693765096
9.047478878519122E-16
0.005041516417228987
0.010003617540089644
0.01485687937291143
0.01957281378612281
0.024124030271785765
0.028484389719773327
0.032629149377748634
0.036535098216768945
0.040180681986828816
0.07346946777005697
0.06604066703599538
0.021545966949381715
0.02954986093252239
0.015518879997926316
0.05408348597532856
0.04070520116677675
0.048596597649822944
0.04849943128971135
0.048182345492626656
0.04764345398012844
0.046887231010852584
0.04592468264207907
0.044773733071606016
0.038940848415212434
0.05093173676933576
0.012330953933906418
0.023763888210549432
0.01660421315839151
0.05607440010594353
0.06702083766447024
0.036479093000142036
0.032878631378331635
0.0291060961676085
0.025185915879488457
0.021143214447611813
0.01700365428408362
0.01279327734706783
0.008538345181071612
0.004265178890455869
1.426303877991577E-15
0.0042312268559530734
0.008402948491871676
0.01249017407616575
0.016468621510455594
0.020314858443546958
0.02400643711855266
0.02752202229395233
0.030841511525970686
0.03394614715006228
0.01598525228976461
0.03375603856276765
0.06953190676831113
0.06977402756633803
0.08155877615752527
0.07654628312076561
0.10731798359721025
0.09174308851439467
0.09237045742543651
0.0926947537661801
0.09271520103415298
0.09243309681176197
0.09185175542444864
0.09097644506315394
0.10537060887715284
0.07441561100405582
0.07482953833463078
0.06626392809363493
0.06406887723026103
0.03664415920837103
0.016037507477486772
0.03131765050089728
0.0282454078096267
0.02502101131459181
0.021665227760586964
0.018199480544475913
0.01464571546934285
0.011026264246840127
0.007363706582082646
0.0036807316787404467
1.2395056656981377E-15
0.003655993885693718
0.0072650565569709865
0.010805428289310332
0.014255912122851313
0.017595998694534723
0.020805986110942917
0.023867094172387363
0.026761572296943887
0.029472800534865642
0.050335638941803054
0.028831338830334338
0.01787698287940072
0.018017780193278293
0.02171229405846111
0.0343399598265503
0.021965951117960077
0.005057316229664361
0.004747682521806007
0.004430270562578684
0.004042799078194785
0.0035536298821240157
0.002972864327412227
0.0023941631962638016
0.018836119323216376
0.03174892919558471
0.0251839357198005
0.01961760903431478
0.02069609951145016
0.023069879771589342
0.04544892842657276
0.02751732263936792
0.024830357014186254
0.02200678902194823
0.019064718399567415
0.01602286105365509
0.012900431665655389
0.009717023953107485
0.006492489323495194
0.0032468146625339945
1.807465575540645E-15
0.003228063207313547
0.006417712443588101
0.009549632433255616
0.012604970668226188
0.015565449480289947
0.018413474000507652
0.021132235375584087
0.0237058086434643
0.026119244705551648
0.017498355538585832
0.043442320547899455
0.044483339948681054
0.05245809574997643
0.0396926762545401
0.04894381946143742
0.07257824044395529
0.07658206476776426
0.07692703644083937
0.07703133035315952
0.07689516627366315
0.07652029793563125
0.0759100081921983
0.07506909743511375
0.06811361114603245
0.0458104202778196
0.036002504042556116
0.05152817657731483
0.041911082426206385
0.04411571976466561
0.018305864031481756
0.024613779935092426
0.022219107024001677
0.019700210362088695
0.017073170655953134
0.014354647114387742
0.011561772961429323
0.0087120485949391
0.005823233049987216
0.0029132344336070363
1.7414644861555496E-15
0.0028985934653008322
0.005764848289296235
0.008581352929305605
0.011331086723561624
0.013997521750360668
0.01656472119194296
0.019017433623291013
0.021341182673567723
0.023522351538322432
0.03255866929846152
0.01077772297851966
0.02536844033791674
0.0235282495939305
0.03251752819860587
0.029199052963792296
0.02046141846170483
0.02389910398759716
0.024347415617203466
0.024732822404913434
0.025043694711629354
0.025274382524016897
0.025424699035349767
0.025499512442102353
0.02465842327411383
0.03139879619880476
0.03154110431081872
0.021800698291011944
0.023441373157337252
0.009294130641396156
0.02887612161916141
0.022332853656680737
0.02016655638883344
0.01788605536620381
0.01550585727975836
0.013041013712292418
0.01050702679199374
0.007919752519502684
0.0052953023664075284
0.0026499437508163723
4.74085214389335E-15
0.0026382495895464807
0.00524866898735367
0.007815363359243556
0.010322775102727137
0.012755777411732202
0.015099764812137529
0.017340740130546872
0.01946539738242461
0.021461200092844943
0.021194637501525785
0.04143228848426229
0.03575695080703953
0.049852497931760394
0.03323794521178301
0.04431199377806079
0.03926884615958788
0.05371279604629695
0.05382451468815875
0.05376522400267584
0.053534990831009356
0.053135511674591004
0.05257013539835952
0.05184389116375328
0.03815740003339561
0.04559823202861253
0.03484511456517778
0.04927015483179864
0.034883100046429194
0.03933620259614507
0.022181379932520888
0.020502305557442754
0.01851851851851678
0.016428752422940614
0.014246258644899317
0.011984803983146927
0.009658584444421343
0.007282136745882461
0.004870248084482318
0.0024378647295390174
2.4815426241212472E-15
0.0024283578107899342
0.004832337001508372
0.007197272964717872
0.009508797076714334
0.011752923439940102
0.013916132957618848
0.01598545423831958
0.017948540849476363
0.01979374446275883
0.01997173834612518
0.010029678397137335
0.01685346552365328
0.00427762505654006
0.02706014772835682
0.04117161553206142
0.05179113075399053
0.03881176518144835
0.0392416122985312
0.0395417517171728
0.0397075937579222
0.03973671744862143
0.039628763620261756
0.03938535116075817
0.05303820351527524
0.04075568117096955
0.027175605582579632
0.003860330623601687
0.019966868673179816
0.011536481522478733
0.01781192621807704
0.019008557644272124
0.017173209640044925
0.015238710305110828
0.013217291849715672
0.011121676278227537
0.008964995797928059
0.006760710998605303
0.004522527309871825
0.0022643102517698743
3.184599923157738E-15
0.002256474210775882
0.004491279322588925
0.006690762809974817
0.008841535644205782
0.010930553364365176
0.012945194766961354
0.014873337741863378
0.01670343180137223
0.018424566870802607
0.02470545104308365
0.02913042652389764
0.036068711348399014
0.045071897175815445
0.03762102866927254
0.04557271798639797
0.03476594549660441
0.0291071934680618
0.029105443086709034
0.02899127725202338
0.028762369981701747
0.028418677691438896
0.027962481753569086
0.027398477498382118
0.03398158612468039
0.043985893066170116
0.03573021419796069
0.043456053990465905
0.03618113486355315
0.02572131356097195
0.025305525419830537
0.017773746605173744
0.01606079112865945
0.014254402945585819
0.01236597513684254
0.010407368373055304
0.00839083679372104
0.006328951709568636
0.00423452360086935
0.0021205228934378126
1.1594926321536405E-15
0.0021139948823760643
0.004208491728062451
0.006270679904200865
0.00828798617575389
0.010248151021480415
0.01213930279950446
0.013950029315995165
0.01566944636728233
0.01728726284573433
0.013943784702715591
0.018793228868687586
0.03315602909524079
0.01570060570147978
0.026708729877727082
0.027558252058299378
0.04720361030952696
0.04086100989786427
0.041196345613613156
0.04137951665015304
0.04140866624999557
0.041283127148431124
0.041003391951519315
0.04057108383579075
0.04505097682743844
0.025310126048443658
0.026897143001209354
0.016177200594450342
0.033909578094113754
0.02100992219143213
0.013423315512821964
0.01674277486948965
0.015131808464323888
0.013432231125053614
0.011654737426116826
0.009810470346246119
0.007910951711349763
0.00596801051053809
0.0039937095292435915
0.002000270752827263
2.5706470440812332E-15
0.0019947887508726947
0.003971848879046824
0.005919076020934647
0.007824581895460082
0.009676766606715523
0.011464388985836996
0.013176634547164166
0.01480318064946574
0.016334258471108073
0.026111598802884457
0.014647588410201896
0.02706852565837643
0.03022030224494148
0.016296389311518257
0.028339876329159675
0.023478432781298793
0.012298517690865512
0.012563689747611958
0.01270266320319104
0.01271027640560033
0.012583598532055273
0.01232162887083823
0.011925125223620055
0.022837893659706846
0.026322249738610082
0.013716162314377453
0.027261914712529842
0.022691002013763464
0.012021100555303386
0.026016974402205743
0.01587562249804298
0.01435031925391675
0.01274048927620648
0.011056240820025248
0.00930811401279163
0.007507015135159941
0.005664148820687989
0.0037909485941296723
0.001899006177586934
1.0700185317543912E-15
0.0018943766504775706
0.0037724873907032646
0.00562282398444638
0.007434076627066042
0.009195202845301896
0.010895494593687481
0.012524643141230458
0.014072801356569247
0.01553064301646579
0.013120377485599924
0.026912143644929422
0.028453864586901238
0.017055769066647252
0.03266374558250263
0.02229171296721271
0.02322954199704988
0.033327444159642984
0.03355797010163188
0.03364318536120619
0.033582265591252373
0.03337529012022376
0.03302323917246817
0.032527986005847956
0.021417118415274362
0.02330040097072255
0.03307259665852174
0.018579236297007216
0.026743350677687818
0.027819370782945187
0.013182884361716338
0.015142585844549
0.013689633232422144
0.01215562186499856
0.010550164881393619
0.008883293100557925
0.007165392548761841
0.005407139946449547
0.0036194365538997925
0.0018133407843645983
1.5749060320817958E-15
0.0018094180900264612
0.0036037940082515076
0.005372124644469748
0.007103590532065772
0.00878762185459888
0.010413962781400991
0.011972733741571947
0.013454491259360522
0.014850284989614689
0.02464249926860272
0.0063839167001398965
0.011908319805798697
0.02513209679065533
0.014906418269358734
0.01868711635231769
0.026703839083846284
0.016573521573264745
0.017013493051848447
0.017315919228647336
0.01747982428005263
0.017505141418608365
0.017392706162082574
0.01714424932557746
0.027273497064203123
0.01825406454886661
0.015371166317027707
0.026072705168702356
0.013031195675745823
0.005861296721379418
0.023851624469228522
0.014521222122823701
0.01312957631816084
0.011659817132512388
0.010121138014664834
0.00852313797657564
0.006875761877448656
0.0051892387024813766
0.0034740182182290778
0.001740706395814245
4.5778814010211945E-15
0.0017373792535208257
0.0034607505683560687
0.005159539561484739
0.006823342980655846
0.00844199224995797
0.010005615456476573
0.011504697401001211
0.012930137348573968
0.014273304129174654
0.013266404991757502
0.027459873747814955
0.023865784788279398
0.024590242199503322
0.024215837131413398
0.026737383581260755
0.016831733200177664
0.022771736264176886
0.02300018631697919
0.023097289020468027
0.02306212736570828
0.02289461927792691
0.02259551432170206
0.022166385862412534
0.017055929383225102
0.02642466652939115
0.021629425160797557
0.024588505626410254
0.023551853752512387
0.026372864254256355
0.01323018740609068
0.013994328584075677
0.012654679837938028
0.01123941341989275
0.009757366466507626
0.008217771418263624
0.006630198648209856
0.005004497114995074
0.003350733407388852
0.0016791295566420533
5.24803187501564E-15
0.0016763119168752623
0.0033394975084843318
0.004979345999422543
0.0065858070681763135
0.00814905230301287
0.009659535194488861
0.011108049299685976
0.01248578422425666
0.013784379082910272
0.020738768403140453
0.0076888172163006125
0.014298126804725263
0.02223847385370361
0.02088384298201749
0.01722077912245866
0.024214385871665852
0.021093883174329635
0.02142131242331338
0.021618847276330306
0.021685693099786303
0.021621874591846574
0.021428240900761866
0.02110646783732849
0.022985784205836517
0.017379636047442516
0.0224398321314987
0.019503893503170503
0.012810255304287024
0.009079748266775994
0.019547125969920046
0.013548571158453267
0.012252950983887931
0.010883816402489305
0.009449702303210687
0.00795953029846753
0.006422553345596537
0.00484829841695081
0.003246507573131993
0.001627077802789499
4.4477239242723986E-15
0.0016247025454921963
0.0032370357671773317
0.004827096171892004
0.006385131545159288
0.0079016006405475
0.009367231488452301
0.010773077968525197
0.012110574301542346
0.013371587129266766
0.013095519396852382
0.020140579012446674
0.024149612450712427
0.02416063265500991
0.017980893558022737
0.021981378236618842
0.022147092194211095
0.020812224588358387
0.021177476915053995
0.021422940826649858
0.021547799389867724
0.021552105496155986
0.021436787394441267
0.02120365596908835
0.02320885526409093
0.021505235487545134
0.018750993181949754
0.02512438743828606
0.02505086653719975
0.01790117237538226
0.013111911438615684
0.013173533359924192
0.011915019650560929
0.01058474740274403
0.00919099605604631
0.007742424727155508
0.006248018519875559
0.00471703290241923
0.003158936495762416
0.0015833526258696284
5.776012529117103E-15
0.001581367127951918
0.003151018935382165
0.004699309784057817
0.006216737382104312
0.007694000992685562
0.009122058333468786
0.01049218081939753
0.011796006812022685
0.013025592550939718
0.01603750747749421
0.015349184813456226
0.006074628959504369
0.006782546278154038
0.022798845533159577
0.018153086584491968
0.010511557365603535
0.017364569632407133
0.01754512467176289
0.017613805117810997
0.01756977416208946
0.01741331805236832
0.017145876159328555
0.01677009962688662
0.009614406013191325
0.01786972678630957
0.020884790640237922
0.006126482592172936
0.0054578342116588996
0.01724862234794079
0.015044585486401325
0.012861044675946714
0.011633535736640301
0.010335712165389165
0.008975639047644939
0.007561755518892651
0.0061028224960138575
0.0046078684891861545
0.003086133828989316
0.0015470136525595074
9.561261595268517E-15
0.0015453766227138085
0.003079605855297421
0.004593255909148529
0.006077031449696797
0.007521830580314121
0.008918800579130831
0.01025939204803386
0.011535411143217792
0.012739069568687943
0.013568605750046666
0.010401685146867875
0.026000245254943075
0.02867667611409482
0.0215161254320812
0.02304084865898002
0.03339374618664853
0.02830982333769414
0.02869757624503853
0.028969772752051405
0.029125133298954005
0.02916318833111269
0.0290842694421439
0.028889498776032432
0.034169093044355184
0.023930831631377995
0.02240042124429883
0.027947552107280484
0.024588651755778502
0.008615306003656063
0.013863266420060433
0.012604699581219986
0.011402737382909103
0.010131620185260967
0.00879923533031508
0.007413839913162816
0.005984009696896695
0.004518586115971834
0.0030266216949464252
0.001517324219016769
1.6102622913081606E-15
0.0015160034130015467
0.0030213547264754293
0.004506796245605898
0.0059632007159417235
0.0073816273150887355
0.008753376451611413
0.01007004303562947
0.011323567895698156
0.012506287027609574
0.01323236883815181
0.022414019098806325
0.010168733198712912
0.010791878257315798
0.009938338352780704
0.011957373611188744
0.006278575200898034
0.006999261009440891
0.007101546256264047
0.007109033192887753
0.00701735892524929
0.006824324641266416
0.006529729929772088
0.00613546096872621
0.005660638549939955
0.010707222832641396
0.010256458916506282
0.012885836470767784
0.013159631777931486
0.023255909368178822
0.013095673554165679
0.012399509771530082
0.011218138743397634
0.009968509378497527
0.008658364370335266
0.007295813132378864
0.00588928168209411
0.00444746061553989
0.0029792514937122356
0.0014937119704704343
2.6030956424936016E-15
0.0014926825331002182
0.002975146414705648
0.004438271585375789
0.005873063161210041
0.007270706647694381
0.008622622008379866
0.009920516256841597
0.011156434250424941
0.012322807374822733
0.014983289425770095
0.005063343864841302
0.013833658941214407
0.01799374922073873
0.02824925450465074
0.030918601008715855
0.03520602251028221
0.033708388643045185
0.03402520557408762
0.034225585718198503
0.03430863687320441
0.03427420011287522
0.03412285332113463
0.03385591097487361
0.03479396354720243
0.031575751135005506
0.028381350497097047
0.015855646112600947
0.011074403015605692
0.0049214190891205475
0.015357913903218664
0.01224165183063053
0.011076303439823479
0.0098433463136205
0.008550408863443056
0.0072054844060900234
0.005816881820233812
0.004393174290420269
0.0029431464544521545
0.0014757402795329715
1.2436908709225901E-15
0.0014749835446416365
0.0029401288293568425
0.004386419477507392
0.005804959666128826
0.00718702876276849
0.008524134858664033
0.009808066870156588
0.01103094488916692
0.012185268474424155
0.013820996473598178
0.02321144313376883
0.024536282771358747
0.024869518217356067
0.01318207034712984
0.002331967423215775
0.006381741427773271
0.0091469513694704
0.009435769186761755
0.009681711276930913
0.009879678892175421
0.010028384749446086
0.010129994707928946
0.01018992800504339
0.00811003153316117
0.0025541260358770607
0.01292114351820365
0.02668192024613482
0.02576816439895833
0.022349136071604304
0.014275524911348711
0.012128285123687164
0.010974681112935886
0.009753882124994352
0.008473430582411364
0.0071412331910816135
0.005765512186423169
0.004354754658461221
0.0029176602675234993
0.0014630876723598794
1.2410745768252117E-14
0.001462590307404204
0.00291567692989269
0.004350315050560382
0.0057576763401003235
0.0071291032072242876
0.008456161982296212
0.009730694707844087
0.010944869218242614
0.012091227201868542
0.01615723489919232
0.007458565886845756
0.005372976665854644
0.015954986793831134
0.022756343118848697
0.030063001953636287
0.030350735165039895
0.03216567146477835
0.03235290457940008
0.032436905141837995
0.032417218110637296
0.03229426631623184
0.032069369565275646
0.03174476488715011
0.02989170433121557
0.028900207017426415
0.021398767524083567
0.017543174020478135
0.006048821484178909
0.008928431420138168
0.016254823210574823
0.012057423013997233
0.010911491925412018
0.009698550779599309
0.008426082790693446
0.007101936019150285
0.005734275035345541
0.004331530647308008
0.002902348001847719
0.001455533378031152
3.123631187138851E-15
0.0014552867977785135
0.0029013647161445066
0.004329329608808102
0.005730390233528765
0.007095922300631097
0.00841752148700731
0.009687055090158658
0.01089671200536666
0.012039050719147668
0.015598771591172417
0.017162257970359224
0.020719418956494692
0.027190421729098947
0.01443892887634764
0.014351349160025825
0.022395052197143685
0.022590779033144787
0.022914873845788254
0.023171538363203067
0.023357229575868048
0.023469925441545195
0.023509057980236926
0.023475461836216172
0.023559314632560287
0.016397084691268243
0.015373573513175082
0.025840242363033623
0.0175448518688727
0.015265412716015383
0.015914935116588414
0.012027846164577404
0.010885648950796724
0.009676400843697391
0.008407551610461188
0.00708691762386356
0.0057226337778163066
0.004323103446461449
0.002896946794175516
0.0014529477539699251
