1.0
0.9989725854527294
0.9958941397184462
0.9907760398146892
0.9836371918337676
0.9745039478168509
0.9634099899352737
0.95039618253318
0.907832510805989
0.8176490819980619
0.7350862150903258
0.7335639722102485
0.7575886320800816
0.7799143529037212
0.755217479548828
0.7291627396974814
0.7019772483356769
0.6732928811372467
0.6437372217098325
0.6132229155062263
0.5818581681976924
0.5497536070250556
0.5170218217142065
0.4837769041298281
0.45058080995847083
0.4163523037887652
0.38227211279092604
0.348141610001018
0.27147360875139226
0.19608424359174514
0.14625623536976662
0.1730909589161806
0.20790524053213327
0.20167312991975309
0.17008068053330896
0.13927376632762706
0.10934235931995487
0.0803717243920975
0.052442101627436385
0.02562841376529658
2.3204359185273294E-16
0.024379622781927606
0.04745297037168249
0.06916877240348807
0.08948212364992622
0.10835460493099777
0.12575437327165528
0.14165622109465462
0.18087343717395893
0.2512649884345211
0.31492714513534226
0.308146592855509
0.28297969473878026
0.25632223151255146
0.26141174332568956
0.2650389236695896
0.26618398416429084
0.2687541993658067
0.26823327767950456
0.2664121620331655
0.2633441983716259
0.2590873085058067
0.25370367694039975
0.24725943030886635
0.23762278898763356
0.23055756470160987
0.2213353737826949
0.21134935962615906
0.22633214697428142
0.23741960071222235
0.23704615084859748
0.17990819390478693
0.12581602123617855
0.0913037533794372
0.07826434592780022
0.0650953767031485
0.051875662795561044
0.038682351000812396
0.025590567982650313
0.012673085182489082
3.1728973675567303E-16
0.012361565328205539
0.024347745827528796
0.03589819564672794
0.04695632858088979
0.05746953627456685
0.06738938324713172
0.07667177800935228
0.07151869985462453
0.04973370333696842
0.027649766424918856
0.03944830121783372
0.058078948706564576
0.08305710898648828
0.08709165455666472
0.09038439128770866
0.09904765441497099
0.093688453237558
0.09469968509247989
0.09497038436686112
0.09451761847140668
0.09336496360937246
0.09154244832501399
0.08908671934123802
0.0939819734439047
0.08331949132422524
0.07918802407900788
0.0746301609131123
0.056292447142768896
0.0465068982476608
0.03506741319352848
0.055530948578158476
0.06100468127303872
0.05913896231121395
0.050938221326003896
0.04256756538062799
0.03407978162745222
0.02552745768586323
0.016962687462071618
0.008436783880033556
1.4151573970325612E-15
0.008298740059596245
0.01641209904919067
0.024294572090918252
0.03190271856496265
0.03919537927375546
0.04613387787015453
0.05268220563223774
0.07060783287355757
0.06800562889528777
0.0931969826915572
0.10252849524576634
0.12257687455002013
0.11704655870886714
0.11964130177289935
0.12170576948250973
0.11904124711651524
0.1274901448526056
0.12795080128763736
0.1278726912018371
0.12726325714148626
0.12613388366626127
0.12449982754928018
0.12238016321575897
0.11171015685835045
0.11317603640902883
0.1096871014026636
0.10581918311304125
0.1137962629268172
0.08564321966350695
0.06561075865059886
0.04071764488785945
0.05656845404419051
0.04384237336355535
0.03785067190997332
0.03170319158088186
0.025439031390898446
0.019097499119953315
0.012717877975441732
0.00633919606914673
7.75384718363457E-16
0.006261866202462257
0.012409475561787843
0.018407024902627352
0.02422003275573155
0.02981552737365727
0.035162223877608506
0.0402306896272955
0.054781653476067324
0.08143247107047745
0.06117991591415084
0.06916214259458008
0.0707967687841056
0.06536966491814777
0.06753392560754087
0.06940096785458941
0.08376008038760192
0.07462647062904214
0.07548732744770713
0.07600993835898345
0.07619240326245992
0.07603809863390937
0.07555541548809458
0.07475760161796967
0.08379806804771253
0.06903470325797248
0.06720887970145707
0.06514011085243941
0.07150847507217176
0.06647687518181358
0.06031348851841819
0.08563606795890778
0.05404852308970169
0.03492661100535056
0.030194876749066193
0.02532521601994659
0.020348602879243696
0.015296350844887814
0.010199922616159578
0.005090740693764667
0.0
0.00504151641722947
0.010003617540092173
0.014856879372911694
0.019572813786122047
0.024124030271784832
0.0284843897197726
0.032629149377748065
0.03168617006698224
0.019508372326512525
0.04031281718439276
0.07397614215329444
0.10081801666374325
0.06589405263619726
0.06726242718929006
0.06836495439502513
0.061239095629559225
0.07529196331914126
0.07547981879292173
0.07538618483650805
0.07501209110300329
0.07436238133886268
0.07344571730073439
0.07227462926946944
0.05674192799401119
0.06334542124081102
0.061360712040099484
0.059177029101692556
0.09594477570004792
0.07497343736225046
0.04204151137291126
0.020538408238639956
0.023115480397503357
0.02910609616760784
0.025185915879488305
0.02114321444761162
0.017003654284084305
0.012793277347066813
0.0085383451810711
0.0042651788904555605
1.8993386965260314E-15
0.004231226855952932
0.008402948491871627
0.01249017407616581
0.01646862151045629
0.02031485844354717
0.024006437118553076
0.02752202229395259
0.05151165339809874
0.07215879384814766
0.029288204972510445
0.029229381175111348
0.05014883516313083
0.06231185715782878
0.06391720272349859
0.06528679240903479
0.08185646317821227
0.07643233021216242
0.07706665819931134
0.07744575194732618
0.07756688854750413
0.07743015257443675
0.07703832758478851
0.0763968030249375
0.08122959876651606
0.06437169827580065
0.06285310717774216
0.061113659356841335
0.04119294359005859
0.018156113940588907
0.017108880231694525
0.06012469952567229
0.049662119787277276
0.025021011314592338
0.021665227760588556
0.018199480544475507
0.014645715469342478
0.011026264246839144
0.007363706582084596
0.003680731678742931
1.3665212280717961E-15
0.0036559938856935465
0.0072650565569693125
0.010805428289310423
0.014255912122851612
0.017595998694536638
0.020805986110943704
0.023867094172387613
0.007172522417916001
0.024936656642969974
0.05614335338599785
0.08225199758802498
0.06099472122337091
0.033325700107367705
0.03422215055679669
0.03497369109777525
0.022559981173976135
0.040345332379527955
0.04029419587872897
0.040113037475428444
0.03979892101825525
0.03935378532134547
0.03878453499057569
0.03810321030352365
0.019391099726253067
0.03189362204674162
0.030553413137866213
0.029083355550826726
0.0505763740247837
0.08248515935249119
0.05882893996798997
0.0315212419023696
0.004244240613720498
0.022006789021949795
0.019064718399565833
0.01602286105365612
0.012900431665655781
0.009717023953106708
0.006492489323495328
0.003246814662533734
7.697941495286196E-16
0.0032280632073134756
0.00641771244358786
0.009549632433256367
0.012604970668225546
0.01556544948029096
0.018413474000509047
0.02113223537558419
0.04346306075067124
0.028591615092240577
0.016187907491965883
0.021195724006409775
0.030501296785640543
0.052831714050160655
0.05414316136024837
0.0552418389973662
0.07175770251843049
0.0728200836509802
0.07329819997241172
0.07354944182596394
0.07357227352529416
0.07336685651912479
0.07293500946738272
0.0722801650807925
0.07033151622987169
0.053624681767088414
0.052230547871956357
0.05063746183541947
0.035074205572261555
0.02034226696001986
0.015533277515244144
0.021859522626915893
0.04011445849566462
0.01970021036208883
0.017073170655951098
0.014354647114386849
0.011561772961430076
0.008712048594938644
0.005823233049989146
0.0029132344336102903
1.3515821898183705E-15
0.0028985934652968758
0.005764848289297525
0.008581352929306991
0.011331086723562518
0.013997521750363518
0.016564721191943008
0.01901743362329201
0.012153230286905757
0.04508798038338123
0.04906839710862073
0.06465299269882606
0.018567212877776195
0.01687849108723382
0.01807560496379946
0.01910964279464631
0.005694507621225539
0.013927650399074029
0.013726181712144833
0.013499734284019472
0.01323547249964981
0.01293025017914065
0.012591402958379258
0.012237759840352405
0.0075475145739998485
0.018681135037572613
0.017555298501103943
0.01625581587768482
0.016135874747389208
0.05584096356895786
0.042814897265759884
0.045010036131626914
0.015580811173283788
0.017886055366203985
0.015505857279758919
0.013041013712292477
0.010507026791994735
0.007919752519503385
0.005295302366408546
0.0026499437508179834
8.456665662936806E-16
0.0026382495895469374
0.005248668987354256
0.007815363359243538
0.010322775102726741
0.012755777411733402
0.015099764812142022
0.017340740130547223
0.03123076464842245
0.016127477097561824
0.008880746096762251
0.0052582816783926945
0.04207957027608419
0.03937383124573755
0.04045414219388907
0.041350456862348325
0.0552672657281281
0.06298650577062188
0.0633277812216517
0.0634697133386174
0.06341158989833806
0.06315394337964848
0.06269853955620822
0.062048359299263556
0.05343166870956643
0.0395851109496683
0.038361796077665905
0.036968201768684886
0.039745161949643434
0.009712951316111489
0.013031748321082184
0.015675915007570075
0.027181933509658328
0.01642875242294054
0.01424625864490082
0.01198480398314976
0.00965858444442183
0.007282136745883003
0.004870248084484915
0.0024378647295413463
3.003482506603864E-15
0.0024283578107873044
0.004832337001506298
0.007197272964719457
0.009508797076712993
0.011752923439942026
0.013916132957618364
0.0159854542383195
0.021118107170321646
0.03214704750902573
0.03517449819196005
0.03331740048706004
0.029968034208166145
0.01894295920382499
0.02016364051499634
0.02121451117001775
0.02140691814113696
0.005445432271761894
0.005847655994683164
0.006179093221181752
0.006419357601179164
0.006563553373263872
0.006618860940555612
0.006603722548546602
0.022478846346185063
0.02179801185908924
0.020885695712458248
0.019815182752506117
0.03447573426945327
0.03019546897877206
0.03518314492178594
0.025361239627708212
0.02241578782238774
0.015238710305110382
0.013217291849716171
0.011121676278225788
0.008964995797927106
0.00676071099860697
0.004522527309871824
0.002264310251770115
3.526620245490777E-16
0.002256474210774186
0.00449127932258821
0.006690762809975977
0.008841535644208696
0.010930553364366161
0.01294519476696301
0.014873337741864182
0.017952119520475363
0.021735613724882575
0.015097195627194552
0.019902262459212332
0.021779525143756445
0.026963511007398272
0.0279168879958575
0.02871373941009708
0.03694002409543932
0.04896845160745816
0.049196424770534423
0.04925663383376873
0.04914856154059972
0.04887280482775219
0.04843107641341901
0.04782620219955383
0.03521815322364355
0.027504533262989916
0.026483686004917316
0.025315724703138275
0.01664449833102622
0.019729424865876262
0.01091930965970421
0.024086777001525523
0.014420829279866964
0.01425440294558562
0.012365975136844527
0.010407368373055953
0.008390836793721039
0.006328951709567294
0.00423452360086996
0.0021205228934367635
3.1725307656974222E-15
0.002113994882374684
0.004208491728066509
0.006270679904200778
0.008287986175756629
0.010248151021478075
0.012139302799506169
0.01395002931599527
0.023125104973400947
0.013143147173015462
0.032134688610503705
0.020959028194189242
0.04200864153858577
0.022271092202344623
0.023295518677188612
0.02417125846078687
0.028031088523425833
0.017690867553039887
0.018075663287501244
0.018353403573930182
0.01851851851851546
0.018568541282533393
0.018503857979264238
0.01832759638084833
0.028229347099599924
0.024200377533288967
0.02334555563751655
0.022350024604551134
0.04032761868029813
0.019071395601834927
0.031213264999563048
0.012087479101414549
0.022551220825016566
0.013432231125052594
0.011654737426116474
0.009810470346244674
0.007910951711348585
0.0059680105105382525
0.003993709529246508
0.0020002707528277083
1.880690465583201E-15
0.0019947887508696533
0.003971848879046584
0.005919076020934656
0.007824581895459601
0.009676766606715617
0.011464388985836387
0.0131766345471653
0.008822958690825295
0.021222785222672454
0.010005703839937822
0.02231328862464423
0.0055470765420832105
0.020623283035256946
0.021546256937648365
0.022330758199243878
0.022675286973233646
0.033829129405032535
0.0340037672483065
0.03403788700585379
0.033930455835484534
0.033681580127278676
0.033292505434457116
0.03276561976480471
0.021749804369759092
0.022024361092144
0.021191888888458892
0.020228076316842744
0.010251266430843326
0.023590730740678585
0.013046884718875003
0.016924769542170592
0.008256406235473968
0.012740489276206633
0.011056240820027145
0.009308114012791543
0.007507015135159016
0.0056641488206886316
0.003790948594128976
0.001899006177586264
1.3665929369044087E-15
0.0018943766504764703
0.0037724873907070892
0.0056228239844450184
0.007434076627065042
0.009195202845303818
0.010895494593686703
0.01252464314122993
0.019675469589920825
0.018665036620938585
0.028660605048828624
0.015730184030498282
0.022654140154826346
0.020976176330296466
0.02184713876823117
0.02258617536687108
0.027044908664738875
0.023034016968065438
0.023386508822766404
0.023608819304855345
0.023698577319195502
0.023654768985579024
0.023477675781475367
0.023168834859779875
0.026649110018895018
0.02218966608174027
0.021382737670250344
0.02044996480441226
0.01736082355031715
0.014609444899518955
0.02699034175130901
0.022536247637411855
0.01801415051470944
0.012155621865001449
0.0105501648813919
0.008883293100561481
0.00716539254876218
0.005407139946449049
0.0036194365539018313
0.00181334078436327
4.828330330608491E-16
0.0018094180900296041
0.0036037940082523845
0.0053721246444681185
0.007103590532063719
0.008787621854599316
0.010413962781402455
0.011972733741572577
0.010149880410040668
0.004744144579742844
0.00941032336008416
0.020559812054622414
0.025856176274913375
0.019606633814716543
0.02046744007476894
0.021202527094220568
0.01861906618034903
0.022501812172357378
0.022750245988499982
0.022867754823598416
0.022852830879032473
0.022704988409672534
0.022424739491335548
0.022013574222036966
0.018734547936375627
0.021099825992116676
0.020352243051718746
0.019483099359867917
0.027381386409987385
0.01844320151043577
0.006027798965487089
0.002312249684955445
0.011227957026836074
0.011659817132508294
0.010121138014667554
0.00852313797657681
0.006875761877448457
0.005189238702480707
0.00347401821822962
0.0017407063958163388
7.029779186618645E-15
0.0017373792535305397
0.0034607505683584418
0.0051595395614897396
0.006823342980657332
0.008441992249958317
0.01000561545647466
0.011504697401001275
0.014115811380069863
0.02666757747045966
0.027276097767547948
0.01899243582842577
0.010788803800514625
0.01834375238482957
0.019166726654746558
0.019869292909054443
0.02195245185908695
0.022071796110817186
0.022357189446464983
0.022509303047262192
0.02252708580862414
0.02241034616997229
0.022159743356979518
0.021776775492301104
0.021398432811844795
0.01975806008309266
0.019040451630040554
0.01820617253523373
0.013106419775296405
0.0214011995782991
0.029289339867306623
0.024573029428668743
0.01287207793599835
0.011239413419888376
0.009757366466516775
0.008217771418267107
0.006630198648215102
0.005004497114995092
0.003350733407387713
0.0016791295566413672
2.4572676267532404E-15
0.0016763119168716094
0.003339497508489356
0.004979345999417456
0.006585807068177219
0.008149052303013441
0.009659535194490193
0.011108049299682728
0.012648825062265489
0.0061310026418127115
0.008669399675570512
0.013278794035155583
0.020734360134468756
0.017676231303731173
0.01843960366053948
0.019084978531436998
0.02077215681073277
0.021484659547167658
0.021858516395509977
0.022104869676588153
0.02222285790955722
0.022212425469433094
0.022074324026518766
0.021810109764130288
0.020954840200902512
0.01855697376003245
0.017813271985793574
0.01695550636207853
0.016688228790434117
0.011932794609498728
0.008426891257697496
0.0107291416034176
0.012618433454886897
0.010883816402475417
0.009449702303211205
0.007959530298469427
0.006422553345596273
0.0048482984169475815
0.0032465075731339457
0.0016270778027887907
4.0955289553004044E-15
0.001624702545494435
0.0032370357671773387
0.004827096171894022
0.006385131545154478
0.007901600640549821
0.009367231488452353
0.010773077968529238
0.012224692765498094
0.011755050504838277
0.028481256157017482
0.01980525212747164
0.02308792740522675
0.01991658247120783
0.020753574842763543
0.02147801343895328
0.017641542857603682
0.01612245916308652
0.016333263697640005
0.016420778961709
0.01638413504577728
0.01622331311688927
0.01593915289469533
0.015533364204853966
0.017436958750416787
0.022035369425343777
0.021427993817829966
0.02071103722047038
0.0252315363724923
0.016966067217553327
0.02519257371378837
0.006363305051132181
0.012934268043283105
0.010584747402742936
0.009190996056046324
0.007742424727153007
0.006248018519874872
0.004717032902416246
0.0031589364957610912
0.001583352625869838
8.71069855348644E-15
0.0015813671279552245
0.003151018935385624
0.004699309784059641
0.006216737382108599
0.007694000992690005
0.009122058333468772
0.010492180819400933
0.011000632172931473
0.023529154238725286
0.007086730228987488
0.019792286216117862
0.008127643892546835
0.011984758444286765
0.012650162795564815
0.013207058340712329
0.021152857515892076
0.02727260482070366
0.02765194996272224
0.027909929390204317
0.028045541938944804
0.028058554376365334
0.027949499457078142
0.02771966989175653
0.021008767313937228
0.012271308462328604
0.011531507208744712
0.010685449547638799
0.010046123182502484
0.02485873332632473
0.011145047599768487
0.026303312332754535
0.009716364339325425
0.01033571216538884
0.008975639047641277
0.00756175551889561
0.006102822496016875
0.004607868489189822
0.0030861338289911886
0.00154701365255803
3.4737767452886446E-15
0.0015453766227168087
0.0030796058553002963
0.004593255909149788
0.00607703144970346
0.007521830580311147
0.008918800579129397
0.01025939204803282
0.015634519220390962
0.003167304723463905
0.014612983943517982
0.013938799696729771
0.02800884128691929
0.02515023535611566
0.025966760841751285
0.026674970198679038
0.017581341704079288
0.008035483977794352
0.008251287250951294
0.008349857158610537
0.008330076028237089
0.008191643057041289
0.00793506037423434
0.007561627386480962
0.017747278232634105
0.02731072624446265
0.026733022209014145
0.026048766481248598
0.026966313429665927
0.014301861806206673
0.012710582434543413
0.0037246878007022857
0.01679318102866198
0.010131620185260566
0.008799235330317715
0.007413839913163532
0.005984009696894333
0.004518586115973344
0.003026621694951414
0.0015173242190172737
4.511268921991159E-15
0.0015160034130017104
0.0030213547264736937
0.004506796245603552
0.0059632007159415275
0.007381627315087145
0.008753376451609368
0.010070043035633703
0.005867368219755069
0.024238404205069848
0.017104901825972754
0.033129887425776335
0.011878612922653433
0.005865893402154672
0.006531315098087432
0.007103197474200052
0.018720215506678465
0.031833480910425815
0.03215869955527134
0.0323666771487976
0.03245655939105707
0.03242823461670313
0.03228233757679451
0.0320202494335366
0.01841631683461447
0.007091217908096585
0.006575029378784552
0.006010278139072091
0.010665317061286695
0.0315315058754649
0.015443032246541411
0.02064190760533198
0.004310056077451135
0.009968509378495607
0.008658364370338395
0.007295813132383561
0.0058892816820938125
0.004447460615538566
0.0029792514937107347
0.0014937119704654747
1.0303158839048529E-15
0.0014926825330946207
0.0029751464147043626
0.004438271585381411
0.005873063161211727
0.007270706647691122
0.00862262200837807
0.009920516256846179
0.018633625110705397
0.010254084089650518
0.014545555004790484
0.00861164142770708
0.022146897190745723
0.029041519186251957
0.02977347883304737
0.030402572486865745
0.01922967906580006
0.009331357873594359
0.009599772062254647
0.009805474224906081
0.009945255513416308
0.01001914210912763
0.01003022787903199
0.00998468608160617
0.019326826022736786
0.03058449787604938
0.030001043335250083
0.029320029824590102
0.022262457779071352
0.0081653988274242
0.017834474343603485
0.014315751565328657
0.018900715951102997
0.009843346313617182
0.008550408863446355
0.007205484406087755
0.005816881820229528
0.004393174290415498
0.002943146454452769
0.0014757402795358538
2.6163530415379343E-15
0.0014749835446422823
0.002940128829358178
0.0043864194775073756
0.005804959666128157
0.007187028762767074
0.008524134858661997
0.009808066870154139
0.004921230093213498
0.01147337421791438
0.00565874698472742
0.01820060339476528
0.008915847735203618
0.012321497292444047
0.012742070508427692
0.013145813269796183
0.016376118719769982
0.032164151563240366
0.032402742206864156
0.03253480929040187
0.03255968275225784
0.03247753144883539
0.032289374795483265
0.03199709420328163
0.016290421897178848
0.014387833971756858
0.01423337389833371
0.0140586869871599
0.009827005115773797
0.014585115576118166
0.0036401608075492297
0.010202866500487866
0.0068574049938740465
0.009753882124995308
0.008473430582417927
0.007141233191081953
0.005765512186416523
0.0043547546584632914
0.00291766026752879
0.001463087672366386
1.234436849402739E-14
0.0014625903074054862
0.00291567692989687
0.004350315050561213
0.0057576763401036395
0.007129103207229845
0.008456161982302032
0.009730694707837724
0.018107671925693496
0.020449154041785874
0.024217608949232788
0.0166349299164284
0.023934249404354558
0.02858181083146664
0.029145189056129665
0.029622374051810153
0.019118321421437733
0.01900107482037035
0.019275494441026813
0.01949058866688408
0.01964293304900307
0.01973093729743149
0.019754772818964313
0.0197163245153459
0.018978298783185188
0.029156525956518655
0.028604281740071378
0.027976419493834673
0.02321829557350068
0.01747010034991436
0.02294260651111598
0.020004090776038326
0.01716120026466495
0.009698550779600554
0.008426082790695287
0.007101936019149856
0.005734275035345861
0.004331530647308057
0.0029023480018492373
0.0014555333780343505
2.8224880006185555E-15
0.001455286797778632
0.0029013647161534608
0.004329329608804916
0.005730390233517802
0.007095922300632788
0.0084175214870051
0.009687055090153999
0.01178845273761355
0.011990546386871019
0.006385685142490555
0.011387666543041108
0.014402161557855972
0.021753364375438487
0.02226599147178109
0.022735247856198126
0.01699433494898799
0.02784023151221345
0.027974119064750114
0.02802142175932385
0.027981327637706523
0.027854137162521615
0.027641285981434848
0.027345374455572835
0.01719124291667783
0.02377035904743142
0.023486810310027684
0.023146768955357222
0.01614178760623779
0.01292162413210847
0.010692149565414928
0.014143958670247038
0.013702062307965827
0.009676400843697978
0.008407551610460248
0.007086917623869417
0.0057226337778087675
0.0043231034464595005
0.0028969467941702995
0.001452947753963147
