1.0
0.9989725854527268
0.9958941397184456
0.9907760398146901
0.9836371918337659
0.9745039478168506
0.963409989935276
0.9503961825331813
0.9355103927392273
0.9188072805050681
0.9003480590739806
0.8802002270235767
0.8584372731615422
0.8166772741358821
0.7365689352155813
0.701285442080371
0.6648248933974239
0.6455408091753402
0.625241149133578
0.6132229155062255
0.5818581681976923
0.5497536070250555
0.49853389026182177
0.45604359116164517
0.413256811898309
0.3882641784912689
0.36327338694956396
0.3839175453719626
0.3679847175671997
0.33395382007963625
0.3002006862750954
0.26683328132118705
0.23395677675898313
0.2016731299197528
0.1700806805333096
0.13927376632762692
0.10934235931995487
0.08037172439209712
0.05244210162743639
0.02562841376529674
0.0
0.02437962278192732
0.047452970371682286
0.06916877240348772
0.08948212364992558
0.1083546049309973
0.12575437327165562
0.14165622109465456
0.1560416043881074
0.16889863993921092
0.1802220718765287
0.19001320791217963
0.1982798258215168
0.22269930622906742
0.28113072952173385
0.2931723580941877
0.30339767996363703
0.29593670799364824
0.2861366519375416
0.26641216203316537
0.26334419837162554
0.2590873085058064
0.271500706802567
0.27428161485632513
0.2747540539027916
0.25868454577473093
0.2414877277960022
0.1794737001419718
0.1517284766718169
0.14055159595840241
0.1288390805231733
0.11667245240793647
0.10413347464621618
0.09130375337943761
0.07826434592779945
0.06509537670314809
0.051875662795561134
0.03868235100081209
0.02559056798264958
0.012673085182488109
2.670697254592657E-16
0.0123615653282053
0.024347745827528692
0.03589819564672786
0.04695632858088934
0.057469536274566656
0.0673893832471313
0.07667177800935207
0.08527711967004828
0.0931704195635523
0.10032139756208606
0.10670455287113886
0.11229920923996557
0.1018006775942755
0.06196403243705759
0.05648593292882059
0.057008070331149546
0.06774705308323518
0.07647674771301231
0.0949703843668608
0.09451761847140668
0.09336496360937212
0.07337243573942787
0.06356808219470632
0.051675960502249346
0.04845084238387989
0.05300899642473112
0.08765847219381957
0.09577043133222499
0.08919691902778068
0.08219714680739806
0.07482035430154829
0.06711710121238185
0.059138962311213426
0.05093822132600396
0.04256756538062754
0.034079781627451886
0.025527457685863484
0.016962687462071642
0.008436783880033116
8.868644929137782E-16
0.008298740059596054
0.016412099049191373
0.0242945720909174
0.03190271856496222
0.0391953792737558
0.046133877870154286
0.05268220563223858
0.0588071887680068
0.06447863753738889
0.06966947658610868
0.07435585599533755
0.07851724266229353
0.09597941340137951
0.1419287745681781
0.14783000335445778
0.15270284061273282
0.15052574604671462
0.1417068440740963
0.12787269120183717
0.12726325714148612
0.12613388366626102
0.13793915606100476
0.1449318640388431
0.14467668951844062
0.1387047312366968
0.1321905195876399
0.08736384405569933
0.07013989843314575
0.06548986096701191
0.06049987700365069
0.055204496560855576
0.04963964052493535
0.043842373363554975
0.03785067190997243
0.03170319158088228
0.02543903139089911
0.01909749911995458
0.01271787797544082
0.006339196069147063
4.290421243594614E-16
0.0062618662024629445
0.012409475561786112
0.018407024902624868
0.024220032755730547
0.029815527373656656
0.03516222387760855
0.0402306896272963
0.0449934969817795
0.04942536269936614
0.05350327330829022
0.05720659586665506
0.0605171736193784
0.05591941439666933
0.04095079051047447
0.03397741973119941
0.043405129543500266
0.05300213739100001
0.05798397909245227
0.07600993835898355
0.0761924032624599
0.07603809863390992
0.05803987630099687
0.05317022321037055
0.04390548968079703
0.034269403427713896
0.04110254954081788
0.05290745586512453
0.05547984723424845
0.05187727902217733
0.04799358665120014
0.04385524009181631
0.03948997423526585
0.03492661100535025
0.030194876749066447
0.02532521601994558
0.020348602879242565
0.015296350844887615
0.010199922616159391
0.005090740693763437
4.9330956494193975E-17
0.005041516417228879
0.010003617540090676
0.014856879372912505
0.019572813786122238
0.024124030271785092
0.028484389719773916
0.03262914937775016
0.03653509821676779
0.04018068198682776
0.04354611731320071
0.0466134942537661
0.0493668668101546
0.05990237349076897
0.0895374541228001
0.0879133689465261
0.08610876717862181
0.09045001375467804
0.08149762355754536
0.07538618483650697
0.07501209110300315
0.07436238133886189
0.0790256958995045
0.08676036624682532
0.08060741068348766
0.08183974313444266
0.08330434451228386
0.05569085403267298
0.04601738833181718
0.04307047863746448
0.039883901941637434
0.03647909300014229
0.03287863137833194
0.02910609616760569
0.025185915879488874
0.021143214447610893
0.01700365428408359
0.012793277347066995
0.008538345181071074
0.004265178890455651
1.3069069516978479E-15
0.0042312268559522494
0.00840294849187232
0.012490174076165006
0.01646862151045374
0.02031485844354597
0.024006437118552708
0.027522022293951034
0.03084151152596996
0.03394614715006154
0.036818619353301205
0.03944315978678574
0.04180562522719264
0.045556868486908396
0.04240700525402191
0.03995008124095882
0.0504814794999519
0.054475247899240666
0.060088049583553085
0.0774457519473279
0.07756688854750357
0.07743015257443515
0.060177956882669956
0.05447567096660214
0.05134492418063493
0.04106507338144947
0.04255938474968171
0.04480744073338597
0.03942636457364764
0.03692667386834129
0.034217760463382124
0.03131765050089809
0.028245407809626377
0.025021011314591522
0.021665227760587963
0.018199480544475236
0.01464571546934161
0.011026264246839236
0.007363706582084791
0.003680731678742879
5.960228618411609E-16
0.0036559938856938036
0.007265056556971189
0.01080542828930939
0.014255912122851487
0.01759599869453541
0.020805986110944252
0.023867094172386916
0.026761572296944917
0.029472800534866925
0.03198538310894007
0.034285233964673825
0.03635965386519279
0.03964241262231483
0.052269684009527424
0.04518540369315362
0.038126928554685774
0.04688700303259504
0.03786281539090416
0.04011303747542771
0.0397989210182552
0.039353785321345626
0.03599141705028018
0.04410272127590892
0.034212948350416085
0.04077312082684763
0.047473352364014246
0.0368114231481123
0.03458922414218238
0.03241281085604725
0.03005031665505572
0.02751732263936836
0.02483035701418344
0.022006789021949347
0.019064718399566853
0.016022861053655472
0.012900431665655274
0.009717023953106594
0.006492489323494755
0.003246814662534151
7.754973701743827E-17
0.003228063207313682
0.006417712443587905
0.00954963243325616
0.012604970668226034
0.015565449480291649
0.018413474000507215
0.021132235375583865
0.023705808643463947
0.026119244705549508
0.028358655871713392
0.03041129449570842
0.03226562426294125
0.042625166238218645
0.04315800820032319
0.04891960192943782
0.058215638185932964
0.05351347516888805
0.060988192566034376
0.07354944182596396
0.07357227352529339
0.07336685651912489
0.060973387332428894
0.05336297009861177
0.05871536251704256
0.0498597820309394
0.043234250488860905
0.0422800180059415
0.0309024317308594
0.02896962945826064
0.026868828375114843
0.024613779935093776
0.02221910702400399
0.01970021036208895
0.01707317065595115
0.014354647114387368
0.01156177296143184
0.008712048594938895
0.0058232330499891054
0.0029132344336089393
7.39280090809244E-16
0.0028985934652977995
0.0057648482892968195
0.008581352929304703
0.011331086723563668
0.013997521750360899
0.01656472119194053
0.019017433623292324
0.021341182673566935
0.023522351538321374
0.025548261854452553
0.027407246486223134
0.029088715809492974
0.02529291154900422
0.02451478903414264
0.016041071326686855
0.008004418869406022
0.017630348663988094
0.009546512442217383
0.013499734284020366
0.013235472499647825
0.012930250179140897
0.00914734290513532
0.01645463633971746
0.006630924601517635
0.013432116850984088
0.021361993140504378
0.023185433290359336
0.028011524569115712
0.026268079742024553
0.024371076804361264
0.022332853656680675
0.020166556388834037
0.01788605536620255
0.015505857279756726
0.013041013712291119
0.010507026791995288
0.007919752519501846
0.005295302366406272
0.0026499437508177726
3.6041244818549654E-16
0.0026382495895463614
0.005248668987355998
0.007815363359243222
0.010322775102727373
0.012755777411732607
0.01509976481214094
0.0173407401305478
0.019465397382426173
0.02146120009284648
0.023316454592685533
0.025020377865606524
0.02656315955602767
0.04055587572727267
0.04325726272458403
0.05343490315698951
0.058893597292474835
0.050263590516634114
0.059011823571100554
0.0634697133386175
0.06341158989833856
0.06315394337965093
0.05880164623204686
0.04988419701848946
0.05837311424689817
0.05343233825975353
0.04313486306539947
0.04012648096589228
0.025694737479842286
0.024102011149965533
0.022367460989531393
0.02050230555744363
0.018518518518519198
0.016428752422940972
0.014246258644898806
0.011984803983148487
0.009658584444421484
0.007282136745882378
0.004870248084482439
0.002437864729541493
2.6406081629112037E-15
0.0024283578107882195
0.004832337001506587
0.00719727296471685
0.00950879707671105
0.011752923439938886
0.013916132957619969
0.01598545423832108
0.017948540849474844
0.019793744462760016
0.021510183461025616
0.023087806605618225
0.02451745139445735
0.014798188160766147
0.011917168041826789
0.0038844360499221235
0.012069400143470924
0.01869443883183756
0.020262417184949873
0.0061790932211783925
0.006419357601177808
0.006563553373263797
0.020943620450077662
0.019513913249592445
0.012861477059911641
0.004158331681260619
0.012018094231501068
0.013394265055725016
0.023806309798951163
0.02233577778846621
0.020733088768745106
0.019008557644273033
0.01717320964004351
0.015238710305111723
0.013217291849714522
0.011121676278226453
0.008964995797927679
0.006760710998604606
0.0045225273098714585
0.0022643102517704867
3.2408459579777823E-16
0.0022564742107753243
0.004491279322590918
0.0066907628099750005
0.008841535644208746
0.01093055336436628
0.012945194766963188
0.014873337741865436
0.016703431801372876
0.01842456687080464
0.020026537933306037
0.021499905148103182
0.022836049090250846
0.03765619770087538
0.04126482153144167
0.049663892195226295
0.04901569791023985
0.04316478334460391
0.05237445122208242
0.0492566338337715
0.04914856154059978
0.04887280482775228
0.051908860435729884
0.04245059144254047
0.04753619682771744
0.04863977795761151
0.04069918385854529
0.03703203560750445
0.022246578963336715
0.020876550878771764
0.019382415367129285
0.017773746605169873
0.016060791128661312
0.014254402945588295
0.012365975136842707
0.010407368373055377
0.008390836793718423
0.006328951709567753
0.004234523600868621
0.002120522893439627
3.1642845693255083E-15
0.0021139948823752606
0.004208491728062048
0.0062706799042013895
0.008287986175755203
0.010248151021480736
0.012139302799505296
0.013950029315995587
0.015669446367279884
0.01728726284573164
0.0187938420218168
0.020180258639175896
0.021438351486313904
0.009360036534644638
0.016255967442296747
0.007738322845263352
0.017443155271096206
0.027104984908814536
0.029050578700272323
0.018353403573931677
0.018518518518516124
0.0185685412825328
0.0292183794690457
0.027424952601501146
0.017828438913762675
0.008214214323370881
0.016966849717680955
0.009171360247068069
0.0209451745115922
0.019658737610335552
0.018254951168102843
0.016742774869488247
0.015131808464322582
0.013432231125053408
0.01165473742611864
0.00981047034624227
0.007910951711350608
0.005968010510536913
0.003993709529245844
0.002000270752827534
1.917243517893605E-15
0.001994788750869609
0.003971848879046065
0.00591907602093497
0.007824581895462084
0.009676766606715312
0.011464388985831702
0.013176634547165705
0.014803180649465128
0.016334258471108237
0.01776071142865647
0.0190740496909954
0.020266500465847492
0.03363753281584856
0.03622601214024204
0.039205499497636256
0.0323710148070721
0.03208254922282478
0.041283061277954065
0.03403788700585175
0.033930455835483056
0.0336815801272802
0.040668618964818735
0.031175360299609788
0.030667392271542575
0.0376634852856174
0.035258321445680973
0.03283031027035092
0.019851074618273623
0.018634751619661195
0.017306785855207594
0.01587562249804365
0.014350319253918296
0.012740489276204539
0.011056240820024694
0.009308114012789004
0.0075070151351613055
0.005664148820684375
0.003790948594128608
0.0018990061775891796
1.6999922344540221E-15
0.0018943766504771924
0.003772487390707202
0.005622823984445238
0.00743407662706443
0.009195202845305452
0.010895494593690913
0.012524643141229003
0.014072801356567188
0.015530643016464887
0.016889418781757693
0.018141008505863407
0.019277969564483098
0.010814243952808172
0.018962507653634716
0.012370889763363372
0.02189000429176447
0.02776406862640095
0.02816865964752899
0.02360881930484843
0.02369857731919701
0.02365476898557782
0.027921923471234827
0.027538374519117958
0.022396081936789897
0.013103590476119266
0.018959833739770334
0.011457981496231895
0.018926465904999707
0.01776930810698386
0.016505344286026596
0.015142585844549765
0.013689633232423573
0.012155621864998752
0.010550164881393813
0.008883293100558975
0.007165392548761708
0.0054071399464523775
0.003619436553899247
0.0018133407843667596
6.701475358912313E-16
0.0018094180900298878
0.003603794008247715
0.005372124644468824
0.0071035905320621295
0.008787621854599269
0.010413962781401906
0.011972733741572738
0.013454491259357422
0.01485028498961928
0.01615171160993786
0.01735096524590562
0.018440884127870857
0.028710087446101176
0.029494265922644935
0.027122857916716644
0.01888255858428566
0.021674312557240744
0.03016766830447871
0.02286775482359594
0.02285283087903083
0.022704988409674002
0.029762659397767195
0.02121410597304567
0.018222913871753264
0.025781082016643864
0.028533644267450947
0.027786519282994786
0.018142812882800535
0.01703576891731897
0.015826024000829997
0.014521222122822898
0.013129576318164554
0.011659817132505832
0.010121138014667514
0.008523137976577498
0.006875761877448597
0.005189238702477559
0.0034740182182262
0.0017407063958139876
4.21474862351347E-15
0.001737379253524386
0.003460750568360586
0.005159539561489104
0.006823342980653781
0.008441992249955501
0.010005615456474031
0.011504697400997257
0.012930137348575609
0.014273304129174852
0.01552608825591143
0.016680950746740857
0.017730968356763566
0.014628918954799001
0.017482110810208597
0.01826069091943365
0.025929500528328167
0.022749838057414012
0.020891043994495404
0.022509303047261356
0.02252708580863053
0.022410346169973363
0.020435992008735967
0.022251278673277676
0.026093210628209188
0.018895180889715212
0.017045578368809492
0.015247626724565836
0.017478263788004503
0.01641372860143285
0.015249972865774385
0.013994328584080147
0.012654679837935015
0.011239413419892635
0.009757366466513909
0.008217771418265282
0.0066301986482137166
0.0050044971149967865
0.003350733407388462
0.0016791295566401178
2.0979819111360464E-15
0.001676311916872765
0.0033394975084865453
0.004979345999415981
0.00658580706818013
0.00814905230301821
0.009659535194492018
0.011108049299682675
0.012485784224255472
0.013784379082907031
0.014995973114478867
0.016113253146072624
0.017129497620319185
0.023355873091547238
0.02436763118844713
0.018552787901214084
0.018289437572188583
0.021907758686063067
0.027321173000622898
0.0221048696765817
0.022222857909559055
0.022212425469434333
0.027465985072240205
0.022390286821659423
0.0186625398481039
0.01785480546656896
0.02392570273061087
0.022426184832006705
0.016915893288926807
0.015887378229225334
0.014762581844748492
0.013548571158448788
0.012252950983887413
0.010883816402480878
0.009449702303208114
0.007959530298468704
0.006422553345599948
0.0048482984169569985
0.003246507573132284
0.0016270778027935107
8.445401794504183E-16
0.0016247025454902723
0.003237035767177034
0.004827096171892068
0.006385131545155994
0.007901600640546673
0.009367231488447201
0.0107730779685245
0.012110574301537703
0.013371587129260178
0.014548464866398913
0.015634084025903335
0.016621892237567312
0.017623914543943072
0.014315927111916768
0.021781669379840354
0.024366161426415497
0.015678158272116178
0.011446147979661184
0.016420778961708227
0.016384135045772425
0.016223313116888006
0.01098876080243786
0.015136678551397756
0.023805399002064444
0.021947976714209
0.013857371175646371
0.017996502096637577
0.016442485557062694
0.015444371757691833
0.014352440193512535
0.013173533359924444
0.011915019650557898
0.010584747402748194
0.009190996056049212
0.007742424727153907
0.006248018519873322
0.004717032902414446
0.0031589364957640073
0.001583352625872258
5.538530506261603E-15
0.0015813671279533016
0.0031510189353849576
0.0046993097840581175
0.006216737382106141
0.007694000992689314
0.00912205833347036
0.010492180819405953
0.01179600681201822
0.013025592550940492
0.014173460457970943
0.015232644520591877
0.016196732480061385
0.018331207988363116
0.022961427353003525
0.014933979373485128
0.0217395387382249
0.02940292212661478
0.03256411457127306
0.027909929390207495
0.028045541938945713
0.028058554376364803
0.03285836140016495
0.029909541210059315
0.021994761880242384
0.014745089267798618
0.022972131282595794
0.017563709146367654
0.016047675986888044
0.015075026171651844
0.0140105979740144
0.012861044675941739
0.011633535736641668
0.010335712165388687
0.008975639047640665
0.0075617555188972055
0.006102822496016811
0.004607868489192055
0.003086133828986563
0.0015470136525587638
5.230455551939861E-15
0.0015453766227157563
0.0030796058553004915
0.004593255909154572
0.006077031449701395
0.007521830580311337
0.008918800579123304
0.01025939204802771
0.011535411143219803
0.012739069568688224
0.013863032028235312
0.014900460847373774
0.015845057494121146
0.019085341703903424
0.011822002554691817
0.021683671854492895
0.01644838308202854
0.008516873254659262
0.004678505850138088
0.008349857158610615
0.008330076028240763
0.008191643057040357
0.004623348619438431
0.007984141667930532
0.015548003326802763
0.021507703931019254
0.011591380815041973
0.019174900930069818
0.015723337082127455
0.014771748995777219
0.013730038049234637
0.012604699581216426
0.011402737382906678
0.010131620185259723
0.008799235330316534
0.007413839913164771
0.005984009696895
0.0045185861159729454
0.0030266216949529656
0.001517324219012292
2.599204857887094E-15
0.0015160034130006176
0.0030213547264764606
0.004506796245605355
0.005963200715941876
0.007381627315089221
0.008753376451607285
0.01007004303563507
0.011323567895696596
0.012506287027609388
0.013610978374999938
0.014630905856398995
0.01555986037093297
0.014755438547517197
0.02303163636366734
0.014700734636912738
0.0240265028187954
0.03359563438149448
0.03662384042487664
0.032366677148790136
0.03245655939105316
0.0324282346167014
0.036692135921565006
0.03365172174652662
0.02426970656566625
0.014865618484892863
0.022949848474804455
0.014375005244897078
0.015463134670329353
0.014528624515092523
0.01350529438704588
0.012399509771532593
0.011218138743393193
0.009968509378500719
0.008658364370329682
0.0072958131323809195
0.005889281682092435
0.004447460615539166
0.0029792514937070705
0.001493711970465778
3.858552488736885E-15
0.0014926825330961121
0.002975146414703981
0.004438271585381806
0.005873063161205012
0.007270706647695833
0.008622622008377141
0.009920516256842845
0.011156434250424356
0.012322807374821129
0.013412499822262261
0.014418852180573618
0.015335722067299412
0.01896854995689796
0.01123208187957599
0.02024071941240346
0.012154327707559465
0.0035811126064263124
0.009625849713507521
0.00980547422490282
0.009945255513417241
0.010019142109128482
0.01003950761392359
0.003807696922966932
0.012606028540286234
0.020117739397744593
0.011360004037920023
0.01880141998596732
0.01526220590133739
0.014341113543084674
0.013332175107206877
0.01224165183063399
0.011076303439816172
0.009843346313625633
0.008550408863451793
0.007205484406090873
0.005816881820233617
0.004393174290419492
0.002943146454457021
0.0014757402795380575
9.643906897158E-15
0.0014749835446466958
0.002940128829364915
0.00438641947750889
0.005804959666125175
0.007187028762771711
0.008524134858661468
0.009808066870151557
0.011030944889171437
0.012185268474426317
0.013263962587797795
0.014260420895058924
0.015168546166193292
0.013753075716289637
0.02151798471239615
0.016821329464715824
0.026520387234145005
0.03121509241801641
0.03512784031554323
0.03253480929040291
0.032559682752257145
0.032477531448836035
0.034900926539861606
0.030780238334267337
0.026712465605643186
0.017151902644666643
0.02108808841157983
0.013854464173494695
0.015116926671639995
0.014205836626889881
0.013207562550503937
0.012128285123684426
0.010974681112943425
0.009753882124997918
0.008473430582415653
0.007141233191070945
0.005765512186420099
0.004354754658460454
0.002917660267524322
0.0014630876723608103
1.2019715558780809E-15
0.0014625903074007179
0.0029156769298916895
0.0043503150505615745
0.005757676340100376
0.007129103207222469
0.008456161982298241
0.009730694707845329
0.010944869218249565
0.012091227201865508
0.013162729950769112
0.014152801518091646
0.015055369018597376
0.017544842962766823
0.013252354289499097
0.019785115539779113
0.020108948632777793
0.011763095426507799
0.018690458008767796
0.01949058866688768
0.019642933048999372
0.019730937297433304
0.01916975231189628
0.01256219668961309
0.020966138652835517
0.01977102729519369
0.01376988696939269
0.017200943327547825
0.015024746775895185
0.014120420498244845
0.013129271780955925
0.012057423013997518
0.010911491925410462
0.009698550779603386
0.00842608279069203
0.007101936019154882
0.005734275035344979
0.004331530647308686
0.0029023480018547836
0.0014555333780349757
3.163383245110653E-15
0.001455286797785114
0.002901364716144135
0.004329329608800039
0.005730390233526163
0.007095922300627721
0.00841752148700515
0.009687055090151468
0.010896712005368512
0.012039050719146028
0.013107045024550965
0.01409412717791819
0.014994228232283306
0.015084161439785922
0.01789828745546526
0.01906902201135178
0.026604246544807676
0.023197104334165483
0.028449873192141734
0.028021421759324545
0.027981327637709
0.02785413716252149
0.028022371554541136
0.022445465648686522
0.026318701178297446
0.019244487535250605
0.017255465538009697
0.015443356696037554
0.01498407833983323
0.014083394332789843
0.013095955155910157
0.012027846164577435
0.010885648950795926
0.009676400843693339
0.008407551610461857
0.00708691762386534
0.005722633777809905
0.004323103446454863
0.002896946794165477
0.00145294775396084
