1.0
0.9989725854527304
0.995894139718448
0.9907760398146908
0.9836371918337695
0.9745039478168537
0.9634099899352776
0.9503961825331844
0.9263276249162433
0.8913321525335218
0.872943972356258
0.8802002270235797
0.8584372731615443
0.7524274944276744
0.7003715961547607
0.6563808071067874
0.6662750462704422
0.6472077902984497
0.64455636286246
0.6141382251384776
0.5824712211409319
0.5508797384870341
0.5182632261910366
0.4590634115800953
0.4164887889041036
0.34578935367058516
0.329074194086109
0.3215133488788231
0.3679847175672003
0.33395382007963675
0.27592077224170447
0.24282673810037084
0.2259302383853652
0.20167312991975309
0.17008068053330982
0.13927376632762734
0.10934235931995517
0.08037172439209726
0.05244210162743692
0.02562841376529715
4.97715909051321E-17
0.024379622781927332
0.047452970371682515
0.0691687724034883
0.08948212364992611
0.10835460493099802
0.12575437327165567
0.14165622109465506
0.16282924539253268
0.18944034481133182
0.20041892859424276
0.19001320791218002
0.19827982582151682
0.27841486228778567
0.30577740785576113
0.3215694941392458
0.2866435148246899
0.2777919702102521
0.2621411462415165
0.26012570845237143
0.25944824819652684
0.252426967167984
0.2468655759031052
0.25245804496136337
0.2533799515826019
0.28056424340492403
0.26040668886676127
0.23010186526384022
0.15172847667181735
0.14055159595840314
0.1429197725425823
0.13059268372426355
0.10823060760361208
0.0913037533794377
0.07826434592779989
0.06509537670314865
0.05187566279556137
0.038682351000812625
0.025590567982649238
0.01267308518248868
2.0683493739925704E-16
0.012361565328205487
0.0243477458275291
0.03589819564672771
0.04695632858088954
0.05746953627456713
0.06738938324713158
0.07667177800935338
0.0842722296193604
0.09315377036252302
0.10045088101731037
0.1067045528711394
0.11229920923996686
0.06205277904649888
0.053293074268649016
0.054079863561908616
0.09690300439480778
0.10679194123631432
0.11700953759569453
0.11754020849600187
0.10953417700764069
0.11648421588210224
0.11494611848539088
0.1058159473393593
0.09615427396722583
0.05295108307473026
0.049488883957718374
0.05460412677028628
0.0957704313322246
0.08919691902778128
0.09113662670342308
0.08446747451623161
0.06973508868903225
0.0591389623112136
0.05093822132600413
0.04256756538062757
0.03407978162745299
0.02552745768586228
0.016962687462072086
0.00843678388003281
6.128769337445614E-16
0.00829874005959633
0.016412099049191883
0.0242945720909182
0.031902718564962095
0.0391953792737553
0.04613387787015498
0.05268220563223879
0.05517224806816653
0.05694140959342767
0.06129441622761381
0.07435585599533844
0.07851724266229382
0.11534823537132213
0.11959228227375573
0.11543226619450224
0.08895851763728106
0.0803371362522673
0.1036556369570873
0.10327123190899415
0.11198093712747341
0.10103961793954867
0.0992217378779849
0.072344009884213
0.07854877223340596
0.09960427743723436
0.10285742856519123
0.10014493973287819
0.07013989843314586
0.06548986096701247
0.04489072181944627
0.03969533211620367
0.043041401093498265
0.043842373363555634
0.037850671909973016
0.03170319158088201
0.02543903139089903
0.019097499119955237
0.01271787797544106
0.0063391960691474335
3.3959160269870077E-16
0.006261866202463554
0.01240947556178701
0.018407024902625985
0.024220032755731764
0.02981552737365714
0.03516222387760898
0.040230689627296104
0.05346994906350422
0.07340306702813937
0.0775318484824156
0.0572065958666558
0.06051717361937982
0.05337530992074896
0.062034764859092914
0.07654967789885574
0.11729845237969169
0.12319257549410996
0.10424018616113362
0.10477478078969307
0.09773920125054407
0.10462269427818738
0.10394548765255145
0.12418897295413998
0.11898156432918812
0.07983355434266551
0.06536477737970761
0.05523033351870332
0.05547984723424959
0.05187727902217777
0.07292905171418505
0.06878896943246605
0.048730959014192915
0.0349266110053491
0.030194876749064105
0.025325216019944526
0.020348602879243352
0.015296350844884543
0.010199922616159394
0.005090740693766092
8.384526178057897E-16
0.005041516417228806
0.010003617540089977
0.014856879372912033
0.019572813786122037
0.024124030271785633
0.028484389719772817
0.03262914937774921
0.02748931037184172
0.016946542642572865
0.02039376309593758
0.046613494253766055
0.04936686681015424
0.05286049644296683
0.03697122964697535
0.031206400447282987
0.04213543298704817
0.034553614126538394
0.03344793836273804
0.03310240461016453
0.047643453980128474
0.03173423528236506
0.03072112989176623
0.03387110222829327
0.041120816342297
0.02731995307125556
0.030480383757785313
0.047577746490194625
0.04601738833181975
0.04307047863746642
0.02296350011697291
0.02052568896286527
0.025576977299230516
0.02910609616760751
0.025185915879489575
0.021143214447612295
0.0170036542840846
0.0127932773470686
0.008538345181072096
0.004265178890456175
1.3688235530812564E-15
0.004231226855952493
0.008402948491872593
0.012490174076165482
0.01646862151045397
0.020314858443547266
0.024006437118553197
0.02752202229395193
0.0377360830088545
0.05227710188305879
0.05477952451260357
0.03944315978678792
0.04180562522719343
0.05662871790818889
0.07034602859391734
0.08002495614051446
0.10524445408665639
0.10727606887083067
0.09211464887059938
0.09233834917582415
0.0927152010341518
0.09184884448858673
0.09114190762014164
0.1036388647321649
0.10061788833221866
0.07676466930581724
0.06821278443223933
0.05450029371181924
0.03942636457364622
0.03692667386834063
0.04749711970455127
0.044642500209222405
0.032682440274610654
0.025021011314591526
0.021665227760587352
0.018199480544474917
0.014645715469342334
0.011026264246839399
0.007363706582082528
0.003680731678740967
2.538062377321459E-16
0.0036559938856953415
0.007265056556972325
0.010805428289309596
0.014255912122850264
0.0175959986945359
0.020805986110944273
0.023867094172387412
0.027388189601254623
0.034968423523696154
0.03725699776778692
0.03428523396467489
0.03635965386519212
0.03688105407916503
0.019391120360111952
0.020189950743958338
0.020413908971441956
0.011704465467316747
0.014197852379096485
0.014792023781488754
0.004042799078195246
0.015569127275867862
0.015762733067736567
0.011780405575190903
0.019017066186656027
0.02155576023266475
0.020926807204345615
0.03651134067150558
0.03458922414218237
0.03241281085604715
0.04047870114908963
0.038500652169337596
0.028792785095309366
0.02200678902194941
0.01906471839956748
0.01602286105365553
0.012900431665655944
0.00971702395310754
0.00649248932349515
0.0032468146625346966
1.2518335996963012E-15
0.003228063207314103
0.006417712443586766
0.009549632433256598
0.01260497066822433
0.015565449480290995
0.018413474000506625
0.021132235375583674
0.020586217621766344
0.02311035097929679
0.024364124932132712
0.030411294495709503
0.032265624262942556
0.03429340979174862
0.04403311315166124
0.04467608308477448
0.04939080064100558
0.05132061095625007
0.067542723380836
0.06752010012752985
0.07689516627366179
0.06679737793657442
0.06610376263344772
0.04795585627140162
0.04448468476164487
0.0405707442226865
0.03885871930988965
0.028882505539859632
0.0309024317308618
0.02896962945826221
0.017070387137756188
0.015243346892594921
0.015882640342981442
0.019700210362089115
0.017073170655951892
0.014354647114388957
0.01156177296143194
0.008712048594936628
0.005823233049988959
0.0029132344336073863
7.93050567052995E-16
0.002898593465301341
0.005764848289298349
0.008581352929306549
0.01133108672356203
0.013997521750360743
0.016564721191942116
0.019017433623291623
0.030097545035203534
0.040883296423731376
0.04289933877335606
0.027407246486221466
0.029088715809495815
0.04158730086413234
0.036210778204793174
0.03884168762893509
0.04290348953288103
0.04851141336734692
0.038486743299006615
0.0388984932486996
0.02504369471163106
0.03927522662147987
0.039237135776471824
0.05088032966813576
0.0456197336415513
0.040605956228704734
0.03861708304424058
0.04356670951583378
0.02801152456911255
0.026268079742024945
0.04144703934740036
0.039365832783899705
0.029425386091910324
0.017886055366204155
0.015505857279756709
0.013041013712294859
0.01050702679199451
0.007919752519502634
0.00529530236640708
0.0026499437508174825
2.4344563548294984E-15
0.0026382495895457794
0.005248668987354725
0.00781536335924265
0.010322775102727055
0.012755777411730814
0.015099764812137711
0.017340740130548236
0.010717871267193538
0.007183408979610299
0.008978200768530648
0.02502037786560733
0.026563159556025673
0.013948123451850694
0.015905938414717623
0.027334373521756678
0.02716486610026205
0.03431502237757352
0.03795443415907618
0.0378163569894579
0.05353499083101019
0.0370981322520023
0.0365222685893652
0.034146651653426056
0.026907868031466765
0.026846701814537008
0.013847641899854117
0.015295522031803248
0.025694737479844302
0.024102011149963645
0.013019599478371516
0.011912463253075802
0.012297509500961147
0.01642875242294244
0.014246258644902362
0.011984803983148402
0.009658584444422635
0.007282136745885027
0.004870248084480663
0.002437864729539871
2.4757010014638965E-15
0.002428357810789592
0.004832337001506865
0.0071972729647168015
0.009508797076713486
0.011752923439940116
0.01391613295761888
0.015985454238321893
0.024870805823748204
0.030621344117892257
0.032065052588877804
0.02308780660561752
0.02451745139446155
0.04919753963486287
0.0419599358099562
0.03922320783328664
0.04902420175022335
0.05675101755650101
0.04549438922403882
0.045740180544623504
0.03970759375792097
0.04571454914727145
0.04544281243346969
0.05551546557814684
0.0472538710341284
0.03738292244514664
0.040507781259803956
0.04871774176759866
0.023806309798951663
0.022335777788464253
0.027856836744335613
0.026139101861920543
0.021803704148622562
0.015238710305112528
0.01321729184971328
0.01112167627822712
0.008964995797927654
0.00676071099860508
0.004522527309869682
0.0022643102517688305
3.196685143957899E-15
0.0022564742107749527
0.004491279322590181
0.006690762809974423
0.008841535644207666
0.010930553364365148
0.012945194766963455
0.014873337741865325
0.01871756329267227
0.021676718600873418
0.023167749036629957
0.021499905148105323
0.02283604909024751
0.023409143366718194
0.01494803345821683
0.024172797252206252
0.02154224428870564
0.023784854165155175
0.01478719055217749
0.014842791116145991
0.02876236998170139
0.014536651806131843
0.014170315653586925
0.022764533056785302
0.02148128781979244
0.024066886960927725
0.016866655692880993
0.02414581213860843
0.02224657896333685
0.0208765508787755
0.024912911194721343
0.023547337981291234
0.021027326429292306
0.014254402945587618
0.01236597513684279
0.010407368373054757
0.008390836793721343
0.0063289517095687295
0.004234523600869968
0.002120522893439669
1.1494659078805988E-15
0.0021139948823773805
0.004208491728062732
0.006270679904201135
0.008287986175752503
0.010248151021479098
0.012139302799506167
0.013950029315994561
0.013000064166802503
0.01417536930903728
0.015284150552191468
0.020180258639180937
0.021438351486314518
0.03692823128479536
0.024921880547718826
0.02461191639532843
0.025849060751315628
0.033453979241353585
0.039225311068752954
0.03933576350281508
0.041408666249994196
0.03906937080919894
0.03869396990291976
0.031930294818971625
0.024036782207190886
0.023878588523107196
0.021776733117172476
0.03282741309000885
0.020945174511593563
0.019658737610332846
0.012294985164144553
0.010838069981616712
0.009077097504413574
0.013432231125052064
0.01165473742611699
0.009810470346247198
0.007910951711350056
0.0059680105105376574
0.003993709529244672
0.002000270752827736
1.6482104998487851E-15
0.001994788750870904
0.003971848879046903
0.0059190760209368405
0.007824581895463785
0.009676766606714265
0.011464388985832472
0.013176634547166041
0.023739044767103947
0.02376368869714651
0.025157393954910623
0.019074049690994282
0.02026650046585055
0.02684859647346643
0.02924712824823911
0.0235429934092456
0.030444891971457205
0.02266246141278237
0.016374142576990738
0.016703393205946
0.012710276405603842
0.016916740688897616
0.016802354203792298
0.02316377318159176
0.03140484231352999
0.022961607112295005
0.030766121569868025
0.027988729881601056
0.01985107461827367
0.018634751619665196
0.02388161780545805
0.02239551418627737
0.023603483292359888
0.012740489276206239
0.011056240820026332
0.009308114012791156
0.007507015135160884
0.005664148820688147
0.003790948594130959
0.0018990061775878188
1.6933997254677505E-15
0.0018943766504760547
0.0037724873907036623
0.005622823984447215
0.007434076627063858
0.009195202845303941
0.010895494593687851
0.012524643141227915
0.005916501338419845
0.010390733091355624
0.011820092717702046
0.018141008505867265
0.019277969564482543
0.012114702158817806
0.009755853839512907
0.026228082933010155
0.0176732876546634
0.023543115809058164
0.02772949144648381
0.027811375674814964
0.03358226559125046
0.027548160274775496
0.02720412158361997
0.023332828447965664
0.0172425959892493
0.026942630863536893
0.009196546275449989
0.008599261227738898
0.018926465904996425
0.017769308106984735
0.013244071438679686
0.01200157511555254
0.00877814451779811
0.012155621864997619
0.01055016488139351
0.008883293100557159
0.0071653925487625125
0.005407139946453579
0.003619436553898566
0.0018133407843649884
2.2275534110394357E-15
0.0018094180900283439
0.003603794008250863
0.005372124644470319
0.007103590532065842
0.008787621854600526
0.010413962781401767
0.011972733741571942
0.020327522512860387
0.01709329417996649
0.018302392010764296
0.017350965245904307
0.018440884127873428
0.034110397650424
0.03065765790354402
0.014548042369656802
0.03242157465356498
0.02357380132321206
0.021956861100800036
0.02218325643833852
0.017479824280052413
0.022219206019868216
0.022029268736243456
0.023235512754472023
0.03197179007322018
0.013258293938857873
0.029110856135373397
0.03476372711813544
0.018142812882804803
0.017035768917320608
0.01665073087521079
0.015304446946276497
0.017802826155606275
0.011659817132509156
0.010121138014664924
0.008523137976575997
0.006875761877449825
0.005189238702479191
0.003474018218227025
0.001740706395813236
4.054546331619596E-15
0.0017373792535240096
0.0034607505683595797
0.005159539561485887
0.006823342980653075
0.008441992249955762
0.010005615456480262
0.011504697400997375
0.01599088375397629
0.014390688751777037
0.015654195938913894
0.016680950746740628
0.01773096835676053
0.007636606698590701
0.0146970869134232
0.029887507083861245
0.011884740506369939
0.021205021802567343
0.021263935274863248
0.021445010592421057
0.023062127365713905
0.021409455260868064
0.02119341929527808
0.02109077987132189
0.011518510158725976
0.029704683089575117
0.01666551171184881
0.008531039207491585
0.017478263788009714
0.016413728601435976
0.015423524308851747
0.01415652174580805
0.018335335289321287
0.011239413419892224
0.00975736646650877
0.008217771418262475
0.006630198648213216
0.005004497114995753
0.00335073340739024
0.00167912955664204
4.37898641687748E-15
0.0016763119168732325
0.0033394975084893633
0.00497934599942154
0.006585807068180615
0.008149052303015185
0.00965953519449222
0.011108049299683545
0.01007006183573934
0.014046129837833439
0.01529230180199665
0.01611325314607431
0.017129497620322173
0.03174128712566982
0.01627816874511972
0.011230267979670815
0.029415951386104987
0.020600247428411367
0.02029326609484342
0.020437358479055156
0.02168569309978744
0.020335767689186213
0.020090755324844882
0.020568631458775136
0.029373730583384532
0.012005280454728796
0.014068749481882928
0.029954927455922646
0.016915893288924993
0.01588737822922545
0.015928557525799514
0.014765220998873367
0.006379283460815915
0.010883816402488594
0.009449702303208534
0.007959530298468041
0.006422553345600091
0.0048482984169523425
0.0032465075731301883
0.0016270778027932206
2.668569998652006E-15
0.0016247025454886814
0.003237035767176894
0.004827096171891358
0.00638513154515535
0.007901600640548036
0.009367231488450173
0.010773077968525967
0.021165584117913073
0.011276893513217432
0.012401575268631835
0.015634084025901232
0.016621892237571746
0.010903546462549209
0.0265803346568543
0.022464158407705985
0.010580537027793468
0.019439202541317653
0.022252257519096156
0.022462199684060196
0.02154779938986321
0.022503765973846814
0.022335856584516155
0.019284338869711207
0.01045009755129331
0.020872099735505866
0.02742850256878435
0.011760779602794966
0.016442485557060366
0.015444371757691432
0.011310904632704033
0.010097447616670098
0.02114571710098591
0.010584747402744808
0.009190996056048749
0.007742424727151912
0.006248018519872695
0.004717032902417923
0.003158936495761699
0.001583352625872794
1.9238680688231724E-15
0.0015813671279561663
0.0031510189353883135
0.004699309784058918
0.006216737382103953
0.007694000992688655
0.009122058333467908
0.010492180819400298
0.004526820299762621
0.016615330280421628
0.01777751615600474
0.015232644520589004
0.016196732480065222
0.020302626803926034
0.007843098092215922
0.02206758628360218
0.028053082336691293
0.020072168675529974
0.016642903511072227
0.016803383715963467
0.017569774162086972
0.01675885268990451
0.016554314603931822
0.020001449372963095
0.027675238134562657
0.023793301493935846
0.008149353622336966
0.01868645722914283
0.016047675986887347
0.015075026171647967
0.017725946887727
0.016587147230384104
0.00791587751460759
0.010335712165389548
0.008975639047642706
0.007561755518893461
0.006102822496014931
0.004607868489188524
0.0030861338289859676
0.001547013652558454
5.7755234517833445E-15
0.0015453766227159736
0.0030796058553008714
0.0045932559091520705
0.0060770314497015825
0.007521830580310803
0.00891880057912827
0.010259392048030041
0.018278414580455638
0.01093197972126059
0.012044787007170989
0.01490046084737253
0.01584505749412114
0.01730297648739006
0.024470801772271032
0.014087195115859256
0.011687201333502734
0.02086664999597201
0.022341047455383983
0.022496929774374758
0.029125133298952163
0.022447725890268753
0.022243103700522404
0.021315309589601306
0.01229750950095376
0.013941142025906714
0.02277199573651699
0.018179011712170956
0.01572333708212911
0.014771748995775453
0.013722885131443567
0.012810220411614209
0.01596374892065614
0.010131620185257631
0.008799235330313756
0.007413839913161171
0.005984009696892757
0.004518586115971737
0.0030266216949488586
0.0015173242190157695
1.4887456748941605E-15
0.0015160034130014596
0.0030213547264777425
0.004506796245607175
0.0059632007159381205
0.007381627315092597
0.008753376451611838
0.010070043035630161
0.015119017978474173
0.013580842119715697
0.01447574730329385
0.014630905856400504
0.01555986037093603
0.014750135967431348
0.016118486734429286
0.031160688915191713
0.02192523229956025
0.018091110448828454
0.01738271894427657
0.01758962391885182
0.007017358925244345
0.017655139524171165
0.01751406472272553
0.017724860136045673
0.021042087729077202
0.03114126182203454
0.018042678855109566
0.014378437590171956
0.015463134670335037
0.014528624515090538
0.012414067996200737
0.011375012228503758
0.017396815569703312
0.009968509378501803
0.008658364370333876
0.007295813132381372
0.005889281682095745
0.004447460615541449
0.002979251493712887
0.0014937119704675032
0.0
0.0014926825330993014
0.0029751464147042125
0.004438271585376779
0.00587306316120419
0.007270706647696844
0.008622622008379164
0.00992051625684011
0.008692934511141295
0.018188628786505942
0.019309795857127002
0.014418852180571129
0.01533572206730525
0.018890242579323223
0.011582568614297569
0.010011456756262279
0.018604454614657446
0.025825250993775264
0.019204473142734307
0.01933235289339073
0.03430863687320492
0.01924417683318893
0.019028329158941842
0.0259409773749797
0.019260165277768145
0.009021501793049579
0.010029444654967292
0.018540018673084024
0.015262205901335878
0.014341113543077285
0.020641885030503543
0.019628931297370315
0.0051188749796981375
0.0098433463136253
0.008550408863447718
0.0072054844060882835
0.005816881820233239
0.004393174290417526
0.002943146454455902
0.0014757402795318928
6.760639279840954E-15
0.0014749835446430902
0.002940128829360118
0.004386419477503349
0.005804959666124624
0.007187028762767791
0.008524134858662446
0.009808066870154916
0.020167318956746668
0.0043951426075746055
0.00532755098859143
0.014260420895057024
0.015168546166191637
0.014107048439400633
0.025705580552788036
0.026012246208246333
0.015287406702336198
0.011127981675995173
0.019566991359645923
0.01975032676498294
0.009879678892173413
0.01977215927201309
0.01961067315089987
0.010874835091372197
0.015537688372683338
0.02538518933640273
0.0259792446796585
0.01455077735186541
0.015116926671639549
0.014205836626893231
0.004787473762788661
0.0037961913666485574
0.020167345515543215
0.009753882124995134
0.008473430582412893
0.007141233191071371
0.005765512186422507
0.004354754658460599
0.0029176602675246538
0.001463087672365798
5.293626099001372E-15
0.0014625903074080176
0.002915676929893487
0.004350315050561132
0.005757676340100731
0.007129103207224641
0.008456161982296907
0.009730694707846866
0.004512662903291937
0.02047529297258352
0.021503081938590855
0.0141528015180885
0.015055369018599577
0.017781841585259556
0.008078558662429298
0.015726823787619578
0.024874405175360395
0.024709697832195704
0.01718662608266854
0.01735974722468034
0.032417218110635825
0.017365532969160873
0.017198204499538874
0.02444970108169228
0.025342102543762225
0.017787003327040227
0.009037081027067751
0.017961142502814824
0.01502474677590017
0.014120420498245271
0.020621605324622923
0.019548204125476087
0.008026744480422515
0.009698550779600931
0.00842608279069522
0.007101936019152307
0.005734275035348391
0.004331530647306356
0.002902348001848762
0.0014555333780319102
2.249562946807167E-15
0.0014552867977819094
0.002901364716144362
0.0043293296088032125
0.005730390233526316
0.0070959223006306455
0.008417521487006958
0.00968705509016102
0.017416300772426736
0.011137854312305722
0.012041779075244886
0.014094127177918553
0.014994228232284421
0.017650162341784414
0.020573821545965227
0.025744801087779486
0.023604117882785793
0.017468638479907584
0.01887128121592858
0.01901721761991112
0.023357229575868662
0.018966518202798977
0.018769929309743635
0.01824534397512105
0.02438507273975815
0.025717128663502585
0.01874402404222393
0.018073587026109384
0.014984078339835841
0.014083394332792936
0.014781436381766225
0.01408354183888302
0.015164498542258275
0.009676400843691185
0.008407551610462681
0.0070869176238657966
0.005722633777814582
0.004323103446455231
0.002896946794173104
0.0014529477539686434
