1.0
0.9989725854527303
0.9958941397184471
0.9907760398146913
0.9836371918337681
0.9745039478168513
0.9634099899352766
0.9503961825331809
0.9082955818570951
0.8460220805755801
0.8092238857826224
0.7526725057356326
0.7490558549484959
0.716643727943968
0.6917989660813805
0.6562999102624891
0.619404066205012
0.5814600318741722
0.5614705278649641
0.558832190305421
0.5455683361336017
0.49564407346328204
0.4353239700023499
0.39256495141447956
0.36889994987147023
0.3455878979275536
0.3223144930568505
0.2899256806993446
0.26626753978839474
0.21937884076548575
0.221043730896143
0.20890422521815455
0.21538856979984383
0.20167312991975367
0.1700806805333095
0.13927376632762725
0.10934235931995497
0.08037172439209729
0.05244210162743671
0.02562841376529686
0.0
0.02437962278192787
0.04745297037168291
0.06916877240348793
0.08948212364992632
0.10835460493099804
0.12575437327165614
0.14165622109465506
0.16833595700313406
0.21328066803225756
0.24112956532060228
0.2808181720665079
0.2796140936437789
0.29671807957918234
0.3070690950704681
0.3224740454973232
0.3387307231723793
0.3523498607376724
0.3432189063239087
0.3149025970866037
0.2962995740098414
0.30715624391077717
0.32758902869100165
0.3288746618989823
0.306853074646803
0.28163265526775855
0.25820849091606224
0.238341174841479
0.21417424149817854
0.2034154207223034
0.1638568819923897
0.1348017782405002
0.10201853228093265
0.09130375337943733
0.0782643459277997
0.06509537670314822
0.05187566279556165
0.03868235100081248
0.02559056798264981
0.012673085182488072
2.39994789802971E-16
0.012361565328205463
0.024347745827528185
0.03589819564672842
0.04695632858088918
0.05746953627456627
0.06738938324713163
0.07667177800935264
0.10318360449020557
0.110335595611793
0.09883645411556473
0.0900590582781012
0.08398693074326283
0.07902503982976639
0.07564562074542248
0.05534265551680206
0.033651349527300554
0.027543371225752004
0.0619240279132005
0.08483081466520638
0.08559093288380608
0.08458420162763076
0.06185878346741428
0.026101692138126853
0.03112464225477627
0.055008515391102596
0.07643971972206978
0.08301169446856516
0.08910597084979527
0.09990863701510576
0.10543760107811198
0.11180500102617974
0.09259898695694144
0.059138962311214106
0.050938221326004215
0.04256756538062763
0.03407978162745213
0.025527457685863366
0.016962687462071795
0.008436783880032528
7.666660940624814E-16
0.00829874005959591
0.0164120990491923
0.02429457209091807
0.03190271856496266
0.039195379273756464
0.0461338778701543
0.052682205632239
0.03231137054117729
0.016988204479367167
0.0274136522248608
0.034394048233247564
0.05558804863450019
0.06699953449569393
0.09164455465175311
0.11157017454977775
0.14464821822592913
0.17254218222256681
0.17227479133665555
0.15453410602990225
0.14817496806345212
0.15217053388150914
0.16697714306954412
0.1638453048619499
0.1317450611397034
0.09357407690687078
0.0701062527873593
0.04187419353803829
0.03618165539572156
0.02777494259620589
0.02814934382908605
0.02865168786372756
0.03216188615186695
0.04384237336355483
0.03785067190997329
0.0317031915808823
0.025439031390899865
0.019097499119955837
0.012717877975442236
0.006339196069147874
1.8636515415340406E-15
0.006261866202463878
0.012409475561785259
0.018407024902623848
0.024220032755729457
0.02981552737365674
0.03516222387760956
0.04023068962729629
0.06246227006649437
0.10556351264011123
0.12155422757944824
0.13521838934684952
0.12322871634064388
0.12214348285712648
0.10570117716063274
0.09177163416879411
0.055446171985634056
0.0285844754423091
0.06006237750546288
0.08558692394092857
0.085651511136003
0.08543657187461316
0.0594842268654197
0.030044501514928084
0.06022797065461553
0.09837920507413267
0.11112009284830644
0.1278393004002332
0.1267764989224665
0.13608615278730776
0.11658013109979148
0.09384941090167505
0.045976544829136885
0.03492661100534862
0.030194876749065003
0.02532521601994104
0.020348602879241017
0.01529635084488247
0.010199922616161773
0.005090740693764303
1.080340772631386E-15
0.005041516417228655
0.010003617540092746
0.014856879372909703
0.01957281378612292
0.02412403027178565
0.028484389719773254
0.03262914937774939
0.05178241340610231
0.06072081052348285
0.06085285569564079
0.07557867617364897
0.058940735137598226
0.044166756870469934
0.020177243731787513
0.00622500105008644
0.04135093535955332
0.07513353065553471
0.08514397706151892
0.07836793325424957
0.08202336710908488
0.07685772150158908
0.08179852616709309
0.06949976156197737
0.03525516147066642
0.01358882540311438
0.02882731321948655
0.050245322211316126
0.061794413838833974
0.07541532857546918
0.058931234047022
0.05987598596201634
0.05455051643908898
0.02910609616760789
0.025185915879491316
0.02114321444761112
0.017003654284084475
0.012793277347068416
0.008538345181073914
0.0042651788904579605
4.986234810251481E-15
0.004231226855955578
0.008402948491871854
0.012490174076164595
0.016468621510455705
0.02031485844354438
0.0240064371185534
0.027522022293951696
0.00867481376911082
0.03919684084196866
0.06514077969678135
0.09446549542334588
0.10277162265932495
0.11955078222990073
0.12062693520118338
0.1269403857277474
0.09608774086068209
0.05628542189934338
0.046691122884064726
0.07027693298037235
0.07927799783366289
0.0697020281758835
0.04612861014612434
0.05824277670694153
0.09838394206687895
0.1274384037659696
0.11767078338507493
0.11049361125600317
0.08865284135045406
0.07360354979843794
0.04130449069236131
0.016317234420006134
0.01251555482501305
0.025021011314591956
0.021665227760588768
0.018199480544475632
0.01464571546934181
0.011026264246839692
0.007363706582083286
0.0036807316787426402
8.887432152649233E-16
0.0036559938856962435
0.007265056556972509
0.010805428289311933
0.014255912122852401
0.017595998694536596
0.020805986110943378
0.023867094172387707
0.044275519579615244
0.049412468816651775
0.04763251566427693
0.04879250598419669
0.04710005766569164
0.04588138771081695
0.043662634202360676
0.040874411214732974
0.03451544254754061
0.030311571168018765
0.045569255197238756
0.036374369239165205
0.03747235166970389
0.03595318709765377
0.04529243792463864
0.03000077402974539
0.03617800811993707
0.040160697861112364
0.041243152511296725
0.04224609602321379
0.04345118774185559
0.04336512522791254
0.04998815164637885
0.04838227972937358
0.034441133396669106
0.022006789021948123
0.019064718399567956
0.016022861053657227
0.012900431665653932
0.009717023953108406
0.006492489323495633
0.003246814662536015
1.7418649942006273E-15
0.003228063207316852
0.006417712443588265
0.009549632433257028
0.012604970668224032
0.015565449480290582
0.01841347400050699
0.02113223537558365
0.034647483764436784
0.040895235793658564
0.029106937366566922
0.019731624611271915
0.025725581518754332
0.05086817122356377
0.08011920436350484
0.10577500339848686
0.09856354936516903
0.06998960863025158
0.03870822539607179
0.04407801675440271
0.05991365874581105
0.04338977027600689
0.038376345257059755
0.06978371494358741
0.09644891624475486
0.0999290508664341
0.0715255248727744
0.038098424459155414
0.016903307700652327
0.025690542847492098
0.04119778677545936
0.05046501056268095
0.03848090623195973
0.019700210362085663
0.01707317065595282
0.014354647114388747
0.011561772961429172
0.008712048594939764
0.005823233049988149
0.0029132344336100205
3.653676131671301E-16
0.002898593465299613
0.005764848289297519
0.008581352929307399
0.011331086723559777
0.013997521750354345
0.016564721191938022
0.019017433623297542
0.007138933205072619
0.04261141720289933
0.052276220260912165
0.042725698125966785
0.048631783004892605
0.04452428174578389
0.02258708705829454
0.015766517915722113
0.038116745399393685
0.0356030218937808
0.052244371963948946
0.039899851271211643
0.023665031504944967
0.04021482508175984
0.052595741390065114
0.035829427926224865
0.03749679183800567
0.012065981728095672
0.022421192647140768
0.04710223569676208
0.04980968210495218
0.040661534010116976
0.04607205938067844
0.03556697502370092
0.005873181606152553
0.017886055366203305
0.015505857279752667
0.01304101371229524
0.01050702679199605
0.007919752519503517
0.005295302366410207
0.00264994375081594
1.5464711102354342E-15
0.00263824958954998
0.005248668987356675
0.007815363359246858
0.010322775102732334
0.012755777411736233
0.015099764812138707
0.017340740130544877
0.03373570102782455
0.0480445279900434
0.04952801377016092
0.04105500562582049
0.034851299154285025
0.014428645648759768
0.03159231243267311
0.05472263377417272
0.06575064304335636
0.05434558528703608
0.029408487703324025
0.019287736568364865
0.03509011584435015
0.018811552589272838
0.028778939815884672
0.05227576743703218
0.06173439782550248
0.04901334720776125
0.028115315032164433
0.018246541341080915
0.037640551764997254
0.03944023990608378
0.04577512190403716
0.03998674785752199
0.027181933509666304
0.016428752422944434
0.014246258644904254
0.011984803983145869
0.009658584444421879
0.007282136745878657
0.0048702480844849795
0.0024378647295437636
2.0286909592249363E-15
0.002428357810789585
0.004832337001507227
0.007197272964717745
0.009508797076714348
0.011752923439938693
0.013916132957623707
0.015985454238319936
0.023746399351196677
0.01362648370822799
0.012920907315469085
0.022107953907794572
0.03706290272716631
0.044974682508088185
0.03365701167386903
0.02959460887444805
0.03876167718245215
0.03523575977606552
0.0504710836470053
0.04746736393980628
0.03579099200531646
0.04747932465640647
0.04990052466320877
0.0352261675759047
0.03986537887044683
0.0327504064393691
0.03464638363367344
0.04117491508387532
0.03054207976847591
0.018048803057318184
0.004940868611783194
0.014796544727469664
0.02716763614343209
0.015238710305110759
0.013217291849711795
0.011121676278225991
0.008964995797928038
0.00676071099860865
0.004522527309870488
0.002264310251768094
3.2367648845163076E-15
0.0022564742107760646
0.004491279322588543
0.006690762809974864
0.008841535644204647
0.010930553364367946
0.012945194766960823
0.014873337741868081
0.00842606340063663
0.017606959908113624
0.032827297719293096
0.026807215599944534
0.037605700293904386
0.027557998832782447
0.022448388842161625
0.02377587330360628
0.03065912654390655
0.02391827509218129
0.01855333718741989
0.013960594200553879
0.01739062866745486
0.014155661912587407
0.018409649577449356
0.021812056833915315
0.028246242132740452
0.021981352787624135
0.02151851414936141
0.028389144772559417
0.03662593010530892
0.023572107343149382
0.029080750070915155
0.013513915342749745
0.005434424994213801
0.014254402945586988
0.01236597513684346
0.010407368373056983
0.008390836793717762
0.006328951709570386
0.004234523600867392
0.0021205228934419516
3.927179983533579E-15
0.0021139948823775813
0.004208491728062336
0.006270679904201227
0.008287986175753971
0.01024815102148021
0.01213930279950642
0.013950029315995736
0.024854452365111277
0.030588642519267517
0.021600007339134933
0.019694828040109347
0.008319205065575081
0.018823639554604324
0.031150490401468688
0.03994862534513377
0.04854127291601744
0.03838314425837198
0.03357554837378157
0.04147584319118039
0.04140866624999322
0.04118712008554001
0.032561103379776475
0.038731924783756075
0.04878249479170984
0.03899766822991494
0.03008509402191273
0.01568820700384399
0.008643591098157627
0.019856188967142634
0.023200140479831453
0.03471876994244561
0.020628311437359534
0.013432231125050152
0.011654737426118706
0.009810470346247756
0.007910951711351538
0.0059680105105317975
0.003993709529248856
0.002000270752829748
1.9307261577946396E-15
0.0019947887508645055
0.0039718488790460955
0.005919076020933463
0.007824581895463497
0.009676766606716255
0.011464388985836649
0.013176634547167138
0.01605935076983245
0.01589768121860033
0.015884817432891
0.01983290290575502
0.030724332837947274
0.028770985621579592
0.015772287057750918
0.01478133473910154
0.016020009630863013
0.01266671196152494
0.02611309981614275
0.02200447468584592
0.024025117487799647
0.02214391979357461
0.026764166018889386
0.013318773456755457
0.015403976948581458
0.014929834191250034
0.015774135589514952
0.027488154806119193
0.028388081000718844
0.02144044294346746
0.013176831932711176
0.01652536985568852
0.018353187552607633
0.012740489276206784
0.011056240820027426
0.009308114012786828
0.007507015135161264
0.005664148820682811
0.003790948594130891
0.0018990061775888314
4.881876585511739E-15
0.0018943766504759835
0.003772487390704676
0.005622823984446884
0.007434076627062974
0.009195202845304359
0.010895494593688224
0.012524643141231386
0.010301592212972461
0.03844883079846422
0.020678858098859613
0.013655708223170866
0.016318952194376495
0.017920451536777855
0.030212358748420477
0.026160264035722948
0.042413092747137844
0.039126363929078554
0.015437153980453942
0.028202844489403748
0.036230368848125284
0.027887181607336598
0.014798951144099154
0.038726052327852825
0.04098959340039173
0.024321298209153984
0.030788992896359817
0.019715853878383944
0.01727315110399953
0.011002326094954102
0.019917248118452094
0.03645393268584697
0.009348504038195765
0.012155621864995785
0.010550164881390238
0.008883293100555866
0.00716539254876158
0.0054071399464500625
0.0036194365538999946
0.0018133407843700052
1.5251372597946477E-15
0.0018094180900344245
0.0036037940082489254
0.005372124644471157
0.007103590532063035
0.00878762185459948
0.010413962781397463
0.011972733741572057
0.016853587374392888
0.008093743232339067
0.017467287662993533
0.02727122716543811
0.019199797545745467
0.016238458742959778
0.018144554167109875
0.02331833117643203
0.017243333580490083
0.019029405661994406
0.035849528456516754
0.024007232326620033
0.033271789935156865
0.02396812540637868
0.03606440018610915
0.019105872730988717
0.018267739063521762
0.0244307002531604
0.018031038651425878
0.014321257249197788
0.018035154589514667
0.02717154597242519
0.018046283154063304
0.0024561966099191576
0.014673742954300684
0.011659817132512445
0.010121138014662969
0.008523137976576672
0.006875761877445975
0.005189238702479654
0.003474018218221937
0.0017407063958139353
4.237851067570308E-15
0.001737379253529891
0.003460750568362301
0.005159539561489883
0.00682334298065563
0.008441992249953302
0.010005615456474016
0.011504697401001863
0.01261204920816763
0.02183778483988466
0.019735229506929037
0.00862599540372453
0.018165978710222398
0.02518121264228796
0.028706430967574106
0.017500536203037903
0.028305945691160937
0.02971161764786536
0.010461971961185668
0.02104364289342323
0.02360953811618614
0.021037143780994937
0.010512523991826731
0.028867162037975652
0.02735189374639493
0.017255892837769463
0.027154765942134722
0.0250093160471897
0.017731012059911944
0.011877387928622335
0.02060737975709863
0.014785609301957745
0.012779878847834323
0.011239413419891724
0.009757366466513468
0.008217771418269236
0.006630198648212432
0.005004497114997756
0.0033507334073946027
0.001679129556643036
1.257669359719604E-15
0.0016763119168751424
0.0033394975084855287
0.004979345999416248
0.006585807068178648
0.008149052303017643
0.009659535194484918
0.011108049299679705
0.0127336305414016
0.02365778364506264
0.011595068419455071
0.020927649442204252
0.017437744605226235
0.017478537941200183
0.016827081132157026
0.02446508043301465
0.027449788904079273
0.017499022378039786
0.03481411126637339
0.020016887465053982
0.03384822707496862
0.019873074306773104
0.034520572279663195
0.0173150404531308
0.028029936455731888
0.023342543756713494
0.017603183082276295
0.01945747505159946
0.01772724861729436
0.01859492108732891
0.008404717167137681
0.03084341270968745
0.013661220509842935
0.010883816402489163
0.009449702303209868
0.007959530298473
0.006422553345604605
0.004848298416957049
0.0032465075731347936
0.001627077802790855
4.854236075852032E-15
0.0016247025455007494
0.0032370357671757588
0.004827096171890134
0.00638513154514614
0.007901600640554297
0.009367231488446318
0.010773077968526038
0.00999398635338351
0.00908649601247228
0.025817380882555373
0.022117515291698264
0.016007952714965797
0.014616480351821563
0.01569408004491103
0.01978980496499072
0.024944185463850056
0.02350309796302407
0.011466796989959558
0.023990218832037995
0.01274885638131645
0.024078664698885924
0.011498672899148545
0.023634815731837646
0.025160227080708142
0.020923236680453747
0.01400090500556164
0.010745873545324221
0.01608393171165101
0.022782357092543042
0.026681351795972457
0.01027844240123403
0.0098138393699365
0.010584747402744014
0.009190996056044308
0.007742424727158766
0.006248018519871003
0.004717032902417181
0.0031589364957638495
0.0015833526258745528
8.250381564210336E-15
0.0015813671279502454
0.003151018935379703
0.004699309784054332
0.006216737382100489
0.00769400099269131
0.009122058333468767
0.01049218081940281
0.013828231844637684
0.035613559658126
0.002935419773718541
0.012926396528846583
0.0200228850024991
0.030320189563737915
0.026691885788710557
0.011795587777463295
0.026474090594191226
0.01502303157104633
0.02795832071059437
0.01466819094844059
0.025950960476788444
0.01457895834923325
0.027672526032761026
0.014734904529622209
0.025589413395471893
0.010170336081774173
0.02812388261227719
0.032632523328677984
0.02061284362364172
0.013166437474290832
0.003321368925039377
0.031564163281133935
0.011858966982531706
0.010335712165392865
0.008975639047642267
0.007561755518892766
0.006102822496014032
0.0046078684891956686
0.0030861338289809703
0.0015470136525477696
7.977905172430829E-15
0.00154537662271683
0.0030796058552970598
0.004593255909147821
0.0060770314496940295
0.007521830580310741
0.008918800579130488
0.010259392048037443
0.014916054137892888
0.011050949874552579
0.02230150179615066
0.015033246578932472
0.01461595010112425
0.009059721510895461
0.010283933179019659
0.03096328447998563
0.02883361847394605
0.028507476026489013
0.012825683518844543
0.025230823482389288
0.01894157138739348
0.025194418481140568
0.012941876443733033
0.028917932424983334
0.029361822249242435
0.03216895230356727
0.01023640341609323
0.011512332730909847
0.012957115147985471
0.010977882247933278
0.019397426171370948
0.01403717536570972
0.017013116013789773
0.010131620185262216
0.00879923533031553
0.007413839913161285
0.005984009696892322
0.00451858611597004
0.003026621694952586
0.0015173242190083338
6.587650255131459E-15
0.0015160034130068203
0.0030213547264757988
0.004506796245593374
0.005963200715945725
0.007381627315093659
0.008753376451610608
0.01007004303563324
0.004887338239284983
0.012314005913960719
0.012016209157714388
0.023133460816618247
0.023001180153415735
0.036491193839885284
0.030638859179783384
0.00282857903924871
0.014001433028267715
0.00819789707518579
0.0254225847507015
0.014345372557542565
0.014436074908874871
0.0144095712494514
0.025435993443056564
0.007499474237168333
0.01254102574551604
0.0020408045174750192
0.03012237393677902
0.03500602888772932
0.024163736939367818
0.026383870166593253
0.014979118977991937
0.005098021979209297
0.006419123498506405
0.009968509378500346
0.008658364370338427
0.007295813132382288
0.005889281682099652
0.004447460615531475
0.0029792514937061823
0.0014937119704679248
1.7516472649299782E-15
0.0014926825331019128
0.0029751464147058206
0.004438271585373522
0.0058730631612099946
0.007270706647690518
0.00862262200837789
0.009920516256840225
0.01664018472871671
0.022459468562331605
0.013636930731096375
0.003691246607043844
0.005063253838056604
0.011072162042056367
0.011016208309477426
0.035668079984170396
0.033175880682618376
0.03186698598687824
0.015194313834260547
0.022041313231050956
0.027850024250445592
0.021939002993298654
0.015295880351269647
0.031931734408533204
0.03330150939427461
0.03548833887861916
0.011532243050925796
0.009475377137308696
0.006297750305419913
0.0056016150110305245
0.012986814331311195
0.02267361311372285
0.013807578258715515
0.00984334631363326
0.008550408863454366
0.0072054844060925535
0.005816881820236432
0.004393174290412933
0.0029431464544565854
0.001475740279534023
6.159732787619897E-15
0.001474983544643818
0.002940128829360592
0.004386419477506357
0.0058049596661270365
0.007187028762772861
0.008524134858664285
0.00980806687015419
0.01602563947593426
0.009399955031692605
0.01811479358194236
0.031011373128760917
0.03012150276501149
0.02175298568885476
0.024706215008280553
0.0073855250044819595
0.002856352869012102
0.009577775780316397
0.025350493284897344
0.01731663802665528
0.014065867281626262
0.017376209691374624
0.02526644170665772
0.010610183812833483
0.003527547857864251
0.009182849951837477
0.023713730621717166
0.020566185567365076
0.030878348290746965
0.030479619901201092
0.017283231501584662
0.011706680558596763
0.018751780735167426
0.009753882124998885
0.008473430582410362
0.007141233191077796
0.005765512186425481
0.004354754658466421
0.0029176602675271674
0.0014630876723666013
9.020991743259252E-15
0.001462590307399065
0.0029156769298906084
0.004350315050564612
0.005757676340102215
0.00712910320723137
0.008456161982291582
0.009730694707852273
0.0029333971471471915
0.015173433062470132
0.011774561380426317
0.013285134617660677
0.01540976598513714
0.020901833519520362
0.01583739585657054
0.03162144497917142
0.02963552559443162
0.03070137245039843
0.017385901193099358
0.018908254661423658
0.02990177787405601
0.01886944263754407
0.01753863880045743
0.03041504652273457
0.028684485755580285
0.030832625054608667
0.01654694960804344
0.024761036740174276
0.017301256373673364
0.01608728909878077
0.011880575930970883
0.012111661874553606
0.004217235279442833
0.009698550779608068
0.008426082790696196
0.007101936019158059
0.0057342750353394905
0.0043315306473060014
0.0029023480018434706
0.0014555333780343147
9.943650422502977E-15
0.0014552867977783946
0.002901364716138526
0.004329329608800238
0.005730390233520861
0.007095922300620804
0.008417521487009564
0.009687055090148259
0.018581357536452157
0.01331444653338157
0.01399922325137423
0.026140859666273757
0.02748090928576284
0.02985489667329992
0.019845158449989426
0.02167112204825153
0.015532995456600578
0.022934803386911444
0.021835561087647018
0.01845464303111166
0.02409987360792893
0.018457036917151334
0.02159350983400076
0.023747641160169107
0.016998002505765327
0.023169513072437746
0.019409982301279934
0.03140137842957306
0.02543949366471395
0.024451485162598555
0.013367716780302498
0.01250031807993314
0.015611917578193893
0.009676400843694418
0.008407551610463457
0.007086917623868907
0.005722633777812233
0.004323103446450021
0.0028969467941682187
0.001452947753963559
