1.0
0.9989725854527283
0.9958941397184462
0.99077603981469
0.983637191833767
0.9745039478168509
0.963409989935275
0.9503961825331813
0.9169982427189631
0.8266937493793154
0.7993040978132219
0.7701628107223342
0.7486032520625149
0.7161719167325878
0.6642379128467134
0.5928525592709055
0.5833051082374664
0.5637700762924271
0.5521284890647752
0.5212947489484763
0.48987423159746957
0.45796548869012493
0.4258840239988108
0.3755658407692856
0.3340684064616122
0.284974838618444
0.29533216515530103
0.2878471142535648
0.2637255129168932
0.23018405027348768
0.2054759860630483
0.17992715694991535
0.21554525361737892
0.2016731299197532
0.1700806805333092
0.13927376632762667
0.10934235931995424
0.08037172439209701
0.05244210162743654
0.025628413765296672
0.0
0.024379622781927245
0.04745297037168248
0.069168772403488
0.08948212364992597
0.10835460493099784
0.12575437327165573
0.14165622109465476
0.17435418762424826
0.24824223216095773
0.2630864446328607
0.27942627603888537
0.28688893409360816
0.3038885619576563
0.3322320842935618
0.37514149017970067
0.36703712952004547
0.3625267514269445
0.3498353275354944
0.35134931596356506
0.34905322142745665
0.3434881753059614
0.3337629896281576
0.33738767598359964
0.33283249026720585
0.33030137200154475
0.2822373167784567
0.24953795057747313
0.22610346143231827
0.21396395598505807
0.19576934750522515
0.18314074179142897
0.1222080929424266
0.0913037533794367
0.07826434592779923
0.0650953767031476
0.051875662795561016
0.03868235100081199
0.02559056798264958
0.012673085182488168
3.99927064596205E-16
0.012361565328205305
0.02434774582752816
0.035898195646728026
0.04695632858088934
0.05746953627456597
0.06738938324713035
0.07667177800935086
0.06766854975128479
0.04567465411475704
0.05346990957840907
0.0559643895779265
0.06261723511722479
0.05564891049482385
0.056766944997405505
0.05660417065736036
0.04002116634949513
0.02936572945088426
0.023618744200070558
0.013231357629727632
0.01044985240990662
0.011928952404473921
0.02174528867127529
0.02834568144517938
0.03970657437100354
0.05629701551141236
0.05717711045239705
0.05396541857604527
0.0635978406178488
0.058217500365294786
0.05632982864403477
0.047533387299866385
0.05014720528262141
0.05913896231121443
0.05093822132600446
0.04256756538062727
0.034079781627452135
0.025527457685862256
0.016962687462071187
0.008436783880032337
1.1568648849859969E-15
0.008298740059596056
0.01641209904919168
0.024294572090917725
0.031902718564962136
0.03919537927375624
0.04613387787015352
0.05268220563223763
0.07604748139738327
0.09260971208215849
0.08764989487793132
0.08762018369877612
0.09091451375129281
0.10622846084468678
0.10929213032415147
0.1319296710909711
0.14748384070560325
0.1587002430985142
0.16639125394300935
0.1803554022063731
0.18299946047166568
0.17760988774250927
0.16045369706922036
0.14868891106872217
0.13261998879767192
0.11167183885248237
0.08764684948942218
0.08866503792792145
0.07309553106137359
0.06839922505095077
0.07090205839378425
0.0731730990354042
0.06642139005669187
0.043842373363554656
0.037850671909972634
0.03170319158088174
0.02543903139089941
0.019097499119955046
0.01271787797544084
0.006339196069147402
1.30837222700269E-15
0.00626186620246321
0.012409475561785665
0.018407024902623463
0.024220032755729468
0.029815527373655875
0.035162223877610484
0.040230689627296194
0.03032521724607563
0.06554579342376608
0.07849784516036827
0.08315277224724735
0.08665246430013074
0.0748772811553053
0.08427246825601344
0.07096430956513361
0.0573062378845111
0.04161496465892906
0.03001320820893869
0.013363497174514264
0.009585890559351632
0.014093944425348347
0.03166954759678692
0.04400501130067671
0.060995783680625124
0.07486238661405213
0.08992720665124912
0.07939493330121201
0.08935812516505436
0.0865943403841568
0.08100396895345875
0.06927453576820444
0.02615415197911085
0.03492661100534911
0.030194876749064795
0.025325216019943232
0.0203486028792415
0.01529635084488357
0.010199922616160203
0.0050907406937644615
6.164945122369265E-16
0.0050415164172280934
0.010003617540090853
0.01485687937291
0.019572813786123265
0.024124030271785897
0.028484389719774086
0.03262914937774978
0.05205479635335168
0.05141333213861344
0.060395645736101504
0.0548994590881518
0.056243299955712124
0.06439998601625488
0.04414650312656227
0.05069021564581697
0.047029721905161366
0.061807930398103776
0.07246281000709136
0.08890562767967357
0.09122584352092544
0.08705621178013499
0.06916657619744206
0.05794646225584342
0.04481713545691505
0.05367718229337144
0.04988331544378557
0.06551484793977545
0.05627666621800295
0.055084014557931736
0.0588833887503158
0.04809838748121962
0.04778630046350493
0.029106096167606704
0.025185915879489686
0.021143214447611088
0.01700365428408552
0.012793277347068765
0.008538345181073085
0.0042651788904569336
1.3036340557904628E-15
0.004231226855954076
0.008402948491872272
0.012490174076163922
0.01646862151045407
0.020314858443544814
0.024006437118552618
0.027522022293950826
0.021187230259873218
0.0606368097823502
0.06269115010613265
0.07156615408532081
0.0729281649618398
0.07974794628760234
0.10046828266361939
0.08133587263281869
0.08023694174033726
0.06304716822651843
0.06024444607199942
0.045139116536730285
0.044334716140459925
0.04582524038021097
0.0612038047609696
0.06322208949396405
0.07985992223860554
0.07831962843720076
0.09749973359837
0.07523702034006736
0.06329090848470073
0.06090454007785383
0.04998468183025958
0.05102906730350464
0.02027815415426
0.025021011314592077
0.021665227760586773
0.01819948054447503
0.01464571546933946
0.011026264246838217
0.007363706582081539
0.0036807316787429056
5.143058506304506E-16
0.0036559938856958246
0.007265056556973858
0.010805428289308666
0.014255912122852418
0.01759599869453629
0.020805986110944898
0.023867094172386628
0.04010320506875657
0.039498357186005036
0.048375291228344
0.0478920571161935
0.04942081362927498
0.05867166160602244
0.06588623166885545
0.06606772029437134
0.05369862578788338
0.03773337186221282
0.031592062347197754
0.03269070392506105
0.028831721824911997
0.031762626187678944
0.030605049148195954
0.03707329538264576
0.05438739346981707
0.06504479595315997
0.06469744843851769
0.054417817376901156
0.04793387634372428
0.04606413937479867
0.04599090938260314
0.03812608299951572
0.03744953271425996
0.022006789021948695
0.019064718399568685
0.016022861053655954
0.012900431665654327
0.009717023953107733
0.006492489323495756
0.0032468146625355757
1.2880734610476728E-16
0.0032280632073135706
0.006417712443586569
0.009549632433255515
0.012604970668223662
0.015565449480288623
0.018413474000504484
0.021132235375584254
0.019532520826055257
0.019781640241496173
0.01282706566483837
0.021388228845376465
0.022517590233301032
0.04548110260201471
0.05940397206750569
0.03980088314593883
0.0553988403735417
0.05173235620036418
0.06509584419722285
0.06114691347049126
0.06740070764563627
0.06122035351623895
0.06465822276694452
0.05025023825209468
0.0511296840444789
0.03382369998844589
0.05077883898253759
0.040272605636051756
0.016248160972117006
0.014191741381228053
0.011510716061255628
0.010289170890037209
0.019525722483733854
0.019700210362086888
0.017073170655951844
0.014354647114387564
0.011561772961429528
0.008712048594939851
0.005823233049988039
0.0029132344336060857
5.400396826282495E-16
0.0028985934653016927
0.005764848289297284
0.008581352929305095
0.011331086723561689
0.013997521750357591
0.01656472119194418
0.01901743362329486
0.032176290762122896
0.040423660380719866
0.042242136340116934
0.04356961566526859
0.045237570663501536
0.032882184170328024
0.048673289818266754
0.04996429268641537
0.05322219739274494
0.029806494776143784
0.015315506998562977
0.011136524681060682
0.0014819175241316484
0.010956347317029089
0.014628087142990435
0.029345696389358963
0.05279781949897614
0.04760992407373884
0.045777187113990286
0.029424502245292312
0.04355102594862133
0.04176491131390046
0.03906083233217372
0.04012656899370443
0.030201432370087607
0.017886055366202663
0.015505857279753633
0.013041013712293784
0.010507026791997042
0.007919752519501217
0.005295302366409016
0.0026499437508177848
2.2124465265739827E-15
0.0026382495895474526
0.00524866898735592
0.007815363359244829
0.010322775102728875
0.012755777411734424
0.0150997648121372
0.01734074013054792
0.019766258314689228
0.014042488345307618
0.02378614369943665
0.016137467228501734
0.017549482733689763
0.03202582557950756
0.018653368940350232
0.019883752057362532
0.014973758880754086
0.03673398732356057
0.05270311915075367
0.05374664573212894
0.064081605868757
0.05335873988618613
0.052140061279713636
0.03616818757684158
0.01255487863337148
0.021336147389879708
0.020035158763171627
0.03180801920633544
0.018802955677480866
0.017531695243167163
0.025412228274913386
0.017338471866781512
0.0198977883495397
0.016428752422941575
0.014246258644901883
0.011984803983147555
0.009658584444419837
0.0072821367458842275
0.00487024808448308
0.002437864729541558
2.4665013730212516E-15
0.002428357810790377
0.004832337001506847
0.007197272964718257
0.009508797076711694
0.011752923439940569
0.013916132957620252
0.01598545423832369
0.0260524565131938
0.029377649603772697
0.021415123773924495
0.029486949587581822
0.030710740160265978
0.02158251712327884
0.031054490975436378
0.032375056295820014
0.04712430754923221
0.024972401811046617
0.01482887327566851
0.016349072007219915
0.005908054877442688
0.01669216756964045
0.015309207423332489
0.024751147513423815
0.046041895576830055
0.03071426844588626
0.028068554250060655
0.021884517851993027
0.027540983191414424
0.025953097033139798
0.015617875156068172
0.022402245036662896
0.024428712131181262
0.015238710305110587
0.0132172918497151
0.011121676278227731
0.008964995797924787
0.006760710998606454
0.004522527309872434
0.002264310251768288
3.413442505877114E-15
0.0022564742107760386
0.004491279322586789
0.0066907628099735165
0.008841535644204578
0.01093055336436815
0.012945194766961255
0.014873337741866551
0.020139530847564497
0.024930118129835695
0.0278355680098387
0.02023286487550437
0.021626614192171868
0.02561646038461869
0.03422831941301449
0.023771545251876247
0.01606891212148068
0.031450096427531674
0.045139107677414775
0.03664777208170491
0.04035767343917104
0.03624653904484584
0.04482802543694019
0.031086185922987945
0.01692291257253859
0.022938874647226985
0.0354066431395993
0.023239992203611098
0.021799250607052362
0.020463989170199894
0.027830186547754657
0.02780578118690814
0.02019359676625398
0.01425440294558963
0.012365975136845158
0.010407368373057358
0.008390836793720002
0.006328951709568519
0.004234523600870903
0.0021205228934436655
3.1201466523526288E-15
0.0021139948823751423
0.00420849172806356
0.006270679904201482
0.00828798617575299
0.010248151021480242
0.012139302799506802
0.013950029315996806
0.02091776521689753
0.005407701725685171
0.013037526103173616
0.020209695304822833
0.021461243069094728
0.02891203391067532
0.010762482877458101
0.030823373886886277
0.03285288299835315
0.02825078862295564
0.0183974344403077
0.029096472543420567
0.02618914004394674
0.029318043646841877
0.018179425251928488
0.029028093085820404
0.03143000729265352
0.03204981315017538
0.010132693081069987
0.030206979626356142
0.02096906318004203
0.019690301605456127
0.014152502021368949
0.0036414684624797643
0.019515851060132202
0.013432231125055379
0.011654737426117641
0.009810470346247041
0.007910951711351213
0.005968010510534106
0.003993709529249766
0.0020002707528300454
1.99075065876721E-15
0.0019947887508679923
0.003971848879047423
0.005919076020933262
0.007824581895461154
0.009676766606712689
0.011464388985832945
0.013176634547165042
0.020171330506624795
0.029291850427165683
0.021754867223662863
0.019504114030560748
0.020712901315094494
0.011738307012558536
0.03453014600649978
0.013540455389875155
0.020524677726716345
0.025325969644841288
0.035838860237662154
0.023474004480602096
0.013664096402978998
0.02320497344161393
0.035238386834723794
0.024633608334497042
0.020573846217255717
0.011918673718981114
0.03319804910237491
0.010730360081930625
0.021400969796657295
0.020367902970574208
0.018714784562756947
0.026203421909291823
0.02009357858220225
0.012740489276206177
0.011056240820024975
0.009308114012786075
0.007507015135161358
0.00566414882068337
0.0037909485941281565
0.0018990061775881323
9.893298446555625E-16
0.0018943766504743956
0.0037724873907028405
0.005622823984446363
0.007434076627062944
0.009195202845305074
0.010895494593685754
0.012524643141230873
0.016458845472360904
0.009503630742454656
0.017743113254477427
0.02159194481384574
0.022615407700038018
0.029547336578484622
0.020678366204520467
0.03609941909044252
0.025139900994703923
0.03721385957515602
0.016727869437436257
0.03205004664872511
0.04254460130026853
0.03198365280804143
0.017236283493407997
0.03749753723103903
0.02507629843753211
0.03562862636612969
0.0220883049126077
0.02814632979965575
0.023895200890033202
0.02315636592297286
0.02027417385791086
0.014001787056183055
0.015238844100774066
0.012155621864992841
0.01055016488139142
0.008883293100555448
0.007165392548762433
0.005407139946449741
0.003619436553899929
0.0018133407843718347
9.563836203942286E-16
0.0018094180900270309
0.003603794008247452
0.005372124644470406
0.007103590532064135
0.008787621854597853
0.010413962781395902
0.011972733741573545
0.019748830688184223
0.011524159606140724
0.017490994664598813
0.027610381333145504
0.02848298631658884
0.021106174742634636
0.02006470049812865
0.011842577127715874
0.01796756077770058
0.011038086999200471
0.027684955030440557
0.015469851568581817
3.434501679464906E-4
0.01541128177815917
0.027642132124381623
0.009691770088906333
0.01751961003515117
0.01407264470985427
0.017527091289207635
0.024237606790793634
0.02921498200071984
0.028466207132908806
0.01865745812109514
0.008756147000810675
0.019531650085832263
0.011659817132509876
0.010121138014665262
0.00852313797657514
0.006875761877448991
0.005189238702478494
0.003474018218226279
0.0017407063958175802
4.574685806063577E-15
0.0017373792535263827
0.0034607505683620105
0.005159539561488332
0.006823342980657993
0.008441992249952323
0.010005615456473528
0.011504697400994766
0.012618283846873317
0.02970441670885984
0.027389654862093164
0.024699962620281075
0.025288545465882134
0.02069884808516684
0.024766265380724586
0.028256815666134975
0.025728698790685445
0.03654864959653214
0.03204539315958642
0.027847297957921322
0.04260175627750298
0.027764222666996054
0.03271579350298645
0.03629829780982022
0.02587337646121076
0.027094494008515657
0.024871056542523834
0.01943070602303325
0.02432224753443951
0.02356283868701846
0.02866753668100751
0.0346159217201833
0.011605024198626274
0.01123941341989329
0.009757366466509616
0.008217771418266882
0.006630198648213422
0.005004497114998352
0.0033507334073901622
0.001679129556641194
3.737938807376508E-15
0.0016763119168715277
0.003339497508485496
0.004979345999416607
0.006585807068181224
0.008149052303014262
0.009659535194489888
0.011108049299677571
0.0188680288247659
0.01803587382578483
0.015884072755447606
0.02014271337858553
0.02064076159777831
0.032205837843103484
0.018939614626369932
0.027302811792754282
0.019023581220586838
0.014514922217541441
0.029473031319094106
0.02067731076314883
0.005735774014624743
0.020907136578373054
0.02948420684157918
0.015840873896970618
0.019843489371998535
0.02811808008627905
0.021108453957154785
0.03190758584920236
0.016066756200105146
0.014974524097397444
0.013072932483329571
0.019922938235422696
0.018518845207875993
0.010883816402486143
0.009449702303213167
0.007959530298467903
0.006422553345606225
0.00484829841695823
0.0032465075731373558
0.0016270778027943113
4.619155254395691E-15
0.001624702545496752
0.0032370357671765724
0.004827096171892339
0.006385131545153269
0.007901600640546432
0.009367231488450454
0.010773077968523679
0.009566194071635874
0.03851901582917097
0.03230430354259726
0.024967769183093583
0.02611499469342098
0.016055944960758503
0.024689239997615534
0.020678255191471637
0.027453407766999727
0.03318457919767037
0.03672251511463357
0.026764093268636643
0.02742139616571001
0.026754681179312654
0.036438285790801765
0.032860835106412224
0.027489932497958256
0.02014640492494622
0.02416856124005712
0.016518135311831172
0.02908415770381056
0.028297261796318484
0.0339426481546407
0.03634248235401375
0.008865537676482783
0.010584747402740515
0.009190996056049033
0.007742424727155655
0.006248018519874128
0.004717032902416112
0.003158936495764337
0.0015833526258747714
3.946286975877119E-15
0.0015813671279510954
0.003151018935386423
0.004699309784058347
0.0062167373820993825
0.007694000992687581
0.009122058333468977
0.01049218081940742
0.017562215286956402
0.014940057472886549
0.008576015580265174
0.0036966714423441634
0.003445639951025664
0.023778513277165642
0.02544606639664891
0.024810661470766493
0.025031796193131468
0.024028672082624825
0.026109272148927054
0.026441344328302294
0.022239675427991476
0.026450648677597496
0.02587604229957013
0.0238922063240101
0.024977699490434404
0.02341089372616293
0.02422184565231898
0.021807510851812595
0.006258909075882563
0.007065087022995731
0.008589125819283552
0.01039696274669424
0.017095024563672918
0.010335712165394417
0.008975639047643856
0.00756175551889413
0.006102822496013882
0.004607868489193855
0.0030861338289798587
0.0015470136525559074
8.665910571880249E-15
0.0015453766227171875
0.003079605855302365
0.00459325590914949
0.006077031449695532
0.007521830580308764
0.00891880057913446
0.010259392048035785
0.007759823490617452
0.02579816977665654
0.03496799616775843
0.03752012284292882
0.038500470632482166
0.024337977934305987
0.02133349984766502
0.021905113061114877
0.024750920866268195
0.027857515431493684
0.024320536354011425
0.02361294671905741
0.008788507752470694
0.023452882276363635
0.02348481090659908
0.027577222447659307
0.024241055451390763
0.022715367610263583
0.022247301413754052
0.025858920105467642
0.03850410875454907
0.03753101341815868
0.03272253543473303
0.022214009110863724
0.007548240981077918
0.010131620185257404
0.008799235330316246
0.007413839913159943
0.005984009696887239
0.004518586115969199
0.0030266216949482072
0.0015173242190136887
4.055348898609038E-15
0.0015160034130030238
0.003021354726478091
0.004506796245602688
0.005963200715945334
0.007381627315095759
0.008753376451607573
0.010070043035634036
0.0158843429206059
0.005106154574498671
0.003853503632785439
0.007255449477911162
0.0063403094377940065
0.017898837431638632
0.009170553865206408
0.013479503561035822
0.018703445277598187
0.015027389984338368
0.026273162508572367
0.022197262376691115
0.03577503060330429
0.022031466893387856
0.026533016903891253
0.014036806915151455
0.017674723362587928
0.012442370238189976
0.006126204226544419
0.0176684161916379
0.0037370681639459793
0.004313580478913021
0.004475426420635771
0.00808559235452158
0.015318847967697103
0.009968509378499923
0.00865836437034133
0.007295813132381553
0.005889281682096443
0.004447460615536651
0.002979251493710457
0.0014937119704682327
4.917274909008387E-15
0.0014926825331050535
0.002975146414707195
0.004438271585382048
0.005873063161212132
0.007270706647693316
0.0086226220083788
0.00992051625684432
0.007685212109719505
0.01780665902098678
0.019245965551106296
0.028347461245905033
0.029050512502716203
0.025105236865602114
0.035403608638718706
0.025771930071654306
0.022428523633126758
0.02909633161889179
0.010020370900502484
0.018118268971191957
3.19913232270702E-5
0.018103603002216615
0.009593237870445729
0.029404527310868758
0.022618381391165027
0.02558434612128623
0.037526368173725205
0.023247344010048205
0.02550502801530136
0.024367923004170098
0.014103117169502605
0.01699387159845074
0.007981495626415754
0.00984334631362617
0.008550408863447979
0.007205484406095468
0.0058168818202370435
0.0043931742904212215
0.002943146454456983
0.0014757402795380283
4.490704663749581E-15
0.0014749835446479427
0.0029401288293621182
0.004386419477507953
0.005804959666130974
0.007187028762766858
0.008524134858662715
0.00980806687015428
0.013909510180529206
0.01142494313056452
0.01682429391950405
0.008986948834972287
0.010072908392103674
0.01577923398590597
0.009063282056002844
0.01028905404833094
0.01261987944693716
0.006252763735074907
0.02953433741008737
0.020299627793666647
0.03590158238007242
0.020415941509972172
0.0294359280877298
0.006239684681688996
0.012796135507012574
0.01090144828058607
0.01034153650456135
0.015808103667475027
0.01277436490066767
0.012022773227258586
0.01966075927455446
0.011241866236209578
0.013274891527143142
0.009753882124995205
0.008473430582415162
0.007141233191084019
0.005765512186421189
0.004354754658466468
0.002917660267525879
0.00146308767236612
6.066732959917405E-15
0.0014625903073993303
0.002915676929892096
0.004350315050560822
0.00575767634009854
0.007129103207224314
0.008456161982297268
0.009730694707846509
0.00906039975375682
0.01434618518167424
0.006974958867793353
0.013968192440491864
0.014781426723339635
0.015118124508877505
0.03895369068339068
0.02229486153034744
0.02361538917512405
0.02806042533896589
0.009690888410954319
0.02314651484137224
0.006640312659498937
0.023319604898407134
0.010089016317928893
0.027390099358732437
0.023396102796960725
0.02186327021086867
0.03717833399325466
0.015225875581486461
0.013818984956228
0.012884653622723239
0.008892501850754325
0.013463431553869113
0.009633954579286827
0.009698550779603623
0.00842608279069079
0.007101936019154738
0.005734275035341884
0.004331530647308562
0.0029023480018494064
0.0014555333780371144
8.227822562068861E-15
0.001455286797774915
0.0029013647161429184
0.004329329608798514
0.005730390233518344
0.007095922300623005
0.008417521487005565
0.009687055090150838
0.011754834703018054
0.01125679685663362
0.01972063242581232
0.015377416496091166
0.01625083074935221
0.01847956609805172
0.018773901482814243
0.01764994185048396
0.017826287279587398
0.013778903610545373
0.021793104754817546
0.025765495594247775
0.022798827833766227
0.025834015116834357
0.021171601211660503
0.014847083591889416
0.018525866273705498
0.018450609727565428
0.021402452771000263
0.018580266213875665
0.015610203876830726
0.014660302332467769
0.01741805187014587
0.01178618612546177
0.01110105962838337
0.009676400843693546
0.008407551610462386
0.007086917623865294
0.0057226337778133315
0.004323103446450067
0.0028969467941697435
0.0014529477539616837
