1.0
0.9989725854527303
0.9958941397184472
0.9907760398146894
0.9836371918337684
0.9745039478168527
0.9634099899352756
0.9503961825331825
0.9169931277761951
0.8910383019589885
0.872581146198121
0.8524355980705051
0.8306751466854898
0.7611582100771191
0.6999268946317847
0.630207936121348
0.6310162583743062
0.6390586026039632
0.6435707128878344
0.61285417765176
0.5814479496314419
0.5492992592616053
0.5167681918879046
0.4518177921221399
0.38358715740230914
0.3227618346660415
0.3276065632351322
0.3285207462149015
0.34029318194754093
0.306268769909534
0.27252242816473554
0.23916215793466555
0.21545831173419555
0.20167312991975367
0.1700806805333099
0.13927376632762717
0.10934235931995476
0.08037172439209711
0.05244210162743686
0.02562841376529729
2.7660631579314944E-16
0.024379622781927478
0.047452970371682585
0.06916877240348825
0.08948212364992572
0.10835460493099788
0.12575437327165565
0.1416562210946545
0.1745150127262522
0.1964284109884655
0.2077410890731317
0.21752135031736436
0.22577695920223573
0.2776379454810182
0.31268918008284324
0.3359524890822058
0.3096158099276464
0.2786767344006289
0.2694328072223767
0.2689658284576257
0.2659763181642566
0.261795467834789
0.25505011842153535
0.25219254484080333
0.27307059606630424
0.2910604100761659
0.2705138797111236
0.2340359406243234
0.17903164085716478
0.16784217676672686
0.15611724874363903
0.14393848226142425
0.12255054678266605
0.09130375337943743
0.0782643459278003
0.06509537670314816
0.05187566279556169
0.038682351000812715
0.0255905679826494
0.01267308518248847
5.501068935556053E-16
0.012361565328205372
0.02434774582752893
0.035898195646728324
0.04695632858088973
0.057469536274566205
0.06738938324713128
0.07667177800935306
0.06691007612298833
0.06632973754530397
0.0734923371574853
0.0798893831806089
0.08549961386430155
0.04857586289946671
0.04168116850860029
0.06709803450161039
0.09270969382005809
0.10514156118375798
0.08855305782907694
0.08274244647809709
0.0820704581450201
0.08067030270996303
0.08493013586671452
0.10256134094317691
0.0906436411701836
0.06393601402305016
0.035658008427441
0.03552047545265505
0.06935734983347287
0.06282220438597906
0.05586590451906777
0.04854015130567846
0.048843739506594215
0.05913896231121402
0.050938221326004
0.04256756538062781
0.034079781627453336
0.025527457685862318
0.016962687462071524
0.00843678388003266
1.0633540101720124E-15
0.008298740059596584
0.016412099049191886
0.024294572090918648
0.031902718564962664
0.03919537927375644
0.04613387787015464
0.05268220563223837
0.07700571926257001
0.09063774609945266
0.09579640992726318
0.10045162074057018
0.10458264792627568
0.14751620155832476
0.15172782555785497
0.11659156663522656
0.09213979129813221
0.10121233819349643
0.13283754223804878
0.13841800228042864
0.13793491548413456
0.1369096868248755
0.1295960291155782
0.09943708753523477
0.08400852715924326
0.1055916410381799
0.13845378839323427
0.13799895681168517
0.09578803036459879
0.09111814488583786
0.08610998093565295
0.0807985007608016
0.06770746052834666
0.04384237336355477
0.037850671909973
0.03170319158088245
0.025439031390899543
0.019097499119955497
0.012717877975441131
0.0063391960691475775
1.3549433856449432E-15
0.006261866202463386
0.012409475561784818
0.018407024902624296
0.024220032755729287
0.029815527373654758
0.03516222387761051
0.04023068962729876
0.027025057606299235
0.025384839677809017
0.029394623732441862
0.033061516715887515
0.03635592921597017
0.015799345935322107
0.024568133261391352
0.05990130307135645
0.08611359614162765
0.09255324296461961
0.06272603098875681
0.05049194966101755
0.050593533473496245
0.05038722945671652
0.06264300370149244
0.0913158845318123
0.08533635855843777
0.06006925898292727
0.02403783790535286
0.015941167908023884
0.03205789646369232
0.02858913811496974
0.02487719849227214
0.020972613591430305
0.02168883171789011
0.03492661100534927
0.030194876749065916
0.02532521601994442
0.020348602879243515
0.01529635084488349
0.010199922616160092
0.005090740693765
1.273708396247538E-15
0.0050415164172284335
0.01000361754009098
0.014856879372912635
0.019572813786123716
0.02412403027178892
0.028484389719775727
0.0326291493777523
0.054212646962094185
0.06393939562775337
0.06724664873923805
0.07025903302186201
0.07296009106040074
0.1052182692385404
0.08302035800293363
0.09134891922383964
0.07865415305719821
0.10779389836991403
0.084607664955374
0.09535900407013446
0.09512671495324712
0.09456642397576415
0.08278079275365605
0.10669500858501135
0.07815776947260225
0.09024375786270189
0.07670932861935133
0.0996872239415928
0.06900825992500328
0.06604105994349461
0.06283801990231237
0.059421348074915656
0.05035286297821354
0.029106096167606996
0.02518591587948997
0.02114321444761315
0.017003654284084586
0.012793277347069039
0.00853834518107271
0.004265178890456996
1.1337246757358948E-15
0.00423122685595376
0.00840294849187237
0.012490174076164344
0.016468621510452936
0.02031485844354546
0.02400643711855078
0.027522022293950038
0.013514668640052303
0.01479425199544665
0.017308153206016044
0.019706957720579878
0.02192489660822184
0.0172088816880888
0.029178964815496616
0.04501273093201014
0.0653554166934062
0.054553377682451505
0.06321118318187793
0.051404046570557256
0.051527069394076454
0.05146444972030314
0.063208006587136
0.05097895685123071
0.06316015280951098
0.04193458593859383
0.03066393685209069
0.017138065368002917
0.02053173538519546
0.018336394284653487
0.01603750747748931
0.013719041535555625
0.011157214395637884
0.02502101131459122
0.02166522776058839
0.018199480544474837
0.014645715469342005
0.011026264246838426
0.007363706582082032
0.0036807316787412295
1.6154995984006934E-15
0.0036559938856959265
0.007265056556973604
0.010805428289309318
0.014255912122851237
0.017595998694535788
0.02080598611094373
0.02386709417238906
0.04367908077180925
0.04998617312664222
0.05241447065243436
0.054635819615895906
0.05663666105440125
0.0768484108861784
0.05967124032370801
0.0573841494674087
0.04656282600962362
0.06022788627238187
0.0532816504389349
0.06852906432180988
0.06834868587343017
0.06795276670092756
0.05194623446092362
0.0551067933261687
0.04196967863031233
0.05081182940867555
0.05890900359441498
0.07250754269548312
0.05412066477397703
0.05192724285877944
0.04955377589046305
0.047016957189628845
0.0414746912049099
0.02200678902194852
0.01906471839956759
0.01602286105365749
0.012900431665655632
0.009717023953108025
0.006492489323495767
0.003246814662536441
7.816162121804365E-16
0.0032280632073140936
0.00641771244358871
0.009549632433255401
0.0126049706682241
0.015565449480289942
0.01841347400050568
0.021132235375583137
0.00725487807322063
0.01246093045177939
0.014116529482238651
0.015778295616276854
0.017366947416460658
0.01604459077111974
0.03424360136610086
0.04757472477408206
0.06836900963535397
0.05297646258108401
0.0609481018403868
0.052546721488663795
0.05262175782003009
0.05253349751216151
0.06071013136006682
0.05549487707858125
0.07015600376599246
0.05033707138718152
0.0336736942011492
0.01587377115128938
0.016962929130474827
0.015422600005165002
0.013840044663235847
0.01229216205595123
0.00607495121480411
0.019700210362088286
0.017073170655955254
0.014354647114390624
0.011561772961429125
0.00871204859493645
0.005823233049989696
0.002913234433607272
2.6444126420347273E-16
0.0028985934653004974
0.0057648482892991544
0.008581352929305465
0.011331086723560563
0.013997521750362374
0.01656472119194359
0.019017433623291256
0.03726987059756022
0.04015421652250309
0.042075002226183204
0.0438370525138108
0.04542857312553798
0.05392216841394748
0.055182221868268454
0.024763432815940584
0.02938601918411274
0.01672178339572922
0.029887325944424767
0.047733100040288204
0.04757222827395742
0.04726480164960202
0.02890094350855184
0.01707579271137183
0.030123838948938178
0.024859820334903908
0.0538860827113973
0.050372980271145285
0.043511958666934886
0.04175518818609799
0.03985258349021574
0.037817878595669235
0.035755907103562606
0.017886055366205057
0.015505857279756684
0.013041013712296542
0.010507026791995019
0.007919752519504906
0.005295302366407381
0.00264994375081903
2.994413586010364E-15
0.0026382495895473693
0.005248668987357263
0.007815363359241703
0.010322775102729135
0.012755777411734235
0.015099764812136287
0.017340740130548392
0.0041128497425153955
0.012136532066823679
0.013478905306069575
0.014824876030193368
0.016115977370368833
0.01651580524669133
0.024843361763682754
0.05072114508535184
0.06688343801469736
0.06451196456595297
0.054228495018925925
0.050329152970402115
0.05036016297993625
0.050231238856795694
0.053798502556500295
0.06325970691486446
0.06420433702133156
0.047910157179583274
0.022877722402807752
0.016982519845272777
0.016025451278435344
0.014760571017203777
0.013445006400669904
0.012129015953565992
0.0035367223263915127
0.01642875242294151
0.014246258644904026
0.011984803983149089
0.009658584444420209
0.007282136745882253
0.0048702480844828025
0.002437864729539821
1.177473078867047E-15
0.0024283578107861517
0.004832337001509862
0.007197272964719804
0.009508797076711257
0.011752923439940534
0.01391613295762205
0.015985454238324703
0.032673000043825166
0.032158737681318744
0.033760318857863056
0.03523285066847433
0.036565663786676174
0.0356725499663575
0.04194617172744566
0.025183610365276797
0.025013274153852547
0.01821135751321203
0.014431638102558672
0.03080394281428221
0.030672399501677546
0.030431166545944317
0.013964336038574943
0.01758660574454282
0.023426685040014803
0.024646871566947153
0.039291708642897306
0.03302652180634973
0.03498106592555706
0.03349798151352678
0.03189098983359931
0.030171967860352054
0.03149675765363437
0.015238710305111649
0.013217291849713098
0.011121676278226687
0.008964995797927738
0.006760710998605788
0.004522527309871447
0.002264310251770271
6.913944480004438E-16
0.0022564742107746313
0.00449127932258734
0.006690762809974506
0.008841535644205457
0.010930553364367487
0.012945194766961116
0.014873337741862233
0.0026568839615758806
0.01218569388920439
0.013482087294037083
0.014740184193947625
0.015924607342564605
0.02006110903295283
0.01851331739230899
0.029219950137190975
0.03969167373413258
0.042774543604122084
0.044536979504475147
0.04501357774466577
0.04500871757203414
0.044847290775334385
0.04401089548320463
0.041786733294608754
0.03864020284511325
0.028989069179146374
0.019463340943195705
0.020769501599987493
0.015947425837293264
0.01477870065173763
0.013533047961708318
0.01223863220373334
0.0024439576460738095
0.01425440294559041
0.012365975136844
0.010407368373053989
0.008390836793721199
0.00632895170956942
0.004234523600870959
0.0021205228934415166
9.560586123549619E-16
0.002113994882374474
0.004208491728062596
0.006270679904200734
0.008287986175750285
0.010248151021481394
0.012139302799509585
0.013950029315997483
0.028990553780961145
0.025309709518466984
0.02670915857031453
0.027998059810958195
0.029166608775393107
0.02311664371631166
0.024474983344852642
0.01938414843257994
0.01219668402955989
0.012429780566616304
0.012658715050102607
0.018570124768231864
0.018518518518513966
0.018354323313883807
0.012889033748009603
0.012322087038692192
0.011450486729543553
0.018240138812733148
0.02224058624365776
0.021595417933218935
0.027840329828767007
0.026536567530296824
0.02512231563792396
0.023607972280927664
0.027995852361712908
0.013432231125051434
0.011654737426119992
0.009810470346247022
0.007910951711351612
0.005968010510536344
0.003993709529250853
0.0020002707528295233
0.0
0.001994788750869245
0.003971848879049158
0.00591907602093594
0.007824581895461027
0.009676766606712645
0.01146438898583128
0.01317663454716666
0.0022525880726932835
0.012485692043727493
0.013799364348254847
0.01503689002032219
0.016179948445188965
0.02360893090407575
0.026781253298607855
0.03217659910362141
0.03739788949569913
0.03542024873380803
0.03400566549901601
0.03737048825603531
0.03733859119706848
0.03715733777141248
0.03350091232281263
0.03457055548067681
0.036660956977050387
0.031469635935922204
0.02757899765908028
0.024038777151875423
0.016268644779129583
0.015145536423304516
0.01392637229280397
0.01262525082890118
0.0022825927942633924
0.012740489276206796
0.011056240820028913
0.009308114012791099
0.007507015135160258
0.005664148820684365
0.003790948594130201
0.0018990061775851245
3.43248991280886E-15
0.0018943766504770428
0.003772487390703062
0.0056228239844448745
0.00743407662706416
0.009195202845305991
0.010895494593690012
0.012524643141228087
0.025810411863950933
0.01953475452013314
0.020816053437927903
0.021996794476796987
0.023068226568272072
0.0171087191908284
0.014089839019211067
0.017020556816984736
0.01570787575519755
0.018509424281466673
0.017888815227914717
0.015070304977967904
0.015163674853910966
0.015118648444001218
0.018115213035249537
0.019666131516395784
0.017559274239006384
0.018910432088243563
0.013643081911001947
0.016647201030731012
0.02201858265533132
0.02083511257867232
0.01954808843322988
0.018166277706075117
0.024920208887957693
0.012155621864995603
0.010550164881391048
0.008883293100556898
0.007165392548760349
0.0054071399464499775
0.0036194365538972256
0.0018133407843707854
1.677390324790859E-15
0.001809418090026859
0.003603794008243996
0.005372124644469706
0.0071035905320625805
0.008787621854595676
0.010413962781397935
0.011972733741575514
0.002569579179871498
0.013113088046457182
0.014412639981922583
0.015617567149868564
0.01671862165093382
0.025008667674473437
0.026684564315440355
0.01811481682062292
0.021017921262587818
0.018304350019464528
0.025168374080524383
0.028346316746257254
0.02829921957042342
0.02811292160818871
0.024819933754826808
0.017195368452232792
0.01892382354832127
0.01590726012058379
0.02563496654113485
0.024984486890018174
0.016849427628605973
0.015777300514204336
0.014603923884396157
0.013337403263119453
0.002774152179816328
0.011659817132509923
0.010121138014664246
0.008523137976574616
0.0068757618774433725
0.005189238702476933
0.0034740182182242695
0.0017407063958161076
4.3974067423050796E-15
0.0017373792535289386
0.0034607505683607897
0.005159539561485513
0.006823342980653279
0.008441992249952918
0.010005615456471852
0.01150469740099908
0.02292551990322598
0.01512295210207199
0.016340790819095407
0.017462126262882505
0.018479729244272623
0.01581425296762637
0.016535720306273382
0.02978288660344626
0.029890268644964916
0.028503801659035037
0.020878877316018618
0.01972686398885526
0.01986948514399098
0.019878038218159862
0.020940682302888803
0.028269982373850675
0.03007617599236302
0.02982321051514652
0.01766255373050144
0.015792481780497292
0.01777604260422759
0.016685692278543697
0.015496318295315878
0.014215247104863007
0.022099912981742124
0.011239413419891266
0.009757366466505477
0.008217771418265827
0.006630198648209938
0.005004497114998192
0.003350733407388919
0.001679129556642425
1.5017082094745739E-15
0.0016763119168730913
0.0033394975084945267
0.004979345999420123
0.006585807068180348
0.008149052303010893
0.009659535194492638
0.011108049299680234
0.0034137524050383353
0.013992680990647034
0.015226744914193227
0.01636637606982142
0.017404858856828926
0.023900942061304428
0.017237339198533465
0.011784622728667817
0.01218432055666616
0.020933386623700253
0.020504463915590628
0.019253545907685545
0.019212932685915233
0.019042977701501068
0.020400091176766166
0.021981176349216817
0.0130618963771164
0.013026042600100757
0.015805575475067474
0.023498638403386552
0.01754381741020617
0.016539157058152298
0.01543910307319475
0.01425105988065406
0.003749868513763105
0.010883816402483886
0.009449702303207673
0.007959530298470642
0.006422553345600467
0.004848298416959906
0.003246507573132097
0.001627077802786341
9.568059222042817E-16
0.001624702545490265
0.003237035767175724
0.004827096171890904
0.006385131545150799
0.007901600640542432
0.009367231488446336
0.010773077968523738
0.020228558501335984
0.01257137808211273
0.013725318633497227
0.014790268919371527
0.015759214305568495
0.015828032905845762
0.024017642631037804
0.020669033551008915
0.02214266340335903
0.01396711206221838
0.02072298480445051
0.02545256181748243
0.025577804686740264
0.02557693392799099
0.020649558450805836
0.012578945682108862
0.021068581716010972
0.01934270331736684
0.02482698544858348
0.01583245603873038
0.01545717491396622
0.014470390631466837
0.013395624635711405
0.012241713456958105
0.01944717970751764
0.010584747402745205
0.009190996056053214
0.007742424727161281
0.006248018519874692
0.004717032902419271
0.003158936495765513
0.0015833526258708145
4.1363440470357965E-15
0.001581367127951928
0.0031510189353833712
0.004699309784060406
0.00621673738210134
0.007694000992689035
0.009122058333469648
0.01049218081940021
0.0046595389204897135
0.01490210375775416
0.01603750747748763
0.017089040251451294
0.018049301977185756
0.021125453380216763
0.013020309999037005
0.021314716162551303
0.01939164052757865
0.029744171889500088
0.020083600301940795
0.012782954867762358
0.01279889791824921
0.012698123543012727
0.02012282408394082
0.029681966821947365
0.019360884250725324
0.02170490261939096
0.013545423234218108
0.020575299303478255
0.018154659227824145
0.017225258445176295
0.016211477622220385
0.015122014578838643
0.005097784538231292
0.01033571216539522
0.008975639047641721
0.007561755518895813
0.006102822496016424
0.004607868489193477
0.0030861338289866623
0.0015470136525627916
6.075805880968373E-15
0.0015453766227183606
0.0030796058552981114
0.004593255909152685
0.0060770314497002
0.0075218305803164505
0.00891880057912673
0.010259392048033727
0.017666215178125933
0.01207114266233323
0.01311410245470214
0.014088116258387285
0.014982816903961955
0.01580685354100888
0.02590012167859907
0.02235282490721321
0.02232339404558417
0.01805982487180378
0.01862788624271681
0.02929366084587458
0.029384334909389968
0.029357222307417646
0.01850787447477967
0.019130122558865946
0.023058392886079138
0.023289265394139457
0.0254165764351405
0.015799228585342606
0.015020419779481955
0.014152689700129803
0.013215202648450143
0.01222070185256102
0.016919964809547144
0.010131620185264397
0.008799235330316381
0.007413839913164233
0.0059840096968892175
0.004518586115969936
0.0030266216949495065
0.0015173242190124842
3.8529383610298375E-15
0.0015160034130044084
0.003021354726476252
0.0045067962456028544
0.005963200715941409
0.007381627315091526
0.008753376451605642
0.010070043035633159
0.006219172417604341
0.015579605783483975
0.016608128218643367
0.017566413690075243
0.01844551529148682
0.01816349065032457
0.017740701147091524
0.0166841393131505
0.012441715363046696
0.019787360479174267
0.020900536858001258
0.013461085528395082
0.013556496436459052
0.013569214600154192
0.020922688050895703
0.018616499109117213
0.011780500469158382
0.015534498264584147
0.018338746046984766
0.01773755767946275
0.01847894878296673
0.017620130425314656
0.01668860376825451
0.015694607314063143
0.006738103639700163
0.009968509378499643
0.008658364370333363
0.007295813132384194
0.005889281682090172
0.0044474606155394565
0.002979251493706459
0.0014937119704679497
4.948660646685267E-15
0.0014926825330977957
0.0029751464147075263
0.004438271585384706
0.005873063161207153
0.007270706647693742
0.008622622008380442
0.009920516256842085
0.015217149513158664
0.012955512632107202
0.013886088606492248
0.014766966609093499
0.015584951454580295
0.015794541576095274
0.019849388437119236
0.02193513617477751
0.023703613982813156
0.023426632702786245
0.01670910877139074
0.030502146770894314
0.030552811446266245
0.0304970126465053
0.016658729349302955
0.023098031831452606
0.02301084967928911
0.02067000110792823
0.018646112764368734
0.015799487782379686
0.015793691096109803
0.015016233984950824
0.014181553294374986
0.013303761020139993
0.014503987199903277
0.009843346313622794
0.008550408863443633
0.007205484406090878
0.005816881820237782
0.004393174290422704
0.0029431464544574797
0.0014757402795364674
2.4054947846350476E-15
0.0014749835446443546
0.0029401288293624097
0.00438641947750541
0.005804959666128448
0.007187028762767399
0.008524134858662881
0.0098080668701566
0.0080276500168486
0.01580923881428668
0.01674221193205603
0.01761777550162698
0.0184254338765837
0.016331344534997506
0.01992876325042275
0.01844765129590086
0.01913242969885059
0.016547785798183622
0.02061198884146302
0.019115061142411006
0.01922711763028985
0.019269951889318727
0.020555160918894706
0.017238472447441536
0.0202105270214453
0.019778997801343408
0.01988163676042355
0.016161486630861664
0.018362214818189147
0.017558741581761572
0.01669238086335558
0.015774702708611477
0.008610946893300477
0.009753882125000632
0.00847343058241452
0.007141233191076585
0.005765512186423289
0.0043547546584617085
0.0029176602675243233
0.001463087672364193
1.1311075582928583E-15
0.001462590307415728
0.00291567692988741
0.004350315050557257
0.00575767634009891
0.0071291032072266685
0.008456161982297138
0.009730694707838536
0.012880581500980646
0.014237217530436013
0.015109683065945722
0.015940058052878143
0.01671483474022799
0.015812799199996206
0.014341633912135469
0.012640610687507254
0.014302943577377353
0.016433299651648352
0.016865037816546594
0.02898527291063615
0.028995740362219535
0.028914014919238982
0.016932712050515594
0.016114207654929314
0.013786426905968718
0.012863655341308159
0.01435365471498147
0.015809158471858008
0.016942926997545675
0.016200056201154042
0.01540248104274412
0.014563509627680576
0.012203278476227002
0.009698550779602666
0.008426082790694766
0.007101936019153714
0.005734275035348436
0.004331530647314923
0.0029023480018578523
0.0014555333780348141
3.760828238061539E-15
0.0014552867977811782
0.002901364716149685
0.004329329608800326
0.005730390233529989
0.007095922300630158
0.008417521487006755
0.00968705509015601
0.01003513214985511
0.015467771351234245
0.0163320347220831
0.01714906389405078
0.01790691343830174
0.015806693060884627
0.01785636304310755
0.022095220102908764
0.02061460673450235
0.01969875842043794
0.018885239659489232
0.024883002386991548
0.02498487556771296
0.025009193025653256
0.018777644008754122
0.019313192512514794
0.01969768637609
0.021208260158596927
0.01724834661384708
0.015792977927440634
0.017744986635692628
0.01697258181642716
0.016143638812711657
0.01527085593443522
0.010670181065588428
0.00967640084369363
0.008407551610462013
0.007086917623863234
0.005722633777817963
0.004323103446452235
0.00289694679416624
0.0014529477539618097
