1.0
0.9989725854527305
0.9958941397184472
0.9907760398146905
0.9836371918337697
0.9745039478168523
0.9634099899352747
0.9503961825331826
0.9355103927392285
0.9095680476277955
0.8726538464538122
0.8432659749320147
0.8307101004358409
0.7798995630207843
0.6821080252430728
0.612906543645494
0.5952824386800244
0.6730672775892307
0.6434832328399939
0.6035968241188273
0.5814479496314405
0.5400421363987372
0.5166334634025721
0.48334900067740894
0.3497881033565533
0.3078720286687333
0.3114201027564479
0.34800073929586867
0.3404916791843865
0.2976692484988896
0.27321597402804754
0.2578166245455366
0.2339567767589826
0.2016731299197531
0.17008068053331013
0.13927376632762745
0.10934235931995494
0.08037172439209712
0.05244210162743664
0.02562841376529717
0.0
0.024379622781927353
0.04745297037168251
0.0691687724034881
0.08948212364992554
0.10835460493099767
0.1257543732716555
0.14165622109465448
0.15604160438810705
0.17760561185631613
0.20623439983230574
0.2251999322591524
0.22522501340416334
0.2556234564363823
0.32214342270357965
0.3441967681683124
0.3392861280141927
0.2704050738990306
0.26994105663577395
0.2781400892000355
0.2659763181642568
0.27096217318461374
0.25561393066139293
0.24921184992055617
0.30128046241879375
0.2963408708404437
0.27652379004100264
0.21005198447706283
0.1781276250706936
0.17436367227150307
0.15334304860542677
0.12480840108403096
0.1041334746462165
0.09130375337943776
0.07826434592780018
0.06509537670314766
0.05187566279556195
0.03868235100081231
0.025590567982648957
0.012673085182488456
2.31357910783228E-16
0.012361565328205013
0.024347745827528734
0.035898195646728234
0.04695632858088947
0.05746953627456624
0.06738938324713167
0.07667177800935267
0.08527711967004815
0.08596525112441436
0.08049900281483571
0.07819633666850989
0.0879768530303949
0.07718207874706373
0.036613456276192266
0.0748894435361859
0.08494859456261857
0.0834651263717909
0.08434055325992754
0.07357509318549386
0.08207045814501979
0.07151698419970103
0.08031893267317432
0.07755891965743084
0.0809209901054218
0.07130007648843392
0.030262223129501727
0.06645288154427097
0.0728564397199817
0.06457337946654615
0.06635207753784572
0.06874361793321072
0.06711710121238264
0.05913896231121368
0.05093822132600418
0.04256756538062809
0.03407978162745303
0.025527457685862207
0.016962687462071385
0.008436783880032444
8.9526055832466E-16
0.008298740059596363
0.016412099049192157
0.0242945720909179
0.031902718564962435
0.03919537927375656
0.04613387787015406
0.05268220563223859
0.0588071887680065
0.07035112779735721
0.08782742496461632
0.10148839632862013
0.10170651439716646
0.11048108181672049
0.14768418070775494
0.11367516475187998
0.11771430304699991
0.13389717908282625
0.13448136979945421
0.14691972984926574
0.1379349154841339
0.14538393331404115
0.13129242257114637
0.12917463839043905
0.11044871473537249
0.1043246797353536
0.13543300532633912
0.09782918092497632
0.09231949093343152
0.0902734502939713
0.07611507872245318
0.05998926266305291
0.04963964052493608
0.04384237336355559
0.037850671909972655
0.031703191580881654
0.025439031390899456
0.01909749911995494
0.012717877975441105
0.006339196069147498
6.210067677420631E-16
0.0062618662024636175
0.012409475561784889
0.01840702490262391
0.024220032755729724
0.02981552737365586
0.03516222387760974
0.040230689627298186
0.04499349698178005
0.04713615991021645
0.05116567479822242
0.04797907610586165
0.04533266366340284
0.050256907251795754
0.01936624562728316
0.05023462206741562
0.04311284181017433
0.049776075931027015
0.05055011486595233
0.04272556233861348
0.05059353347349534
0.042653457446485084
0.05015815664483773
0.049227002091007395
0.03920187447575992
0.046223069628519506
0.01911836484375427
0.05007897157393001
0.04253451480557705
0.046726608269270456
0.049779708013433406
0.04315295891838996
0.03948997423526649
0.03492661100534933
0.030194876749065794
0.02532521601994548
0.02034860287924347
0.015296350844885257
0.010199922616159035
0.005090740693766025
1.8688371908948919E-16
0.005041516417228432
0.010003617540090793
0.014856879372911058
0.019572813786123036
0.024124030271787264
0.028484389719773975
0.032629149377752194
0.036535098216766
0.04169032007815627
0.0508510603224874
0.06254140679149886
0.06692292815423571
0.05266032854949528
0.08662544112237523
0.08964741576479475
0.09908693816892832
0.08685025982352025
0.08725242357830272
0.10235875056336549
0.09512671495324693
0.1015189275568216
0.08547855277549758
0.08421512074222083
0.09731789798670328
0.08681980151486783
0.07919001547930157
0.04574955606831237
0.06230667604644903
0.05632440853328545
0.04431298564673694
0.036645795319258725
0.0328786313783319
0.029106096167606385
0.025185915879488967
0.021143214447610758
0.017003654284083614
0.012793277347068432
0.008538345181072753
0.004265178890456505
4.570925185608627E-16
0.004231226855954453
0.008402948491872304
0.012490174076164526
0.01646862151045305
0.02031485844354713
0.02400643711855117
0.027522022293951454
0.03084151152597001
0.03724905140428801
0.04801133461681988
0.04467565757728718
0.03746773040205743
0.05358309158211923
0.03412915136439821
0.02057698448580209
0.0130317248880545
0.046028707553579205
0.04658166867651689
0.04379283695647661
0.051527069394076176
0.04383359728719774
0.04643322125717658
0.04581490139007184
0.01527679592814872
0.02356358485725924
0.038502615809615844
0.05452444076344268
0.036965754541275805
0.04407594348045591
0.04749711970455085
0.03594940155627932
0.02824540780962851
0.02502101131459219
0.02166522776058825
0.018199480544475722
0.014645715469341758
0.011026264246839768
0.0073637065820819384
0.0036807316787421636
1.5316841353207279E-15
0.0036559938856947326
0.007265056556971714
0.01080542828930972
0.014255912122850324
0.01759599869453584
0.020805986110944218
0.023867094172387797
0.026761572296944355
0.026039459352073996
0.02794818774233348
0.038589820642135245
0.047336238232730206
0.02885144690228567
0.04066241058980169
0.05256650515337224
0.058519583402079016
0.05709585183432312
0.057385800673161694
0.07338971435226878
0.06834868587343
0.07275560016412497
0.05615870498021064
0.05526747262431399
0.05356414584993349
0.04771879979214633
0.03534285206334011
0.028613063298944478
0.04420883990318777
0.03433672621177344
0.023365205635280037
0.022764722861790855
0.024830357014185775
0.022006789021948272
0.019064718399568265
0.0160228610536578
0.01290043166565577
0.00971702395310843
0.006492489323494906
0.003246814662536378
7.718044759926796E-16
0.0032280632073150056
0.006417712443590189
0.009549632433255408
0.012604970668223739
0.015565449480290823
0.01841347400050672
0.021132235375583956
0.02370580864346553
0.03349890298333774
0.04506465161632506
0.04089896810302452
0.03573739502903658
0.05632514085405232
0.0478997346538723
0.04074053225767879
0.03689039222833198
0.04208340806595634
0.042535260738813904
0.04391714247785888
0.05262175782003019
0.043879048139302435
0.04226872097515732
0.041686895318141
0.03689898782021271
0.039310636931251704
0.04552867659601692
0.05586397394817299
0.03545463403060752
0.03961655754055307
0.0438881219268799
0.03271948690934989
0.022219107024001632
0.01970021036208681
0.01707317065595335
0.014354647114388447
0.011561772961431172
0.008712048594937415
0.005823233049990204
0.0029132344336078764
1.0625363884522223E-15
0.002898593465298446
0.00576484828929993
0.008581352929305184
0.011331086723561192
0.01399752175036132
0.016564721191941262
0.01901743362329278
0.021341182673569145
0.015759376339152496
0.012182408553795668
0.022811245261045165
0.03337374166629344
0.03264664945103557
0.02818442024322135
0.03763593860267894
0.036124583551225734
0.03704321527411282
0.037344439989853345
0.05033532520376431
0.04757222827395628
0.04981570976434427
0.03660317398626854
0.03593569855093781
0.03711010076253513
0.03996705635182873
0.03184747074364561
0.03330350612207856
0.0310255555799569
0.020516266498391698
0.00957199705074888
0.013753772443165634
0.02016655638883678
0.017886055366205925
0.015505857279755994
0.013041013712295456
0.010507026791995687
0.007919752519503968
0.005295302366408596
0.0026499437508180185
3.1986946443055818E-15
0.0026382495895477744
0.0052486689873568505
0.00781536335924443
0.010322775102730039
0.012755777411735014
0.015099764812138297
0.017340740130545765
0.01946539738242488
0.030630055437985665
0.039291065039068734
0.034096114602108415
0.033950644955436635
0.04914763497680601
0.016288804583807815
0.01744954386206572
0.020922506259175716
0.03593216699102373
0.03632136934725833
0.041077060840609685
0.05036016297993611
0.040976267337379614
0.03597508869267595
0.03541611635551555
0.019999405009422395
0.016816440527306034
0.011102720369142987
0.04687585655331011
0.03345169949039868
0.032234269284238774
0.03745067028431313
0.029761396151783286
0.018518518518520242
0.016428752422942866
0.014246258644903295
0.011984803983147104
0.009658584444421959
0.007282136745883058
0.004870248084483984
0.002437864729542474
8.783105962329544E-16
0.0024283578107856495
0.004832337001507714
0.007197272964717125
0.009508797076712436
0.011752923439937628
0.013916132957621587
0.015985454238322455
0.017948540849473924
0.01066644033067481
0.007797005583628842
0.016971255343923623
0.022987310649256916
0.03263322648699456
0.052501005370570675
0.051568966445345914
0.04302768634176852
0.02716894549315144
0.027557673378750445
0.031938496044547855
0.030672399501681588
0.031551675528111646
0.02733063777945848
0.0268313131538994
0.042415969578224626
0.05060981529065506
0.05359666294075524
0.031794616934342025
0.021336085576222717
0.01710067165769564
0.008955275553324893
0.010445653776147323
0.017173209640041744
0.015238710305111522
0.013217291849713281
0.011121676278226127
0.008964995797926782
0.0067607109986067134
0.0045225273098691504
0.0022643102517702763
1.9435941131518572E-15
0.002256474210774793
0.004491279322585984
0.00669076280997671
0.00884153564420745
0.010930553364367495
0.012945194766961867
0.014873337741865555
0.016703431801371973
0.027156930450494447
0.0313071670805951
0.02533984416175048
0.03091957984636691
0.034202082518156054
0.015933497423934635
0.022697112763027875
0.03058457946197287
0.028943205757714467
0.029284701066202703
0.03625109751276556
0.045008717572037185
0.03611332271010061
0.028942747717389805
0.0284340381337297
0.031043143999135672
0.022213239741707098
0.016826953553216166
0.03150169825021704
0.03015800478823404
0.023303118276458496
0.029144383225393953
0.026037344655372135
0.016060791128663966
0.014254402945588239
0.012365975136842263
0.010407368373054138
0.008390836793720048
0.006328951709569486
0.004234523600872391
0.0021205228934423393
2.1575648693104794E-15
0.002113994882376768
0.004208491728060295
0.006270679904199655
0.00828798617574949
0.010248151021479593
0.01213930279950965
0.013950029315995885
0.01566944636728056
0.011867983021526982
0.013059911127162654
0.01948677764875854
0.016436056048453804
0.02646582483538924
0.04073444061379076
0.03229023514815745
0.02865189395505604
0.025462917111297986
0.025866006146652916
0.02070103657669663
0.01851851851851287
0.020556404240538482
0.02586784836761278
0.025469117947128278
0.02774694953258937
0.03078944793935782
0.03672209861807352
0.025320807548651535
0.0156897702704545
0.02033436072571597
0.014181330486284302
0.012846604359749839
0.015131808464328328
0.013432231125051224
0.011654737426119742
0.009810470346246561
0.007910951711348842
0.005968010510535096
0.003993709529247918
0.002000270752827241
8.964137529315355E-16
0.00199478875086829
0.00397184887904905
0.005919076020936915
0.007824581895460682
0.009676766606715355
0.011464388985831148
0.013176634547165536
0.014803180649468204
0.022735843177653897
0.02279929252550888
0.01686564749906124
0.026675159899078767
0.021990046064164433
0.015958879445150065
0.01570468520921136
0.019571049488900243
0.02294949705433999
0.02327033604167058
0.03030933644493011
0.03733859119706862
0.030151537636187577
0.023035078252056345
0.022599632199473238
0.017462236837546267
0.014925652679906063
0.016008986519576093
0.020957840518756207
0.025713888287521674
0.015358529193218184
0.020879077471984527
0.021358229866652173
0.014350319253918947
0.012740489276206794
0.01105624082002704
0.009308114012789961
0.007507015135160644
0.00566414882068317
0.003790948594129624
0.0018990061775884864
2.381926837388504E-15
0.001894376650477026
0.0037724873907033123
0.005622823984445222
0.007434076627062669
0.00919520284530525
0.010895494593689029
0.012524643141226277
0.014072801356567419
0.01569887482541067
0.01627388472544863
0.022608428720348073
0.014665530978199405
0.02102803016549173
0.027711852002000603
0.032754608726929736
0.035111714106899006
0.025114100333679525
0.025458707006265055
0.020411987718304044
0.015163674853911594
0.02051650304708894
0.025382069329728113
0.025001602995448076
0.035725186841178314
0.03215015701030864
0.028189822467906148
0.020367147652492687
0.014827271897799057
0.022973353718266844
0.016526647508064752
0.016746719793409675
0.01368963323242698
0.012155621864996908
0.010550164881390205
0.008883293100556714
0.007165392548759599
0.005407139946451698
0.0036194365538978843
0.0018133407843711861
3.0179091860757143E-15
0.0018094180900277068
0.0036037940082454083
0.005372124644472201
0.007103590532064368
0.008787621854595154
0.010413962781398256
0.01197273374157576
0.013454491259359453
0.017443192629680384
0.01646387166632827
0.012566251210724182
0.02164940270907215
0.019493312431463544
0.013349123785473978
0.014851290082703162
0.01168964011767481
0.020080090104351283
0.020418244349882157
0.02375433428550646
0.028299219570420038
0.023585077104116243
0.02038889415692972
0.020038139943862252
0.012646210706080714
0.016992606025206185
0.013212995905481762
0.019407264126598035
0.020608325924174307
0.012578350435568243
0.015624225833961348
0.015869179762120083
0.013129576318165135
0.011659817132511257
0.010121138014665288
0.008523137976574901
0.006875761877446015
0.005189238702478909
0.003474018218225825
0.001740706395814815
6.137550722404082E-15
0.001737379253526599
0.0034607505683594032
0.00515953956148856
0.006823342980649543
0.008441992249954197
0.010005615456471264
0.011504697400999487
0.01293013734857069
0.01916007491980085
0.016015417058719852
0.023007484793997737
0.01640624433881755
0.018328938747693386
0.022495800296864748
0.01616937717917117
0.025636541032835795
0.02217328814649579
0.022451396224094408
0.025772776461662986
0.019869485143992095
0.025909602112298123
0.02222295720392575
0.02183243979279696
0.023625297098262218
0.013562474231679836
0.019861757494899254
0.01820431823626788
0.016913723018230672
0.022661932676611353
0.015460733480037661
0.019904675351395763
0.012654679837934281
0.0112394134198926
0.009757366466509829
0.008217771418264639
0.006630198648212715
0.005004497114997628
0.0033507334073918475
0.001679129556641235
1.1069896534177881E-15
0.0016763119168767334
0.0033394975084893148
0.0049793459994180635
0.006585807068179633
0.008149052303013419
0.009659535194492126
0.011108049299680517
0.012485784224259685
0.011572581494705787
0.015260529913560947
0.01463078823932016
0.016576221855073854
0.017678363803108724
0.0292143757053458
0.030222299382987206
0.02206924037115255
0.021351226385487785
0.02171045304697002
0.01686453157427523
0.019212932685914712
0.016691005348188365
0.02185872018262707
0.02157511676502296
0.0227158397844702
0.03028640836084798
0.03237844263995837
0.01697581555940151
0.01565206552307052
0.01549866903066414
0.01571523143003581
0.009922283182679298
0.012252950983888497
0.01088381640247975
0.009449702303207104
0.007959530298471748
0.006422553345602555
0.004848298416960051
0.003246507573133414
0.0016270778027859974
2.2444439822589157E-15
0.001624702545490493
0.003237035767175899
0.004827096171895149
0.006385131545153255
0.007901600640540815
0.00936723148844595
0.01077307796852187
0.012110574301538326
0.021339520799263257
0.012899052930264722
0.020376752100686207
0.01888072014638551
0.020043582227806497
0.0030965696876106624
0.012615271400188685
0.022288525412800683
0.016820426049144084
0.017062582469472534
0.03018087859465785
0.025577804686739085
0.030256073066595647
0.01677958174868079
0.01639746118892107
0.02315581024764292
0.014071139582928651
0.0012201996565707218
0.020945725285270386
0.019303303946520353
0.01944406598789252
0.011835808716653918
0.021671499287261205
0.011915019650555617
0.0105847474027437
0.009190996056053391
0.007742424727156017
0.006248018519870723
0.004717032902419187
0.003158936495763374
0.00158335262586645
3.838826087163675E-15
0.0015813671279545046
0.0031510189353812948
0.0046993097840576205
0.006216737382103562
0.007694000992689888
0.009122058333470247
0.010492180819398353
0.011796006812016153
0.005764010432101815
0.017777516156000286
0.018279170339756602
0.012688758563970056
0.012887441055500848
0.03504205283013275
0.019406633485019045
0.020320024363803098
0.024920442462978202
0.02527158997426085
0.010229965894487708
0.012798897918247856
0.010083223328574769
0.025458008923188658
0.025201470590774634
0.01970812246709698
0.017935761819185984
0.032629810485590334
0.012020822699120174
0.012208116032477906
0.018896696043966134
0.01847996067881883
0.004449521952254025
0.011633535736637427
0.01033571216539181
0.008975639047643489
0.007561755518897032
0.006102822496015671
0.004607868489189092
0.0030861338289824816
0.0015470136525549617
4.261539095632046E-15
0.001545376622719625
0.0030796058553009312
0.004593255909148982
0.006077031449697321
0.007521830580310261
0.00891880057912649
0.010259392048031292
0.011535411143220167
0.021966435981394458
0.008639947940070591
0.015672458156443327
0.020524734612521117
0.025983461424276072
0.02049684274127381
0.01974478881415641
0.019186301620606857
0.012747138934269113
0.013008097779416453
0.031618849568357976
0.029384334909388746
0.031613015728809625
0.012958346358211506
0.012678075590692908
0.01761215770916461
0.019318369668757336
0.023836027784458504
0.02690938988090938
0.020695360381513313
0.014523121457116305
0.00782968554833348
0.021857042869132443
0.011402737382907518
0.010131620185262393
0.008799235330318374
0.007413839913161136
0.005984009696892438
0.00451858611597075
0.003026621694948235
0.001517324219010871
3.694377351556503E-15
0.0015160034130030234
0.0030213547264756188
0.004506796245606885
0.005963200715939452
0.007381627315090598
0.008753376451608152
0.010070043035633197
0.011323567895694402
0.0037894819392589145
0.020034566393557086
0.020035336316971308
0.011655698286268033
0.00856040287116971
0.01205510468298714
0.01927940603638425
0.026320910169103262
0.02810865704076608
0.02841881747238209
0.007143834103359416
0.013556496436457422
0.007176057625703646
0.028528512671438976
0.028275274396680847
0.027569061785303217
0.019777563963018028
0.008628260591054902
0.007929565964737595
0.011855060231123959
0.02005164223955104
0.02028789628637087
0.004810777062588897
0.011218138743401497
0.009968509378498741
0.008658364370333464
0.007295813132377099
0.005889281682092794
0.0044474606155392536
0.0029792514937076885
0.0014937119704702703
5.756266234723855E-15
0.0014926825330960653
0.0029751464147085072
0.00443827158538605
0.00587306316121041
0.007270706647692982
0.008622622008377094
0.009920516256841837
0.011156434250419142
0.020994341571582534
0.007581376606540491
0.011191138029365794
0.02078947870138283
0.028804861827051245
0.030592858578718088
0.016164488398450083
0.010995659422246395
0.015295583245158418
0.015558454871400434
0.029868719401272687
0.030552811446266436
0.029787214811123387
0.015836344574095287
0.0157164687646179
0.011890417693887946
0.0176772375662457
0.02899520561635957
0.028546132090158365
0.02066473898935303
0.010628810156284372
0.008311795135191568
0.020455089845192242
0.011076303439811969
0.009843346313626603
0.008550408863450565
0.007205484406093628
0.0058168818202397376
0.004393174290423547
0.0029431464544587846
0.0014757402795362925
2.6027753328480613E-15
0.001474983544643255
0.0029401288293677726
0.0043864194775056035
0.0058049596661273635
0.007187028762765971
0.008524134858663893
0.009808066870157821
0.011030944889173996
0.008438659140186698
0.020086088160698186
0.019022875184210135
0.013594605875584937
0.005997041661484228
0.01059856257827092
0.019844886342996568
0.026816521722749762
0.029093227298021097
0.029335423176718153
0.011814225592731415
0.019227117630288146
0.01198218241972489
0.02930336670960634
0.02904798666843664
0.025391541694185706
0.019372368706294003
0.013474287794972648
0.006274123287691572
0.014173475206376763
0.018432108312594567
0.01968840426304439
0.009869248473536452
0.010974681112942355
0.009753882124999032
0.008473430582413562
0.007141233191075409
0.00576551218641988
0.0043547546584620685
0.0029176602675241602
0.001463087672369017
3.84240392700481E-15
0.0014625903074108667
0.002915676929893283
0.004350315050562524
0.005757676340100184
0.007129103207219304
0.008456161982299103
0.009730694707833177
0.010944869218249215
0.01850606226505565
0.011754456105394709
0.010898687066353344
0.01960042131281876
0.02410301437162473
0.015802817247988366
0.027874189037966044
0.01939526619395676
0.021539136885299775
0.02179386501781003
0.025393375543083227
0.02899574036222222
0.02525314404399043
0.022102151904703105
0.022000344023045675
0.019690587631079205
0.02763925275197428
0.016381903649786863
0.02257715521707491
0.019203281983752114
0.011551723420312325
0.013033956004896041
0.017578604287952784
0.010911491925412376
0.009698550779604256
0.008426082790695255
0.007101936019155411
0.005734275035347831
0.004331530647315611
0.002902348001859755
0.0014555333780355557
8.617681046628323E-15
0.0014552867977830196
0.0029013647161516072
0.004329329608801217
0.005730390233526812
0.007095922300629018
0.00841752148700828
0.009687055090153775
0.010896712005370558
0.01344755844720501
0.01756028377467849
0.015630376930309775
0.016607602354935806
0.01222561996830016
0.025358322355109833
0.01618874737872921
0.016066529311358563
0.02700686919474572
0.02716968221377389
0.01885053777207384
0.024984875567717686
0.019024771380783446
0.0269786363465759
0.026723215193442
0.01643325408478202
0.01714881880131996
0.025549760243731304
0.014048248630382353
0.017191365988655567
0.014674452398840231
0.016574041151501753
0.01469133112614373
0.010885648950795277
0.009676400843694534
0.008407551610457666
0.007086917623863957
0.0057226337778162155
0.004323103446453404
0.002896946794163782
0.0014529477539641802
