1.0
0.9989725854527309
0.9958941397184479
0.99077603981469
0.9836371918337686
0.9745039478168527
0.963409989935277
0.9503961825331825
0.9355103927392293
0.9003486021874371
0.8634774961535866
0.8064414039134592
0.7387351911153892
0.6880790885101087
0.7000064416504062
0.6920569828587438
0.6830013216848771
0.6636637796938936
0.6340617282556306
0.6034405530189325
0.5627920930917868
0.5398491537127845
0.5071272809365612
0.47381809938973957
0.4309849025522026
0.3790754636306881
0.3278358767405548
0.25873555613774063
0.2514251230971301
0.26236056998546115
0.264767649008983
0.2490554815151044
0.23395677675898394
0.2016731299197534
0.17008068053330933
0.1392737663276273
0.10934235931995495
0.08037172439209715
0.05244210162743639
0.025628413765296922
1.8421884467606635E-16
0.02437962278192749
0.04745297037168263
0.06916877240348848
0.08948212364992625
0.10835460493099772
0.12575437327165606
0.14165622109465456
0.1560416043881084
0.18586491088533022
0.21390525833917212
0.25926578975814935
0.30759724226905805
0.3360114735835264
0.31092591980597895
0.3017582397773868
0.28836217103822537
0.28081090610143183
0.2803861071771992
0.27917542208395074
0.2851473017487302
0.2720595080691591
0.2662041128949007
0.2598342588943707
0.2607067853671363
0.26698974234317274
0.26783334295689376
0.28367568165850865
0.2538175979463323
0.2064653428284729
0.159743862877787
0.1321021182416229
0.10413347464621633
0.09130375337943754
0.07826434592779996
0.06509537670314797
0.05187566279556159
0.03868235100081227
0.0255905679826495
0.01267308518248822
4.548999324924267E-16
0.012361565328205015
0.02434774582752839
0.03589819564672845
0.04695632858088946
0.05746953627456676
0.0673893832471318
0.07667177800935215
0.08527711967004754
0.0811004723060901
0.07931102858686448
0.06703502216643203
0.044919466688303586
0.02575399267536039
0.04098801350595306
0.045800373799475255
0.05876846393038167
0.06772294055245975
0.06850814963817424
0.06689017642759638
0.0575610246904832
0.06448701875332262
0.06387960231003022
0.06089525174932151
0.05015172318798991
0.03696808107089512
0.03499649596786818
0.02613198800097527
0.045850807307625696
0.06381297752437258
0.06847117462775279
0.06620414140495494
0.06711710121238304
0.05913896231121431
0.05093822132600389
0.042567565380628454
0.03407978162745269
0.02552745768586301
0.016962687462071416
0.008436783880033152
1.2829813613801366E-15
0.00829874005959655
0.016412099049191203
0.024294572090917673
0.03190271856496248
0.03919537927375644
0.04613387787015435
0.052682205632238695
0.058807188768007564
0.0741522679772351
0.0893729738007995
0.12504843665682142
0.14126354851000503
0.14338199059305184
0.14103409892559451
0.1533213144369534
0.15146519887619628
0.1478176985090275
0.14847816410753517
0.1511410553065379
0.15818803678122803
0.1496972661193874
0.1454828967166951
0.14338329455944945
0.14517854418629636
0.14377111605085832
0.12601085611893148
0.1223434849961571
0.12220485227644526
0.11104816156951888
0.07589790399409013
0.06224008811694923
0.04963964052493503
0.043842373363555585
0.03785067190997207
0.03170319158088127
0.02543903139089803
0.019097499119954824
0.01271787797544152
0.006339196069147048
1.0255604122006097E-15
0.006261866202463043
0.012409475561785618
0.018407024902624837
0.02422003275573051
0.029815527373656364
0.03516222387760984
0.040230689627296895
0.04499349698177989
0.0509442619259495
0.059723659051363655
0.06901654266166914
0.06106387659572808
0.04975674054426201
0.03925971251884178
0.017165196264732802
0.015097140516044848
0.021024797568644796
0.021809797312437488
0.017464700935331985
0.009585890559352248
0.0169546076130022
0.020939740536259778
0.01976779994638504
0.0137498209027125
0.01740587619542832
0.042628429006347
0.05579102916028402
0.0651823537687606
0.07021295491302619
0.0589644911983933
0.04888902907510837
0.039489974235267074
0.03492661100534965
0.030194876749066412
0.025325216019946115
0.020348602879243453
0.01529635084488775
0.01019992261615914
0.005090740693765985
2.6022423073126725E-16
0.005041516417228928
0.010003617540091206
0.014856879372911495
0.019572813786123133
0.02412403027178592
0.02848438971977308
0.03262914937775078
0.03653509821676657
0.039638020319312024
0.04562086570884182
0.07339880118613772
0.06599127990805742
0.05221515814303878
0.05920992050760354
0.09120845859692767
0.10310336707514958
0.1043829693911716
0.1048838186054454
0.11041642795763959
0.11527474018801344
0.10967370104737108
0.10326679051693106
0.10198110791712335
0.09939478592915513
0.08516437063423318
0.050520993209778674
0.04382460154624901
0.05679633448593063
0.06432324816759717
0.03766539961586526
0.032973489865965676
0.03287863137833256
0.029106096167608644
0.025185915879488707
0.0211432144476096
0.01700365428408304
0.012793277347067885
0.008538345181071773
0.0042651788904568225
8.306482229205027E-16
0.004231226855954297
0.008402948491871894
0.012490174076164689
0.016468621510454643
0.020314858443546826
0.024006437118551206
0.027522022293952654
0.030841511525970523
0.04602348666330323
0.055825284071555195
0.06950832102625072
0.07532298425826776
0.07073172669795798
0.058967045976210476
0.02550935849124739
0.01110648989327251
0.012990641696977836
0.013535241436844985
0.009237139537930409
8.485883187982688E-5
0.009223763203965304
0.01340616931297312
0.012809422696493506
0.011476480205541293
0.02691582756754823
0.06032797518200433
0.07009422075123947
0.07512884729515937
0.06800924558585306
0.054103029747170725
0.0451334452621952
0.028245407809627986
0.025021011314592608
0.021665227760588074
0.018199480544476093
0.01464571546934214
0.011026264246839501
0.007363706582083728
0.003680731678741258
1.529989999054392E-15
0.0036559938856942044
0.007265056556970356
0.010805428289310044
0.014255912122851253
0.017595998694535753
0.02080598611094342
0.02386709417238755
0.02676157229694558
0.018524501399251835
0.01872274588585739
0.03726799966017064
0.03406352429670715
0.02641385402128378
0.019528110301801554
0.05158208408223222
0.07078689051014483
0.07691442081879604
0.07729273365282627
0.08518599732159168
0.08697139347093999
0.08463908823256262
0.07611929980243713
0.0751666982905126
0.0680579470796669
0.048043783681753084
0.017181736509057757
0.02535269141395296
0.030270535693128507
0.030530568712034134
0.01429347124148246
0.014159833726378423
0.02483035701418589
0.02200678902194904
0.019064718399569126
0.01602286105365599
0.012900431665655293
0.00971702395310707
0.006492489323494491
0.003246814662535155
7.864229674935608E-16
0.0032280632073134487
0.006417712443589688
0.009549632433254355
0.012604970668224708
0.015565449480291328
0.018413474000506767
0.021132235375584035
0.02370580864346532
0.04218926537328805
0.046814593336774915
0.05941465625193927
0.061160477618802826
0.05253417090650136
0.05575840283026183
0.033751030675724505
0.01706338844756706
0.012355065800460105
0.012902244304616749
0.009986868587793067
0.0031911406644284375
0.010025436732679735
0.012965646765572382
0.012450136889899472
0.017779048127987643
0.03408126205867238
0.052932585255276596
0.04708206039654806
0.054837318418045775
0.05615134063109834
0.04380746344761797
0.04074103309841518
0.022219107024001844
0.019700210362087616
0.017073170655952704
0.014354647114387624
0.011561772961431642
0.008712048594940694
0.005823233049988665
0.002913234433608711
9.42629093156498E-16
0.0028985934652983785
0.005764848289297917
0.008581352929305642
0.011331086723561546
0.013997521750362042
0.01656472119194239
0.019017433623293712
0.021341182673570006
0.007757631198366668
0.0105943048825944
0.011803963985498349
0.023823143968652018
0.02897238228416346
0.019182849854895843
0.03203921104361619
0.04720811884881795
0.05636697479384768
0.0566886130632425
0.06515691590590973
0.06356979143034949
0.0646967323608471
0.05581183951159717
0.055059274460640274
0.04530731033332185
0.03093867705344794
0.02157767056516531
0.030817793270941234
0.026336692177699298
0.008472624190099755
0.012111612971985016
0.0084040014868976
0.020166556388835986
0.017886055366203354
0.015505857279753827
0.0130410137122928
0.01050702679199533
0.007919752519504329
0.00529530236640965
0.0026499437508162487
1.7718064223701822E-15
0.0026382495895484123
0.005248668987355265
0.007815363359245417
0.010322775102730566
0.012755777411735296
0.015099764812140395
0.017340740130543635
0.01946539738242428
0.035984270672509866
0.033909440321834024
0.04344527802804245
0.02481140086337057
0.024178120834566226
0.03028805229695273
0.031098519451594257
0.023374945373465576
0.014956404578847494
0.015497667066459163
0.012664374313566722
0.011532977726817011
0.012764969054556884
0.01567780887592683
0.015232031077063167
0.02383007295520828
0.029977587379134467
0.025862672089866263
0.021041088006021367
0.017664212059744132
0.03958076421864083
0.030587706163733724
0.03385159556808672
0.018518518518519114
0.01642875242294233
0.014246258644900839
0.011984803983146572
0.009658584444421142
0.007282136745884436
0.004870248084484247
0.0024378647295425085
1.852272962229446E-16
0.002428357810784566
0.004832337001507915
0.007197272964719037
0.009508797076713342
0.011752923439937796
0.013916132957622791
0.015985454238324533
0.01794854084947593
0.013886167616378285
0.01700529315622969
0.011410620208003538
0.04445273810286835
0.034664062454438406
0.03829253184633113
0.029861852674800474
0.03202312891221432
0.04166712943507995
0.041980133684904934
0.048018435557666335
0.04325714156294947
0.047622568750916965
0.04140349045897409
0.04080742185022266
0.030969954462543713
0.030444063562510414
0.04097594000898511
0.03378965505516954
0.04847341445524364
0.013729907765163885
0.018040833731217544
0.01606798316419445
0.01717320964004203
0.015238710305112346
0.01321729184971269
0.011121676278227641
0.00896499579792644
0.006760710998608094
0.004522527309870008
0.0022643102517697386
1.1711511682653853E-15
0.0022564742107779264
0.004491279322589693
0.0066907628099757465
0.008841535644207157
0.010930553364366604
0.012945194766961533
0.014873337741863777
0.01670343180137357
0.027546908863678724
0.022052323394229696
0.02707948502405978
0.00933130872218164
0.01741634366588927
0.004973858549248323
0.019046856082183858
0.02576116993741685
0.018595629579250757
0.019052221193466164
0.017667373033141975
0.021431923666303025
0.017809745036633816
0.019204302740135553
0.018829430006344825
0.025719493820759984
0.017255725666317345
0.0027148453944386467
0.01856950725014169
0.011525824460016137
0.024034661215173517
0.0201300776560216
0.02496354625592019
0.01606079112866366
0.014254402945589993
0.01236597513684522
0.01040736837305481
0.008390836793719788
0.006328951709569408
0.004234523600872486
0.0021205228934405083
1.977337926574402E-15
0.002113994882374752
0.004208491728062271
0.0062706799041994735
0.008287986175757683
0.010248151021479282
0.012139302799508154
0.013950029315996995
0.015669446367281337
0.020777900185856426
0.018742310668662963
0.01944332543419868
0.05479367582719042
0.02363492091939436
0.049442649976153524
0.036795972438427325
0.02506066306609276
0.03289902828521783
0.0332183591196805
0.03347002529568371
0.026189140043944598
0.03314157179485849
0.03292186478283397
0.03245862157382899
0.02477075237183608
0.03777646017847874
0.049492973340638236
0.021053522616258636
0.05356926930644753
0.020293669138162777
0.01820489741462392
0.02208282705812554
0.015131808464328605
0.013432231125051958
0.011654737426117416
0.009810470346243143
0.007910951711346911
0.005968010510535218
0.003993709529247035
0.0020002707528286737
1.302310400586698E-15
0.001994788750869913
0.003971848879047991
0.00591907602093545
0.007824581895461041
0.009676766606715567
0.011464388985836784
0.013176634547166478
0.014803180649469526
0.017925743896223766
0.0184458176916032
0.017650348706024027
0.011083013073447874
0.025804923203320295
0.004432647313303642
0.0056997154055758135
0.023157936253505963
0.020688086099154717
0.021049174682631344
0.023386278441722474
0.03050658360591279
0.023522795890081993
0.021082497384179177
0.020742103445486913
0.022658308756079062
0.004388176253129791
0.0048530182789198965
0.026753072931532094
0.008965477411534839
0.01725232780593922
0.019057454656651537
0.015261801572582381
0.014350319253919148
0.0127404892762078
0.011056240820026372
0.00930811401278928
0.00750701513515962
0.005664148820685232
0.0037909485941294064
0.0018990061775885207
9.947992772828576E-16
0.0018943766504765365
0.0037724873907032906
0.005622823984445184
0.0074340766270632585
0.009195202845303431
0.010895494593689202
0.01252464314122986
0.014072801356568444
0.024178918549871357
0.014696276056945222
0.020585935035066637
0.03937995907604754
0.013532716680081694
0.04245105661474293
0.04262382814249226
0.024782043897679747
0.028833158833784605
0.029146031314616565
0.021813118692957444
0.01301277249470478
0.02156277478066176
0.029021333579125903
0.028649035737317686
0.025019210334885675
0.042872752304387154
0.040311897342645626
0.0135236634363902
0.03433589006674589
0.020001059522905786
0.013048620377268127
0.024473617975924795
0.013689633232425029
0.012155621864998519
0.010550164881389908
0.008883293100555197
0.0071653925487603545
0.005407139946448953
0.003619436553899942
0.0018133407843705072
2.1186515585234803E-15
0.0018094180900293162
0.003603794008245941
0.005372124644471813
0.0071035905320643
0.008787621854592876
0.01041396278139894
0.011972733741575814
0.01345449125935678
0.008710421135094047
0.02208761240256027
0.01927430836032915
0.011879849933474247
0.02475578952027334
0.013126657318972716
7.936472985933732E-4
0.01689345469673225
0.020136620636786798
0.020422043409671332
0.02817766876670439
0.03713839571550534
0.028275750152578664
0.0203230446419489
0.01999029790395897
0.016165468422304707
9.008244923737702E-4
0.015373110867112082
0.02308455510633498
0.015775999075955813
0.020217163939718296
0.0230160041808655
0.0066562486856009215
0.013129576318166122
0.011659817132512853
0.010121138014667139
0.008523137976577862
0.006875761877448117
0.005189238702482408
0.0034740182182275746
0.0017407063958136098
5.868203344745877E-15
0.0017373792535285142
0.003460750568360273
0.005159539561487364
0.0068233429806525804
0.008441992249954879
0.0100056154564701
0.011504697401001455
0.012930137348572129
0.024031535579807087
0.0077159484348580856
0.016349085161299508
0.014364492411845222
0.020168693143782248
0.028146077864464304
0.040662635465076744
0.028311149644734974
0.02703042152925619
0.027330019888986926
0.013564976198557684
0.004305385428370313
0.01340869057166071
0.027262256114328063
0.02692998841854054
0.028740617029314682
0.03979685189649547
0.02650646578109239
0.022294412066379086
0.010444038774941648
0.014985287643453523
0.006323829891509445
0.023445303500426465
0.012654679837931592
0.011239413419893197
0.009757366466512327
0.008217771418266514
0.006630198648218595
0.005004497114998339
0.0033507334073903435
0.0016791295566410034
2.9187556322106483E-15
0.001676311916875151
0.0033394975084840854
0.004979345999418554
0.006585807068179194
0.008149052303012222
0.009659535194490143
0.011108049299686514
0.012485784224259442
0.00481634201087372
0.024449727948779445
0.022665254485471995
0.028132638617923308
0.014379739090065785
0.026802957066155576
0.0025169712918548227
0.009720305051558497
0.017324368395751424
0.017573809043513657
0.031057237200524893
0.04035726465980526
0.03110011910768582
0.01739985353005431
0.017063627015519847
0.009072764573676844
0.00350102736564684
0.02814518874871362
0.013234333117426202
0.02953990173455509
0.022975802905820162
0.02437013477610515
0.005798243178350425
0.01225295098388491
0.010883816402473137
0.009449702303207377
0.00795953029847111
0.0064225533456002334
0.0048482984169543695
0.003246507573134214
0.0016270778027854252
9.733171051040325E-16
0.0016247025454915595
0.0032370357671768547
0.004827096171894779
0.006385131545153486
0.007901600640544964
0.009367231488448867
0.010773077968526107
0.01211057430154022
0.021006482093121455
0.006919995771180498
0.010389268642228937
0.005145597143241906
0.02951991070011553
0.02137806452342504
0.030950815297685466
0.03221929916637807
0.025813577576816113
0.026105971971008973
0.009519252728720272
3.1042203454949405E-4
0.0094784336115384
0.026049394331842158
0.02572916533589302
0.03250845092917554
0.029438552066995666
0.020945461348319
0.02977071740259355
0.0060933045203472435
0.009404132800592662
0.008401246584098543
0.01981755941151077
0.011915019650560915
0.010584747402738695
0.009190996056045462
0.00774242472715682
0.0062480185198705365
0.004717032902420207
0.003158936495763718
0.001583352625864096
3.629892524834414E-15
0.0015813671279526756
0.003151018935382099
0.004699309784053404
0.006216737382104772
0.007694000992689761
0.009122058333470408
0.010492180819396934
0.011796006812018256
0.009386165834958148
0.022410208686752767
0.022495268200522212
0.027181038918374426
0.012349015408330288
0.030103454779519045
0.012082267757173484
0.004636798983317202
0.014092083913049606
0.014360125802828203
0.03161683851970872
0.03981901890300595
0.031600821658966126
0.014242914974896402
0.013915759680209937
0.004337684852610808
0.013370347240592792
0.029494674421732446
0.012932652147237498
0.024897775591597577
0.021954467149749995
0.021243208616992526
0.010623797124611542
0.011633535736643528
0.01033571216539361
0.008975639047644939
0.007561755518894015
0.006102822496014542
0.0046078684891872465
0.003086133828989671
0.001547013652549837
1.9921143550921933E-15
0.0015453766227225376
0.003079605855299714
0.0045932559091452505
0.0060770314496944875
0.007521830580307822
0.008918800579129638
0.010259392048031326
0.011535411143217482
0.01632566125104169
0.013091914677625188
0.008722887218236105
0.0131697445573125
0.023382644106810044
0.01922825218558422
0.019131221973002547
0.03357884100468903
0.024744979586684715
0.02503135102075032
0.009865767236961387
8.195712649698253E-4
0.00991651158882162
0.02497998989009745
0.024668746698213374
0.03350031471064243
0.017866724486057615
0.01908025081862835
0.020785582088260784
0.015634207166030496
0.009251421056284669
0.014384203705608544
0.014986298802512194
0.011402737382911343
0.010131620185260943
0.008799235330317052
0.00741383991316002
0.005984009696889847
0.004518586115975454
0.003026621694952161
0.0015173242190142887
2.788124128657874E-15
0.0015160034130041636
0.00302135472647687
0.004506796245607568
0.005963200715945832
0.00738162731508771
0.008753376451609444
0.010070043035633582
0.011323567895699662
0.013039303501943945
0.01672232626469342
0.01921646240531854
0.01280001082944741
0.02060309649714743
0.02271137203638059
0.02084931211283037
0.0037701247074562708
0.013375410091089047
0.013680354290657323
0.029928151268553103
0.03577503060330426
0.029860422601358124
0.013745288771252407
0.01347491460324267
0.0039512744413737685
0.021565528932265744
0.021265164797457672
0.0228326392470079
0.009819558459149854
0.018307608688276123
0.01507544393989983
0.01359279129638091
0.011218138743398748
0.009968509378500917
0.008658364370339426
0.00729581313237966
0.005889281682093469
0.0044474606155390384
0.002979251493707074
0.0014937119704686917
5.605204419091807E-15
0.0014926825330964998
0.0029751464147114454
0.004438271585383184
0.005873063161212427
0.007270706647692463
0.00862262200837741
0.009920516256843297
0.01115643425042007
0.011967985440704806
0.01682616022128059
0.011762863160834447
0.024651394129881612
0.008299839559662467
0.019506521143590583
0.01196806065592741
0.030858652180499928
0.023685180225353333
0.023954317973136147
0.012831668306752505
0.005155138217448582
0.012925019073511713
0.023893091617168405
0.023594766733299136
0.030357381229484073
0.01161618787980367
0.019678986573976976
0.0064217578090285795
0.026024066998225574
0.0124138704962502
0.017102699703667474
0.011197379232851645
0.011076303439812522
0.00984334631362481
0.008550408863448218
0.0072054844060955685
0.00581688182023862
0.004393174290421215
0.002943146454460117
0.0014757402795413765
6.047196761512726E-15
0.0014749835446440317
0.0029401288293648556
0.004386419477515059
0.00580495966612957
0.007187028762766609
0.00852413485865827
0.009808066870158094
0.011030944889174955
0.014086555247082844
0.0110490343507067
0.015558571017142631
0.00456196184325298
0.029557780739607246
0.014861876022446825
0.023296561662233168
0.007644434425685022
0.015937934676682572
0.01624064926301402
0.026451142175807487
0.029000811756990503
0.026347229744603937
0.016412261363916745
0.016196982263802298
0.008259368974954516
0.023076895999762197
0.014333389815975124
0.0294967345188965
0.00575739252131797
0.015003163759885483
0.010441494999684902
0.013934369384941848
0.010974681112939234
0.009753882125000304
0.008473430582413973
0.007141233191079729
0.005765512186420421
0.004354754658461693
0.0029176602675248867
0.0014630876723684522
4.451825491554052E-15
0.0014625903074033224
0.0029156769298892393
0.004350315050566104
0.005757676340102457
0.00712910320722274
0.008456161982299834
0.009730694707835403
0.010944869218244616
0.010595290917580616
0.01632008952419568
0.013817125602642437
0.02586035919808265
0.0042489742156404525
0.019419898568973467
0.012551140796892
0.02433802384361887
0.02215546151694743
0.02239479983209368
0.017039061137454535
0.01223135616358714
0.017154064622071277
0.022293053317654538
0.02200423269591835
0.023538797810054298
0.013096578299213048
0.019054084699142212
0.005797859585510767
0.024459243978292165
0.013979623480380293
0.015583109454169299
0.01087126122034326
0.010911491925411201
0.009698550779602147
0.008426082790695117
0.007101936019157345
0.0057342750353465794
0.004331530647314492
0.00290234800185607
0.0014555333780403642
6.59718426450432E-15
0.0014552867977830485
0.0029013647161442208
0.004329329608804742
0.005730390233529186
0.007095922300628016
0.008417521487006375
0.009687055090147606
0.01089671200536603
0.012845304852316717
0.011560005207403834
0.014122182214670162
0.013473768164883044
0.021441611585056305
0.015166613406891823
0.019104334491848736
0.015050324436449762
0.01937769573433629
0.019668125038904406
0.02191479853161175
0.020677134758772732
0.021795060977657994
0.019825136955991494
0.019612878147413266
0.01589703221940276
0.01831720951209764
0.01575781799774551
0.018573527025328877
0.01582125436697524
0.014084921186258663
0.012559656739186228
0.012269513584411154
0.010885648950798153
0.009676400843695667
0.008407551610458582
0.0070869176238659605
0.005722633777812947
0.0043231034464564
0.0028969467941660962
0.0014529477539610444
