1.0
0.9989725854527267
0.9958941397184448
0.9907760398146912
0.9836371918337661
0.9745039478168517
0.9634099899352729
0.9503961825331814
0.935510392739227
0.9188072805050691
0.8733735273957329
0.817555207584701
0.8048313741129176
0.7279464741266958
0.684985869912671
0.6411407745885734
0.6045475391298623
0.5492438171259723
0.5102853342746744
0.4802014327276838
0.4402578172930978
0.41801089180488676
0.3862125406961848
0.36427176681337564
0.35852733199324366
0.3362483791465332
0.3211745943581549
0.30776195306082094
0.32274852403522325
0.28376892826763433
0.27942703125178564
0.26683328132118733
0.23395677675898274
0.20167312991975317
0.17008068053330994
0.1392737663276272
0.1093423593199549
0.08037172439209701
0.052442101627436594
0.025628413765296808
1.300243618598657E-16
0.024379622781927634
0.04745297037168249
0.06916877240348797
0.08948212364992622
0.10835460493099831
0.12575437327165614
0.1416562210946543
0.1560416043881079
0.16889863993921203
0.19070316693980643
0.21464396370953656
0.22134169438736373
0.2586595987253506
0.28251934759393516
0.3007837444696876
0.3168157805002913
0.3398923538695391
0.35454279074162487
0.352536693927189
0.35693753473325857
0.3419438786911448
0.33328044302533616
0.3068710473558978
0.27438852427154115
0.2467500626510645
0.2199650578301344
0.18731610827331804
0.15641714871051537
0.1395999365346121
0.12664440514947647
0.11667245240793676
0.10413347464621668
0.09130375337943727
0.07826434592780009
0.0650953767031477
0.051875662795561286
0.038682351000812576
0.025590567982650258
0.012673085182489276
0.0
0.012361565328205334
0.02434774582752892
0.035898195646727846
0.04695632858088991
0.05746953627456685
0.06738938324713174
0.07667177800935343
0.08527711967004914
0.09317041956355235
0.11457563301765693
0.13647899275943656
0.13454150905250564
0.14834431274012103
0.13446137593685267
0.12734479054813164
0.10981930632980837
0.09579513814810123
0.07231156689899797
0.06959940277173633
0.06301752443570412
0.07100176120486804
0.0753812000054151
0.1019612674183269
0.11703941483933378
0.13748392324308178
0.14564375274145916
0.15845912393457015
0.13243408492639416
0.13586255991487645
0.10442260101764012
0.07482035430154818
0.06711710121238194
0.059138962311213635
0.05093822132600415
0.042567565380628204
0.03407978162745242
0.025527457685862842
0.01696268746207179
0.008436783880032458
3.296634521215672E-16
0.008298740059596769
0.01641209904919361
0.024294572090918055
0.03190271856496205
0.03919537927375531
0.04613387787015416
0.05268220563223842
0.058807188768006106
0.06447863753738821
0.04614540444610481
0.0334521506864012
0.036576767185044164
0.013482899240152049
0.016543588196251038
0.018518518518516974
0.03457626643208575
0.04401705595890415
0.07676844703915149
0.08383220505160041
0.0890985653525693
0.08013927177761924
0.06888419517905313
0.031692803330969195
0.02138190194808111
0.020280053239075033
0.02646004568657451
0.028463890617236167
0.03154688469593644
0.035256626733653665
0.04188579901238852
0.055204496560858775
0.04963964052493944
0.043842373363555016
0.03785067190997431
0.03170319158088264
0.025439031390900417
0.019097499119956757
0.012717877975441433
0.006339196069147881
1.107366460230117E-15
0.006261866202463817
0.012409475561786065
0.01840702490262476
0.024220032755730904
0.029815527373658498
0.03516222387760848
0.04023068962729771
0.04499349698177917
0.049425362699366794
0.06941674846343115
0.09435411700656848
0.09923057934332086
0.1539720354543219
0.17021836208602623
0.17118884179432672
0.15877603264189033
0.15279316740333762
0.12058912252375868
0.11088319347886537
0.10286767249946169
0.11032394180840442
0.11981393255477976
0.15111307270410032
0.15599873856400134
0.1648426008032319
0.16083542480959778
0.1361954410933337
0.08143721573035183
0.07017013703018274
0.05336801860950864
0.043855240091815996
0.039489974235265346
0.034926611005347406
0.030194876749063362
0.0253252160199435
0.02034860287923978
0.015296350844880808
0.010199922616161474
0.00509074069376486
7.263853024837536E-16
0.005041516417229146
0.010003617540091632
0.014856879372912437
0.01957281378612175
0.024124030271785234
0.028484389719773205
0.03262914937775067
0.0365350982167688
0.040180681986826706
0.05010012113135109
0.05143372095100324
0.04596751686483352
0.022502935562421632
0.026411918857986088
0.02883393939717071
0.019897788349531927
0.01393353993658237
0.025743353695963672
0.041643564552329426
0.04484891415989934
0.04262568478964462
0.02746151917775437
0.01232826674351501
0.015306216838010575
0.021395533500671582
0.01765283684850609
0.033862963238705746
0.05626260650023281
0.06222660016153979
0.05364575802229157
0.03647909300014392
0.032878631378331136
0.029106096167606753
0.025185915879488634
0.02114321444761011
0.017003654284083052
0.012793277347069669
0.008538345181072061
0.004265178890457314
5.527502365882042E-16
0.004231226855953925
0.008402948491873079
0.012490174076164309
0.016468621510457977
0.020314858443544442
0.02400643711855249
0.027522022293950996
0.030841511525970238
0.03394614715005898
0.024235668240522003
0.03341908673695425
0.02801303820161609
0.02301876302189613
0.05560751633225659
0.06644706581687823
0.0740710490252996
0.06665833590977718
0.04345027111627543
0.025828244081705292
0.023699533601473352
0.023146893562141578
0.038169141805057615
0.057721186079526456
0.0628074651112446
0.051543973302668404
0.03690012090783963
0.015779536269823015
0.03045233732700882
0.03917591452098994
0.027777777777778494
0.03131765050089918
0.02824540780962705
0.025021011314591037
0.021665227760589868
0.018199480544475635
0.014645715469341366
0.011026264246838821
0.007363706582085574
0.0036807316787434417
4.620180095204626E-16
0.0036559938856946168
0.0072650565569732555
0.010805428289309658
0.014255912122851818
0.017595998694535892
0.020805986110943666
0.02386709417238723
0.026761572296947218
0.029472800534867883
0.0485788221393185
0.0660732291866946
0.07219070136753827
0.09916879735886847
0.07851965475800622
0.06548823354170827
0.05913011279908415
0.07198274074840508
0.09554095780456877
0.1145472223069534
0.11937770440385836
0.11612118150491035
0.0985986499696853
0.07593578552252934
0.06368593712926285
0.07051925020982296
0.08563483569282047
0.10161627118050816
0.06522103517263349
0.05472022713422307
0.039549840390190306
0.027517322639366817
0.024830357014182458
0.02200678902194862
0.0190647183995657
0.01602286105365907
0.012900431665656098
0.009717023953107999
0.006492489323494112
0.003246814662533586
8.85210717207196E-16
0.0032280632073145164
0.006417712443588056
0.009549632433253886
0.012604970668224259
0.01556544948029229
0.018413474000505234
0.021132235375584108
0.02370580864346295
0.026119244705546846
0.03299047324585712
0.02764510040916378
0.02689222383338036
0.03406634265212892
0.02978200857079746
0.01798852078377738
0.008787715674245715
0.00864046066512035
0.04648075470714035
0.06327201509723764
0.06557838181735617
0.06372139435495801
0.047202576366559834
0.008933771465976292
0.008981463859896736
0.01756697615685903
0.028472539231821796
0.02607123259908129
0.027001555104174558
0.027272122686895613
0.03376174398723111
0.024613779935094265
0.02221910702400798
0.019700210362086967
0.017073170655952877
0.01435464711438916
0.011561772961427437
0.008712048594942996
0.0058232330499896285
0.002913234433607095
2.040055789419673E-15
0.002898593465300957
0.0057648482892958975
0.008581352929308407
0.011331086723559388
0.013997521750358653
0.016564721191942317
0.019017433623295218
0.021341182673570065
0.023522351538324743
0.01997698096087406
0.03103647311766962
0.026051767994236114
0.06121360183324546
0.06593645952285385
0.04871985687778689
0.04817285876756808
0.06439850156439962
0.09571685237552623
0.11307040457108687
0.11065039062930204
0.11133312474861427
0.09237615696064418
0.059352566056694006
0.04159693045950341
0.04063328446884442
0.05554400944449871
0.048873324509577494
0.02647033096948402
0.03466487033810132
0.026089901076967105
0.0223328536566802
0.020166556388834127
0.017886055366205012
0.015505857279752136
0.013041013712294627
0.010507026791998164
0.007919752519503007
0.005295302366409345
0.002649943750817189
3.12810606477081E-15
0.0026382495895503452
0.00524866898735588
0.007815363359246593
0.010322775102726566
0.012755777411735076
0.015099764812143528
0.017340740130549863
0.019465397382424712
0.021461200092842716
0.03564280743426765
0.03762912412410146
0.04589869848582351
0.03154486571405328
0.02647190846691243
0.04232501390676088
0.0492323554959334
0.03594406841966621
0.018325510639275976
0.027417994492450894
0.019999455304474754
0.02641797200525098
0.019054681608113064
0.040790360238371765
0.0551202539706692
0.04762732533949657
0.03299930542647898
0.04085943816478682
0.04553431168911554
0.035124023682097084
0.03145400218462213
0.020502305557445456
0.0185185185185179
0.01642875242294054
0.014246258644904473
0.011984803983146507
0.009658584444420847
0.007282136745882122
0.004870248084482412
0.002437864729540324
8.92050049136532E-16
0.002428357810792905
0.004832337001501583
0.007197272964716604
0.009508797076710911
0.011752923439940197
0.01391613295762008
0.015985454238321
0.017948540849478157
0.01979374446276193
0.03168929065663947
0.02553531580562332
0.030437093496176574
0.021527529590593453
0.0166296890853005
0.019819807558878307
0.024205387316142635
0.011116652792969361
0.018985709605110476
0.02265898909446662
0.020166715189402124
0.02080729363442781
0.018324895745377615
0.013312382864507253
0.027031599047731676
0.020575637153530862
0.016536425091525087
0.019871682613076102
0.026961630654028988
0.018957107580809755
0.027962002545146827
0.019008557644273217
0.017173209640045286
0.015238710305110436
0.013217291849717039
0.011121676278229731
0.008964995797927944
0.006760710998604231
0.004522527309873678
0.0022643102517677324
1.3024195763162687E-15
0.0022564742107742605
0.004491279322588959
0.0066907628099700306
0.008841535644205607
0.01093055336436302
0.01294519476696131
0.014873337741865852
0.016703431801371793
0.01842456687080099
0.01578091991375598
0.029464652713442358
0.02445345156454716
0.05688738376882744
0.04155292965986072
0.04870219836499643
0.07302398133607685
0.0693712337752508
0.06823522725415883
0.06018505372236675
0.07143133505486818
0.06082322371479811
0.0692679852856424
0.0683374824067267
0.07018308514313447
0.04381196919328921
0.03749537751880359
0.05565220473935489
0.022150802673611913
0.030049822873806753
0.022094139399254153
0.017773746605168422
0.016060791128661708
0.014254402945590505
0.012365975136840008
0.010407368373057738
0.00839083679372043
0.0063289517095674805
0.004234523600867995
0.0021205228934396024
1.8507466235101093E-15
0.002113994882375421
0.004208491728060703
0.006270679904201378
0.00828798617575305
0.010248151021481708
0.01213930279950841
0.01395002931599893
0.015669446367280113
0.01728726284573337
0.023182398370667826
0.013894809809318847
0.024377471584083075
0.005607098034624392
0.021554347612262895
0.02218142279189492
0.020905584164380334
0.013639346194894368
0.033791686325794344
0.02084562577584942
0.04140866624999384
0.020604058431384166
0.03306851729175522
0.012698455643014967
0.020033210738999163
0.026374770082623025
0.025233974368164023
0.0025548333230474697
0.025175299035225106
0.016124138905463072
0.022346729084321282
0.016742774869492633
0.015131808464322397
0.013432231125054712
0.011654737426116144
0.009810470346247688
0.007910951711349416
0.00596801051053526
0.003993709529243933
0.0020002707528315616
2.078525952474647E-15
0.0019947887508718373
0.00397184887904683
0.005919076020935778
0.007824581895464651
0.009676766606714633
0.011464388985834203
0.013176634547166789
0.014803180649465097
0.01633425847110514
0.033742114240060246
0.019840182265471056
0.02632244766783268
0.03626034383998272
0.016514544120701646
0.017738441535780244
0.022324770463069566
0.03215267872017199
0.04948851891386057
0.04784733250644826
0.06287348427378181
0.046955457625989315
0.04726612754359501
0.029042809853178468
0.017274743287052138
0.019473331622806442
0.016771873681684923
0.029979238675075702
0.02514006776146569
0.015443583556335887
0.030140445647538594
0.015875622498043605
0.014350319253918277
0.012740489276204008
0.011056240820030611
0.00930811401279014
0.00750701513515696
0.005664148820689125
0.0037909485941314135
0.001899006177589724
3.3643071727526486E-15
0.0018943766504768986
0.0037724873907034892
0.005622823984444237
0.007434076627063272
0.009195202845307731
0.010895494593688904
0.012524643141225925
0.014072801356563013
0.015530643016464656
0.011450362725023425
0.026311942493653435
0.019205080286739375
0.024340796540513132
0.036905824700949774
0.047845740962948
0.04029902015380662
0.02941722663218558
0.019329025508886117
0.015214020219489977
0.022035568112064082
0.01575339277965041
0.019909412026101483
0.03019833709638716
0.04142602697042744
0.047697232970371976
0.03543172008705266
0.029530970211011056
0.018333302301835146
0.026387111229766447
0.01605046304499246
0.01514258584455321
0.013689633232424177
0.01215562186499131
0.010550164881395045
0.008883293100557313
0.007165392548760899
0.005407139946444108
0.0036194365539034515
0.001813340784365797
6.263009683950454E-16
0.0018094180900306797
0.003603794008244589
0.005372124644471714
0.007103590532063939
0.008787621854598358
0.010413962781394821
0.011972733741579235
0.01345449125936048
0.014850284989618729
0.012811262285261233
0.014576606340572153
0.01826327195114825
0.007061859678209778
0.016500241763549927
0.022734412711317886
0.015991646882966597
0.014961552695286104
0.0203225791947709
0.024351066826577315
0.034946591304483236
0.024142092410250008
0.020045136123254623
0.015608694833843556
0.01713708637348229
0.021396918221251313
0.01685985910999358
0.006965423248328942
0.017480385187762695
0.017879734279463207
0.011666107936561818
0.014521222122824263
0.01312957631816573
0.01165981713251007
0.01012113801467262
0.008523137976576693
0.006875761877443751
0.0051892387024757465
0.0034740182182230665
0.0017407063958173065
1.2857072842998026E-14
0.0017373792535204046
0.003460750568359252
0.0051595395614874974
0.006823342980649609
0.008441992249955343
0.010005615456474338
0.011504697400992477
0.012930137348572833
0.014273304129174711
0.03278771449383798
0.012849061750824245
0.01877160248729939
0.038292900279231594
0.018586910756517742
0.03167442619879287
0.026914927251072446
0.02115731064105343
0.023659120413895333
0.022567483245448414
0.019244059292538966
0.022433402397205295
0.023217191283526
0.02004853949210472
0.02375908637445813
0.029044107951793904
0.01708026272527374
0.036113849558470586
0.018016824974405262
0.008429991978521432
0.03190766373599301
0.013994328584076595
0.012654679837934467
0.0112394134198946
0.00975736646650588
0.008217771418261141
0.006630198648207193
0.005004497115003419
0.003350733407391557
0.0016791295566491607
4.537627625450098E-15
0.0016763119168713007
0.0033394975084844124
0.00497934599942431
0.006585807068187017
0.008149052303014059
0.009659535194484897
0.011108049299672367
0.012485784224257498
0.013784379082909786
0.0071817663928294105
0.025472069252662478
0.01771996795063327
0.010495106745316953
0.026816879066210705
0.017413991583608474
0.028573270617398883
0.029413905873525846
0.02257373337003272
0.021551119823690793
0.035199611894370986
0.021573565904151538
0.022887164803599064
0.030105392316312013
0.029414070139097415
0.017707194060270715
0.027820666150083235
0.012623301804154195
0.01818440624014608
0.02359250626776174
0.00966651497672324
0.013548571158445162
0.012252950983885881
0.01088381640248899
0.009449702303208872
0.007959530298462445
0.006422553345600283
0.00484829841696464
0.0032465075731349896
0.001627077802791715
9.957182413880934E-15
0.001624702545499003
0.003237035767176094
0.004827096171887977
0.006385131545139928
0.007901600640542362
0.009367231488450846
0.010773077968526971
0.012110574301551158
0.013371587129263637
0.012862939827919775
0.016203443058607072
0.015476845090443567
0.01799143071442923
0.017954779572819754
0.019626679328378974
0.011033588931218826
0.022437138360116606
0.01835617707618409
0.0231918161534217
0.020323429064550844
0.023337509909083252
0.018352093612223962
0.023166730878920527
0.01241574832013487
0.0192297321708628
0.017964874663586622
0.015744987470055132
0.016105143737075812
0.021340610039496843
0.005814138211847049
0.013173533359924251
0.011915019650550595
0.010584747402746453
0.009190996056051488
0.007742424727150635
0.006248018519873794
0.004717032902418056
0.0031589364957626434
0.0015833526258747165
4.76403525659635E-15
0.0015813671279523837
0.003151018935391548
0.004699309784062084
0.006216737382101028
0.007694000992689656
0.009122058333465851
0.010492180819406453
0.011796006812015909
0.01302559255093334
0.027777777777775434
0.007003896965255769
0.014039206427877565
0.02138313634197788
0.02554711819440243
0.01853617866578982
0.022766605416023357
0.024517020083400915
0.020632062676147346
0.01295629773911781
0.021387509909523907
0.012574840703939764
0.020179171415414542
0.023241616990243002
0.020771857574379788
0.01859518413377929
0.02457691008674377
0.02161693627876595
0.012091143279870832
0.0028630050137033814
0.029672148332416663
0.012861044675944283
0.01163353573664607
0.010335712165392264
0.008975639047649486
0.007561755518894124
0.006102822496014624
0.004607868489186639
0.0030861338289860014
0.0015470136525566544
8.961495861253895E-15
0.001545376622719052
0.0030796058553015098
0.004593255909154435
0.0060770314496929835
0.007521830580311116
0.008918800579128644
0.010259392048034255
0.011535411143221451
0.012739069568691228
0.0018430759162416147
0.02895504112501472
0.024789771759693085
0.021251158203262156
0.017027719540000565
0.017391291816113076
0.02599109083276189
0.027220989735610185
0.023021463848863638
0.0338666668308902
0.029305290512651676
0.03425191626468733
0.023533510188950186
0.02688761844452832
0.02689602704273066
0.017213470065098532
0.016941984209539674
0.02215659692146672
0.02611335917677539
0.025927275297545356
0.0037640808775851013
0.012604699581222982
0.011402737382910881
0.010131620185270114
0.00879923533031273
0.0074138399131604095
0.005984009696897873
0.00451858611596941
0.003026621694955818
0.0015173242190164298
2.320619883962448E-15
0.0015160034130005298
0.003021354726477306
0.004506796245604071
0.00596320071593969
0.00738162731508471
0.008753376451611396
0.01007004303563828
0.01132356789569791
0.012506287027606573
0.01926551534319425
0.010183776478505333
0.00848242763595723
0.015794917932653346
0.020604143046411127
0.020683232603841882
0.0092422165515181
0.015500879097467626
0.020215635373615325
0.020011006505864265
0.0328336703803926
0.02018014638887041
0.020239581257410804
0.016472728442268113
0.01036849281633528
0.02113653410306883
0.020031561557993446
0.015074934386599707
0.009264231239971133
0.01577763573572266
0.013882368743126546
0.012399509771529189
0.011218138743394382
0.009968509378503401
0.008658364370328834
0.007295813132387053
0.005889281682088932
0.004447460615536528
0.00297925149369661
0.0014937119704637697
5.095096065769263E-15
0.0014926825330983404
0.0029751464147080454
0.004438271585391628
0.0058730631612112175
0.007270706647695182
0.008622622008378877
0.009920516256841995
0.011156434250420826
0.012322807374815458
0.019953375259916195
0.007113077887830155
0.01654393562505019
0.014357587473040494
0.01654323429263457
0.01831829409847527
0.024596750774780626
0.011935011306114556
0.020830023364714356
0.03493809105921093
0.04180704299266462
0.03445878009872191
0.02007046560374772
0.010207043926803506
0.023512749292211057
0.01851851851852202
0.016500123699949635
0.01136982142052143
0.01156760885946754
0.0054389598926861925
0.02340001141112781
0.012241651830625071
0.011076303439821394
0.009843346313632836
0.008550408863449323
0.007205484406088968
0.005816881820226136
0.004393174290417427
0.002943146454456816
0.0014757402795334625
8.618966127654215E-15
0.0014749835446515758
0.0029401288293667113
0.004386419477502109
0.005804959666126455
0.007187028762770277
0.008524134858664654
0.00980806687014608
0.01103094488917108
0.012185268474436859
0.005767292570542723
0.02749805788076264
0.02665431353406203
0.02819113770523614
0.016537284772861198
0.021043787935945527
0.02572972765915118
0.034567410174325325
0.025779523640226197
0.011899710481390713
0.025246733117406932
0.012402289439611277
0.027644993382437928
0.03554260677129441
0.02685686290802064
0.020434470064422422
0.01658337168054015
0.030931917930031878
0.030431133788068852
0.026535556351184257
0.0037266598172436523
0.012128285123695544
0.010974681112932908
0.009753882124998557
0.00847343058240352
0.007141233191075601
0.005765512186419195
0.0043547546584636835
0.002917660267527125
0.0014630876723614422
3.4784459993430456E-15
0.0014625903074001886
0.0029156769298853743
0.004350315050562295
0.0057576763401019715
0.007129103207220816
0.008456161982296748
0.009730694707835746
0.010944869218241922
0.0120912272018633
0.022631964408503433
0.004878788767974705
0.0041899140146282035
0.00521496831511539
0.020208346967945132
0.01750497704458164
0.015420930059430748
0.011035797486439175
0.044797707383805216
0.03356975763131592
0.018525592440911186
0.03437044789926048
0.04718615509158086
0.012261583303285044
0.015096450518891252
0.01731867587549358
0.021551252791430896
0.003834895561934626
0.0027420802870680213
0.00773612586974297
0.020702032653999957
0.012057423013997922
0.010911491925407815
0.009698550779604471
0.00842608279069788
0.007101936019151581
0.0057342750353520135
0.004331530647311278
0.002902348001850551
0.0014555333780314854
2.0554905736331578E-15
0.0014552867977801317
0.002901364716130967
0.004329329608796115
0.005730390233518451
0.007095922300627668
0.008417521487007603
0.00968705509015794
0.010896712005374303
0.012039050719152806
0.011319665423364244
0.01900580955229663
0.02552504978925047
0.025347096636057664
0.02326126015528158
0.017180869126758865
0.024248637231663046
0.031573848792272846
0.06492772981263774
0.04726212203254973
0.025066599212767066
0.04771689564737725
0.06580040097193372
0.03016552793491586
0.022832513132566325
0.017124102977582083
0.024227561037192005
0.02062099570717741
0.019768973935080338
0.017800037352418065
0.014709491888841679
0.012027846164579987
0.010885648950793608
0.009676400843690874
0.008407551610460974
0.007086917623863729
0.005722633777819759
0.0043231034464495345
0.00289694679416114
0.001452947753971257
