1.0
0.9989725854527317
0.9958941397184481
0.9907760398146912
0.9836371918337693
0.9745039478168527
0.9634099899352763
0.9503961825331816
0.9355103927392292
0.9188072805050699
0.9003480590739805
0.861925593570582
0.8035070559240995
0.7358363204455514
0.6031704948765026
0.5334385357701638
0.4637465214119714
0.42756458759221505
0.3912960995844946
0.38122111317574037
0.3437953671875114
0.3216735552696961
0.27236232227552665
0.24921778736225778
0.22701773112522958
0.23460103509150917
0.2429533734400367
0.31105316430740965
0.3159475737701717
0.317163782324019
0.30020068627509655
0.26683328132118755
0.23395677675898321
0.2016731299197532
0.17008068053331005
0.1392737663276272
0.10934235931995467
0.08037172439209696
0.05244210162743614
0.025628413765297058
0.0
0.024379622781927138
0.047452970371682286
0.06916877240348819
0.08948212364992596
0.10835460493099791
0.12575437327165578
0.14165622109465445
0.15604160438810863
0.16889863993921217
0.1802220718765295
0.20401081382880898
0.2441087211524153
0.2702933705532728
0.34770663824272785
0.3750514810640649
0.39330484428797136
0.398515661315534
0.3941990866486464
0.3708249740105792
0.36264902715573727
0.3554520805273186
0.36325485448448025
0.35360560990961487
0.33428919173323274
0.31013485413018405
0.27899744215190475
0.2105068773896955
0.19150723601036138
0.1512519295152286
0.1288390805231732
0.11667245240793674
0.10413347464621622
0.0913037533794379
0.07826434592780018
0.06509537670314794
0.051875662795561585
0.038682351000812146
0.025590567982649498
0.012673085182489103
5.844791552881913E-16
0.012361565328206026
0.02434774582752845
0.03589819564672768
0.046956328580889536
0.05746953627456578
0.0673893832471313
0.07667177800935326
0.08527711967004856
0.09317041956355207
0.10032139756208518
0.1037499563218759
0.09136108071650963
0.09870400494317354
0.08692538302354333
0.09061170784502072
0.10555972784311543
0.10306538538190146
0.11098923619191792
0.12677682728120968
0.13071781004014407
0.12982653821401158
0.1183851889243433
0.11446448046148333
0.12015608189180851
0.10563985731499627
0.10120145998981138
0.09656875325360684
0.08361646647954166
0.09131223022731431
0.0821971468073982
0.07482035430154821
0.067117101212382
0.05913896231121319
0.05093822132600413
0.04256756538062749
0.03407978162745263
0.025527457685862225
0.016962687462071274
0.008436783880031155
1.0987782520365148E-16
0.008298740059595846
0.016412099049193492
0.024294572090917527
0.03190271856496236
0.039195379273755805
0.04613387787015425
0.05268220563223883
0.05880718876800607
0.06447863753738882
0.06966947658610742
0.07050980032790925
0.08745245955669227
0.08494039556786828
0.07259492940266181
0.0522700860560832
0.04140692628770585
0.05137344228930128
0.044975713158582224
0.03821222256598106
0.04775467790724353
0.0373686823752981
0.042837768375245625
0.049603389067285425
0.03916011283029986
0.044722090746598456
0.06586428613069154
0.07901309480029367
0.07134951272786567
0.057320765631599095
0.06049987700365132
0.05520449656085752
0.0496396405249384
0.043842373363555155
0.0378506719099734
0.03170319158088262
0.025439031390901302
0.019097499119958235
0.012717877975440129
0.006339196069148184
1.5371033735657202E-16
0.0062618662024638
0.012409475561784473
0.01840702490262321
0.024220032755729225
0.029815527373655892
0.035162223877610754
0.040230689627297374
0.04499349698177949
0.049425362699366704
0.053503273308291015
0.07227695428626028
0.07076791324330138
0.06615887445980057
0.10929669303814697
0.1133011066136241
0.11425818110112657
0.11406261109908668
0.10071920518661134
0.08733491075972137
0.05990419195428618
0.08353473173720798
0.09347528697424379
0.10331968043034631
0.09961129182216495
0.09937236216967764
0.0941157602717922
0.05308119910642872
0.06827589684948035
0.06868331551427583
0.047993586651201056
0.04385524009181612
0.03948997423526258
0.03492661100534952
0.030194876749063605
0.025325216019945227
0.020348602879239078
0.01529635084488413
0.010199922616159929
0.005090740693765178
4.1978400812938726E-16
0.005041516417228214
0.01000361754008973
0.014856879372913391
0.019572813786122117
0.024124030271787986
0.02848438971977381
0.03262914937775287
0.03653509821676918
0.040180681986826665
0.04354611731320042
0.02903519128868742
0.0360446840619273
0.06918557075658786
0.05546676545383458
0.057240419173855646
0.07041471296021
0.0713512436269263
0.07881478374890138
0.08889234282245687
0.11688030207532779
0.08910216043628884
0.08086669015332192
0.07602705895013982
0.07837611077178466
0.06884825047615988
0.06501932329367793
0.07037473271697932
0.03616323945723638
0.026089746523995785
0.039883901941637746
0.03647909300014399
0.032878631378328665
0.029106096167604553
0.02518591587948837
0.02114321444761018
0.017003654284082646
0.012793277347067105
0.008538345181071562
0.004265178890453868
1.5041776522940386E-15
0.004231226855953017
0.008402948491873924
0.012490174076164895
0.016468621510456197
0.020314858443542708
0.024006437118554012
0.02752202229394934
0.030841511525970127
0.033946147150061154
0.03681861935330108
0.05519561113834337
0.05673365669726066
0.05400891312120813
0.05287771075079293
0.06926531298542067
0.06232401374782343
0.0563661751207244
0.06118209779135825
0.05176461469854622
0.03744932555073802
0.054427971311800896
0.06473535506380186
0.06090454426348027
0.06803192361605763
0.07572639710419223
0.06393524825825914
0.062450662477404786
0.053378181598533955
0.0506315478610865
0.03421776046338266
0.03131765050090054
0.028245407809626765
0.025021011314590766
0.02166522776058808
0.01819948054447583
0.014645715469341828
0.01102626424683969
0.007363706582087336
0.0036807316787424546
1.3428703075957587E-15
0.0036559938856934623
0.007265056556970358
0.010805428289307894
0.014255912122850717
0.017595998694535004
0.020805986110943746
0.023867094172386416
0.02676157229694472
0.029472800534867675
0.03198538310893826
0.030429609834088704
0.049681152298629794
0.06891976573818107
0.11193076484870454
0.09585193500343334
0.0781488124185666
0.06850981436905063
0.05613935914573255
0.04246587441332124
0.04347656027532782
0.04393375267825967
0.05389513927312649
0.0630932268102723
0.07086219016667546
0.08863093178174716
0.11021024493238203
0.062480456806824604
0.05222426419362226
0.03308731829356325
0.0300503166550563
0.02751732263936885
0.02483035701418505
0.02200678902194982
0.019064718399565268
0.016022861053659417
0.012900431665656626
0.009717023953106944
0.006492489323494175
0.003246814662535322
8.584163735885315E-16
0.0032280632073177157
0.0064177124435877775
0.009549632433257897
0.012604970668225248
0.015565449480292993
0.018413474000509265
0.02113223537558399
0.0237058086434679
0.026119244705547245
0.02835865587171264
0.03305738850364877
0.03816788721901068
0.05538694280861667
0.06615983038507267
0.06344751814888973
0.07911098554981061
0.08350868521878076
0.09973372946737194
0.13582905722054367
0.15591964269538663
0.13520263955716366
0.0979923824241066
0.08268222558559396
0.0768268487359747
0.05715777787501056
0.05739533212276309
0.045999424375414745
0.0340960289615318
0.027706797450425907
0.026868828375112862
0.02461377993509617
0.022219107024007357
0.019700210362086596
0.017073170655950234
0.014354647114385933
0.011561772961427755
0.008712048594942963
0.0058232330499877515
0.002913234433608109
1.901974014204755E-15
0.0028985934653004597
0.005764848289296398
0.008581352929308237
0.01133108672356603
0.01399752175035718
0.016564721191939104
0.01901743362329682
0.021341182673572004
0.023522351538320902
0.02554826185444845
0.03941545080515328
0.05266865058669789
0.03731089398138474
0.07263521606537329
0.029260451264136535
0.012073436893031957
0.004467836620771848
0.005585452671705229
0.029495823583637264
0.041043221313858576
0.027143896254941617
0.01019835542553948
0.004999229099413205
0.013978330403159179
0.03003654827628261
0.06806553032749016
0.0411712861222882
0.05055288725442025
0.04000292939879122
0.024371076804359258
0.02233285365668312
0.020166556388832756
0.017886055366201515
0.015505857279754589
0.013041013712294717
0.010507026791998228
0.007919752519502618
0.0052953023664062855
0.0026499437508176516
4.872624373092912E-15
0.0026382495895458874
0.0052486689873552286
0.007815363359247011
0.010322775102728193
0.012755777411734618
0.015099764812136802
0.017340740130547587
0.019465397382423418
0.02146120009284578
0.023316454592682886
0.011392874617508056
0.02027137306268685
0.006991906499720785
0.016217295343156357
0.01921094121100997
0.02783615154873657
0.0370176098048605
0.0278650833572515
0.025165584241600644
0.01989502621921901
0.022564549691033622
0.025402052403674387
0.03294949150749957
0.022409213266238036
0.013918238123443599
0.014498097250675164
0.0033870041854357612
0.018610253240129916
0.009110783699553227
0.022367460989536337
0.020502305557445685
0.01851851851852031
0.01642875242294272
0.014246258644905438
0.011984803983145978
0.009658584444421237
0.007282136745885154
0.004870248084481533
0.002437864729541093
1.0720592675537735E-15
0.0024283578107902187
0.004832337001506292
0.007197272964719169
0.009508797076711865
0.011752923439940426
0.013916132957619828
0.01598545423832223
0.017948540849473216
0.019793744462759093
0.02151018346102701
0.037421161834558125
0.03733887168974986
0.04868352568229537
0.05436301164219904
0.05280488369815612
0.04667465000843169
0.03855539276296474
0.05611144987389435
0.07109794798240197
0.07591053696417091
0.07102752346190372
0.054953736499651254
0.038217268332902704
0.04594949207964396
0.05360012236793791
0.05174457755369188
0.04474031965556452
0.03384768985385472
0.03545271980513355
0.02073308876874518
0.019008557644273883
0.01717320964004454
0.015238710305112653
0.013217291849714647
0.011121676278227856
0.008964995797926908
0.00676071099860306
0.004522527309868641
0.002264310251768049
2.720268549524606E-16
0.0022564742107733194
0.004491279322589977
0.006690762809977202
0.008841535644209387
0.010930553364367122
0.01294519476696315
0.014873337741863986
0.016703431801370565
0.018424566870804213
0.02002653793330948
0.016267272704760926
0.021357582439536636
0.018907373899656965
0.02514729074414378
0.02270664939752606
0.019659385021433332
0.029600241444529725
0.019932045392201257
0.006188439264648377
0.025849090847817564
0.00742528639957635
0.0223307491765452
0.031358458013280806
0.022350002528578918
0.02438097134561062
0.026916745739988663
0.02348534516119673
0.022853221603984668
0.019339057253368954
0.01938241536712882
0.017773746605174688
0.016060791128659796
0.014254402945584494
0.01236597513684233
0.010407368373060725
0.00839083679372346
0.006328951709566275
0.004234523600869859
0.0021205228934391153
5.907931678125757E-16
0.002113994882376156
0.004208491728058979
0.006270679904200645
0.008287986175746042
0.010248151021483133
0.012139302799507121
0.013950029316000222
0.01566944636727801
0.01728726284573321
0.018793842021812494
0.02555542462223492
0.025210168697263054
0.019014124066436208
0.03698467290619544
0.030405204782368724
0.019863480833166604
0.012723989570335313
0.02735439311682271
0.02107278672737359
0.018518518518513154
0.02020683508482471
0.02779403077663852
0.012157937395664026
0.019330436519434207
0.024686532772839973
0.03460920290574407
0.015606479610835333
0.0247445307230414
0.022071017207185944
0.01825495116810694
0.01674277486948884
0.015131808464321909
0.01343223112505331
0.011654737426120542
0.009810470346241208
0.00791095171134558
0.005968010510536008
0.003993709529248071
0.0020002707528283233
2.648988742507E-16
0.0019947887508680985
0.003971848879043004
0.005919076020934265
0.007824581895463163
0.009676766606717768
0.011464388985826083
0.013176634547167243
0.014803180649465914
0.01633425847110868
0.017760711428657098
0.026971976311828523
0.02500972544040748
0.027451071449775488
0.016706870161316032
0.03215801142132912
0.026788625789774527
0.030452289860636778
0.036441489243818743
0.04218358786105356
0.04510210079141437
0.042285072500417985
0.035908897795394294
0.027857426043145297
0.023363073960981848
0.03339967973245718
0.013110545726893142
0.024598846616155676
0.0242676090033308
0.02810576906647025
0.017306785855208753
0.01587562249804304
0.014350319253920182
0.012740489276205875
0.01105624082002824
0.009308114012786764
0.007507015135157856
0.0056641488206820535
0.0037909485941290807
0.0018990061775913886
6.8724508722461E-15
0.0018943766504801395
0.0037724873907048167
0.005622823984441884
0.00743407662706283
0.009195202845300808
0.010895494593691926
0.012524643141221465
0.014072801356564654
0.015530643016464158
0.01688941878175921
0.010083602762116438
0.025184032628403345
0.024967244679550683
0.03481245696720027
0.023826377266582228
0.03658166598413557
0.03816316470096533
0.048733430552026315
0.0386259964332579
0.04058991431655335
0.03922880606280554
0.04902792971056652
0.04123472498288005
0.03956478304549381
0.025727097454569955
0.03672188247524862
0.028304445929112125
0.024959356512323505
0.007559737734566796
0.016505344286022457
0.015142585844551524
0.01368963323242112
0.012155621864995657
0.010550164881392024
0.008883293100558468
0.007165392548761122
0.005407139946445984
0.0036194365539034424
0.0018133407843653787
8.747493494297529E-15
0.0018094180900226748
0.0036037940082424306
0.005372124644471856
0.00710359053206261
0.008787621854601791
0.010413962781392326
0.011972733741570641
0.013454491259359111
0.014850284989620594
0.016151711609945094
0.02816406012854249
0.017929981733285423
0.012355060715352792
0.02230617972322993
0.026350747645727146
0.0193680070970654
0.02867773009684924
0.03162620595875236
0.0501917597602847
0.06402439990664258
0.050362917229180404
0.03151183013142964
0.02904635852149381
0.019990563691892605
0.023808459837448323
0.025599537541716476
0.01221353498102394
0.016491796026691413
0.027157153409616067
0.01582602400083978
0.014521222122823144
0.013129576318162361
0.011659817132498744
0.010121138014669965
0.008523137976577324
0.0068757618774493955
0.005189238702476937
0.003474018218224533
0.001740706395819318
1.6421318462968948E-14
0.0017373792535149359
0.0034607505683514773
0.005159539561481282
0.006823342980650977
0.008441992249953602
0.010005615456478156
0.011504697400992855
0.012930137348571492
0.014273304129175698
0.015526088255905497
0.010406692629998283
0.020661355459826346
0.03277963214571616
0.04307844274339279
0.027703994129799913
0.03210127982055042
0.03886119855190857
0.014897599439804307
0.02617053082308336
0.043583328156565904
0.02531216874079511
0.012214331409153767
0.03558390886057799
0.027776350703703635
0.02703298607402309
0.04318200372585647
0.03224177716926834
0.01882183432885705
0.012754244873541489
0.015249972865744909
0.013994328584069427
0.012654679837931353
0.011239413419887122
0.009757366466509581
0.008217771418265265
0.006630198648210356
0.005004497114997665
0.0033507334073897455
0.001679129556639741
2.9316599239257004E-15
0.001676311916875554
0.0033394975084864143
0.0049793459994276895
0.006585807068178822
0.0081490523030116
0.00965953519448924
0.011108049299676745
0.012485784224259985
0.013784379082908976
0.014995973114477633
0.021067360025926973
0.018679942207401604
0.020267810713129213
0.032797807907768546
0.018304484228543434
0.02596520852072719
0.01960378966466759
0.03954844483694997
0.04665142653823574
0.05706273845229783
0.04582831146288168
0.03897470006850519
0.02077508186365086
0.02863506342595254
0.01960710327972435
0.031067364800831238
0.021778636814392058
0.02083955777068215
0.018804981543799386
0.014762581844744965
0.013548571158453654
0.012252950983878791
0.010883816402488375
0.009449702303208034
0.007959530298467228
0.006422553345614505
0.004848298416970651
0.0032465075731450427
0.0016270778027971367
9.967205567119519E-15
0.0016247025454926831
0.003237035767175866
0.0048270961718936516
0.006385131545160979
0.007901600640546206
0.00936723148845297
0.010773077968525956
0.012110574301547645
0.01337158712926739
0.014548464866389997
0.019068271386034494
0.009932346714252041
0.029970094581281758
0.03445126927421729
0.019078541792363075
0.02307338537470064
0.02505620935409504
0.028531343763394654
0.020766476476878046
0.016654796349727677
0.02244084393217044
0.030504649350873925
0.025552406169816296
0.022731501596892537
0.017853736346135095
0.03134533026449483
0.0283624444089892
0.0076203647864385125
0.020121137256021323
0.014352440193514232
0.01317353335991824
0.011915019650546492
0.010584747402750288
0.009190996056058125
0.007742424727153618
0.006248018519879694
0.004717032902418085
0.003158936495760271
0.0015833526258704957
5.00069993440287E-15
0.0015813671279522067
0.0031510189353963977
0.004699309784061254
0.006216737382098904
0.007694000992688085
0.009122058333464814
0.010492180819403603
0.01179600681201517
0.013025592550934934
0.014173460457967387
0.011295085450849573
0.02854685253773076
0.01825378934418007
0.014288902986668383
0.0313608228170735
0.020142230972901323
0.011280388954498854
0.010531759622175783
0.014520025263124476
0.007737468014132385
0.01573277591585064
0.009647547566319525
0.010849929939004509
0.018828136452256863
0.032622685823435506
0.015357128922830714
0.017297185806216055
0.02952579577600071
0.009844226880287693
0.014010597974020768
0.012861044675944004
0.011633535736645417
0.01033571216539529
0.008975639047644849
0.007561755518894478
0.00610282249601671
0.004607868489188652
0.0030861338289805583
0.0015470136525555145
1.1895674596815835E-14
0.0015453766227208638
0.0030796058552961646
0.004593255909150631
0.006077031449702172
0.007521830580318053
0.008918800579129499
0.010259392048028719
0.011535411143222353
0.012739069568691025
0.013863032028237172
0.02087809347668854
0.0026957256699380984
0.01489385632107443
0.01264852698017013
0.0026838746063434196
0.026671021353571387
0.034392584740071494
0.04315493983818222
0.05936203985743991
0.03333244926645381
0.05881767403863032
0.042010746987661704
0.03499921355282268
0.028497069788656175
6.92381904304786E-4
0.009192748584860924
0.01263662787613373
0.004272256266755362
0.020355329063593334
0.013730038049236365
0.012604699581225957
0.011402737382915903
0.010131620185261099
0.008799235330310113
0.007413839913157952
0.005984009696897414
0.004518586115965429
0.0030266216949537475
0.001517324219017426
6.679049072034509E-15
0.0015160034130011662
0.003021354726474395
0.0045067962456051686
0.005963200715935958
0.007381627315094453
0.008753376451606572
0.010070043035635069
0.011323567895695044
0.012506287027604914
0.013610978374997407
0.01017043660930702
0.02831502053704295
0.02287590372089372
0.032473401349441974
0.037862711685142
0.03804037529527205
0.0307546362903698
0.025296705620729984
0.014347252374487134
0.034822193784923204
0.014517076620214434
0.026867038078147644
0.03042363819972334
0.038225724322742384
0.03760767733312524
0.034056618325231935
0.022760345160243688
0.02686768091704982
0.011259518165155259
0.013505294387053664
0.012399509771531298
0.011218138743394335
0.009968509378494361
0.008658364370320205
0.0072958131323778925
0.005889281682096662
0.004447460615540296
0.0029792514937081096
0.0014937119704676802
7.095074215416579E-15
0.0014926825331022433
0.002975146414708971
0.004438271585385805
0.005873063161205281
0.007270706647697962
0.008622622008376638
0.009920516256841625
0.011156434250423744
0.012322807374820346
0.013412499822254249
0.016977795211285382
0.010923706982945343
0.012870462948428826
0.013598978734460828
0.018775595679248382
0.013066087738277974
0.013977910052715365
0.017970644495962727
0.004626298162800886
0.025529405555132206
0.00346749413883484
0.017023111944823702
0.012354223477897169
0.009427303442856146
0.02091573496095424
0.01682426427706285
0.01614041772409998
0.012285282688322595
0.015842742112867254
0.013332175107206405
0.012241651830622917
0.011076303439820651
0.009843346313636515
0.008550408863447736
0.007205484406089374
0.005816881820233225
0.0043931742904231375
0.0029431464544625104
0.0014757402795288516
2.3000249746498108E-14
0.0014749835446451413
0.0029401288293752384
0.004386419477499233
0.0058049596661219095
0.007187028762770216
0.008524134858671853
0.009808066870151927
0.011030944889168016
0.012185268474436614
0.013263962587793278
0.014515300917028956
0.019033897291294746
0.010181289631233843
0.02737384987762476
0.026182645606089152
0.028331979806567452
0.024237709935620487
0.02202959981892589
0.043440452337767305
0.03716510128453205
0.04336972484822472
0.02038572430452345
0.02391222060593054
0.026782904853655604
0.02444028363022218
0.023378212639940804
0.006781404435868693
0.01723265597490292
0.014992388313046941
0.013207562550495712
0.012128285123693293
0.010974681112934861
0.009753882124999178
0.008473430582409226
0.007141233191069474
0.005765512186418014
0.004354754658457932
0.0029176602675261938
0.001463087672370298
4.93022445239861E-15
0.0014625903074166422
0.002915676929888258
0.004350315050562567
0.00575767634010549
0.007129103207220753
0.008456161982296312
0.009730694707832964
0.010944869218240408
0.012091227201864403
0.013162729950765097
0.013248661689223326
0.01559802709041552
0.029879452382010202
0.02479259575611364
0.03290742728474103
0.016140859874764896
0.02329661334588279
0.028353232879851278
0.01048979655710035
0.04172348487066672
0.011403635769896635
0.029070085653559282
0.023272878991356293
0.017137217344461525
0.03299960497877683
0.0247660494202923
0.029736295874263366
0.01579525905946671
0.013141344384228214
0.013129271780953952
0.012057423013996744
0.010911491925404814
0.009698550779601753
0.008426082790687295
0.007101936019148951
0.005734275035343404
0.00433153064729909
0.002902348001859595
0.0014555333780340695
2.497098316394584E-15
0.0014552867977790005
0.0029013647161338523
0.0043293296087871655
0.005730390233528233
0.007095922300628233
0.008417521487012383
0.009687055090168503
0.01089671200537433
0.012039050719146042
0.01310704502454612
0.014809999322959174
0.014380691707519268
0.009882462295583084
0.012048567927124162
0.021660450494040924
0.01773662124317321
0.015434323362127468
0.014119955332823075
0.03476413839110528
0.020907231359262743
0.03472895553944299
0.015106052031188559
0.0159171940424975
0.0185261099080447
0.02279038505087399
0.01540721846479847
0.014184266735447166
0.014671415994524322
0.014375950661709455
0.013095955155909009
0.01202784616457866
0.010885648950794906
0.009676400843697126
0.008407551610462418
0.00708691762386025
0.005722633777818304
0.0043231034464491025
0.002896946794165282
0.0014529477539740223
