1.0
0.9989725854527273
0.9958941397184443
0.990776039814689
0.9836371918337665
0.9745039478168513
0.9634099899352755
0.9503961825331788
0.9355103927392248
0.9188072805050675
0.9003480590739769
0.8621564158574211
0.7584384775944859
0.7172990118276036
0.6837047780085359
0.6486027423787367
0.6124798069808174
0.5667721179666834
0.528163904415866
0.49876794397716595
0.4770931180540691
0.43663868723596316
0.40381589976402493
0.38107779849070256
0.36489687085611466
0.3406431987679284
0.31694807948399467
0.29273313262628126
0.27608386859106193
0.31875140449083106
0.3002006862750959
0.26683328132118683
0.23395677675898233
0.20167312991975261
0.1700806805333096
0.13927376632762675
0.10934235931995463
0.08037172439209708
0.05244210162743671
0.025628413765296933
0.0
0.024379622781927488
0.047452970371682335
0.06916877240348779
0.08948212364992557
0.10835460493099779
0.12575437327165512
0.14165622109465484
0.15604160438810802
0.168898639939212
0.18022207187652903
0.20002015896274938
0.267935926840639
0.2874047506401826
0.30014840982361907
0.3135552750787362
0.32327527228705394
0.33429404633457244
0.3444152869650729
0.3406757691483796
0.32684355788881053
0.33055812829139397
0.32426387931163125
0.30380641106974393
0.2848825640724467
0.26666838672992743
0.24444998495171275
0.22444838243427837
0.2012863623902424
0.14473802439780645
0.12883908052317283
0.11667245240793642
0.10413347464621661
0.09130375337943743
0.0782643459278001
0.0650953767031481
0.05187566279556108
0.03868235100081231
0.02559056798265012
0.012673085182488606
3.313526881904384E-16
0.012361565328205605
0.024347745827528765
0.03589819564672801
0.04695632858088963
0.057469536274566364
0.06738938324713124
0.0766717780093533
0.0852771196700491
0.09317041956355186
0.10032139756208595
0.11319704642567305
0.09657892206997822
0.09984022772810794
0.09650763982553294
0.08712543944512405
0.08463426726002898
0.08678474588706639
0.0723672073461319
0.08129724230520777
0.08414524641815735
0.08133825140700393
0.07356554917016066
0.08935465944800428
0.08774383548891235
0.09124427393410384
0.10253653502608807
0.10704175003109244
0.10298941090733024
0.10129791195280324
0.08219714680739895
0.07482035430154832
0.06711710121238237
0.059138962311213406
0.050938221326003626
0.04256756538062719
0.03407978162745255
0.02552745768586167
0.016962687462071666
0.00843678388003207
3.4714864209717644E-16
0.008298740059596313
0.016412099049192205
0.02429457209091703
0.03190271856496218
0.039195379273755514
0.04613387787015465
0.05268220563223905
0.05880718876800709
0.06447863753738826
0.06966947658610707
0.05876779292297407
0.051203936392986385
0.04071874986114225
0.05162128175459648
0.06843756287209103
0.07254879834666812
0.07292232132259775
0.09273926534939353
0.09662149524865647
0.09153371363603717
0.09378379622686067
0.08643530695323683
0.06396725696811016
0.059738466435852386
0.05519216679392836
0.03933018138172386
0.02790063898935956
0.044074341017249476
0.047548848366773366
0.06049987700365206
0.05520449656085738
0.04963964052493817
0.04384237336355455
0.03785067190997356
0.03170319158088223
0.025439031390899734
0.019097499119956635
0.012717877975441058
0.006339196069148241
9.281097355614493E-16
0.006261866202463203
0.01240947556178554
0.018407024902624504
0.02422003275572992
0.02981552737365778
0.03516222387760957
0.04023068962729797
0.04499349698177949
0.04942536269936546
0.05350327330829092
0.07436754567215656
0.1346181983730744
0.14772506665940355
0.1463880237475665
0.13293492126792833
0.12957325359579333
0.12791415420240188
0.1047301281333907
0.0872122082796067
0.0977392012505427
0.08664412430823322
0.10460883146305155
0.12816688232172876
0.13118831458428928
0.13483196322361374
0.14860071649676432
0.14952574409759534
0.13465642940605815
0.06644618494517483
0.047993586651201674
0.04385524009181531
0.03948997423526481
0.034926611005348385
0.030194876749063113
0.025325216019941987
0.02034860287923959
0.015296350844879267
0.0101999226161612
0.0050907406937667436
1.2000149992718864E-15
0.005041516417229592
0.010003617540091946
0.014856879372911806
0.019572813786123477
0.02412403027178593
0.028484389719774357
0.03262914937775129
0.036535098216767314
0.040180681986826026
0.04354611731320063
0.04265490100937097
0.06456569620866423
0.06751638245040603
0.07245889297076799
0.06340714527039402
0.054204647835642224
0.0608150585080612
0.05433025959929806
0.07189647180126782
0.07648481233099501
0.07182630989536554
0.05363336241544089
0.060300655477711365
0.05427965370682726
0.06345419385210317
0.07262688362783731
0.06665845408380992
0.060754321194852336
0.04568178913679638
0.03988390194163645
0.03647909300014351
0.032878631378330594
0.0291060961676072
0.025185915879490317
0.02114321444761121
0.017003654284083076
0.01279327734707088
0.0085383451810729
0.004265178890459234
2.334279172578639E-15
0.0042312268559540735
0.00840294849187253
0.01249017407616388
0.016468621510455736
0.02031485844354435
0.024006437118551355
0.027522022293949823
0.03084151152596928
0.033946147150059586
0.03681861935330034
0.036406843355771656
0.08941308756103986
0.10745667876462237
0.10906606655291143
0.09917220979405796
0.09718428679009827
0.07959022856887318
0.05759774675989398
0.0306205357551226
0.0343325143515476
0.03020672225516448
0.054552817891677596
0.07323682633036979
0.0894672154354915
0.08881919773166694
0.09487489050514843
0.09036832593127019
0.07056733297012623
0.027946955724962655
0.03421776046338065
0.03131765050089635
0.02824540780962733
0.025021011314591755
0.021665227760589264
0.018199480544475906
0.01464571546934115
0.01102626424683977
0.007363706582083723
0.0036807316787435085
1.0624462161410406E-15
0.0036559938856957157
0.007265056556974485
0.010805428289309303
0.014255912122852736
0.017595998694534418
0.020805986110944433
0.023867094172387065
0.02676157229694578
0.029472800534869226
0.03198538310894144
0.05044819509256212
0.03173195686089475
0.03508211499095013
0.04424216823625387
0.0399360709320134
0.032203716097688385
0.04217148228656062
0.05328088553460532
0.07785716111244341
0.0719702977831395
0.07853717636091291
0.05477737637325216
0.04281831871589226
0.0319751495341316
0.03874639446537989
0.042148163489709234
0.03512976126818695
0.0366155324887233
0.04909198855456667
0.030050316655057675
0.027517322639368662
0.024830357014186004
0.022006789021948504
0.01906471839956955
0.01602286105365764
0.012900431665655883
0.009717023953108972
0.006492489323494652
0.0032468146625349065
2.4771966401678955E-15
0.0032280632073139956
0.006417712443587944
0.009549632433255817
0.012604970668226259
0.015565449480291873
0.018413474000506903
0.021132235375583498
0.023705808643464714
0.02611924470554713
0.028358655871710627
0.01726981136189944
0.03900719607858237
0.02808056189059575
0.02462078120566987
0.03198156764717317
0.04156185814650758
0.045360117243956485
0.06764576444046322
0.09730327264931816
0.10283031284680128
0.09859401172380619
0.06942135215099052
0.0472796058272055
0.04210374259576053
0.032130828172886865
0.026208593971092514
0.03306164685859547
0.048740550445225184
0.02153275222894832
0.026868828375118906
0.024613779935095257
0.022219107024007614
0.01970021036208884
0.017073170655950716
0.014354647114384939
0.011561772961427621
0.008712048594942744
0.005823233049987555
0.002913234433609239
1.1793327859127455E-15
0.0028985934653011163
0.005764848289297607
0.008581352929308153
0.01133108672356474
0.013997521750361638
0.01656472119194007
0.01901743362329502
0.021341182673568198
0.023522351538327154
0.02554826185445329
0.03550491797742516
0.06610538693124166
0.06442100209429023
0.059265801985401066
0.04900223332416137
0.04552995157454915
0.04935892680849525
0.06219097532857656
0.0830785297905562
0.09065362953654266
0.08214833411011803
0.0606238809540009
0.04782119080111767
0.044754388753180524
0.04829659644493621
0.06008072729416533
0.06642154229500209
0.06625515867205112
0.029656200293668604
0.024371076804359963
0.022332853656679735
0.02016655638883176
0.01788605536620248
0.015505857279752535
0.013041013712293924
0.010507026792001245
0.007919752519499395
0.005295302366408365
0.0026499437508155322
1.7781948939638155E-15
0.002638249589551682
0.005248668987356412
0.007815363359249563
0.010322775102729278
0.012755777411739408
0.015099764812142298
0.01734074013054709
0.019465397382427068
0.021461200092843614
0.023316454592690095
0.03517839036954031
0.06361822884254044
0.05406711951246876
0.047094642350353516
0.03779995709552839
0.046307226623702895
0.04421989761105593
0.06312422612523527
0.089441601925544
0.10684510821253873
0.0878900546570941
0.06107055809145583
0.04182005802707297
0.04475773614281614
0.035734241540396325
0.04602483471780376
0.05196205187943325
0.05921157954307727
0.03695669790069911
0.022367460989534807
0.020502305557445002
0.018518518518523385
0.016428752422942932
0.01424625864490602
0.011984803983148062
0.009658584444425645
0.007282136745885011
0.004870248084478997
0.002437864729542987
1.4264473258009887E-15
0.002428357810790191
0.004832337001504189
0.007197272964717149
0.009508797076711428
0.011752923439939231
0.013916132957619442
0.015985454238322306
0.017948540849477616
0.019793744462759236
0.02151018346102689
0.009509193211524046
0.03521906789072998
0.045979401698491414
0.037317337929986726
0.02791192917182448
0.019395788708946954
0.030068556363640184
0.019462222486081714
0.02266063393308747
0.03633578277552496
0.02205622586694491
0.01991708596856797
0.03196952386396044
0.019978580015784866
0.0279955048871305
0.031125658909850407
0.03861487373678011
0.024061068091221313
0.00827022716067006
0.020733088768748135
0.019008557644272932
0.017173209640045612
0.015238710305113447
0.013217291849713564
0.01112167627822728
0.008964995797926187
0.006760710998606368
0.004522527309869651
0.0022643102517703483
1.1717017300772302E-15
0.002256474210775705
0.004491279322590186
0.006690762809973456
0.008841535644202501
0.010930553364366062
0.01294519476696098
0.01487333774186534
0.016703431801368438
0.018424566870800522
0.020026537933308976
0.03411267756641441
0.03117360193650553
0.026683280598785337
0.02967439246051491
0.027763906428889634
0.03733335485265073
0.024819008196784006
0.027096995814134175
0.016778010305270635
0.03854202572630514
0.01535736280096152
0.026358157466090115
0.0252777575118141
0.03825545049979231
0.029331171130095018
0.028167211911696983
0.02219706382048061
0.027133787087893487
0.0309774829736111
0.019382415367125882
0.017773746605172464
0.016060791128659255
0.014254402945587788
0.012365975136840422
0.010407368373056624
0.008390836793721995
0.006328951709570781
0.004234523600869053
0.0021205228934386244
1.7191654819087848E-15
0.002113994882376967
0.004208491728061465
0.006270679904202798
0.00828798617575462
0.010248151021483538
0.012139302799507016
0.013950029316000588
0.015669446367283037
0.017287262845736194
0.01879384202181472
0.022037117215152165
0.03076476162501538
0.028478260224165483
0.025658208505542693
0.0534948476325259
0.05350588534342252
0.05766823386483808
0.04934576989412456
0.05894905804409172
0.041408666249999844
0.05945404420223088
0.04974589110603485
0.05807896722247047
0.05565184581922312
0.05570777600559278
0.027712021567395044
0.030686179302092102
0.03671733528592959
0.025417163664644457
0.01825495116810461
0.016742774869489996
0.015131808464322587
0.013432231125051318
0.011654737426117544
0.009810470346246514
0.007910951711352247
0.005968010510533916
0.003993709529244708
0.002000270752830127
1.323513455752186E-15
0.001994788750870149
0.003971848879046284
0.005919076020934475
0.007824581895459476
0.009676766606715475
0.011464388985834734
0.013176634547162395
0.014803180649465675
0.0163342584711077
0.01776071142865381
0.015447979787352824
0.02152226896581807
0.014920571501541602
0.024822413770786624
0.028260570319408155
0.035827008289794376
0.019638146893137202
0.010693213950056017
0.011013386260276082
0.017219490234564067
0.010727521692820766
0.009612871799622825
0.018018463044026913
0.03341190096475433
0.025121389796541358
0.023753735380083827
0.013696090663386824
0.018136622666030534
0.010702270306013797
0.01730678585520316
0.01587562249804443
0.0143503192539184
0.012740489276205993
0.01105624082002608
0.009308114012786934
0.007507015135159837
0.005664148820684521
0.003790948594132338
0.0018990061775877411
2.1424060414085293E-15
0.0018943766504763947
0.0037724873907051715
0.005622823984448134
0.007434076627062823
0.009195202845302126
0.010895494593690791
0.012524643141227781
0.014072801356567114
0.015530643016465069
0.01688941878175797
0.029760461467192738
0.03986441788937246
0.029565702124727627
0.023350901663063542
0.047390933884340215
0.04870813599373455
0.04278989208052538
0.033612040905860695
0.047594346824677954
0.03259042888077349
0.046857228720096976
0.03211483305109699
0.04072424205439816
0.04578900666961319
0.04374230676138632
0.02028705118084926
0.026853902676343046
0.03676063628813605
0.028863039960345126
0.01650534428602273
0.015142585844551077
0.013689633232424878
0.012155621864991016
0.010550164881393554
0.008883293100559535
0.007165392548765461
0.005407139946448891
0.0036194365539026817
0.0018133407843704966
3.458915706626109E-15
0.001809418090028838
0.0036037940082438483
0.005372124644470502
0.007103590532064587
0.008787621854596634
0.010413962781392496
0.011972733741571654
0.013454491259361349
0.014850284989618455
0.01615171160994259
0.011331620666734122
0.006487123017966262
0.01807460772307934
0.0279253628422414
0.0109819041486747
0.01207408210683065
0.014430065837182735
0.030586662852955124
0.013886226531661966
0.02491616673853887
0.014367859214627859
0.032073163361046826
0.015620506568469751
0.013856169362494848
0.01569818066622906
0.03052869514180961
0.021101750498224648
0.01188074902502878
0.014965972832592864
0.015826024000834413
0.014521222122824173
0.013129576318166157
0.011659817132511364
0.010121138014670045
0.00852313797657604
0.006875761877448022
0.005189238702476603
0.0034740182182246386
0.001740706395818631
1.1741773823573483E-14
0.0017373792535193677
0.0034607505683591066
0.005159539561486898
0.006823342980654369
0.00844199224995276
0.010005615456466261
0.011504697400994721
0.012930137348565561
0.014273304129172439
0.015526088255911098
0.019973642705669863
0.021154637185189073
0.012325776012683216
0.00395879811424054
0.017352379698015973
0.017615890515448984
0.022186761941796813
0.011076082475964224
0.02883294856093302
0.019416025524280435
0.028656669673181732
0.010505826769092685
0.021619002792394572
0.01513123899847168
0.014263470611146646
0.002159877850828727
0.010106395236054097
0.017528712824313775
0.016363087497750003
0.015249972865765805
0.013994328584078848
0.012654679837934975
0.011239413419892938
0.009757366466505072
0.008217771418261436
0.00663019864821166
0.0050044971149979245
0.003350733407389994
0.0016791295566449553
2.9070022760063495E-15
0.0016763119168787565
0.003339497508486139
0.00497934599942119
0.006585807068181269
0.008149052303013249
0.009659535194483732
0.011108049299677365
0.012485784224257486
0.01378437908291065
0.01499597311447864
0.023192345371067048
0.024051217902910198
0.027225395095238435
0.037165294595618285
0.03669546986527309
0.03159662049608449
0.02008308755805504
0.04578914889969974
0.017028549706385832
0.018323533208432084
0.016903534059805752
0.04580541219996264
0.01967229295142154
0.03207420883487255
0.03736948486199141
0.036035176706536456
0.026172127879234446
0.02390968052875202
0.02388459915346555
0.014762581844745324
0.013548571158447615
0.012252950983886108
0.01088381640249464
0.009449702303216172
0.007959530298465444
0.006422553345599678
0.004848298416958603
0.0032465075731389864
0.0016270778027928506
7.144025536201065E-15
0.0016247025454961385
0.0032370357671754357
0.004827096171886763
0.006385131545149652
0.007901600640548304
0.00936723148845109
0.010773077968529401
0.012110574301548853
0.013371587129263894
0.014548464866400858
0.007589432561472789
0.011510410911598172
0.0171153897828093
0.009653936817284077
0.005210683335304832
0.014551978273598934
0.023120638041016644
0.004528027614471341
0.023984242704076834
0.02978444919765799
0.02393184714151987
0.004831705508954572
0.023474304287729487
0.016501880149902497
0.00785017526725625
0.012376293384286268
0.02075063050902598
0.014251585356341204
0.008736109078146063
0.01435244019351151
0.013173533359922645
0.011915019650550909
0.010584747402739994
0.00919099605604668
0.007742424727156048
0.006248018519873937
0.0047170329024151985
0.0031589364957638694
0.0015833526258698665
4.010175864498897E-15
0.0015813671279488238
0.00315101893539023
0.00469930978406058
0.006216737382099718
0.00769400099268686
0.009122058333468153
0.010492180819404204
0.011796006812019151
0.013025592550932778
0.014173460457962413
0.02075817163134593
0.015774860513376912
0.015042317650492179
0.020317853513059224
0.03041002094564195
0.024794252660607724
0.014411618063927382
0.0406079750396411
0.026899401856921114
0.02217338076317388
0.027191609849749294
0.04024056707013782
0.014293392215789702
0.023182236487942563
0.02848961315862662
0.016939234652882055
0.012220953685368388
0.013101241200536356
0.01866323293096667
0.014010597974018369
0.012861044675943914
0.01163353573664159
0.010335712165393184
0.00897563904764377
0.007561755518893793
0.0061028224960123535
0.004607868489188392
0.0030861338289847463
0.0015470136525549381
9.344145990397453E-15
0.0015453766227211852
0.0030796058553033316
0.004593255909152698
0.00607703144970519
0.007521830580313748
0.00891880057912945
0.010259392048034882
0.011535411143223978
0.012739069568690763
0.013863032028243613
0.01635846868319068
0.02487113518620156
0.031765716583549555
0.024238365917620065
0.02060818949406121
0.02946556391301889
0.024073800728732407
0.016493697487996683
0.016930064362624397
0.029956842132740573
0.016606353489849342
0.01710254021947259
0.023842194816134775
0.029834313286038906
0.021052339123398503
0.02495937508451914
0.03178212927677744
0.025377915918153193
0.017784401188924926
0.013730038049230725
0.012604699581220636
0.011402737382908465
0.010131620185264277
0.008799235330313189
0.007413839913161378
0.005984009696896693
0.004518586115970617
0.0030266216949580236
0.0015173242190208603
6.262944170180428E-15
0.0015160034130013845
0.0030213547264799825
0.004506796245606316
0.005963200715941094
0.007381627315092339
0.00875337645160381
0.010070043035635568
0.01132356789569654
0.01250628702760548
0.013610978374995088
0.011290838995510739
0.007010952253944627
0.004013784671006937
0.014031510567018879
0.017577546380943665
0.008891870083496593
0.01548169900493041
0.0323146968651088
0.021751242783560623
0.007017358925247288
0.021285331001832532
0.03173698178349782
0.015582940594383603
0.008729974350296925
0.01750311660368265
0.017077849071275863
0.007580145823842651
0.009220742273541548
0.010344219499280964
0.013505294387049779
0.012399509771528434
0.011218138743401588
0.009968509378502638
0.008658364370336543
0.007295813132381733
0.005889281682090403
0.004447460615540223
0.0029792514937102047
0.001493711970465316
1.4149134977925657E-15
0.0014926825331003952
0.0029751464147111254
0.004438271585384479
0.005873063161206211
0.007270706647696165
0.00862262200837679
0.009920516256839429
0.011156434250420278
0.012322807374820454
0.01341249982225659
0.018382629878130868
0.017761569403754365
0.02138788269275629
0.021322449653255263
0.014739372744413306
0.02340974619088036
0.02211917523478429
0.0246032520853422
0.03069527183808282
0.0447482959810265
0.031465773467906986
0.024756932992358073
0.02222162223850174
0.022045806918845848
0.01308389378992947
0.01979642125628095
0.0178693920333015
0.01441237284520516
0.01753454576042946
0.013332175107204558
0.012241651830623734
0.011076303439817676
0.009843346313630498
0.008550408863448317
0.0072054844060932466
0.0058168818202338195
0.0043931742904236935
0.002943146454456055
0.0014757402795394497
6.926885667478516E-15
0.0014749835446506423
0.0029401288293666875
0.004386419477506233
0.0058049596661239366
0.007187028762765567
0.008524134858664916
0.009808066870150331
0.011030944889167782
0.012185268474432957
0.013263962587801867
0.012709556689952328
0.022020499138143943
0.023633579291934353
0.031393899901100926
0.026085204411104016
0.02137973773387372
0.016432763764073734
0.01616706816138512
0.01121997553037277
0.01709846365873239
0.011108146196443408
0.015328793625299765
0.016720820907329972
0.022472340645264006
0.027084872308663837
0.03221929213658378
0.02558032789783228
0.024026316122789593
0.013727547172847514
0.013207562550505484
0.0121282851236936
0.010974681112936943
0.009753882124993668
0.008473430582400611
0.007141233191077138
0.0057655121864214785
0.004354754658460716
0.002917660267526297
0.001463087672360907
3.902465916791823E-15
0.0014625903074011832
0.002915676929892874
0.004350315050562056
0.005757676340102397
0.007129103207225182
0.008456161982290673
0.009730694707838118
0.010944869218243416
0.012091227201859298
0.013162729950766111
0.013966973800682148
0.005315249809103882
0.004792169776916453
0.008530715941458227
0.00777167524423655
0.012116718299943551
0.025654054773699645
0.024937305484279474
0.04259437361652688
0.051398204604772485
0.042238432932123995
0.02483235764356462
0.025927248170250158
0.011894614786880132
0.00897844170993774
0.00694265186010054
0.006382941841655152
0.007295947963890985
0.013475865836542414
0.013129271780944751
0.012057423013997077
0.010911491925402195
0.009698550779604232
0.008426082790692525
0.00710193601914956
0.005734275035344438
0.004331530647310453
0.0029023480018506146
0.0014555333780351943
4.412868561568392E-15
0.0014552867977806958
0.002901364716134642
0.004329329608799619
0.005730390233523176
0.0070959223006212945
0.008417521487004965
0.009687055090153645
0.010896712005369878
0.012039050719150875
0.013107045024552665
0.014749163728192771
0.022376548819542208
0.023535777480510337
0.023871710980853552
0.024049366161275437
0.02127944697359509
0.02404290580093838
0.01717738111247078
0.01098522923666787
0.0178687738644576
0.01186473726945389
0.01783127151198648
0.024596633079839666
0.020135190789072617
0.02234029796040845
0.02059453500622648
0.0210289129885644
0.019844558014691895
0.014372406819720704
0.013095955155911691
0.012027846164578951
0.010885648950796389
0.009676400843696932
0.008407551610465353
0.007086917623868389
0.0057226337778208194
0.004323103446457443
0.002896946794172114
0.0014529477539649126
