1.0
0.9989725854527274
0.9958941397184436
0.9907760398146884
0.983637191833765
0.9745039478168491
0.9634099899352737
0.9503961825331789
0.9355103927392255
0.9188072805050664
0.9003480590739793
0.8802002270235769
0.8030165008028598
0.7431649488319013
0.6635751822188181
0.6290876413336794
0.5935694509748269
0.5576054303909525
0.5756175653501494
0.5556223527018624
0.5337733898190963
0.4937270609542237
0.4517862105856463
0.3719005103518888
0.3454588072907912
0.31935169540125957
0.29287146707455064
0.31228732830362926
0.31317951949860195
0.333953820079636
0.30020068627509516
0.26683328132118656
0.23395677675898227
0.20167312991975297
0.17008068053330944
0.13927376632762684
0.10934235931995438
0.08037172439209679
0.052442101627436316
0.025628413765297342
1.0067211441898685E-16
0.024379622781927315
0.04745297037168237
0.0691687724034879
0.08948212364992626
0.10835460493099737
0.12575437327165534
0.14165622109465467
0.1560416043881072
0.16889863993921175
0.1802220718765288
0.19001320791218043
0.2515163446355365
0.28810394431817826
0.339575897754604
0.34356433622642346
0.3448203108756273
0.33988968824380067
0.2854219644535492
0.2689599761845887
0.2583781002110544
0.2578887731425587
0.26373494252111873
0.30865804516462414
0.3071231618421605
0.3005750985306246
0.29275690305303165
0.2400260635762381
0.2034045659570058
0.14055159595840092
0.12883908052317317
0.11667245240793626
0.10413347464621629
0.0913037533794371
0.07826434592780006
0.06509537670314862
0.051875662795561675
0.038682351000812444
0.025590567982649658
0.012673085182488988
4.2848729500396854E-16
0.012361565328205312
0.02434774582752856
0.035898195646727846
0.04695632858088941
0.05746953627456578
0.06738938324713119
0.07667177800935374
0.08527711967004852
0.0931704195635524
0.1003213975620858
0.10670455287113849
0.06549517112363523
0.0554649580835983
0.025426818990087866
0.040400632627869915
0.058569207062888484
0.08279484612783142
0.14306235773514445
0.1595038828420272
0.16061321074706905
0.16089385200639805
0.14616750279543908
0.08734444847163235
0.06205591423333145
0.04136067386876188
0.023103486334903583
0.04858375591568827
0.05236317707774302
0.08919691902778147
0.08219714680739969
0.07482035430154806
0.06711710121238303
0.05913896231121422
0.05093822132600336
0.042567565380627136
0.03407978162745317
0.025527457685861944
0.016962687462071163
0.008436783880032137
0.0
0.00829874005959661
0.016412099049192365
0.02429457209091842
0.03190271856496223
0.03919537927375571
0.046133877870155396
0.05268220563223885
0.05880718876800707
0.06447863753738911
0.06966947658610859
0.0743558559953381
0.12076747182639574
0.12498560594560504
0.1423261006480695
0.12355193672338469
0.09539587378936487
0.07023998535503187
0.027923504724918974
0.02875341586988632
0.03722735960215886
0.03005022055436263
0.027987861590242146
0.06044860688213818
0.08016033960557688
0.10768917254003595
0.12427829300281507
0.10898212708500639
0.10939823319002936
0.06548986096701187
0.06049987700365108
0.055204496560856714
0.04963964052493742
0.04384237336355461
0.037850671909973016
0.03170319158088247
0.025439031390900094
0.019097499119956833
0.012717877975441053
0.006339196069147371
1.6910787233856613E-15
0.006261866202463477
0.012409475561784941
0.018407024902624896
0.02422003275573036
0.02981552737365614
0.03516222387760868
0.0402306896272982
0.04499349698178015
0.04942536269936613
0.053503273308289585
0.057206595866656273
0.03304658103794036
0.045572528489923214
0.04650267536262927
0.07938776010306696
0.11149342331223498
0.13748879709355913
0.17649435834216473
0.1722733131682074
0.16366129600546858
0.17037785139323164
0.1742082146922541
0.13746755052604565
0.11434148034640505
0.08392472051299532
0.05182115821625349
0.047269790720113246
0.031719911498652976
0.051877279022178736
0.04799358665120104
0.04385524009181774
0.03948997423526482
0.03492661100534899
0.030194876749062922
0.025325216019943336
0.020348602879240528
0.015296350844881162
0.010199922616160087
0.005090740693765857
1.0448533344112587E-15
0.00504151641722904
0.01000361754009107
0.014856879372913205
0.019572813786122727
0.02412403027178769
0.028484389719773986
0.03262914937775145
0.0365350982167665
0.04018068198682631
0.0435461173132
0.04661349425376571
0.07523012357391494
0.052876465275459965
0.0590112349148676
0.057010241223570186
0.02718193350965744
0.03431128121891185
0.03534400213566972
0.035345528651594474
0.03532227920452707
0.03461861742660737
0.03219104222246585
0.03199496704200531
0.026296444554287375
0.05498422070550953
0.053783232303842514
0.045197173477068836
0.06838810501246165
0.04307047863746831
0.03988390194163739
0.03647909300014282
0.03287863137833107
0.0291060961676068
0.025185915879491014
0.021143214447611657
0.01700365428408314
0.012793277347069643
0.008538345181073098
0.0042651788904566204
1.0445467288554472E-15
0.004231226855952845
0.00840294849187288
0.01249017407616442
0.01646862151045495
0.020314858443545768
0.02400643711855222
0.0275220222939501
0.030841511525969888
0.033946147150058885
0.03681861935330144
0.039443159786786475
0.02976299731955932
0.05439771549625261
0.06463329955617327
0.08550916599628311
0.09428583457472828
0.08533579989702733
0.07046733802957135
0.043128177496568124
0.03888841723390175
0.040446584694382635
0.06433602254495964
0.07940585478431829
0.08808812077324338
0.0818875718695297
0.06317894220365801
0.05472235614108662
0.02964262398050709
0.03692667386834141
0.03421776046338128
0.031317650500896826
0.028245407809626435
0.025021011314591064
0.021665227760587623
0.01819948054447627
0.014645715469343788
0.011026264246840138
0.007363706582083768
0.003680731678741301
3.799170158358306E-16
0.003655993885695568
0.007265056556972825
0.010805428289310423
0.014255912122851072
0.017595998694535032
0.02080598611094292
0.023867094172387495
0.026761572296947256
0.029472800534869895
0.03198538310893996
0.034285233964675185
0.04564454560449094
0.02918340288972536
0.0381060135955258
0.031663145047520345
0.022919233904440797
0.03768151834661618
0.07277006643716741
0.09862895132519528
0.10312396215751005
0.09993094731709433
0.07615051304428119
0.04128148142598802
0.02766812510902868
0.027379848505796535
0.03603060381524712
0.028563321861320334
0.04110078829321733
0.03241281085604631
0.03005031665505706
0.027517322639367972
0.024830357014185237
0.022006789021948688
0.019064718399566378
0.016022861053659767
0.01290043166565649
0.009717023953108642
0.006492489323494258
0.0032468146625353085
1.0302456265395564E-16
0.003228063207315222
0.006417712443587552
0.009549632433253696
0.012604970668225229
0.015565449480290776
0.018413474000508957
0.021132235375584438
0.02370580864346463
0.026119244705547422
0.028358655871711037
0.03041129449570909
0.029787049308209388
0.0479175920522052
0.041278031981021215
0.054458654011901954
0.03777451328213285
0.04493022491327003
0.043378102278192415
0.05825728262396211
0.06434830367502034
0.057988409926454196
0.043718875036083925
0.04451765548022963
0.035696224008586935
0.05261835101573182
0.03705029494424375
0.04497071029839209
0.029892502153322738
0.0289696294582657
0.026868828375117358
0.02461377993509571
0.02221910702400716
0.019700210362087186
0.017073170655952714
0.014354647114387362
0.011561772961428183
0.008712048594940647
0.005823233049990083
0.0029132344336109416
2.2265706566641724E-15
0.0028985934652986443
0.005764848289299871
0.008581352929308306
0.011331086723561808
0.01399752175036249
0.016564721191941103
0.019017433623293657
0.02134118267356812
0.023522351538326977
0.025548261854456234
0.02740724648622135
0.02825524738161328
0.027054344414700063
0.03449540278323116
0.023010049637325284
0.0624288231933156
0.050702061858406984
0.07755041383518081
0.07480425800403132
0.06726596947287601
0.07277491162394809
0.0748572469255334
0.048665980494087706
0.06347670511975537
0.02458960809624393
0.03622158321611703
0.02679592943856588
0.026491322676087895
0.026268079742023984
0.024371076804360934
0.02233285365668173
0.02016655638883384
0.017886055366204027
0.015505857279752741
0.013041013712295981
0.010507026791998428
0.007919752519500622
0.005295302366403479
0.0026499437508152195
1.6728093369073152E-15
0.0026382495895499896
0.005248668987355628
0.007815363359247414
0.010322775102729866
0.012755777411735314
0.01509976481214341
0.017340740130547427
0.019465397382425108
0.02146120009284349
0.023316454592683968
0.02502037786560787
0.029941357323688512
0.029842458047501335
0.029801362807972458
0.04836507858864854
0.0284284218474036
0.03241263730211512
0.019211158413423326
0.025274894996409877
0.03452528426032201
0.026115826280904475
0.01943305471731212
0.031985299732241214
0.02646083622546319
0.046946918772595256
0.030568058594588686
0.02753023474600311
0.0297512043272337
0.024102011149965318
0.02236746098953346
0.02050230555744332
0.01851851851852093
0.016428752422941673
0.014246258644905297
0.011984803983147666
0.00965858444442089
0.007282136745886708
0.004870248084481146
0.0024378647295410583
1.2203329970024955E-15
0.002428357810787769
0.004832337001509358
0.0071972729647139634
0.009508797076713519
0.01175292343993993
0.013916132957623882
0.015985454238321102
0.017948540849478903
0.019793744462760568
0.021510183461025657
0.023087806605616174
0.02417822253591713
0.027287184986439547
0.04340634425303612
0.024104076845135294
0.049160842830728475
0.02654634937136658
0.03381790964877787
0.03962216074858811
0.04437556886401483
0.04011297977103812
0.03363650764298142
0.02666861293429005
0.04629525475326156
0.0234617099074171
0.04331030454595311
0.02755871011141392
0.024302130170950266
0.0223357777884661
0.020733088768744974
0.019008557644272138
0.01717320964004413
0.015238710305111779
0.013217291849710154
0.011121676278229662
0.008964995797926582
0.006760710998607774
0.004522527309871992
0.002264310251768083
2.386036338037659E-15
0.002256474210774609
0.004491279322590795
0.006690762809972413
0.00884153564420353
0.010930553364363887
0.012945194766961982
0.014873337741865137
0.016703431801372078
0.018424566870799988
0.020026537933309507
0.021499905148103092
0.02774303138373061
0.02500192209157789
0.02746538462163792
0.028152787064535334
0.017271914352520668
0.03916451106856935
0.03880692632884131
0.05008531037968735
0.05614200037726243
0.04971444314837117
0.03844942097976509
0.039377643517610375
0.019239257697491022
0.025393149540197044
0.025132893462751577
0.0254107110502491
0.02691180888366481
0.02087655087877449
0.01938241536712738
0.017773746605170185
0.01606079112866013
0.014254402945585295
0.01236597513684201
0.010407368373055849
0.008390836793722843
0.006328951709569303
0.0042345236008694
0.0021205228934378442
1.0410718439327144E-15
0.002113994882376191
0.004208491728060916
0.006270679904200604
0.008287986175755426
0.01024815102148085
0.012139302799507132
0.013950029315999318
0.015669446367281264
0.017287262845734053
0.018793842021814208
0.0201802586391777
0.024922168237980716
0.026349638526704793
0.03891317737091787
0.030700655406648743
0.028698809337791432
0.02758618190913801
0.029223624089180122
0.02815282909778663
0.03703703703703289
0.027289860979511957
0.028775262061034847
0.026937697785335984
0.027587793312453927
0.03208563155405736
0.03860228007539543
0.02536486882340172
0.02486042511836234
0.01965873761033501
0.018254951168104945
0.016742774869491165
0.0151318084643254
0.013432231125050645
0.011654737426119497
0.00981047034624983
0.007910951711351569
0.005968010510536145
0.0039937095292477305
0.002000270752828788
1.0443712894131806E-15
0.0019947887508692057
0.00397184887904562
0.005919076020932953
0.007824581895465777
0.009676766606715105
0.011464388985833185
0.013176634547165179
0.014803180649466303
0.016334258471106818
0.01776071142865501
0.019074049690997005
0.022590596064093096
0.024969828095889844
0.007394930353640471
0.016905395560995864
0.03278374019801293
0.03300243820891545
0.021083833851367712
0.03372878782186815
0.024707328926712426
0.033841189673544846
0.02100195146249967
0.032236084697830805
0.03319545957557608
0.016875276978619114
0.004510105193053547
0.024164207642963346
0.02139519240642242
0.01863475161966465
0.017306785855208444
0.015875622498043255
0.014350319253919757
0.012740489276205033
0.011056240820028599
0.009308114012788003
0.007507015135159348
0.005664148820685134
0.0037909485941329192
0.0018990061775867233
2.81619328419137E-15
0.0018943766504783855
0.003772487390704063
0.005622823984445735
0.007434076627065204
0.009195202845305216
0.010895494593688512
0.012524643141224706
0.014072801356567776
0.015530643016464389
0.016889418781756038
0.01814100850586987
0.023276994262945362
0.01989611393227259
0.04226522415463505
0.02867257105195868
0.016036425601937788
0.020997692340671986
0.030842450932337326
0.015001976741204267
0.024266632939998332
0.014956546170664997
0.030774309390118014
0.021121071192874864
0.014874880307557634
0.026280440724756188
0.04299848219137681
0.01938982877810068
0.02257553289943681
0.01776930810698503
0.016505344286018516
0.015142585844550648
0.013689633232423344
0.012155621864993221
0.010550164881394425
0.008883293100558794
0.007165392548762467
0.005407139946447536
0.0036194365539011816
0.0018133407843667303
3.303678182906918E-15
0.0018094180900277946
0.003603794008244042
0.005372124644472487
0.007103590532063479
0.008787621854594595
0.010413962781398792
0.011972733741576333
0.013454491259358162
0.01485028498961971
0.016151711609941242
0.017350965245903637
0.017477178096319268
0.019163950827265668
0.004906865138283931
0.025342710249687345
0.030926272807826293
0.02289305255652614
0.023386993237785866
0.030751932847437158
0.02876195667439737
0.03033661788437776
0.023221666822774836
0.022153360656253562
0.030104529937810712
0.027705609343538228
0.004826708630618036
0.01825906993386254
0.016983440532113404
0.017035768917319782
0.01582602400083176
0.01452122212281993
0.013129576318163668
0.011659817132510577
0.010121138014667979
0.008523137976575437
0.006875761877446039
0.005189238702478585
0.003474018218225215
0.001740706395815999
1.2157488274338328E-14
0.0017373792535298374
0.0034607505683598785
0.005159539561482289
0.006823342980651511
0.008441992249953362
0.010005615456469729
0.011504697400994187
0.012930137348571178
0.014273304129172321
0.01552608825591073
0.016680950746744527
0.01901687413346432
0.022363456112160493
0.04108813281572562
0.006042526198429177
0.016190256397654205
0.026346134707754713
0.019245557025878088
0.0228937527975563
0.020595038980612285
0.02337120714183129
0.018866177091711702
0.026585793750000496
0.017451371363248726
0.0038020609584183437
0.03961195114691246
0.023402293406105324
0.018035935284460635
0.016413728601432833
0.01524997286576386
0.013994328584079277
0.012654679837933851
0.011239413419892933
0.009757366466502708
0.008217771418259903
0.006630198648212406
0.005004497114998009
0.0033507334073880615
0.0016791295566422227
3.5527077596364835E-15
0.0016763119168760182
0.003339497508495486
0.004979345999422085
0.006585807068179881
0.008149052303010586
0.009659535194480514
0.011108049299680976
0.012485784224255461
0.013784379082912076
0.014995973114480608
0.016113253146079302
0.01774074602878476
0.015274679213601322
0.0026356857993155036
0.03924508399154275
0.01662802685707897
0.018475770096757577
0.03004616364725847
0.01541404497990667
0.020751636917700916
0.015119540357518436
0.030686852773511363
0.0188693606720485
0.014785135844786242
0.03928437012154263
0.004566016882012262
0.014706196816373564
0.018472006029846548
0.01588737822921819
0.014762581844748771
0.013548571158445048
0.012252950983887304
0.010883816402488209
0.009449702303207403
0.00795953029846919
0.0064225533456049476
0.004848298416958518
0.0032465075731322917
0.0016270778027929302
5.468230618101556E-15
0.001624702545490117
0.003237035767175732
0.0048270961718890745
0.006385131545145044
0.007901600640551804
0.0093672314884537
0.010773077968522745
0.012110574301542882
0.013371587129270092
0.014548464866401012
0.015634084025898068
0.014248911814260088
0.024981097340578594
0.028275918223463405
0.002869065898927483
0.031315117172713944
0.01908290284932843
0.018780868439943185
0.026108953735638003
0.017174099196748685
0.025850655030852192
0.018420352672478726
0.01775906283922471
0.03247825774068922
0.004334410291389764
0.0263072919336337
0.024359858126052663
0.013387697960930473
0.015444371757695762
0.014352440193509768
0.013173533359922928
0.01191501965054986
0.010584747402743042
0.009190996056051294
0.007742424727148885
0.006248018519876761
0.004717032902417682
0.0031589364957593973
0.0015833526258689466
7.588194132467338E-15
0.0015813671279573853
0.0031510189353892663
0.0046993097840592225
0.006216737382102338
0.0076940009926888195
0.009122058333468085
0.01049218081940286
0.011796006812008106
0.013025592550936218
0.014173460457970594
0.015232644520592552
0.021910661541118457
0.013124049972540963
0.013329308586930474
0.028574707192249502
0.006329875609806864
0.03301547375170413
0.0336254526135116
0.028588102514168684
0.03387138231930252
0.029267393324199534
0.03333200876572161
0.034428829014651885
0.006284684470658541
0.026402397780122093
0.01408071246644891
0.013588499493327372
0.02265591336560591
0.015075026171655627
0.01401059797401809
0.012861044675939069
0.011633535736639325
0.010335712165392839
0.008975639047641234
0.007561755518894891
0.006102822496017636
0.004607868489184851
0.0030861338289852464
0.0015470136525623961
7.918818197368911E-15
0.0015453766227194806
0.0030796058552960666
0.0045932559091540065
0.006077031449701887
0.007521830580318577
0.008918800579130219
0.010259392048031824
0.011535411143225127
0.012739069568692241
0.013863032028236718
0.014900460847374538
0.010377611017003489
0.01794811670295561
0.020212594884508592
0.021204325017512966
0.029235853926031886
0.01330430411436929
0.009315845475332768
0.021455176276508472
0.012135577603802211
0.02128482556510549
0.009717823099074437
0.014126728013283825
0.027181933509665437
0.02341347013909556
0.020368430433049457
0.016235480989241904
0.009738612997430365
0.014771748995772218
0.013730038049230826
0.012604699581223401
0.011402737382907927
0.010131620185260789
0.008799235330311536
0.0074138399131639995
0.005984009696897988
0.00451858611597479
0.0030266216949551726
0.0015173242190179633
2.5313128322932376E-15
0.001516003413001574
0.003021354726479011
0.004506796245606036
0.005963200715944779
0.007381627315082894
0.008753376451611238
0.010070043035634533
0.011323567895692376
0.012506287027608552
0.013610978374996379
0.014630905856403378
0.024272040295059548
0.019864206162290142
0.013520474013191501
0.018711360663314695
0.01989218715089893
0.040348862632149166
0.022121812914204956
0.030617963795622368
0.02549161508156635
0.0299078363266554
0.021236005037859034
0.03954491331440831
0.02281751576900451
0.018442733736076748
0.01283762767833245
0.021377108869871035
0.02426294876705595
0.014528624515094414
0.013505294387047359
0.012399509771526365
0.011218138743397875
0.009968509378498787
0.00865836437033937
0.007295813132382735
0.005889281682091493
0.00444746061553777
0.0029792514937066277
0.0014937119704663193
3.734953138478001E-16
0.0014926825330962585
0.0029751464147073146
0.004438271585383192
0.005873063161208752
0.007270706647695293
0.008622622008381027
0.0099205162568418
0.011156434250422318
0.012322807374821092
0.013412499822267426
0.014418852180570657
0.008015486237120594
0.009483722721681527
0.025171981024557328
0.028354395166505668
0.005060473165917568
0.02221209963792003
0.028156588177899438
0.024659271313378753
0.03292839137372786
0.025520996164697028
0.02913409247501298
0.02283681492367277
0.004986124353238908
0.02746881909177222
0.02595839415932164
0.008593384067675819
0.007956801377370851
0.014341113543077192
0.013332175107203912
0.012241651830625781
0.011076303439820027
0.009843346313629157
0.008550408863446055
0.007205484406095508
0.005816881820235438
0.00439317429041901
0.0029431464544516935
0.0014757402795363263
5.9849304653507724E-15
0.0014749835446509377
0.0029401288293630238
0.004386419477506372
0.00580495966612859
0.007187028762764029
0.00852413485866632
0.009808066870151401
0.011030944889168484
0.012185268474432317
0.013263962587800094
0.014260420895061802
0.0225039914789284
0.025068865058189498
0.008591407235903688
0.014543170291868378
0.043195686602273596
0.01819035720776729
0.005988201974233915
0.009222150829710056
0.015249329894939401
0.009646517108176097
0.005564103051467745
0.01613443050448446
0.04375008667689773
0.014234820333389039
0.008143430213792898
0.024846397726845708
0.02167131833216583
0.014205836626889798
0.013207562550507144
0.012128285123692626
0.010974681112932884
0.00975388212499161
0.008473430582410695
0.007141233191066735
0.005765512186425502
0.004354754658456589
0.0029176602675227894
0.001463087672367084
1.1104991905774053E-14
0.001462590307412019
0.0029156769298899323
0.004350315050562078
0.005757676340101873
0.00712910320722234
0.008456161982293198
0.009730694707838487
0.010944869218241593
0.01209122720186844
0.013162729950771173
0.014152801518089253
0.010006069827163195
0.008445545080555276
0.025337065450303474
0.01924367140629216
0.006341598771625503
0.028390998665582787
0.035195250002890574
0.04451896783702295
0.05095623044355681
0.04422016461614232
0.03462235306941782
0.028238696768836485
0.004537178670959218
0.01891356126210401
0.02420073017923991
0.009494956680165272
0.011017685430253422
0.014120420498246982
0.013129271780944392
0.012057423013993937
0.010911491925408214
0.009698550779597893
0.008426082790693103
0.0071019360191544425
0.005734275035347794
0.0043315306473165355
0.002902348001853316
0.0014555333780343113
5.994019205127722E-15
0.0014552867977764077
0.0029013647161397487
0.00432932960879635
0.0057303902335316915
0.00709592230062477
0.00841752148700678
0.009687055090160572
0.010896712005375394
0.012039050719148322
0.0131070450245556
0.014094127177914622
0.017229637967584262
0.01933898434962133
0.012452359925433264
0.018485026793573306
0.02828191446508518
0.01459766056117247
0.010842060841648082
0.012058367712789026
0.00498476492962246
0.012640037192939569
0.012128308812575388
0.01612635976273288
0.024844348273770113
0.019033534811083042
0.014262766776842852
0.01753194902246311
0.01595152800463497
0.014083394332789479
0.013095955155910747
0.012027846164577362
0.010885648950797697
0.00967640084369439
0.008407551610462036
0.0070869176238623505
0.005722633777816665
0.004323103446453803
0.0028969467941688002
0.0014529477539668727
