1.0
0.9989725854527294
0.9958941397184459
0.9907760398146912
0.9836371918337666
0.9745039478168518
0.963409989935277
0.950396182533182
0.917013584606316
0.8910971604675051
0.863395916749883
0.8432659749320144
0.7939594630415213
0.7341982327704826
0.6915344873346715
0.6837942927495196
0.6294697124621482
0.5741339926467696
0.545421709518387
0.52530332608243
0.4956747496519714
0.46290888714656697
0.4205330440896651
0.38690170299816773
0.3800096988027445
0.3725747704954298
0.32143737697999747
0.3043497187505273
0.30499693486110213
0.2976692484988902
0.2639773186766591
0.23991165528470168
0.2158051173891385
0.20167312991975314
0.1700806805333096
0.1392737663276273
0.10934235931995448
0.08037172439209707
0.05244210162743646
0.025628413765296686
4.412673612318143E-17
0.024379622781927526
0.0474529703716826
0.06916877240348765
0.08948212364992583
0.10835460493099762
0.12575437327165584
0.14165622109465428
0.17387396017053
0.19499310927330274
0.2154908592479508
0.22519993225915225
0.2569419027918499
0.2935313601769856
0.31166660550822545
0.29934487724046627
0.3232175484980314
0.3451580038148732
0.3419687687872553
0.3250418267771502
0.31387450410052015
0.3156611729318663
0.3239128102060506
0.3186687674136581
0.29013511458727026
0.26061186866906527
0.26515612748170064
0.2435065903455201
0.20621022801612318
0.17436367227150187
0.16260137292868151
0.14113582563245455
0.12119003937841605
0.09130375337943761
0.07826434592780028
0.06509537670314751
0.05187566279556096
0.03868235100081197
0.02559056798264921
0.012673085182488813
3.155811535045368E-16
0.012361565328205286
0.024347745827528404
0.03589819564672808
0.0469563285808892
0.05746953627456681
0.06738938324713112
0.07667177800935276
0.06984700066265984
0.07335433439561707
0.07182812851178459
0.07819633666851003
0.0658923507313102
0.060575059582197784
0.06380531971773785
0.06541442007622209
0.05698645910195328
0.055560620366082385
0.07298407565565947
0.08905892550815955
0.1014074367491674
0.08846940168751892
0.07167666420338771
0.05348574619069219
0.05274447292520521
0.059977483130935386
0.06027405161307192
0.05581298731884217
0.05553481037022649
0.06457337946654874
0.05817434826792746
0.059515242240586554
0.05374254519048952
0.059138962311214086
0.05093822132600338
0.04256756538062806
0.03407978162745168
0.025527457685862835
0.016962687462070934
0.008436783880032224
3.4310991870165795E-16
0.008298740059596393
0.016412099049191834
0.024294572090918207
0.0319027185649628
0.039195379273756284
0.04613387787015415
0.05268220563223829
0.07323478586803883
0.08294017880023774
0.09707271612527625
0.10148839632862067
0.10873601613835156
0.1184674997567733
0.12083536806183127
0.12339851283469103
0.13662330940099332
0.13533335647710446
0.12734070557306904
0.10369154724222883
0.08922526369516652
0.10100649181084155
0.12154289090909362
0.12718657228912608
0.1285436535646575
0.11357764461288866
0.1048720540641276
0.10096681353686993
0.09324162595111356
0.09027345029397081
0.08534078177094638
0.07094033537042535
0.0626696160937666
0.04384237336355564
0.0378506719099733
0.03170319158088229
0.025439031390899678
0.019097499119955588
0.012717877975440672
0.006339196069147446
7.759642144538983E-16
0.0062618662024631145
0.012409475561784416
0.01840702490262281
0.024220032755729353
0.029815527373654956
0.035162223877609845
0.04023068962729864
0.0379882366783831
0.04743162133119106
0.044755835292362676
0.04797907610586338
0.04811893293500756
0.05433092676607286
0.054895946782640245
0.054815021579519126
0.03923445629476889
0.05089081673093548
0.0558193716801942
0.07963732543068569
0.09465183412205332
0.07968441128934042
0.055652872704202154
0.0517522349129613
0.038938110969248534
0.05572083312791908
0.054815126101038725
0.05537847182758448
0.0500518724314403
0.04672660826927147
0.04377959345551972
0.04638488440977468
0.03549673419881611
0.03492661100534795
0.0301948767490643
0.025325216019944332
0.020348602879239758
0.015296350844883818
0.01019992261615994
0.0050907406937650375
1.8118846409383582E-16
0.005041516417228734
0.010003617540091063
0.014856879372913107
0.019572813786123133
0.024124030271787975
0.028484389719773955
0.03262914937775263
0.04586055203859209
0.04809131696966657
0.05996144744135607
0.06254140679149976
0.04590965083235523
0.047446248361635295
0.06030404956179243
0.09126168466990126
0.10268675873842283
0.09101209932627675
0.09229499037129696
0.1038742042201922
0.1270572497073989
0.1048576493142008
0.09309729686849673
0.09063745206187986
0.10160909665430722
0.0914831769712255
0.059275342147097836
0.0428346667053963
0.03760254875000997
0.05632440853328233
0.053372307701937405
0.04130649015686522
0.0404761281431867
0.029106096167607048
0.025185915879489307
0.021143214447610838
0.017003654284084204
0.012793277347069228
0.008538345181073395
0.004265178890458022
1.4982262618608688E-15
0.004231226855954462
0.008402948491872368
0.012490174076164217
0.016468621510453772
0.020314858443543908
0.024006437118551494
0.027522022293950586
0.03339159313448527
0.04539287698593419
0.04246435477673824
0.04467565757728727
0.05985931247145797
0.05601479289027006
0.048231748679012025
0.051057726468782615
0.023663287317095466
0.04735509385642572
0.04774631698527141
0.06849076930066568
0.07743317049088563
0.06764268707035587
0.046563496306175525
0.04559185894455051
0.020323787595580498
0.048104287244248034
0.04537168007011666
0.05437074886654222
0.061630932786491885
0.04407594348045674
0.0419080266380313
0.0449784092916693
0.03318194148762482
0.02502101131459205
0.021665227760587526
0.01819948054447504
0.014645715469341009
0.011026264246838703
0.007363706582082984
0.003680731678741301
7.012501471583213E-16
0.0036559938856954403
0.007265056556973125
0.010805428289308965
0.014255912122851107
0.017595998694535552
0.02080598611094386
0.023867094172386315
0.03012865072600777
0.026281777806749774
0.0368899942438001
0.03858982064213299
0.0222300251991776
0.038307435065820274
0.05642948180836652
0.0841460054644748
0.07615257830817679
0.07059261420275932
0.08781386930846273
0.1043950209608442
0.12104805782563505
0.10339452144367647
0.08615705076734136
0.06757876026511261
0.07155281959670586
0.08111379659136694
0.054511635484430145
0.03776856780242119
0.02221658579261533
0.0343367262117735
0.03231015882927896
0.021442989344704125
0.02633657580011158
0.02200678902194969
0.01906471839956959
0.016022861053655513
0.01290043166565552
0.009717023953107648
0.00649248932349707
0.003246814662537259
1.3439606104212592E-15
0.0032280632073137814
0.006417712443588987
0.00954963243325275
0.012604970668222078
0.015565449480289635
0.018413474000504297
0.021132235375582373
0.03302751024564034
0.042912620194034135
0.03904885575283221
0.04089896810302582
0.06215723290694622
0.03928323881203984
0.027013894354826175
0.016936359310398472
0.02531397992580349
0.032622203275969514
0.019762386278814627
0.02198135392726656
0.012704597140950022
0.021164476920277155
0.01963800013259373
0.033578729671136086
0.029247749543049147
0.013162088287767557
0.025624133226278312
0.03573968454117994
0.06047910661214457
0.039616557540556485
0.0376784560414946
0.04170632492827368
0.03292015356171613
0.019700210362089292
0.017073170655952697
0.014354647114387428
0.01156177296143219
0.008712048594938588
0.0058232330499885625
0.0029132344336049746
1.171597419641152E-15
0.0028985934652993265
0.005764848289298348
0.008581352929304408
0.011331086723561003
0.013997521750359447
0.016564721191942945
0.019017433623296144
0.01849882959126531
0.010827857197905967
0.021371286817828287
0.022811245261049367
0.02403304173409808
0.03139469749914915
0.03736369636561191
0.051537660203613424
0.027204825718366802
0.029895420484700404
0.042631716348219516
0.04869694546305154
0.051335900004213814
0.04734784006398695
0.040370840053624006
0.027758304481113185
0.02308092737007068
0.04697628957679396
0.0340827588106516
0.029818295041858806
0.02403982142803042
0.020516266498390587
0.018831255290669632
0.007850097791623512
0.015491199601683677
0.017886055366204467
0.015505857279755205
0.013041013712293166
0.01050702679199675
0.00791975251950031
0.005295302366406075
0.0026499437508200416
1.4241781223784095E-17
0.0026382495895475393
0.005248668987356399
0.007815363359244086
0.010322775102730058
0.012755777411735565
0.015099764812139321
0.01734074013054769
0.03231938081308591
0.0374788350517996
0.032487563975395976
0.03409611460210642
0.04774621852539701
0.029572494572461167
0.03153549778234336
0.028617565903645933
0.049091357259799705
0.044759491852653745
0.04148367726666673
0.041343668168846735
0.03869607307390184
0.041893012536333894
0.04235896120039668
0.0444882669548601
0.04907182779786984
0.03145670922714815
0.03255310549607213
0.030575338081860488
0.043536646128881556
0.03223426928424154
0.030469868568916248
0.03553507981107254
0.031879431920099066
0.016428752422942283
0.014246258644900754
0.01198480398314692
0.009658584444420231
0.007282136745883651
0.004870248084483345
0.002437864729539616
2.291492460418982E-15
0.002428357810788586
0.004832337001507502
0.007197272964715974
0.009508797076711574
0.01175292343993935
0.013916132957620338
0.01598545423832269
0.009182319107866084
0.006052449030138796
0.015400864217370547
0.016971255343923446
0.024056731815174842
0.023802642591891934
0.021057418120548607
0.02043840102126521
0.021493368009739205
0.02220436847183577
0.01873318409610883
0.030881150579190234
0.023093098849084066
0.031214115358213848
0.018713026780280202
0.02288063643915727
0.023905046919496544
0.017989016992735068
0.020627645678484463
0.02256899560902706
0.024556260604573388
0.017100671657694105
0.015572037022519193
0.007507403710298417
0.006791064641839659
0.015238710305111964
0.013217291849714617
0.011121676278227964
0.008964995797928109
0.006760710998604679
0.0045225273098718766
0.0022643102517691137
1.0881029888702044E-15
0.002256474210774208
0.004491279322591042
0.00669076280997542
0.008841535644204375
0.010930553364365127
0.01294519476696198
0.01487333774186552
0.03040150397690462
0.029799364926924976
0.02394565672270882
0.025339844161749617
0.02622689014017647
0.03386210571129374
0.028063680198449265
0.03747624774400018
0.032944383016934614
0.027371694680628774
0.04157181937479583
0.03672766569323675
0.033564134825114764
0.03598876805285109
0.040828910973819944
0.025711567202500493
0.030125216850507258
0.0365776730660805
0.02571268688684826
0.03321254296847376
0.022392401090023488
0.023303118276458357
0.02173011338328416
0.02749243790738681
0.029579908265720566
0.01425440294559026
0.01236597513684398
0.010407368373056775
0.008390836793719924
0.006328951709570198
0.004234523600870481
0.002120522893439597
3.4315356568800217E-15
0.0021139948823772933
0.004208491728063133
0.006270679904200061
0.008287986175756254
0.010248151021480547
0.012139302799506623
0.013950029315998426
0.0025557051374436985
0.011686576849123255
0.01802250396182256
0.019486777648759637
0.028090808428380663
0.017210695648489902
0.029477635681850693
0.01808371674196083
0.03978368166903643
0.032433304327931935
0.020352571085293498
0.04125949473260118
0.026189140043945413
0.04140371599512106
0.02044678896139112
0.03289326200662054
0.04054816534802337
0.019565056689318086
0.03166600629675068
0.017137392412503828
0.02885368361820008
0.020334360725713676
0.01900427653790283
0.01293356368121324
0.00246801576294833
0.013432231125055333
0.011654737426118184
0.009810470346244778
0.0079109517113477
0.005968010510533123
0.003993709529244657
0.002000270752829699
0.0
0.001994788750870812
0.00397184887904759
0.005919076020935304
0.007824581895462368
0.009676766606712165
0.011464388985831776
0.013176634547163932
0.027263708378017327
0.021511817895605665
0.015617635785248472
0.016865647499060794
0.011849153675552672
0.02395876085280776
0.010710565738287015
0.025258877359620534
0.008407137333990181
0.02228872799067637
0.02736648971403715
0.007548151081875823
0.029869543772574142
0.008011235135534416
0.02697869774667935
0.02282560930380813
0.007258290197896333
0.023687289438601822
0.008636987398005913
0.02129276021064676
0.010610334804958984
0.015358529193217667
0.013980696728926168
0.01944156755661879
0.02611866190467704
0.012740489276206501
0.011056240820027846
0.009308114012789713
0.007507015135159933
0.00566414882068386
0.003790948594128779
0.0018990061775895262
2.3669050447899087E-15
0.00189437665047468
0.003772487390703886
0.005622823984445891
0.007434076627061812
0.009195202845304512
0.01089549459368855
0.012524643141227098
0.005565022829597149
0.014960129479877455
0.021315292461957777
0.022608428720346702
0.02919383193553641
0.02434237335559047
0.037451226892945964
0.025381172190402115
0.03831877814998181
0.02977231808641292
0.024151985892917522
0.04381511588682171
0.018259655116704812
0.043761788562660456
0.024442836413600535
0.029018807966735626
0.037425333814110354
0.025173460842667864
0.03687172322915364
0.026234904676685353
0.028557668275611583
0.022973353718264946
0.021755599296327147
0.015241342988162009
0.007003498605477828
0.012155621864991058
0.010550164881391814
0.008883293100557146
0.0071653925487611785
0.005407139946447578
0.0036194365539007354
0.0018133407843758725
1.5060478246411737E-15
0.0018094180900257804
0.003603794008240651
0.005372124644469179
0.0071035905320636665
0.008787621854590618
0.010413962781397928
0.011972733741574365
0.023161763058604408
0.015229148155269634
0.011431239803512235
0.01256625121072231
0.010278556754429638
0.010491670761764969
0.006799609369203044
0.020006718567588688
0.009264183320492142
0.021464954333246897
0.022132900659679797
0.02982246920393295
0.027095282065459306
0.030045381581046738
0.02186008748381713
0.020682606828925865
0.009635542155139171
0.0206028763142888
0.00817016393294882
0.009116666020346704
0.011073451898858734
0.012578350435569811
0.011516663282701407
0.014318643421140982
0.02179969761749307
0.01165981713251191
0.010121138014667548
0.008523137976577645
0.006875761877443408
0.005189238702479558
0.0034740182182222104
0.0017407063958163333
7.568546726513206E-15
0.0017373792535239645
0.003460750568358089
0.005159539561483614
0.006823342980653289
0.00844199224994815
0.01000561545646816
0.011504697400991363
0.00993245126643228
0.014776662468439521
0.021901011625593426
0.02300748479400019
0.02471989778812396
0.029524471051416843
0.027721433531324634
0.018937828652297043
0.030980830840043494
0.02727351605471729
0.032062824422067406
0.037239684517976955
0.03166445459873839
0.03703991725756911
0.03251272612059892
0.0279549992300876
0.030533405628272184
0.018060874551534704
0.02620736464906238
0.028703821694229557
0.02386755652241572
0.022661932676604213
0.021557533265406763
0.01418648372441282
0.010969249897472683
0.011239413419892657
0.009757366466505922
0.008217771418259339
0.0066301986482100615
0.005004497115000014
0.0033507334073919447
0.0016791295566433069
1.2234749515131877E-15
0.0016763119168742336
0.003339497508490566
0.004979345999425255
0.006585807068180353
0.00814905230301289
0.009659535194488022
0.011108049299682189
0.018499120309245075
0.014020132458255695
0.013679277841707981
0.014630788239318345
0.015990592281993243
0.010189710038722178
0.01864832640339772
0.02688206475864687
0.011763827348561321
0.009069869439467587
0.020653859662968496
0.027153793550975944
0.00685025786257761
0.026913109948539012
0.02086726955587239
0.008343772808294153
0.012321210802337577
0.02751896341929846
0.02028579891751937
0.011866310902546529
0.017246013343173414
0.015498669030664821
0.014666248995521294
0.014542907500230252
0.017071109880538445
0.010883816402484217
0.009449702303212994
0.007959530298469217
0.006422553345600649
0.004848298416965983
0.0032465075731385024
0.0016270778027926006
1.3388948409593435E-15
0.0016247025454926083
0.003237035767177916
0.004827096171886814
0.006385131545153759
0.007901600640544553
0.009367231488446504
0.010773077968524482
0.012845206288945846
0.011770743006379784
0.019468635355102366
0.020376752100680504
0.022379687271742936
0.01948944352855869
0.02633237086971404
0.017032594575794608
0.023666358142751566
0.033423415229041936
0.03523314461598846
0.03367743809668764
0.05644563636888047
0.033671841959514004
0.03488738533637577
0.0331814120602268
0.02237305448051993
0.017101235170558757
0.02717460922555473
0.017099926971761922
0.02234546398710258
0.019444065987891595
0.018471380112914097
0.010623099646504609
0.013414139552861469
0.010584747402742485
0.00919099605604924
0.007742424727160011
0.006248018519876136
0.004717032902419912
0.003158936495762143
0.0015833526258728246
1.965744236839752E-15
0.0015813671279547052
0.0031510189353890924
0.004699309784060686
0.006216737382100605
0.007694000992686144
0.00912205833346954
0.010492180819403616
0.013857629900836667
0.016589080006122706
0.017358873005766315
0.018279170339752085
0.02005189209167379
0.0210483308082174
0.02329212732641159
0.027284621787420093
0.024358939074766845
0.011510775365987023
0.022339382457585946
0.018756200768701672
0.03076223028077812
0.018588127619066783
0.022112127311717154
0.012405562326552773
0.025981334007108947
0.026820905208376482
0.022588485759766838
0.022557179012785707
0.019962659721589105
0.018896696043962498
0.018031434188050706
0.017373806036873527
0.012595436242036233
0.010335712165393642
0.008975639047645187
0.0075617555188941385
0.006102822496015643
0.0046078684891851145
0.0030861338289814664
0.0015470136525525095
6.643780521016263E-15
0.001545376622723272
0.003079605855299896
0.004593255909148784
0.006077031449699139
0.007521830580311493
0.008918800579129523
0.010259392048034808
0.014200979786685386
0.007558196443944617
0.014905558960630835
0.01567245815644156
0.021672666223279995
0.010587104471117489
0.02712020636382967
0.01293352968080882
0.008913337163711342
0.02263737912308514
0.022258021022913774
0.030998472110041572
0.04210218735652485
0.03086624031373853
0.021854041974128265
0.02157737460833355
0.0076002788485646355
0.011697472111615396
0.02598284367734385
0.010660184646001292
0.02120504692155576
0.014523121457101966
0.013640443038059261
0.006678184945158645
0.014313245527047077
0.010131620185262208
0.008799235330311014
0.0074138399131632
0.005984009696896618
0.004518586115976644
0.003026621694953019
0.0015173242190133424
1.3119777256220581E-15
0.0015160034130007796
0.003021354726475628
0.004506796245602927
0.00596320071594415
0.007381627315086261
0.00875337645160956
0.010070043035637438
0.010178524741016222
0.018909667442540058
0.01908682593912723
0.020035336316967512
0.016523668962568155
0.024207824800115827
0.017239712034605472
0.02792358665301718
0.033286490055269416
0.020392663809666273
0.015081686978404311
0.011837885050942009
0.025361882515131762
0.011681234468995749
0.014789214617651281
0.02052600162314583
0.032905862395179314
0.02894605013551026
0.017279325448696422
0.02332037758638436
0.015218175336981216
0.020051642239554333
0.019091236133364296
0.019203639568681312
0.00947153118255601
0.009968509378505871
0.008658364370335314
0.007295813132381639
0.00588928168209359
0.004447460615540059
0.002979251493707498
0.0014937119704648838
3.412757557072012E-15
0.0014926825330986587
0.0029751464147081807
0.004438271585385314
0.005873063161210375
0.007270706647692291
0.008622622008378173
0.00992051625683962
0.01408490158380529
0.006596869718556917
0.010363686851696988
0.011191138029364845
0.01887077283453691
0.013288623249606914
0.016150358804210518
0.003256649874675743
0.007001124425750198
0.017476931343897047
0.03293820820689202
0.02826319862741355
0.01842353499295547
0.028283872083112095
0.03380515426850269
0.01792813537261009
0.008340686982208564
0.0024717551789981964
0.014441814573299327
0.013991077407125626
0.018466119403628103
0.010628810156276147
0.009701879102901285
0.007484196754414446
0.01379373385496203
0.009843346313623368
0.008550408863443642
0.0072054844060936525
0.0058168818202350885
0.00439317429042347
0.002943146454459292
0.0014757402795407674
7.833011963825348E-15
0.0014749835446457482
0.002940128829370125
0.0043864194775054665
0.005804959666125524
0.007187028762769066
0.008524134858664937
0.009808066870153247
0.008832786927499559
0.019067396214044713
0.018068711372397413
0.019022875184214562
0.012196538224506271
0.016617697633396385
0.022965104151093315
0.03477734444145756
0.021595890041110444
0.015540153690500665
0.008879578558680474
0.009001536037503675
0.014854002280230363
0.009019968499585057
0.0082581664794389
0.01496830908934681
0.020414663949674488
0.03470465810603623
0.02375441283681179
0.01564589134770151
0.012573306332551253
0.0184321083125954
0.017408812173238246
0.01865964562928021
0.008988912406205552
0.009753882124992884
0.008473430582409801
0.00714123319107618
0.005765512186422711
0.004354754658465092
0.0029176602675264457
0.0014630876723624386
1.808891726955132E-15
0.001462590307403878
0.0029156769298851895
0.00435031505056005
0.00575767634009681
0.007129103207220548
0.008456161982292881
0.009730694707843351
0.012737586410687616
0.01090661851288843
0.00988615446530528
0.010898687066347624
0.018264079095406283
0.01766945766816443
0.011325581009704688
0.004771389880988624
0.022000501821112434
0.02317982959437471
0.03716315101674853
0.026689286547930745
0.027460460878614836
0.026512614866627024
0.036530220208403796
0.023267635315715504
0.023165154030863336
0.006611092513011551
0.012262721928714568
0.018252173422696933
0.018335839026156077
0.011551723420309716
0.010606034452426975
0.012302873894045914
0.012158451714720752
0.0096985507796001
0.008426082790697209
0.007101936019155105
0.00573427503535255
0.004331530647320056
0.0029023480018555295
0.0014555333780362936
7.876005069392091E-15
0.001455286797778734
0.002901364716136648
0.004329329608801544
0.005730390233520294
0.007095922300632405
0.008417521487000151
0.00968705509015021
0.010051284882837828
0.0166947821268219
0.014694637851296218
0.015630376930315267
0.016328321429180358
0.017007470677523
0.021949628460270217
0.02541176851884542
0.02340861775308847
0.017513166621368974
0.01271141570523286
0.01515673217537934
0.014422662187742016
0.015457541648807614
0.01412951991486301
0.01825732189128534
0.024281450553851728
0.023110686141801277
0.0206491549202021
0.01775623383582978
0.017138312043590297
0.0146744523988409
0.013633515149888765
0.015647468208534437
0.010670419102354535
0.009676400843694862
0.008407551610458905
0.007086917623867421
0.005722633777816979
0.0043231034464529
0.002896946794168015
0.00145294775396166
