1.0
0.9989725854527268
0.9958941397184431
0.9907760398146893
0.9836371918337656
0.9745039478168482
0.9634099899352722
0.9411374078729955
0.9077395665249409
0.8910383019589885
0.863346937778565
0.8524649479725797
0.7848247318431258
0.7433866618430874
0.7007168049027704
0.6929562567949954
0.6565218955056639
0.6187781737724823
0.5714008150584807
0.532964771866424
0.4929220343880495
0.4701938597628174
0.44553277911297334
0.43008875027875076
0.4061193773151296
0.381585620995516
0.33048849842098915
0.3133582244959387
0.29649526173311197
0.30648340587778544
0.2634995558108143
0.23916215793466483
0.20629318782505113
0.19242504654866951
0.1700806805333091
0.13927376632762709
0.10934235931995459
0.08037172439209715
0.05244210162743657
0.02562841376529662
2.2122747745271039E-16
0.024379622781927592
0.047452970371682585
0.06916877240348798
0.08948212364992573
0.10835460493099733
0.12575437327165553
0.1508951803484653
0.1835820289270963
0.19642841098846484
0.21645012864473062
0.21699300815882536
0.2647137531743519
0.28599155800824577
0.3043027616345407
0.29175518171375997
0.30209606663922706
0.3126266822986305
0.32541511641749016
0.3250599045543761
0.32828956472943527
0.31617766747109327
0.3086791787693288
0.28879645372160434
0.2706759710463799
0.2536600294003307
0.2587468857548017
0.2370215724312249
0.2131833183516955
0.16692284377888392
0.16433972920998538
0.14393848226142344
0.1313877846530713
0.10051566167684592
0.07826434592779972
0.06509537670314751
0.05187566279556089
0.03868235100081211
0.02559056798264932
0.012673085182488294
4.88887264566947E-16
0.012361565328205494
0.024347745827528564
0.035898195646728415
0.04695632858088918
0.05746953627456627
0.06738938324713087
0.067496662423911
0.0584280873012565
0.066329737545304
0.06669579720483422
0.08235384911552422
0.06635589696762424
0.06890318746455366
0.07243801595455365
0.07188360514337995
0.06567016417044663
0.05623083389978384
0.054488951978048025
0.07851598178986936
0.08008467845149525
0.0781932971810389
0.05256855701713091
0.05255066931942409
0.06066635084847211
0.06550287885344037
0.06847393821999828
0.0637056322253616
0.05848326058615234
0.06646984042001772
0.05044618414979207
0.04854015130567868
0.04089995821138035
0.05002741813043576
0.050938221326004125
0.042567565380628336
0.03407978162745272
0.02552745768586323
0.016962687462071146
0.008436783880032528
7.504116338288745E-16
0.008298740059596802
0.016412099049192535
0.024294572090917625
0.031902718564962275
0.03919537927375635
0.046133877870153835
0.06180735412429064
0.08499975450915319
0.09063774609945256
0.10185544868727828
0.0976547970184465
0.11229364278526899
0.11858539545525675
0.12100288449700841
0.12125750266956492
0.12980518164758487
0.14194068962194914
0.13717954135135652
0.11084298095427797
0.10359578978359654
0.1073492829314726
0.1320606420279899
0.13594565253137303
0.12235218841394202
0.11189902585986913
0.10595599535088783
0.10240250072219519
0.09605768127415354
0.08766934264449282
0.09125782245276061
0.08079850076080088
0.07522017657197681
0.052912795434722215
0.037850671909973224
0.03170319158088253
0.025439031390898755
0.019097499119955244
0.01271787797544098
0.0063391960691469695
1.1634394411389796E-15
0.006261866202463814
0.012409475561785203
0.018407024902623824
0.02422003275572932
0.029815527373655296
0.03516222387760973
0.03132248690577681
0.02107534973874525
0.025384839677808763
0.02974179423123569
0.042182011545611256
0.05131762680794762
0.054945860773904884
0.05398214531452266
0.04853643125981927
0.05339934690062621
0.04882850535758302
0.05191829563699345
0.08705613438323566
0.10732509180989738
0.08750278864466368
0.052666305412708204
0.04958241779028529
0.05460767356994458
0.048134882813223694
0.05167643683410202
0.05369880191573172
0.051423320177421974
0.03942764116862358
0.027304053885094236
0.020972613591430024
0.016952472375415303
0.026155848530427395
0.03019487674906606
0.025325216019944256
0.02034860287924083
0.015296350844883809
0.01019992261615994
0.0050907406937648805
0.0
0.005041516417228764
0.010003617540091247
0.014856879372913388
0.019572813786124067
0.0241240302717887
0.02848438971977585
0.04156272213937865
0.060355868525310295
0.06393939562775397
0.06926575789138274
0.06438035244947055
0.04749518043544973
0.052238662889394404
0.06357387163909663
0.09249719836628936
0.10351829878945513
0.09999588459930006
0.08589481207863417
0.050079023331381575
0.032981077336017975
0.05063451286026441
0.08525563401273398
0.09857417246891069
0.10417519343161197
0.09343364710446085
0.06291002470180386
0.047781869575557134
0.039692182305702706
0.05943367038492212
0.06372490624095006
0.05942134807491569
0.0558146345930198
0.03796373674629952
0.025185915879489554
0.0211432144476103
0.01700365428408408
0.01279327734706961
0.008538345181072757
0.004265178890457243
5.55377308650966E-16
0.0042312268559531446
0.008402948491872437
0.012490174076164873
0.016468621510454515
0.020314858443544723
0.024006437118550054
0.019132817901268834
0.012283514636814846
0.01479425199544793
0.024532132729666426
0.0354199295487333
0.05274073516878169
0.04706432777634172
0.03899372185408589
0.04427683198361483
0.057657995932821934
0.044427189346011836
0.054144381409516454
0.09178773416026662
0.12359455266177129
0.0914077734378243
0.05332316526634358
0.042666145829464174
0.05627054426001594
0.04249990292973698
0.03641948132819949
0.04512050308000013
0.05268613281354437
0.03500664859183352
0.02419561046067193
0.013719041535554697
0.011524666733079275
0.01686656953869809
0.021665227760587533
0.01819948054447578
0.014645715469340702
0.011026264246838953
0.0073637065820825265
0.003680731678742567
1.1967225523054176E-15
0.0036559938856961095
0.007265056556974008
0.010805428289308453
0.01425591212285129
0.01759599869453645
0.020805986110944693
0.032548500319145975
0.04736613908701972
0.04998617312664262
0.049830183241037114
0.04557202132250682
0.029436823634564933
0.045508066498646214
0.06433711229453698
0.09205149723534846
0.09903360100099087
0.07215848443867943
0.0678410214540364
0.06267250037314998
0.060335149949112196
0.06237631609447368
0.06623438812076589
0.06902503050212346
0.09649559716413758
0.08961679668353892
0.063073482905918
0.04576005440173334
0.030240662652313975
0.04219127103104103
0.04583939203605895
0.04701695718962995
0.04433475423234423
0.030595110257942648
0.0190647183995682
0.016022861053656353
0.012900431665655156
0.009717023953108282
0.006492489323495465
0.0032468146625372323
8.915498492332857E-16
0.0032280632073127843
0.0064177124435877185
0.009549632433253972
0.012604970668221749
0.01556544948028808
0.018413474000502326
0.013579371766651957
0.010939345880125403
0.012460930451776646
0.023372598650780993
0.03414799491392692
0.048426118490105245
0.03254988312462066
0.02109348577957722
0.01889041943743808
0.029060333532073324
0.02867368778985677
0.035881889641851
0.0630819175109989
0.08942324257767655
0.06227555334556889
0.03586242969374695
0.030136460765392274
0.025329793437063767
0.014711867537657177
0.019683852444570684
0.029695447554391387
0.04629446669317851
0.03388760027759706
0.023048237916217993
0.012292162055949804
0.010895538189676994
0.012491964623194381
0.017073170655953297
0.014354647114387487
0.011561772961430588
0.008712048594939101
0.005823233049988746
0.0029132344336065714
1.0638624247386615E-15
0.002898593465299504
0.005764848289296246
0.008581352929304651
0.011331086723561088
0.013997521750359669
0.01656472119194376
0.027396721721934785
0.038087925966447396
0.04015421652250378
0.03530643983322194
0.032059982505912486
0.03152584272947062
0.03984451809285967
0.04516172926615344
0.058955677230134146
0.06060207715822284
0.02657215542034726
0.028546910649346512
0.0352661859225301
0.02624627079272587
0.03441028124171211
0.026588507535653828
0.023444981827212275
0.055988450539339395
0.05348253005910526
0.04097226178985651
0.03715580656895054
0.03052387058274668
0.029495694553734898
0.032251469112254044
0.037817878595670644
0.03566603150304149
0.026157532983064818
0.015505857279756235
0.013041013712292054
0.010507026791995874
0.007919752519502712
0.0052953023664091565
0.0026499437508193478
1.795993434175889E-15
0.002638249589548564
0.0052486689873562425
0.007815363359242647
0.010322775102728493
0.012755777411733588
0.015099764812135381
0.010952155860544233
0.010885071288764392
0.01213653206682373
0.021837351592599603
0.032568651590110055
0.03596936202889106
0.02481508959411406
0.027289621265234855
0.022953012585454766
0.023952320346235154
0.05667878738162563
0.05275451347393935
0.04793104639056727
0.061543896410502626
0.047990969489966444
0.05359404595447522
0.05802261255892466
0.026583567994894978
0.02668096421940333
0.029393413377995507
0.026229565706596698
0.03378582030197084
0.032036455319898446
0.02136839618391046
0.012129015953563695
0.01088491207949427
0.010476923171396152
0.01424625864490244
0.011984803983149382
0.009658584444420195
0.007282136745883859
0.004870248084484323
0.0024378647295398605
3.651458558799713E-15
0.002428357810787533
0.004832337001507712
0.00719727296471674
0.009508797076710412
0.011752923439940086
0.013916132957619667
0.024018881293474553
0.030440121765457365
0.0321587376813188
0.0246008489942563
0.021887341802860238
0.022055145290333575
0.021924350424370322
0.023144791926356188
0.02020493734562554
0.022801043482070998
0.003085693725427232
0.003512842554763914
0.009864941015631264
0.007457494423430974
0.009583311495035862
0.003888189025673863
0.004135622204030769
0.020826804145254885
0.017494358895381607
0.022289785058496214
0.018824080171419
0.01933324487078654
0.02005751263235764
0.022633374140858874
0.03017196786035434
0.02835400151283171
0.023150900449443016
0.01321729184971584
0.011121676278226682
0.008964995797927715
0.00676071099860482
0.004522527309873138
0.0022643102517699663
2.500509170812749E-15
0.0022564742107757598
0.00449127932258965
0.00669076280997508
0.008841535644204446
0.010930553364364966
0.012945194766963443
0.009887880195022609
0.010902557780520196
0.012185693889209138
0.019848951642528825
0.029668076982270065
0.03131264417164346
0.03467116967206971
0.033080088625240645
0.04142928252882914
0.03793275255769638
0.055133871104251615
0.053039890550879085
0.0494941507827899
0.06116085492568778
0.049389518714804
0.05216267893949872
0.05349520696958234
0.037492179435979614
0.04168582572888234
0.03201135410878801
0.03555087090799853
0.03213912276450875
0.028833704167030356
0.019321006859362284
0.012238632203738239
0.010934839296977977
0.009751023562815599
0.012365975136844502
0.010407368373055467
0.008390836793719573
0.0063289517095693575
0.004234523600870683
0.002120522893441689
3.1344885758263326E-15
0.002113994882376329
0.00420849172806055
0.006270679904200289
0.008287986175755551
0.010248151021481128
0.012139302799509399
0.021596940690814106
0.023810821559372652
0.025309709518466127
0.01883216141246406
0.015337350210200267
0.009136243663020217
0.009425486731782158
0.026287610188262124
0.016881683529370813
0.019119214289318544
0.017387517590250035
0.01786553498640512
0.009148399020377656
5.390582043012817E-15
0.009256452156733666
0.01871915795050689
0.01864232229001822
0.019886301503673258
0.017413684734365675
0.027189184729006378
0.009235491122408011
0.007121052557254227
0.014495620378882844
0.018292171796237326
0.023607972280930384
0.02200509843404884
0.020944953971353014
0.011654737426119312
0.009810470346245964
0.007910951711349732
0.005968010510535262
0.003993709529247575
0.002000270752830635
1.2388964139498553E-15
0.0019947887508705844
0.003971848879049015
0.0059190760209358925
0.007824581895460824
0.009676766606712758
0.01146438898583175
0.009681023789251815
0.011121132301230656
0.01248569204373031
0.017704440898638173
0.025533866972482604
0.035841406552568095
0.03229213752855866
0.019945514766536707
0.03447425504849817
0.02401816319775181
0.0267198261903942
0.028009131219288972
0.0427016993236624
0.03815809950231101
0.04255256922840233
0.026685455777750423
0.02467912962758186
0.022348293253836197
0.03294653893246997
0.017758117752852243
0.030227833059831177
0.03609045197100493
0.024473834139189677
0.017153317097123005
0.012625250828901436
0.011260164556872109
0.009724487576226964
0.011056240820028049
0.009308114012788587
0.0075070151351593565
0.005664148820683887
0.0037909485941298327
0.0018990061775884754
1.0943564452085464E-15
0.0018943766504757949
0.003772487390703022
0.005622823984444506
0.007434076627061383
0.00919520284530692
0.010895494593688134
0.01974514416339851
0.018162826339930827
0.0195347545201328
0.01843741367110622
0.013518739812833677
0.003497251505980445
0.015198160878113265
0.028250096188584577
0.016660269634662828
0.02852396256526717
0.030023631703758363
0.03192957274448388
0.010680080137020816
0.03030083389101728
0.010574614578647468
0.03229016001713678
0.030268387882244015
0.029399760737678957
0.01608893380039161
0.027624417106961542
0.01697564585274196
0.004441126218700636
0.013714231298985819
0.01887689536048654
0.018166277706075495
0.016699369078421313
0.019228811418829237
0.010550164881391183
0.008883293100557108
0.007165392548760414
0.005407139946450052
0.0036194365538992765
0.0018133407843730145
8.583181565909476E-16
0.0018094180900275268
0.0036037940082436627
0.005372124644470869
0.007103590532063077
0.00878762185459768
0.010413962781397203
0.009924582184982092
0.011729980944310488
0.013113088046457354
0.015430279408602518
0.020606471533858063
0.03268424139519683
0.018766986463373832
0.015482804014214525
0.028004126412812178
0.018878392635208473
0.01542082952352196
0.011244886724217282
0.0391541000562
0.011833144997665187
0.039087435784580744
0.011077480947325457
0.015856546406725704
0.01932328886040161
0.028187639646690674
0.016412011661042676
0.01700185122750221
0.030841676763316048
0.019454662043155563
0.014822084079944176
0.013337403263121104
0.011986674410990678
0.010059987567702634
0.010121138014667163
0.008523137976573966
0.006875761877443555
0.005189238702477609
0.0034740182182209037
0.0017407063958163346
7.301820241062809E-15
0.0017373792535252425
0.0034607505683603313
0.005159539561487029
0.006823342980652998
0.008441992249949959
0.010005615456472546
0.018257779969281338
0.013816596503747428
0.015122952102070562
0.020546451838767434
0.01530880705877762
0.011524716649219186
0.02344356804509407
0.02099274336010024
0.011448249942284796
0.03339663584034474
0.023956026357055696
0.031847065889478665
0.007094170692317112
0.042132929328744934
0.007380996873025582
0.031581880343410744
0.023051228609420833
0.0334893126706171
0.010954324871268089
0.019899969307168863
0.024019944786626814
0.013530614966494397
0.015896528844998075
0.02107471156007578
0.01421524710486036
0.01285035784412406
0.01783133973451672
0.009757366466504838
0.00821777141826206
0.006630198648207046
0.005004497114998839
0.0033507334073883373
0.0016791295566416374
2.616898292828655E-16
0.0016763119168712848
0.0033394975084917707
0.004979345999422806
0.0065858070681821795
0.008149052303013517
0.00965953519448761
0.010396602629244292
0.012671492183907812
0.013992680990646931
0.01286363332640967
0.015605521429236578
0.02151216543062882
0.01640403995048864
0.01899558987176144
0.02857006413586951
0.018321100159859532
0.02197049991246126
0.012340647448835514
0.03452989700847721
0.006848724536339187
0.03434123459836832
0.012432242010466525
0.022326619137494508
0.017594202609667178
0.02805289150629787
0.018708624561430295
0.017125321954946867
0.01913370735193782
0.014580512326525566
0.012167004743362885
0.014251059880655089
0.012983127533524779
0.010578556939755566
0.00944970230321236
0.007959530298468534
0.006422553345597022
0.004848298416961201
0.0032465075731366822
0.0016270778027953944
4.004532663554191E-15
0.0016247025454927
0.003237035767175595
0.0048270961718906245
0.0063851315451570545
0.007901600640537916
0.009367231488450778
0.017014977870689375
0.011336291226356812
0.012571378082106916
0.022192537675694606
0.01785395320600737
0.020127160559474132
0.02190818010642031
0.02200208983951696
0.012760845086754407
0.036067676570309404
0.021715391665432418
0.0279393424738927
0.02316580992103819
0.024947572739825143
0.02349254380771965
0.027845741972711488
0.02250655318806446
0.03670871366227727
0.013648617590900424
0.023619588045653436
0.020659338319276556
0.021089413378463706
0.01834214998835613
0.022359736082036955
0.012241713456959102
0.011019069134878856
0.01665041272088357
0.009190996056048131
0.007742424727162661
0.006248018519872905
0.00471703290241791
0.0031589364957666714
0.0015833526258742182
1.2578879571274894E-15
0.0015813671279547767
0.0031510189353836813
0.0046993097840610214
0.00621673738210248
0.007694000992684223
0.009122058333468413
0.010985533118131755
0.013691230801079477
0.01490210375774972
0.010022150002710142
0.011756451573293572
0.012150513888448573
0.018459285175879914
0.014386600361486963
0.021108053090397066
0.012767288084281967
0.022624644377317486
0.013132023114757203
0.023171586485802982
0.02651752154368401
0.022804149845516562
0.01319983554808355
0.02222234782794315
0.012872956861379578
0.020091654376578512
0.013383066729733965
0.018144885539497065
0.011435702599384305
0.011233959590525413
0.009335218298715881
0.015122014578844168
0.013966909441861556
0.011192395862179499
0.00897563904764555
0.00756175551889428
0.006102822496017423
0.004607868489191147
0.003086133828985663
0.0015470136525603162
5.6881065571612516E-15
0.0015453766227177654
0.0030796058553003262
0.004593255909151201
0.006077031449699113
0.007521830580313001
0.008918800579130791
0.01594202018808081
0.010972160100310229
0.012071142662341213
0.02214979912214875
0.019569426779552666
0.02123064821239026
0.016374920513276214
0.030582440990753114
0.01802240630255296
0.040884345567527736
0.030434747417954235
0.02348771801631939
0.027590000939129743
0.00817989052495101
0.02746963644523546
0.023015214722001385
0.030598538716696086
0.040705201166768894
0.017974552487649374
0.03075924845503923
0.016721727825658176
0.020437233158695924
0.01977450409952261
0.021839409573938973
0.012220701852562839
0.0111852388701953
0.015621187846465205
0.00879923533031535
0.007413839913164792
0.005984009696896557
0.004518586115974969
0.0030266216949533086
0.0015173242190101154
7.042876883252597E-16
0.0015160034130013533
0.003021354726474897
0.004506796245601795
0.0059632007159444965
0.007381627315088395
0.00875337645160703
0.011639480250706834
0.014491372357088557
0.01557960578348578
0.007743428089270997
0.010788284644591558
0.013160610740899385
0.0149761382169439
0.00873689343241325
0.019156451201385087
0.01496844459946888
0.01352795366712345
0.02043605721025522
0.01507096988763545
0.028757671678057366
0.01523887963673719
0.021095443516033544
0.01286607695312428
0.015016394468742802
0.01997500720455006
0.008804815119397628
0.01412473727295002
0.014398972234970449
0.011042009235101015
0.007507422665104421
0.015694607314065776
0.014650250408287588
0.011861970908600868
0.008658364370331769
0.007295813132388526
0.005889281682089208
0.0044474606155347025
0.0029792514937064226
0.0014937119704666606
4.187727938086719E-15
0.0014926825330979863
0.0029751464147017605
0.0044382715853877154
0.005873063161204782
0.0072707066476945395
0.00862262200837804
0.014989848931194632
0.011991776065150284
0.012955512632105
0.020231372162196157
0.01991463631214369
0.016653230872489162
0.022233762395140914
0.025247017885647347
0.011996783649981418
0.030520182316240856
0.026737959477419943
0.010354753495178098
0.017281184376558786
0.016293299879158337
0.016954505207208634
0.00968485700834871
0.02612326888061809
0.02865884879902493
0.01076850910360554
0.02367474189405383
0.02322970880048577
0.016312955797519502
0.01978954128758197
0.01949138624349251
0.013303761020143327
0.012400292871196508
0.014700498321837905
0.008550408863445583
0.007205484406092701
0.005816881820234827
0.004393174290422436
0.002943146454460867
0.0014757402795406494
4.638317363186894E-15
0.0014749835446433693
0.002940128829368053
0.004386419477504413
0.005804959666128061
0.007187028762768461
0.00852413485866395
0.012337540188565152
0.014831344390600585
0.01580923881428755
0.008140383519974047
0.012805847862307254
0.020197483195888377
0.009995022290741016
0.016679768842657726
0.02697955074530334
0.0166956310139689
0.01386725986061792
0.031795623929271384
0.025684645685168574
0.023177891197753184
0.0258514948485122
0.032077559675932156
0.014387929091030063
0.017229073762512852
0.027714650518628443
0.018507609064808753
0.009377312260842737
0.021497931003715404
0.013467195353787199
0.008780668280596393
0.015774702708613215
0.014819507324844019
0.01257287162743811
0.008473430582411493
0.0071412331910768335
0.005765512186421119
0.004354754658463906
0.0029176602675269753
0.0014630876723638814
6.207277294472573E-15
0.0014625903074067857
0.0029156769298860595
0.004350315050561729
0.0057576763400974985
0.007129103207218196
0.008456161982298297
0.014125040122991638
0.013339177578749181
0.01423721753043989
0.01678962211612408
0.018811940242848213
0.019337286025184836
0.023170560721735123
0.02029619125041105
0.0139709248238524
0.016086899947927964
0.019353694899367863
0.013679232242833465
0.011530518490580066
0.036325281776298055
0.011723309889417577
0.014508820242933424
0.01903535441419079
0.01605580962964255
0.01586840744133452
0.021052894552844283
0.022089537074700807
0.02063641122973527
0.018380340136480083
0.015768504581087237
0.014563509627682629
0.013699219813418206
0.013858702255443358
0.008426082790697089
0.007101936019158428
0.005734275035344651
0.004331530647314397
0.002902348001858444
0.0014555333780373147
4.994619600784543E-15
0.0014552867977794626
0.0029013647161399416
0.004329329608801645
0.005730390233520729
0.0070959223006332155
0.00841752148700067
0.013075401570764884
0.01457055596551044
0.015467771351237563
0.011504639062672626
0.015825902552612115
0.024248954447007497
0.012311878172178619
0.024983969203430136
0.02775085350440058
0.020737614089069437
0.017947858646927568
0.02935858322629677
0.02364942258376054
0.03955329193321438
0.02339403114815504
0.02882066584934542
0.017984202693902485
0.02059586269303718
0.02689765745359422
0.025093446360731658
0.014057432165071305
0.024132666423458484
0.016474233417070307
0.012557757710690388
0.015270855934436098
0.014369503994795817
0.013324498911665242
0.008407551610462688
0.0070869176238667515
0.005722633777814477
0.004323103446451392
0.0028969467941665794
0.0014529477539592561
