1.0
0.9989725854527267
0.995894139718443
0.990776039814689
0.9836371918337647
0.974503947816848
0.8898591800869033
0.8315112903171243
0.7800999470423621
0.6806966054716054
0.6717769070141603
0.6524873463357475
0.6606705144971902
0.6930553298442585
0.6780436150832323
0.6261068198128779
0.5727457984896605
0.5278881097006627
0.5267668658084868
0.5164183874811296
0.5575183797940003
0.45602781879551413
0.4061335492410692
0.3480621519598405
0.33302032651263236
0.3272496983679857
0.31963728690778936
0.2796399655012939
0.1964364747394755
0.12811698925336198
0.0941385487037561
0.06412985419428699
0.11154028548645088
0.11596745809839387
0.11278343437428913
0.13927376632762659
0.10934235931995408
0.08037172439209674
0.05244210162743638
0.02562841376529648
0.0
0.02437962278192734
0.04745297037168186
0.06916877240348762
0.08948212364992655
0.10835460493099743
0.1781092530576242
0.21615993203272119
0.2602528053772735
0.3471151060538567
0.34728323026767954
0.34876637734444266
0.30535157968220544
0.2648755941226831
0.2633869023487622
0.28221729609010265
0.3012589903852222
0.31251065497778546
0.28850280118356175
0.26425274246314184
0.20845211809676645
0.2510416179648588
0.26201399496266287
0.2715718979077568
0.24728905906187648
0.21809934294528266
0.19122748002028522
0.1800887143929899
0.20348181972266347
0.2501502095178969
0.24796801527076792
0.24378372123358036
0.16396767228306058
0.13052723942637834
0.11293316978220992
0.06509537670314644
0.05187566279556031
0.038682351000811584
0.025590567982649352
0.012673085182488403
3.901533789834199E-16
0.01236156532820472
0.02434774582752787
0.035898195646727034
0.04695632858088939
0.05746953627456579
0.03808663718325436
0.045862039947424035
0.050465996729862884
0.012602204577494601
0.03796315134335409
0.06098406176668027
0.14419615503922745
0.17614871750937472
0.17903142394999474
0.18200946109832022
0.17065945044091027
0.15862298895839297
0.1716563175664254
0.18575619238960722
0.20970093832597342
0.18623744447912813
0.1737162733350606
0.16338180176283915
0.18063311371123117
0.19378379491083714
0.19132038271203305
0.1925181402289545
0.17204510616653684
0.09133791006417662
0.06651137501302702
0.02392442589988913
0.04677663385355791
0.028644450361494628
0.01367018117130366
0.04256756538062842
0.03407978162745183
0.02552745768586242
0.016962687462070646
0.008436783880031714
4.454656113055611E-16
0.008298740059595815
0.016412099049192237
0.024294572090918082
0.03190271856496165
0.03919537927375609
0.08937282845732872
0.10792699735629602
0.08728256370632372
0.11389114100025557
0.09711238164684201
0.06630924919627157
0.050414105654291955
0.03915822433973557
0.03140507397544553
0.03530850508566667
0.02223897273649523
0.03624758582412242
0.046325049144007716
0.05439398858577025
0.026825195074880577
0.055401851493156844
0.04716060237098273
0.03602723796706118
0.025887085352794006
0.0389061822703658
0.037508716892587494
0.0464770395890559
0.06953122357282512
0.06352424769513107
0.0845422023230589
0.10365105001217235
0.08255664146950903
0.10989006813643626
0.09114851972514272
0.03170319158088018
0.025439031390898474
0.019097499119955574
0.012717877975440167
0.006339196069147172
8.380180292884856E-16
0.006261866202462301
0.01240947556178386
0.018407024902623494
0.024220032755729357
0.029815527373656097
0.02447662467197615
0.023669631928747784
0.021780293761789422
0.04005344771079644
0.08929412830309223
0.12716051375617088
0.1734973422996409
0.15408122313643846
0.15011683617428168
0.14918983906415353
0.13132031111819345
0.07090880381056332
0.06627178966386899
0.053303120472766564
0.059904191954285514
0.04848537022227797
0.05652095448766733
0.05586903518562209
0.11292512418325695
0.12607995624598178
0.12348481330213193
0.12226854192073382
0.1443890222615735
0.11149141733203756
0.07614727270497289
0.024595480598966414
0.028206129357666056
0.03094166095877243
0.03374004356147978
0.0253252160199455
0.02034860287924183
0.015296350844884768
0.010199922616158784
0.00509074069376701
8.822526531645723E-16
0.005041516417228366
0.010003617540090198
0.014856879372912912
0.019572813786122162
0.02412403027178486
0.06501653412633657
0.05652221162357218
0.036216908130847845
0.06297916918065251
0.03920486306395725
0.03344121587026358
0.03299826418551859
0.045488006932069835
0.05192793722235612
0.061375180516802255
0.08911583182587235
0.12846587303295595
0.14168253707163136
0.15382573135385408
0.13677554709486903
0.15427931566657946
0.14395660484979547
0.13230368712592336
0.10020437001044338
0.07740575916802177
0.07264047256338034
0.0703732364556936
0.0380524200676857
0.024837986442492896
0.025023857281389675
0.0433870535057705
0.01775060781984699
0.01894039421106404
0.0389011716045653
0.021143214447609526
0.017003654284082806
0.01279327734706851
0.008538345181070042
0.0042651788904570125
2.315544690109966E-15
0.00423122685595337
0.008402948491869625
0.012490174076164037
0.016468621510456773
0.020314858443545015
0.029618651784503812
0.05580312630597975
0.07462266013639839
0.043486378726541305
0.055967692859665914
0.050733165724784104
0.026502398157155053
0.018802714593404716
0.01385187403808762
0.020478503134215443
0.038616714352419416
0.026309528875155266
0.026190409607991308
0.01809203973985003
0.020047205006753315
0.015003781705705238
0.02160020340077961
0.023155970693250722
0.0379809101594362
0.02215598243681449
0.02259287494820536
0.02855750771449967
0.02252254077147528
0.05177359616383194
0.05553283698171043
0.049616176770798825
0.07306046608571065
0.054118695159601875
0.02051391612408566
0.018199480544474612
0.0146457154693455
0.011026264246838483
0.007363706582083924
0.003680731678741033
7.907552495894264E-16
0.003655993885694157
0.007265056556974481
0.01080542828930784
0.014255912122852972
0.01759599869453439
0.027817435931306488
0.029135895424476813
0.021370707368370302
0.012058309103717144
0.013948483773096893
0.05116330707203458
0.060667232998110866
0.09857270769977446
0.09885239570078672
0.08315392443100296
0.08106324085217136
0.04804349274119142
0.04922652457297329
0.02814394376663819
0.026370263039257314
0.02436310043268519
0.04122461894383573
0.03731347868650012
0.06812349127086542
0.06945261657901247
0.08649740968498196
0.08482861284420448
0.04898316633580067
0.04720283340881496
0.01882647023840644
0.019264691183853426
0.02848665130346437
0.03036114138710972
0.03710099354880485
0.016022861053657855
0.012900431665654943
0.009717023953108693
0.006492489323493129
0.003246814662534626
1.865581551003646E-15
0.003228063207311813
0.006417712443587792
0.009549632433257016
0.012604970668224736
0.015565449480289465
0.0014009151194284968
0.022357636665038927
0.024531666208775043
0.025635467461148753
0.03232574829140398
0.04615624858286038
0.03880229618125009
0.015570882874225317
0.02351162938859527
0.0495555000167026
0.06589406815661032
0.09789275418687095
0.09202080309903005
0.11020874244814868
0.1071847852934725
0.11051214199576295
0.0939861222134129
0.10079545142405116
0.07371225247435072
0.06151683562683932
0.03666576001822279
0.02986757380977859
0.04893159765036166
0.039462533432415854
0.02428484504646786
0.011892697474716716
0.00126246581102044
0.024346262916290003
0.013806499637162713
0.014354647114384814
0.011561772961431589
0.008712048594935967
0.0058232330499875164
0.002913234433606545
4.344972064810217E-16
0.002898593465304305
0.0057648482892939355
0.008581352929305482
0.011331086723559465
0.01399752175035731
0.025284623947346867
0.009269243200795476
0.046866416521680096
0.04101393679773181
0.04886790187798116
0.020453023627329082
0.018885517593862106
0.025402657883264162
0.010569128628095037
0.02407179021035635
0.01774694790416813
0.020194087887558266
0.016213644545596262
0.015523558958903675
0.017488439472753255
0.013806881196574626
0.014311037850107572
0.014678197142800827
0.015667350714715766
0.02719263320261003
0.008736841614047043
0.02832873735578223
0.021904138380176824
0.025168789660023432
0.04949595760867915
0.038350093222739697
0.04379014664503993
0.003954306741317221
0.007231319317871406
0.013041013712290841
0.010507026791997649
0.007919752519505436
0.0052953023664108175
0.0026499437508225926
2.519062866296034E-15
0.0026382495895453002
0.005248668987354904
0.007815363359245566
0.010322775102726167
0.012755777411736271
0.03199990591221569
0.039800859774296815
0.021788735649418037
0.024549955158950743
0.004618816971975648
0.03311132460941764
0.057631076449501766
0.05524646501029003
0.05735053724555846
0.07037402214714529
0.05072082058281134
0.03764027340506933
0.02486257906254343
0.010703111511190225
0.015175314721818326
0.00873777129923417
0.019643992436611548
0.030140171158195363
0.04001675383231781
0.06127377533107009
0.049740214978591796
0.048940167249440496
0.05022223140105138
0.030356328534334436
0.011284911180706795
0.03415708883582856
0.01989778834953117
0.032866959666521
0.034079472529922814
0.011984803983151021
0.00965858444441575
0.00728213674588298
0.004870248084482299
0.0024378647295417053
2.596138930306998E-15
0.0024283578107904174
0.004832337001507552
0.0071972729647182395
0.009508797076707778
0.01175292343994208
0.02414030462035298
0.013769373789152595
0.021654656922197195
0.013409649081251645
0.021988202412360956
0.025821764318265578
0.013040797748804232
0.033509434201843616
0.027859439041507842
0.031905432210989224
0.05861000102341822
0.06057242285276253
0.07662509370761143
0.0873244745359704
0.0838461896049299
0.08740488383902037
0.0775322860152683
0.06198043384755089
0.06546643080470614
0.03830107884804705
0.0364384156976533
0.03417549293193297
0.02470475581292861
0.021361550708526335
0.010565014518037154
0.007829561157980443
0.01855156462344391
0.018191595515263892
0.030448839227393578
0.011121676278223863
0.008964995797927634
0.00676071099860075
0.0045225273098717725
0.002264310251772815
4.6129325934330494E-15
0.0022564742107721893
0.0044912793225873725
0.006690762809974693
0.008841535644206385
0.01093055336436688
0.01908935292886939
0.010011078035466567
0.015776349080190752
0.04310921736151037
0.03658471559259772
0.026291944062838583
0.03882652974260756
0.013548892245919682
0.0016886579934643374
0.0032633863926076626
0.021642235412124382
0.012105564905180556
0.009633579351025807
0.018197334718284493
0.008486672725581955
0.01695508994859571
0.006748952294386277
0.01323895065621084
0.020014227845681222
0.001219185669445157
0.004190488308806841
0.018974121993286033
0.0379536073855876
0.030025854393211718
0.03731956589900379
0.03853214621846258
0.017861660792820432
0.009635118722044136
0.0060665193340287285
0.010407368373050396
0.008390836793719523
0.006328951709566386
0.004234523600870883
0.0021205228934375285
3.3491559993384692E-15
0.0021139948823774967
0.004208491728065425
0.0062706799041997744
0.008287986175755071
0.010248151021486029
0.018426783352566856
0.020925978396471645
0.012599775617336785
0.001998985824111721
0.019515182734071428
0.023030633868771255
0.043529752424048246
0.03518337627957915
0.04626773116790167
0.040134118183264185
0.04894342548225309
0.02201736746249872
0.027638456863232096
0.026806166696901126
0.018518518518517803
0.025435374890575364
0.0241372591515393
0.01812896481471668
0.041054191726581486
0.03428183571935712
0.04028744053498604
0.033455259889473496
0.04278379206353019
0.02421731154453495
0.026092537647343986
0.006454086843643211
0.010620842513143536
0.022207967572646627
0.005933292818307611
0.009810470346245157
0.007910951711349748
0.0059680105105323926
0.00399370952924595
0.002000270752831867
1.2647248126661409E-15
0.0019947887508696394
0.003971848879041489
0.005919076020938695
0.007824581895457308
0.009676766606714468
0.02166845105956468
0.008263672263358845
0.02644123228604192
0.023702661612563115
0.02263475859081139
0.028896923213897287
0.010521976700366949
0.04113369964291386
0.024718027093028866
0.030302391794028764
0.03883012031023737
0.04217358238987987
0.045897354831858146
0.03710543628412013
0.06192777228408863
0.03692344337197504
0.046611026140809676
0.04160674794844018
0.043989563220254865
0.03461477356346289
0.03149666587671566
0.04026753471130857
0.007176662979324188
0.024395092827380876
0.016182852780821447
0.019674321776723704
0.0247259451097302
0.010876112110523941
0.025781163065933258
0.00930811401279599
0.007507015135157228
0.0056641488206838645
0.0037909485941281535
0.0018990061775847888
4.379910021848145E-15
0.001894376650474029
0.003772487390704024
0.0056228239844449985
0.00743407662706215
0.009195202845303495
0.020118503245869473
0.02614216225127126
0.015606361273757299
0.016647648946262993
0.030030663121243965
0.02480781739016493
0.0501907138717569
0.016224805179919408
0.009114014461881165
0.010480268259201845
0.01147862397486804
0.016208787156735606
0.005506935857084624
0.026844489612476062
0.0027836408809632437
0.02730095323126291
0.006376867004219977
0.018757133783120272
0.010791858019563415
0.010821970757111237
0.009043805132349194
0.015039062534510315
0.05081588949644293
0.024847819915801872
0.025243114642431102
0.021458735672842785
0.016297303499690313
0.02151688324869957
0.02479444676697539
0.008883293100560229
0.007165392548764662
0.005407139946445013
0.0036194365538987786
0.0018133407843759267
7.582205709439312E-15
0.0018094180900325686
0.003603794008247014
0.005372124644470039
0.0071035905320641765
0.008787621854592809
0.013650163047397048
0.016549110770288106
0.010149880410040925
0.003710192848982822
0.013424239329877921
0.01099125496649532
0.011088825550090586
0.017861025985744065
0.04288663336772128
0.027474179251256222
0.039546966854073676
0.013233213525483283
0.0321102532543035
0.013974128225232581
0.025244831126062794
0.013833814274550398
0.03126074141761202
0.011597947316481191
0.03568879920307066
0.022734497814176125
0.03951644437974237
0.014423271868322513
0.0067452225657722705
0.010731788028780925
0.01892348310321784
0.0010827441064856517
0.014566086786934088
0.015747050585925834
0.0012821748776612686
0.008523137976569284
0.006875761877444293
0.005189238702476337
0.003474018218226206
0.0017407063958177387
3.629633698985863E-15
0.0017373792535217304
0.0034607505683629343
0.005159539561486942
0.006823342980656765
0.0084419922499477
0.018771496001798182
0.00881073470762431
0.016458756602456152
0.03029467559550258
0.008164058304118683
0.022483413087516523
0.0341891449264263
0.028430354710034397
0.010820722984270097
0.030008548575677054
0.018457490796181003
0.03385832307592869
0.01894574166170182
0.025578379209491603
0.04164310354203414
0.025123281090652413
0.018913363564960057
0.0331018062387252
0.01973377241547409
0.032541999119524156
0.014715147771114247
0.027155828247846084
0.02792180344885608
0.022273769507210366
0.006021886837918925
0.026126145061956856
0.012742284300368589
0.016151763504310326
0.011189961038177314
0.008217771418264694
0.006630198648208764
0.005004497115002251
0.003350733407384608
0.0016791295566402483
1.1704427664648487E-15
0.0016763119168721502
0.003339497508481929
0.0049793459994417495
0.0065858070681798
0.008149052303010173
0.017674611048735717
0.00895127187362328
0.01776165045810857
0.007945334361968382
0.023792547213026583
0.013894051434102326
0.018485703625167476
0.018950296811777408
0.015198597650509198
0.010295760742660223
0.021479253639304943
0.014506757681394053
0.026390968426515584
0.02241604390111295
0.012084383340213415
0.022375660301588385
0.026145218045979215
0.01549601170563949
0.022620108228907206
0.010367711722133403
0.012990022095748776
0.02320559548648406
0.022096657042339485
0.01220179273504821
0.021606953666420216
0.017390594243168397
0.011800811605227312
0.003754331542030316
0.01944546169823461
0.007959530298462102
0.006422553345595761
0.004848298416951467
0.003246507573127583
0.0016270778027954614
9.663998355996368E-15
0.0016247025455000744
0.003237035767177567
0.004827096171892369
0.006385131545148552
0.007901600640538638
0.002114179369879353
0.015654765535806643
0.017395564313734787
0.013427704503819398
0.01034140898323049
0.023645491671716198
0.007868986744111026
0.00815378834170534
0.027358159254794255
0.026773693907289557
0.012076079594040499
0.02091250866155619
0.019635583257537354
0.02455795615879727
0.030924225229348457
0.025027566129877728
0.0201238879109313
0.020577381578745908
0.011824307231529553
0.024912841747294794
0.027488771433899856
0.0070431512100806205
0.007111308072386561
0.024237547822275197
0.012948939765578805
0.020360781423836044
0.022829997709528285
0.006282525554893043
0.007037310345693256
0.007742424727150627
0.006248018519876314
0.004717032902413711
0.003158936495765572
0.0015833526258792249
8.689401733075586E-15
0.0015813671279483878
0.0031510189353923875
0.004699309784066596
0.006216737382101168
0.007694000992683067
0.009693362513368341
0.02027511636129839
0.0031690637466833963
0.03153140552449456
0.013190585048045362
0.009517451904890296
0.02718992388126125
0.030221767484858175
0.01348396440527784
0.016497349863347954
0.022788968593348287
0.01887030478765163
0.014615614971649897
0.017441191388919176
0.02521461020469671
0.017761298043415506
0.014225995403632919
0.018868103602080695
0.020396171449687195
0.017094532349290637
0.01396138720769987
0.025973363605162014
0.027061503005555203
0.01336202385570473
0.012092955704402148
0.027034479759919783
0.008078312274125964
0.025617849637301106
0.010778105658680886
0.007561755518893611
0.00610282249601772
0.004607868489191354
0.003086133828989805
0.0015470136525554123
2.685702979170847E-15
0.0015453766227180804
0.0030796058552995543
0.0045932559091436224
0.006077031449701284
0.007521830580316071
0.011492189588845531
0.014767853872921025
0.014288389928140237
0.025659323789715725
0.024960604616267604
0.02126077019276364
0.011804927687959562
0.02188651376087657
0.02562233732458431
0.030301907107405924
0.03695429896282685
0.01865470049837569
0.024622709131710913
0.029369758850825798
0.018245736199770934
0.028793393949036954
0.024105423393851164
0.018106272738431278
0.040705201166759276
0.03157612341131758
0.02526151555980187
0.0279866226118761
0.011125545320204025
0.01705823973786185
0.029066987099622
0.02401129747045769
0.004414485001375423
0.019103083249144774
0.010800002862213175
0.007413839913156954
0.005984009696887841
0.004518586115972639
0.0030266216949487554
0.0015173242190136087
6.016485875886768E-15
0.001516003413000114
0.003021354726468092
0.004506796245598226
0.005963200715936059
0.007381627315090749
0.021635879494085665
0.016793930377390867
0.022073133651315788
0.0033430917137951426
0.015328768211085121
0.019743435038290704
0.02487856674051417
0.004744985861685779
0.013498949085753808
0.006619036346600387
0.01882490936801266
0.025677199952188486
0.023698905198622895
0.02857117155182222
0.03482219378491457
0.02871225625943827
0.024657325607150223
0.026353941436102868
0.018643926008124312
0.0045831295044883175
0.013610410841883448
0.005052073657854849
0.0242700223236394
0.020358966384305732
0.012779427819948428
0.013580184226486722
0.024211735399954783
0.006557985707376219
0.02190868411809947
0.007295813132387177
0.005889281682086374
0.004447460615543184
0.0029792514937012566
0.0014937119704660571
4.164098255074149E-15
0.0014926825331060697
0.00297514641471087
0.004438271585387739
0.005873063161208836
0.0072707066476884056
0.004043858082093528
0.015531103021886787
0.015839971383479184
0.02256740816421368
0.0231242809831323
0.014891340049896194
0.00849258307559015
0.03304771819583008
0.01871567240612715
0.02570315663005351
0.03607172170663795
0.010794862936121979
0.009851717393717723
0.0132980961911553
0.017005842674046073
0.014063544714041663
0.009451870895786127
0.010708475866253661
0.03068207478387058
0.02295268053637425
0.016543813823812002
0.027467608910983182
0.009521622761397347
0.021081447751577446
0.01468175765056626
0.019235144876929212
0.017344649604318488
0.011624017058363382
6.512150843599011E-4
0.007205484406083353
0.005816881820231074
0.004393174290425573
0.0029431464544620745
0.001475740279529959
5.1029966101357875E-15
0.0014749835446469428
0.00294012882935562
0.004386419477505008
0.005804959666126546
0.007187028762760338
0.014776497943790093
0.013528729032364711
0.011688130279873492
0.02139915579584001
0.021103286805571376
0.01930095812695805
0.018352145772525617
0.0199582119124425
0.02201072600483329
0.02965517858085329
0.03282294396547048
0.023077923048132425
0.030529847036576335
0.014003533272654007
0.02003109329967226
0.013207983296283405
0.030042603570280508
0.022068037939572523
0.03794609199994393
0.03310043449494389
0.023902716548158225
0.026748895996622186
0.016248728101357926
0.015826762559812434
0.02945264910173761
0.01854560383100749
0.006545604091603912
0.01446868527132079
0.012414100268659236
0.007141233191076405
0.005765512186414908
0.004354754658463172
0.002917660267534218
0.001463087672370785
5.697482618272777E-15
0.0014625903074022514
0.0029156769298936264
0.004350315050554586
0.0057576763401062095
0.007129103207226167
0.005200510750971248
0.007794334506970654
0.014804645864713077
0.009748566479623416
0.008168986350223994
0.030266640182505748
0.016442093054439427
0.0055679728622503154
0.009519894739987484
0.009455502900674876
0.014750910971195392
0.01975829248961359
0.012638419368524126
0.040752275317250654
0.0367903137706593
0.04087115352658154
0.01317708528168544
0.020459910453998156
0.015009643954339076
0.00756140635200648
0.010365363796077196
0.004907504545667283
0.017210837329053895
0.02873607817880529
0.008265421094314948
0.011217462317450409
0.014213348203207765
0.010965031941049416
0.005320700549892987
0.007101936019152824
0.005734275035340929
0.004331530647306837
0.0029023480018482255
0.0014555333780381157
8.483321510458349E-15
0.0014552867977803338
0.0029013647161466815
0.004329329608795524
0.005730390233510083
0.007095922300636183
0.011429768565199339
0.011017386319445373
0.014540234321056052
0.011853940616695367
0.029337219929293914
0.006269756944816215
0.013081101429846614
0.029032482937999177
0.023713800214074744
0.029085435811767864
0.037558640279066836
0.01828380752507491
0.01963891809944905
0.01709260262032707
0.018043642813221458
0.01791786668512546
0.019351582392894577
0.018769427690508496
0.03201740079650556
0.02460442424901527
0.021649978822906975
0.022644691253109778
0.014042727912895101
0.013080267080588523
0.020813299764169128
0.011802753066089619
0.014534940669390421
0.012968834993173382
0.009049660031139838
0.007086917623862034
0.005722633777812877
0.004323103446453778
0.002896946794177236
0.0014529477539744111
