1.0
0.9989725854527274
0.9958941397184471
0.9907760398146903
0.9836371918337683
0.97450394781685
0.9634099899352743
0.9503961825331788
0.8250208670831778
0.7354844685484893
0.6351852116018653
0.6338401537475611
0.6682123169927866
0.6919502086562386
0.677611365626028
0.6443721153435937
0.6102404227394143
0.5923896240631508
0.5989854445447489
0.5636362966523908
0.5422477056942981
0.5034366391402261
0.477428834564359
0.41224225376969237
0.37098572341167585
0.3448839153119367
0.31813500654370225
0.2749145114391733
0.19595199373868816
0.10963241360485729
0.06854962142987431
0.1071811474914857
0.13297339105940456
0.20167312991975428
0.17008068053330802
0.13927376632762709
0.10934235931995452
0.0803717243920971
0.05244210162743644
0.025628413765296686
2.1899853762400376E-16
0.024379622781927655
0.04745297037168248
0.06916877240348744
0.0894821236499266
0.10835460493099805
0.12575437327165567
0.1416562210946537
0.24769573338517548
0.3092482159304831
0.37798563338271396
0.36985486108793003
0.32206556299912387
0.28107522774675275
0.26980423040888335
0.2691686861589125
0.263540107540248
0.2529970797473354
0.2306225586321293
0.21162311349711835
0.20289028065675405
0.19815725725287106
0.20606313095677486
0.2137305232759021
0.21108943681346312
0.20862875899503622
0.2007308232155083
0.20437925782145067
0.23494500594455808
0.2712372898889615
0.27009776290100507
0.2164809854247419
0.17602948663309262
0.09130375337943687
0.07826434592779975
0.06509537670314784
0.051875662795560884
0.038682351000812194
0.02559056798264986
0.012673085182488775
1.023009491486692E-17
0.012361565328205504
0.024347745827528317
0.035898195646727256
0.04695632858088968
0.05746953627456648
0.0673893832471314
0.07667177800935411
0.031215814339848373
0.04560935051057929
0.03297722169784738
0.04059889434767037
0.09026827913374524
0.13723397677169027
0.16035039145159613
0.17068521476450085
0.19169916674554252
0.19689037908403628
0.20313383398156176
0.23321422891512605
0.22814277701847208
0.23309648409614903
0.20291442518972963
0.1975523574739749
0.1953629039973659
0.17446881247509236
0.168826519928181
0.14727983985776694
0.10851339777245247
0.07218134956045665
0.05522414211986355
0.05152832673515898
0.028251151329131568
0.05913896231121339
0.050938221326003466
0.04256756538062834
0.03407978162745148
0.025527457685863803
0.01696268746207075
0.008436783880032222
1.03856734207522E-15
0.008298740059596414
0.016412099049191674
0.024294572090918197
0.03190271856496177
0.039195379273754875
0.04613387787015427
0.05268220563223598
0.08900963003013758
0.06845409024425182
0.06649803543014048
0.06176862202748648
0.03663190227540684
0.0113833852748048
0.015903275103394756
0.036965392298866424
0.028152583945014745
0.02325964358783949
0.018147438755584774
0.002507826959381754
0.013099938906812608
0.004998588323699807
0.021155617816480364
0.028249807639094657
0.03187183793583552
0.04084635626282083
0.023069780668891832
0.008782580705016394
0.022984492549895885
0.06046319415935071
0.06467161752075037
0.05786255896527128
0.07267154065188154
0.043842373363553934
0.03785067190997397
0.031703191580881834
0.02543903139089924
0.01909749911995556
0.012717877975440592
0.006339196069147667
4.469202423574711E-16
0.0062618662024616556
0.012409475561784733
0.018407024902626048
0.024220032755730814
0.0298155273736579
0.03516222387760993
0.04023068962729581
0.031066592030752203
0.08376628447278338
0.11865472447853415
0.1366653087484879
0.11316139836774833
0.12314708093053701
0.13075252554861996
0.10479429005345421
0.09831409759257749
0.061409708853782
0.0688576501631563
0.05527605508427423
0.04536092116264759
0.048957493220909754
0.058502463551524
0.04703585076721141
0.08199700524761146
0.089959021747449
0.11263779159430273
0.1081450206958244
0.09632280047088224
0.12999849524618576
0.11314451714818778
0.08343814664324446
0.02815790345131957
0.03492661100534996
0.030194876749067238
0.025325216019945918
0.02034860287924263
0.015296350844885842
0.010199922616159459
0.005090740693764844
4.619094569899959E-16
0.0050415164172283216
0.010003617540091297
0.014856879372912572
0.01957281378612265
0.02412403027178581
0.02848438971977198
0.03262914937774972
0.05360631634778996
0.06380615885115724
0.07681208772350274
0.07623571559579664
0.035360084858021425
0.07144536094062542
0.07067442247426113
0.0911320090640578
0.11031199569078164
0.14483701576296443
0.13610176181129663
0.15384554437554485
0.153334932576609
0.1545552860790297
0.13841331733972156
0.14714744354266165
0.11285420558244731
0.09104660113560784
0.0780802281934276
0.0811213286075889
0.051246411698043344
0.06990389989604598
0.06509119075860864
0.0525326624011133
0.043672470748685084
0.029106096167608928
0.025185915879487788
0.021143214447610286
0.017003654284084666
0.012793277347066956
0.008538345181070951
0.00426517889045567
8.332319682982179E-16
0.004231226855954172
0.008402948491870961
0.012490174076164403
0.01646862151045771
0.02031485844354612
0.02400643711855175
0.027522022293950482
0.025919276978549857
0.056387246287625696
0.04355782632720906
0.05006015409316884
0.04919060371067285
0.0699793922209535
0.03866473329355816
0.03167350846992183
0.014492500577011458
0.029124338192701466
0.02179860323394383
0.0166401870254472
0.006232015284193848
0.01322829772260023
0.01743504568608286
0.022040652758113028
0.011263459945919773
0.03130562798886113
0.029655457041092025
0.06261923868345658
0.04697468865574034
0.02475033491225776
0.022353829281237206
0.05140970991171656
0.03656385575473295
0.02502101131459248
0.021665227760586596
0.01819948054447553
0.01464571546934613
0.011026264246839472
0.007363706582084483
0.0036807316787412134
2.0652216152923883E-15
0.003655993885694685
0.00726505655697264
0.010805428289309858
0.014255912122853504
0.01759599869453501
0.020805986110943496
0.023867094172388983
0.0202369946814708
0.008614667859900872
0.049125597879129686
0.06835839598003134
0.07005173172274852
0.05342131034986806
0.052793491781057106
0.03814741451599089
0.04489370864263565
0.04957054877570049
0.045744370044630486
0.019233375758428622
0.008043517232857907
0.014857456810098606
0.0378436776907591
0.03900734887341586
0.03630326239073511
0.03553330173161741
0.044824015663669246
0.038121512352763336
0.06310832076176705
0.06821046882545184
0.050652730068041024
0.004067202574073986
0.01586885931556642
0.022006789021950912
0.01906471839956649
0.016022861053658695
0.012900431665655056
0.009717023953107263
0.00649248932349453
0.003246814662537597
8.954232243416816E-16
0.003228063207314225
0.006417712443587997
0.00954963243325908
0.012604970668224219
0.0155654494802898
0.018413474000512037
0.021132235375582026
0.05619093952390803
0.056069035379407925
0.027455469891909647
0.02046822172196725
0.016830349441717206
0.048227814806802154
0.06198742164912793
0.06465523706746056
0.07021104960538638
0.07724679281710717
0.09114592450296437
0.11301035084402056
0.11672769994945276
0.11294471157154475
0.09296647362983368
0.07881225359439122
0.07053029070412671
0.06160839451056484
0.0682228342946908
0.05280594673411456
0.014087445179548923
0.022084142955905123
0.024265348008080702
0.05260735558018554
0.05546705601838031
0.019700210362086346
0.01707317065595338
0.014354647114384833
0.01156177296142998
0.00871204859493826
0.005823233049987582
0.0029132344336093158
3.139113286396457E-16
0.0028985934653009454
0.005764848289292853
0.008581352929308563
0.011331086723557652
0.01399752175035543
0.016564721191941457
0.019017433623294663
0.009403555274055444
0.0155029492617324
0.04497001430279531
0.04145587279537128
0.04715130114647719
0.03594210736711136
0.03960702413584459
0.023648037609570023
0.013312930788639082
0.024274107641779806
0.013261229656487876
0.009218948936063369
0.001919353905604429
0.008323142084029607
0.011579698231314628
0.02848626816480212
0.01942360287877569
0.025230730444816735
0.03475611792793522
0.03793691754137324
0.047657840655859124
0.03190252819256511
0.04384093166053182
0.021808905559878786
0.011589254347515163
0.017886055366204606
0.015505857279756835
0.013041013712293296
0.010507026791997184
0.007919752519506917
0.005295302366409987
0.0026499437508210716
2.8786003121577387E-15
0.002638249589546091
0.005248668987355616
0.007815363359243781
0.010322775102726648
0.012755777411734611
0.01509976481214125
0.01734074013054415
0.03325027257064317
0.036141282037623366
0.003380228632116155
0.025351750181056926
0.022186336788340276
0.03550156846675512
0.040178155171173534
0.037775631235589996
0.049674387421301626
0.051976604383230485
0.03533047327924822
0.00716657408046161
0.0034889788325375777
0.0046193573418832
0.0314828006610364
0.049931647402126925
0.04774720502759882
0.03998183892189966
0.03147523298968242
0.026015162507702798
0.019177975410705705
0.02628854036471046
0.003995659420872297
0.035066898077283956
0.01989778834953382
0.01642875242294204
0.014246258644908335
0.011984803983149795
0.009658584444419197
0.007282136745880814
0.004870248084485072
0.0024378647295436274
3.97826502885225E-15
0.002428357810787517
0.004832337001508831
0.007197272964720343
0.009508797076711482
0.01175292343994242
0.013916132957619076
0.015985454238322632
0.0331785131778874
0.037404023236716814
0.038803789104207335
0.022866814361184717
0.036157417445216354
0.03631421919303839
0.0367677118353421
0.03096400883695653
0.028511420922234135
0.05202444329451824
0.06119515233402484
0.0762477168749769
0.0834055165800715
0.07554666141356568
0.06134176540455948
0.049289736670730985
0.023873087472165336
0.02577783698176562
0.03945773461310469
0.03581612741038545
0.03116301018687434
0.022627695338610244
0.0331494973388378
0.03586957105406993
0.03932412928199286
0.01523871030511042
0.01321729184971812
0.0111216762782254
0.008964995797926008
0.0067607109986041365
0.004522527309867124
0.002264310251767977
5.295167887989188E-15
0.0022564742107752333
0.0044912793225841095
0.00669076280997822
0.008841535644206087
0.010930553364367662
0.012945194766962757
0.014873337741861583
0.007928713408976508
0.03130515251160749
0.01601456531748868
0.021575718798157284
0.021868336992783725
0.026717900647089322
0.023456530930943482
0.046071169078908736
0.04387847481722235
0.02666702039258395
0.014885578327677005
0.016095842074968673
0.013501221592574063
0.0178218546932751
0.01636969003582049
0.028413162320820532
0.04622714248561935
0.045868843135149204
0.023144117796546775
0.03109059871334618
0.024976007344147424
0.022328680950340647
0.021160340328951907
0.02503357363810368
0.011563246726020326
0.014254402945585347
0.0123659751368428
0.010407368373055597
0.008390836793715755
0.006328951709565577
0.004234523600869699
0.0021205228934361763
1.340948210455155E-15
0.0021139948823770995
0.0042084917280688075
0.0062706799041989045
0.008287986175756311
0.010248151021485054
0.012139302799504282
0.013950029315996005
0.03526680296423889
0.017084822298272493
0.015198356974928577
0.016682302210483255
0.01608781747832971
0.018600897507046306
0.019112883577571106
0.015538705752108651
0.020638895257630102
0.018154458851107235
0.013985468284729278
0.009642629263187333
1.6461816917087691E-15
0.008783568553365234
0.011627223584496785
0.017872187870843034
0.019832787292370563
0.018672186795265302
0.01779351228122619
0.013527048464311022
0.01648254431565167
0.012744741960153362
0.0125947676663627
0.019594004704106664
0.02678973718045401
0.013432231125054359
0.011654737426116316
0.009810470346243154
0.007910951711350003
0.005968010510535181
0.003993709529249651
0.0020002707528297275
1.9590988727084447E-15
0.0019947887508666856
0.003971848879043347
0.005919076020933092
0.007824581895455752
0.009676766606717202
0.01146438898583421
0.013176634547168184
0.014914759876485646
0.01623566619220267
0.02507547562981823
0.032798943892574615
0.027468741551681438
0.038318390925974076
0.04073284688564543
0.024863647396938388
0.03659889082574629
0.03872329052806695
0.04696263412496909
0.04294612508579923
0.0517838345499623
0.042024719871215366
0.046419997481041766
0.03721586931154834
0.03352901105505773
0.020710682394003612
0.04144531109834906
0.0366569119516659
0.025088728799215452
0.035599128026562815
0.022062751350875313
0.017887587307822847
0.017456458528954704
0.012740489276204007
0.011056240820026358
0.009308114012794319
0.00750701513515862
0.005664148820684573
0.0037909485941276288
0.0018990061775841153
5.2216342926664016E-15
0.0018943766504754852
0.0037724873907087468
0.00562282398444505
0.007434076627063005
0.00919520284530418
0.010895494593683096
0.012524643141227372
0.009489055762185181
0.036825520884347554
0.01532182800412352
0.01007728315288842
0.02172627592238885
0.010073520531065515
0.022844706599096626
0.02922520900822347
0.02171733318928751
0.018878064663980298
0.012139687586063694
0.026633090276927
0.020716017321597478
0.027434075535639806
0.013504431308658383
0.020272415019061484
0.02326972135937899
0.02833515235585448
0.02150875202229848
0.013099729282601861
0.02188290617567692
0.016237271756249318
0.018288430958186056
0.03649741687029648
0.01217220024070786
0.012155621864998748
0.010550164881392049
0.008883293100559356
0.007165392548762791
0.005407139946444472
0.0036194365538985565
0.0018133407843709758
5.946762001663616E-15
0.0018094180900298878
0.0036037940082518697
0.005372124644468608
0.0071035905320664125
0.008787621854595074
0.010413962781399028
0.011972733741572938
0.019748830688182662
0.0080169223399308
0.014000271651384642
0.03962424421673227
0.015222051546125848
0.026174668990312074
0.01917776276059406
0.021314794591871907
0.016462374558086988
0.01823639628994482
0.024947724522054925
0.017662926974848718
0.01302104626956108
0.01787384807315188
0.024915443170572905
0.017380534702288588
0.015703068828923958
0.02354337642387362
0.015182923985536211
0.026095717086014693
0.016033946169896215
0.037463435426933415
0.012422771788273338
0.0024232251399676765
0.01691281334749184
0.011659817132510047
0.01012113801466506
0.008523137976570356
0.006875761877444917
0.005189238702481694
0.0034740182182304135
0.0017407063958177508
0.0
0.0017373792535241351
0.0034607505683617048
0.0051595395614852605
0.006823342980659054
0.008441992249947022
0.01000561545647633
0.011504697401004942
0.015473742341845936
0.02068348626483777
0.022497645614161788
0.024373754741341836
0.019807693369092393
0.019009168065288226
0.030944945650852033
0.012276806612566736
0.032176326509740776
0.028351567647772382
0.0175729752387982
0.017452085251121022
0.025096207035451887
0.016737540337582797
0.016439602390696542
0.02805139583237035
0.03309330542012637
0.011071587352050464
0.032701677412260655
0.01884797814378162
0.018147222055033822
0.023459485325459294
0.023484896531784608
0.014250236331183528
0.013403523967840579
0.01123941341988945
0.009757366466509317
0.008217771418269742
0.0066301986482135205
0.005004497114997489
0.003350733407387011
0.0016791295566403433
2.4148921646679752E-15
0.0016763119168662513
0.0033394975084873294
0.004979345999434507
0.006585807068178884
0.008149052303007592
0.009659535194487121
0.011108049299687282
0.013496856800147722
0.022399793559067502
0.0047471353153726945
0.01905310568306953
0.01765263031827222
0.0326553522749817
0.008190846687475406
0.027993716304677053
0.018088889164811644
0.02116972153867374
0.03934027906464381
0.02969569797950206
0.020932292891322837
0.02933125637980975
0.039830594428066045
0.022405678194843476
0.016965618367637533
0.02700704434421116
0.00685037243958164
0.03245504766301499
0.019089734140958603
0.01346801691431797
0.003874986335438033
0.02552156116592838
0.01810702443293935
0.01088381640247943
0.009449702303218207
0.00795953029847046
0.006422553345598085
0.0048482984169434945
0.0032465075731298613
0.001627077802791917
1.0389478248519335E-14
0.0016247025455003452
0.00323703576717669
0.004827096171889022
0.006385131545153928
0.007901600640544144
0.00936723148844865
0.010773077968525894
0.008923204425355423
0.0075029187515917835
0.03043542429309624
0.023631875282161256
0.023246744054557636
0.010064240511870881
0.032852061689950925
0.01487188824671786
0.022231995624639397
0.018988472712257527
0.006303902329905628
0.028524222161371383
0.030018814984579298
0.029420804627250666
0.007548979172245069
0.01783646189891536
0.02018929391761363
0.01578789075447099
0.03175976210562935
0.008643404380156946
0.024665544744740194
0.024772639207753824
0.031154476145561768
0.007674800403351994
0.007209140557666322
0.010584747402736926
0.009190996056046806
0.0077424247271549815
0.006248018519868236
0.004717032902415107
0.0031589364957635693
0.0015833526258727916
1.08073278045065E-14
0.0015813671279478474
0.003151018935388475
0.004699309784066765
0.006216737382103026
0.007694000992686315
0.009122058333462173
0.010492180819392103
0.024451971311415476
0.021456653892156858
0.0038353107626979133
0.004797395921972464
0.025045317499824846
0.02339480009320585
0.007959674999745462
0.027140181430752766
0.028643189789157236
0.02714235142772485
0.027931556829537872
0.00781726769888745
0.0067148510436280855
0.007587660271944252
0.026786655885673524
0.02639181227439416
0.03061582742081175
0.02857060515435477
0.009944275248194068
0.02371190733230929
0.025214284662738493
0.004858456163448408
0.00886442242551935
0.0184844593543742
0.02250887070408132
0.010335712165392325
0.008975639047642354
0.007561755518892718
0.006102822496015115
0.004607868489192356
0.00308613382899106
0.00154701365255261
3.639549011154309E-15
0.0015453766227213701
0.0030796058553031395
0.004593255909145944
0.006077031449698408
0.007521830580318048
0.008918800579132118
0.01025939204803275
0.003514906951993458
0.013387660404712518
0.023517379906982827
0.027841972376424724
0.009018178315386559
0.02710980245329964
0.019532377179414383
0.020319545042331952
0.008697771860994264
0.022748234689848785
0.027178417768859885
0.024787082400719043
0.014983202782336068
0.023527649378870294
0.02724446597422851
0.02499676171276793
0.007600278848572103
0.019272819602943803
0.016933442691096142
0.027612480346405014
0.002199935887079053
0.028454324077490847
0.01929423693993314
0.0146480628574011
0.009741894353778653
0.010131620185262235
0.008799235330315696
0.007413839913160899
0.005984009696891716
0.004518586115978932
0.003026621694946771
0.0015173242190159933
4.105473910869905E-15
0.001516003413003937
0.0030213547264728345
0.004506796245599694
0.005963200715935079
0.007381627315088967
0.00875337645161229
0.010070043035634689
0.010763385764307914
0.0103390998198647
0.024771816689506343
0.012650280228023706
0.035878965265687145
0.017898629264799425
0.022489933348977094
0.023935388446982772
0.03044268961194804
0.012832684199609026
0.016761333943050002
0.038844667234023036
0.0453609211626582
0.039746739744924854
0.01737633293982975
0.010642316600756528
0.028990086525090403
0.021800843776180134
0.02395375993099293
0.01444463721896796
0.037672114983480116
0.01396590265303965
0.026552633224604414
0.006715857200340523
0.005642923049641484
0.009968509378499904
0.008658364370343691
0.007295813132381761
0.005889281682094203
0.0044474606155357034
0.0029792514937019452
0.0014937119704655103
3.921089459184455E-15
0.0014926825331032906
0.002975146414712585
0.004438271585381138
0.00587306316121114
0.007270706647686621
0.008622622008375163
0.009920516256844475
0.02169679977937056
0.022336512760123363
0.004928065901556387
0.023199341146264773
0.010912969959572557
0.01967409771643111
0.016716916837876447
0.023437504576906076
0.013472787972952772
0.034855039050191335
0.011408671674541977
0.009688848076318117
0.0016855215438515451
0.009455409250130449
0.010442199866991842
0.0345920719235691
0.014537325077782819
0.02706987249704522
0.018264438490023602
0.022188677184027457
0.010212747071281147
0.019070355986390713
0.003992756766255885
0.028421353261844168
0.02346614894998872
0.009843346313622109
0.008550408863433622
0.007205484406085508
0.005816881820236222
0.004393174290417792
0.0029431464544621665
0.0014757402795301893
3.66486656146355E-15
0.001474983544641903
0.002940128829360278
0.004386419477504333
0.00580495966612656
0.007187028762766587
0.008524134858659887
0.009808066870154548
0.0014190882015638027
0.013749203958386724
0.01797361778172838
0.01725376594913616
0.024449828019178818
0.02454111971752278
0.01830271837468084
0.02480420290293182
0.01998019865338303
0.024384894092718358
0.032318615620579125
0.015500550508219038
0.006190756603782434
0.0139224631538571
0.03250145654470559
0.026132313899871768
0.019865664034545816
0.02210851862242788
0.014653504974729087
0.0247886707178145
0.018974986879466506
0.019101303045561895
0.01259848587812503
0.015525923398647598
0.0018132233246704107
0.009753882124995875
0.008473430582419977
0.007141233191076585
0.00576551218641354
0.004354754658462269
0.0029176602675304113
0.0014630876723700106
6.913641493871878E-15
0.0014625903074070882
0.002915676929892739
0.004350315050559643
0.005757676340101589
0.007129103207230735
0.008456161982304955
0.009730694707833694
0.01969220311875999
0.03593079028045477
0.018550325519390485
0.00786773293858044
0.02134687787217925
0.023708639929384087
0.02411913511982091
0.021033275368100294
0.017573241338408832
0.020320712499483532
0.01130622547603017
0.04523140796141551
0.05436428685410268
0.04559883092980158
0.012405791559052621
0.018218240423669606
0.019448007047817233
0.022187372247944648
0.026473571867235517
0.02108142192478294
0.023173424142527887
0.00923714085582182
0.020419152074669253
0.032025280974128545
0.01652431290510941
0.009698550779596807
0.008426082790688247
0.007101936019160008
0.005734275035344083
0.004331530647306994
0.0029023480018460683
0.0014555333780382686
5.895551066920463E-15
0.0014552867977786494
0.002901364716150786
0.00432932960880098
0.00573039023351434
0.00709592230063496
0.008417521487014067
0.009687055090153654
0.007341143775335236
0.0032237872866884517
0.00978146128421746
0.020328770257733126
0.012986981149227144
0.014903434413230022
0.02633820649044967
0.033974612797122564
0.031396922173399296
0.02380898501134705
0.028675490018014834
0.008626112406423312
8.514300474752213E-4
0.009243233347157388
0.02828199718700144
0.02241062686462622
0.03245926095793701
0.03813279156186071
0.029878968412739505
0.015132140269376473
0.015356096201780065
0.018376957985956618
0.014054862846409107
0.007697531357617461
0.010021501315884975
0.009676400843697173
0.008407551610463597
0.007086917623861171
0.00572263377781245
0.004323103446459344
0.0028969467941776786
0.00145294775397083
