1.0
0.9989725854527294
0.9958941397184466
0.9815915043092849
0.9562664319599015
0.9473613681865432
0.963409989935276
0.9503961825331827
0.9077395665249429
0.881799325856078
0.8633469377785663
0.8432659749320145
0.8215226435519606
0.7613630935862358
0.6997786969166622
0.6555621666285083
0.6284269775357625
0.6092638035548118
0.6067776245226092
0.548787231884393
0.508569465428902
0.4854049143254962
0.48008702754601057
0.42037943996825916
0.3776367939885862
0.34359317310451537
0.3270628748716402
0.32943445196982135
0.3316433011026977
0.29766924849889004
0.26349955581081397
0.2301578567078063
0.20629318782505132
0.2016731299197529
0.17008068053330944
0.13941159501036568
0.11137761536333304
0.08080962225411625
0.05244210162743635
0.025628413765297123
0.0
0.02437962278192767
0.047452970371682605
0.06754244899081972
0.08590606795323165
0.10285725827911328
0.1257543732716559
0.14165622109465514
0.1835820289270968
0.20516195801225098
0.21645012864473126
0.22519993225915272
0.23338492906570676
0.274728674265328
0.31428099291303774
0.33268778234276747
0.3326175880186202
0.32423297593901235
0.3032943017547843
0.3277955813291852
0.3316980007440825
0.3202349529974271
0.28844683196805815
0.3007306354604647
0.30171949200030296
0.29571706580430923
0.27275703794715467
0.22954337410641942
0.18559789472358215
0.17436367227150268
0.16433972920998594
0.15214278666958367
0.13138778465307133
0.09130375337943705
0.07826434592780003
0.03776777678636163
0.02466650909127967
0.02949156101612308
0.02559056798264981
0.012673085182488511
1.984975945101262E-16
0.012361565328205077
0.02434774582752862
0.044685090510841616
0.0728010904789183
0.08287726973569104
0.06738938324713116
0.07667177800935106
0.058428087301255247
0.05954809904183434
0.06669579720483394
0.07819633666850996
0.0838181945256288
0.06039131372933215
0.03319599427524359
0.03846200827884308
0.03632225294341565
0.04762706203841202
0.05433131519891158
0.04878811663898162
0.05445813602047227
0.04808140288636182
0.05069194949036305
0.044654818346487775
0.03259510420184381
0.035734570749127975
0.025915447091469427
0.0506607544178368
0.070648514480398
0.0645733794665463
0.05044618414979215
0.04336373450802371
0.040899958211381905
0.05913896231121403
0.0509382213260049
0.0470525753633493
0.03936070238400567
0.025160574823605286
0.01696268746207171
0.008436783880032866
1.6158853074972297E-15
0.008298740059597003
0.016412099049192056
0.02969776679949055
0.05063805086573453
0.05786420467505325
0.046133877870154556
0.05268220563223878
0.08499975450915374
0.09677678689035984
0.1018554486872798
0.10148839632862026
0.1053997197094431
0.13275101459546076
0.15785076085124208
0.16194608717294343
0.15398462105604302
0.147508789913289
0.15280579211111564
0.17445603770047852
0.17375554016831857
0.17223219893298403
0.14871644884516438
0.1395352569073473
0.1432181430637779
0.14938514640217104
0.14501957577508442
0.12075933966598063
0.09490263967543973
0.09027345029397037
0.09125782245276105
0.08594851631648336
0.07522017657197609
0.043842373363555565
0.03785067190997203
0.057168967940058504
0.050778716862290414
0.027999854178224093
0.012717877975441487
0.006339196069147595
6.811182972622158E-16
0.006261866202463474
0.01240947556178575
0.011902973802851609
0.015631610046582346
0.018820129192064192
0.035162223877610144
0.040230689627298
0.021075349738745208
0.026191464391043646
0.02974179423123487
0.04797907610586247
0.05095849576661836
0.0359420232855149
0.01941138844948511
0.03392828804678963
0.0349474750479453
0.04494358695410733
0.026111729803151174
0.04525839029708071
0.05387616502178401
0.04516964866111303
0.026027453931420974
0.04598174586268646
0.03666969903055851
0.03430706470323683
0.020321879653130873
0.034776942993710855
0.049537064943601224
0.046726608269271816
0.027304053885093656
0.02416713254372235
0.016952472375415497
0.034926611005350466
0.03019487674906712
0.0414361795112717
0.03791381802596838
0.02107742705753152
0.010199922616159523
0.005090740693765311
5.204133313384695E-16
0.00504151641722886
0.0100036175400914
0.011290513900634251
0.01821451132724694
0.018479955148054304
0.028484389719774725
0.032629149377752374
0.0603558685253108
0.06610019130369282
0.06926575789138295
0.06254140679149903
0.06486141152136973
0.07758346453165577
0.0872601125049511
0.08093404154906157
0.07139294178265032
0.06750270392314865
0.09001070617694293
0.10133369249835247
0.09336969977305316
0.09981684733096485
0.08775702208953705
0.06371540692316842
0.06612649858892297
0.07378608047596005
0.07925819798855022
0.07055839103209223
0.05910611317019463
0.056324408533285124
0.0637249062409493
0.060349248921902215
0.05581463459301977
0.029106096167606517
0.02518591587948832
0.011060527947529795
0.012372383556287503
0.007081605439102534
0.008538345181072455
0.0042651788904561234
1.1802361692817784E-16
0.004231226855954521
0.008402948491872217
0.019968590762801552
0.036210651282839616
0.039181979583444285
0.024006437118551004
0.02752202229395047
0.012283514636813691
0.022499307365789287
0.024532132729664147
0.044675657577287316
0.046726947604241974
0.030403310926321887
0.029403592934670406
0.03936651591458076
0.046451315959057236
0.05233522504811565
0.033335200264812265
0.03925170323571031
0.045532993694338886
0.03912137050751783
0.03393713246933997
0.051953987910984
0.046314717533961984
0.03984433903524042
0.030951109058275073
0.02972151165253747
0.04610581336058291
0.04407594348045533
0.02419561046067191
0.022301841690185304
0.011524666733079256
0.025021011314591904
0.02166522776058765
0.019091982761151347
0.01771856154200308
0.008812537641733804
0.007363706582085718
0.003680731678743596
8.315433838524881E-16
0.0036559938856947495
0.007265056556972684
0.019084146563124547
0.03458963060117593
0.037928082389187656
0.02080598611094454
0.023867094172387984
0.04736613908701994
0.047580232655954714
0.04983018324103624
0.03858982064213448
0.040148362928117416
0.04764971221987537
0.04616338722091269
0.042267231575112606
0.0414270880004126
0.04067215193267544
0.06043076452349793
0.05265285899268054
0.044958582926644536
0.05181688268538956
0.05975807814470545
0.04047182299428246
0.040803781444127635
0.04009895554513565
0.04248691135227066
0.04514408472150068
0.03626351787266784
0.03433672621177443
0.04583939203605874
0.04337096160921464
0.04433475423234469
0.022006789021948383
0.019064718399569865
0.034249350887931636
0.031123422083926752
0.017463283254153236
0.006492489323495043
0.0032468146625346753
2.2839397559317148E-15
0.003228063207314954
0.0064177124435881965
0.009490555925986514
0.01827898781485342
0.019646723732570176
0.018413474000505865
0.021132235375583466
0.010939345880120434
0.021703819273355553
0.023372598650780032
0.04089896810302302
0.04259260206316517
0.027846406850340143
0.0344497033528238
0.03719777966092164
0.03397249758169364
0.03714978398104523
0.04256811922776681
0.03769908556385769
0.0419118910027669
0.03773172540116566
0.042759411709130675
0.03554859068056827
0.03184199027522973
0.03606880783697035
0.03396392776248673
0.027598181046315312
0.04140904305343277
0.0396165575405532
0.023048237916217504
0.021368941187641516
0.01089553818966967
0.01970021036208749
0.017073170655951216
0.030938239957677187
0.028573930938739087
0.017031031838584603
0.005823233049987951
0.002913234433609187
4.746146900399591E-16
0.002898593465298041
0.005764848289296987
0.0035809087332864726
0.008653865235006102
0.006572634792903498
0.016564721191942803
0.01901743362329504
0.03808792596644793
0.03353965037450176
0.0353064398332248
0.022811245261046578
0.024154064603672264
0.04216554159637272
0.03211057790300951
0.03367921565032445
0.0455274729281449
0.04929910526904969
0.054609560482350994
0.037666092305598205
0.04402780686468733
0.03769870926682109
0.054496095809689726
0.05042299765421674
0.046588151286443225
0.03345792575394993
0.03174622234130862
0.04255020734042208
0.022101282929548518
0.020516266498392326
0.03225146911225588
0.030272160176307142
0.035666031503046605
0.017886055366203236
0.015505857279750481
0.014111270719642336
0.014148156780162317
0.008592788351118387
0.005295302366406939
0.0026499437508170735
1.569659045954866E-15
0.002638249589550338
0.005248668987355171
0.013671459136325573
0.021339110652440332
0.02261097429162216
0.015099764812138263
0.01734074013054636
0.010885071288764005
0.02021433495742448
0.021837351592596376
0.03409611460210913
0.03555327847883396
0.02563192227576716
0.026348801569455908
0.028435815937067423
0.018006916390504335
0.024258675372370402
0.039841779802394825
0.038009969105894395
0.03754431077169071
0.03795188132012996
0.039359283925140875
0.0242789663261825
0.017701224054733778
0.027921544732492445
0.024565678247498487
0.02489430655665812
0.03385972585715601
0.03223426928423868
0.021368396183908924
0.019703897672674005
0.010884912079489299
0.016428752422944726
0.01424625864490227
0.007203937389516485
0.007470839701117732
0.003935497608158989
0.004870248084483467
0.0024378647295427735
6.239959728227763E-16
0.0024283578107860836
0.004832337001507297
0.016401872293256983
0.02382976807113285
0.026044130186404897
0.013916132957621615
0.015985454238321102
0.030440121765457444
0.02303762460891176
0.024600848994254892
0.016971255343923793
0.018408852092878476
0.043647664613925115
0.03428286082706208
0.032960143525881745
0.05210301873905346
0.05932780431191294
0.05028484319673685
0.0415171841005654
0.05035202530759745
0.041561289651345375
0.04992127568380583
0.05935349427276821
0.05187836993302474
0.03275791760231799
0.03513664689794955
0.04333861296196723
0.018500147729825396
0.017100671657695264
0.022633374140858104
0.020913199601642188
0.028354001512835156
0.015238710305109659
0.01321729184971023
0.019812443341091536
0.017829369298378927
0.012983359028837868
0.0045225273098694905
0.002264310251768109
2.964241936606822E-15
0.002256474210777944
0.004491279322587183
0.011160445969214259
0.015075857246871143
0.016680801022008265
0.012945194766961635
0.014873337741864468
0.010902557780518221
0.018277737236129077
0.019848951642526702
0.025339844161750086
0.02659716851047197
0.01984098963839712
0.017123132108205246
0.02813444031943764
0.01847267179844385
0.0246917886642843
0.02617781249050557
0.03228148166851599
0.02487745288251851
0.032066031740385824
0.02537926947508792
0.024308220602170003
0.01835531208295375
0.028201196509448752
0.016692400948701593
0.018603009462024492
0.02475198375291106
0.02330311827646143
0.019321006859361462
0.017728608921894408
0.010934839296976528
0.01425440294559148
0.012365975136846199
0.02082229042931012
0.018821710135560398
0.0155241284055085
0.004234523600869803
0.0021205228934430688
3.4882361578770834E-15
0.002113994882373943
0.00420849172805968
0.00303361485143391
0.0020936128928108447
0.0015602099420445644
0.012139302799508506
0.013950029315999325
0.023810821559373335
0.01733537924050785
0.018832161412465975
0.019486777648758842
0.020822595610394706
0.038563626850535125
0.038651438663414556
0.028053314806496723
0.0411433618908971
0.049880233218013686
0.041344091743738806
0.038211548623050505
0.04140866624999829
0.03800253682923573
0.04086229747140845
0.048503412489004326
0.03922658308424957
0.02695727831798514
0.0387143681949672
0.03692584102121001
0.021546802793562293
0.020334360725715345
0.018292171796235747
0.016789375767061836
0.022005098434048298
0.013432231125049451
0.011654737426118231
0.01193511668724562
0.010883347277897415
0.010667801800737764
0.003993709529248185
0.0020002707528286
1.5324426299562319E-15
0.001994788750868683
0.003971848879049078
0.010031815080564123
0.009831421145211499
0.010749506568506154
0.011464388985832949
0.013176634547166461
0.011121132301229861
0.01629277646949089
0.017704440898635692
0.01686564749906189
0.017993293063119954
0.01475484425940182
0.017041824673100517
0.025312451577729538
0.018588154865550873
0.016229321516537693
0.013904171525332685
0.024269867511498004
0.01807168668031562
0.024150984905921557
0.01369976002814807
0.015763197974958818
0.019178823429397987
0.02450060017419694
0.0170908914024324
0.014816973805927783
0.016626529589285913
0.015358529193218675
0.01715331709712489
0.015749105990602454
0.011260164556872138
0.01274048927620767
0.011056240820028845
0.0030118976324639097
0.0012516858706007636
0.0036118712188220135
0.0037909485941318368
0.001899006177589234
1.6586987835962178E-15
0.0018943766504780836
0.003772487390703939
0.014723885077068602
0.013073627433899776
0.014711221691599748
0.010895494593689629
0.012524643141228746
0.018162826339931114
0.017086800767500583
0.018437413671112127
0.022608428720345693
0.023786852149537734
0.027578017070113328
0.034478027704631146
0.021841867324618135
0.022713397870417637
0.031654369161586364
0.032820868513805744
0.026911269795208463
0.022987573258995985
0.02658447618907353
0.03247973503898938
0.030683686374827445
0.02148932070693322
0.022169648609062086
0.032966500375888136
0.025499701351957872
0.02408623481281634
0.0229733537182648
0.018876895360490847
0.017624215011529866
0.016699369078423062
0.012155621864996757
0.010550164881388917
0.009520330673937937
0.007832582136065417
0.009929154927437237
0.0036194365539011482
0.001813340784369697
1.2204987574632748E-16
0.001809418090026824
0.003603794008244323
0.012446890424076368
0.00938332770895919
0.011047254058255265
0.010413962781397248
0.0119727337415718
0.011729980944308853
0.014271980047594755
0.015430279408599791
0.012566251210725396
0.013606902037006959
0.01901414457829407
0.01650048214284121
0.019872979986025816
0.026139726045775004
0.01744321973461489
0.016399044526491213
0.02546839019742801
0.03193138383724642
0.025623505416493685
0.016632293479601067
0.017764008101010052
0.026606593540912857
0.019628459371351586
0.01656117032779759
0.02025117262345322
0.013570287315213389
0.012578350435565844
0.014822084079951668
0.013677559815483336
0.011986674410994463
0.011659817132507798
0.010121138014666698
0.010662349827267258
0.008952510863752719
0.01431774546577509
0.003474018218224472
0.001740706395812878
7.399614372337242E-15
0.00173737925352644
0.0034607505683606323
0.005486277664133937
0.005456565141412503
0.007141069392816308
0.010005615456469634
0.011504697400996517
0.01381659650375355
0.01934744907596309
0.02054645183876558
0.02300748479399857
0.024015462463610898
0.01745957179354995
0.022479518232719296
0.030323680819294124
0.0176626446831712
0.026336700281929817
0.027709409505998192
0.014606458493597988
0.005743495454838899
0.014346292727378324
0.02755101595935034
0.02639212342906238
0.017641913277859713
0.031562737284908514
0.02076835514454285
0.016444537006084798
0.023680032947947547
0.022661932676608734
0.021074711560067932
0.01995399512549482
0.012850357844117746
0.011239413419893086
0.009757366466513158
0.008292822848718085
0.006697558021251425
0.012108577504368027
0.003350733407393335
0.0016791295566416303
2.4185807745324913E-15
0.0016763119168708015
0.003339497508488094
0.007396860328967777
0.006706046134465671
0.008306510075516253
0.009659535194491574
0.011108049299681738
0.0126714921839098
0.011967182070679889
0.012863633326410395
0.01463078823931926
0.015526039585690684
0.02487996551871904
0.020201278329680574
0.018835155839808673
0.025090620041680983
0.01708806503094355
0.01811291049848898
0.031872343843478944
0.04097102462317448
0.03199106047232874
0.01801657954623705
0.01666647539639653
0.024420755512736616
0.018478724224352937
0.02125104192837127
0.025398773325622848
0.01627986496486585
0.015498669030661587
0.01216700474336517
0.011258202262366287
0.012983127533518077
0.010883816402481317
0.009449702303207772
0.009421174223448466
0.007905545849382663
0.005570659682418917
0.0032465075731362564
0.001627077802789915
3.337953728231287E-15
0.0016247025454917752
0.0032370357671777697
0.013169178143609553
0.005222466131987831
0.006745770525084792
0.009367231488451661
0.01077307796852611
0.011336291226357913
0.021075400380987326
0.02219253767569457
0.02037675210068354
0.02120869169611797
0.015720357054058547
0.01654276820887052
0.035087225706543254
0.018133218342718745
0.027832132805021965
0.026780353369477778
0.007411656165545554
0.005324472856023164
0.007324515764864056
0.02686808540942647
0.027938478731405144
0.018319856658646768
0.034718894943288135
0.01679026803825314
0.016177862711812842
0.020353021707173992
0.01944406598789293
0.022359736082033413
0.02126705880646015
0.011019069134878694
0.01058474740274113
0.009190996056050404
0.00983054322303957
0.008524710385614469
0.007519113149373872
0.003158936495760651
0.0015833526258650318
6.45751435260236E-15
0.0015813671279550669
0.0031510189353832633
0.013230566412765911
0.003980885999444368
0.005129666433711693
0.009122058333468715
0.010492180819407095
0.013691230801081603
0.009275750203024336
0.010022150002706065
0.018279170339757275
0.019138859232911955
0.02508476316868338
0.026031290875298322
0.013275297406805346
0.01876962429859062
0.01114431339193665
0.014038465450320997
0.03342189858478689
0.03658114538358487
0.033376201281487904
0.01378450590927029
0.010896806609742985
0.018447163065026872
0.012517881020500837
0.026379530166180384
0.024455068258431193
0.019695468180369876
0.01889669604395979
0.009335218298722872
0.008524225030021051
0.01396690944186334
0.010335712165395059
0.008975639047642559
0.004802618406360912
0.003952262046768989
0.013024082814442306
0.003086133828985927
0.0015470136525569595
4.826049962043253E-15
0.0015453766227199424
0.003079605855298621
0.007798489210351366
0.009677952731741078
0.010884870410612103
0.00891880057912863
0.010259392048028275
0.010972160100304726
0.02107490118877247
0.022149799122140268
0.01567245815645019
0.01638613085751326
0.018816922154920847
0.01898539059990065
0.027363298837252185
0.019925317717082426
0.027804949209791607
0.030209498643508203
0.007376745927337632
0.011843546195350647
0.007456297466209706
0.030420475667244984
0.02762768824422248
0.01989778834953527
0.02590809033068455
0.01911286238163814
0.019280795448025034
0.015357127954487479
0.014523121457112145
0.021839409573937794
0.02073566232442671
0.011185238870188177
0.010131620185258103
0.008799235330311794
0.005349773010319013
0.004427512161311759
0.013026944411787509
0.003026621694956543
0.0015173242190119065
2.5194554062852506E-15
0.0015160034130025724
0.0030213547264740545
0.005575460809365769
0.012032273451684086
0.013506459178328812
0.008753376451607606
0.010070043035632156
0.014491372357086616
0.006891789797368751
0.007743428089274984
0.020035336316968612
0.020908351063117017
0.019617278927167275
0.024786675250188395
0.01425093353879279
0.01773511792028086
0.011970307458276269
0.01129762716340429
0.029394290714271576
0.022950253239402887
0.02925856707092028
0.011365550932892753
0.01240794639464025
0.017778560665954377
0.015319310097878116
0.023990970425318326
0.018385194839996944
0.02093143418690985
0.020051642239553535
0.007507422665103051
0.006570742244689604
0.014650250408284203
0.009968509378498266
0.00865836437033327
0.013040306924239454
0.01168723547112494
0.0077173703189518
0.0029792514937038513
0.001493711970463884
6.656990146168754E-15
0.0014926825331012248
0.0029751464147074248
0.011521939114379369
0.007979355863928672
0.008979156501396846
0.00862262200837961
0.009920516256842786
0.011991776065147902
0.019185520685837266
0.020231372162194495
0.011191138029364486
0.011965640635577932
0.02039177360477634
0.018010041631080602
0.016537744415798958
0.017777558601834508
0.025155312213204228
0.03310614967547713
0.012307538010089896
0.020603744960150737
0.012456262384927683
0.033135991614685154
0.02516169454915234
0.01764477634474989
0.01557306867816289
0.01767371736334273
0.020369817003707547
0.011488906637853855
0.010628810156287654
0.019491386243491008
0.01837364708135518
0.012400292871188757
0.009843346313628428
0.00855040886345451
0.014661858843579314
0.013434122698226388
0.005719073543520344
0.002943146454457995
0.0014757402795403593
3.8488784415941725E-15
0.0014749835446430124
0.0029401288293690636
0.013572089195128246
0.0027120223743288363
0.0014904095937566517
0.008524134858660855
0.00980806687015598
0.0148313443906028
0.007062232623284413
0.008140383519976216
0.019022875184210277
0.019891923314067677
0.013653179654559599
0.01891235035496298
0.021145805844510594
0.02036877886250956
0.022141050820675058
0.016017478799153082
0.024385881662281308
0.01707041414108679
0.02428693935652809
0.016378059807178054
0.023122547490304714
0.02094902143229772
0.02141719785071852
0.018217399480703323
0.013203389787700977
0.019368816611428637
0.018432108312593537
0.008780668280598003
0.007751562428681691
0.01481950732485588
0.009753882124999296
0.008473430582412619
0.008562238194996385
0.008357719505653909
0.011534712370320556
0.002917660267523446
0.0014630876723622384
1.810096843693517E-15
0.0014625903074092462
0.002915676929886575
0.009804164616508607
0.010827208279601293
0.011461466599893775
0.008456161982299499
0.009730694707844828
0.01333917757875234
0.015767158080424237
0.016789622116132392
0.010898687066347869
0.011827566314854805
0.01898683653973342
0.016550394587470603
0.013174974177028384
0.021385728713600727
0.02985951227258423
0.030986568580240792
0.017837663422672526
0.026906523667835525
0.017952341081996954
0.030737768442221845
0.03039392321432956
0.02211860562419706
0.013483398579842593
0.01651372262509254
0.018435047435821104
0.012411257648379696
0.011551723420315421
0.01576850458108601
0.014646207423722093
0.013699219813423646
0.009698550779604579
0.00842608279069253
0.0032948088035485586
0.003949189581391738
0.01350388934012064
0.002902348001855787
0.0014555333780390462
9.916818077828486E-15
0.0014552867977837402
0.00290136471614301
0.0049303510481843085
0.01488337171981583
0.016241420397739577
0.008417521486999348
0.009687055090150162
0.014570555965512705
0.010384319739261088
0.0115046390626727
0.01563037693031227
0.01647902835365288
0.014395473774286741
0.01653649238839792
0.019067955305639043
0.02548458666487082
0.03233141447614115
0.023883284362813503
0.02136949339918767
0.024775479178665086
0.021304046412826107
0.02428107638852443
0.032649254798818014
0.02562200197283117
0.01830924534343158
0.016506922850699077
0.01509724224004315
0.015628561363980026
0.014674452398840368
0.012557757710692018
0.011543385500379848
0.014369503994799866
0.009676400843693643
0.008407551610458464
0.012782372662575184
0.01167268752457448
0.009711845092363862
0.002896946794164551
0.0014529477539580219
