1.0
0.998972585452729
0.9958941397184452
0.9907760398146908
0.9836371918337673
0.9745039478168505
0.9634099899352767
0.9503961825331823
0.9262568303381143
0.8910579263769629
0.8726053871263323
0.8432659749320143
0.812383321086454
0.7613647785353899
0.7364677318860169
0.6920219940187485
0.6648115909846121
0.6363269424169695
0.5975213998765911
0.5762689693294721
0.508023971035691
0.5128119729225519
0.47083257870166134
0.4468485497429895
0.4132091362841257
0.3789792926359019
0.3628936772533563
0.3294510575158406
0.32307896725596974
0.2976692484988898
0.27275439428334236
0.23941293000117744
0.22479132163614607
0.20167312991975303
0.17008068053330935
0.13927376632762703
0.1093423593199544
0.080371724392097
0.05244210162743613
0.025628413765296603
1.320453687119582E-16
0.024379622781927516
0.047452970371682564
0.06916877240348804
0.08948212364992564
0.10835460493099774
0.12575437327165595
0.14165622109465448
0.16510974996320782
0.19594789266294543
0.20723652053895222
0.22519993225915252
0.24090694137581697
0.2748021632277962
0.28212829066394285
0.3022101773448349
0.30307131396418713
0.3038361964538901
0.31245256852816405
0.30131583522096445
0.3340526509211567
0.29382257836405545
0.2975829582853805
0.2818418937242346
0.27429738509225593
0.26760784341301924
0.24288823429273823
0.2296790580363824
0.1920666771270949
0.17436367227150282
0.1551851496571924
0.14299698404957065
0.11297579210696994
0.09130375337943708
0.0782643459277998
0.06509537670314801
0.05187566279556128
0.0386823510008122
0.025590567982649637
0.012673085182488301
5.376042148224648E-16
0.012361565328204784
0.02434774582752833
0.035898195646728255
0.04695632858088907
0.05746953627456635
0.06738938324713109
0.07667177800935196
0.07677048123699837
0.06880509103151723
0.07595484693859826
0.07819633666850959
0.08294682099888737
0.061294167077917225
0.05394241240033837
0.04473627584450134
0.05265516401367329
0.054483174358021066
0.046305063481784356
0.05524760123858197
0.025599169009885923
0.053481376381899405
0.04292086363738214
0.04950382300441121
0.04625421039550268
0.035781410182654225
0.04222566259308845
0.05199348577726971
0.07249189165409624
0.0645733794665466
0.059692218022661205
0.0525885612116156
0.0591017376965755
0.05913896231121373
0.05093822132600441
0.042567565380627365
0.03407978162745204
0.02552745768586299
0.016962687462070983
0.00843678388003281
1.0145706716114607E-15
0.008298740059596544
0.01641209904919139
0.02429457209091787
0.031902718564962414
0.0391953792737564
0.046133877870154404
0.05268220563223862
0.06683982629136567
0.08802363238728388
0.09308639421131126
0.10148839632862051
0.10642099217623639
0.13344085977702247
0.14617843572230194
0.15537633748671736
0.15041337947768893
0.15133887626839657
0.16052947085203076
0.15110299309526287
0.18124410341261277
0.14897028480509958
0.15628640921984988
0.14508007988436697
0.14217877869726342
0.14601494532882003
0.13700156032215352
0.12160362105558419
0.09442325103866829
0.0902734502939706
0.08269489908373004
0.07743441834003133
0.05722070193014919
0.04384237336355488
0.03785067190997198
0.03170319158088186
0.025439031390898995
0.019097499119954685
0.01271787797544178
0.006339196069147153
9.176801970506198E-16
0.0062618662024630945
0.012409475561785718
0.01840702490262459
0.02422003275573041
0.02981552737365583
0.03516222387760965
0.040230689627296756
0.03861283196386296
0.03500544154219814
0.038722290853376765
0.047979076105862196
0.05975931006719163
0.03901987272932206
0.015879516554654846
0.017064681264858307
0.034206498584157974
0.03558745630244668
0.027991810944441455
0.03492401883276769
0.018518518518518257
0.035113074810530234
0.02841900772604034
0.036287543225345394
0.03519411517845032
0.01769248924227685
0.014993687844459674
0.038019638558679784
0.05875512067295227
0.04672660826927156
0.03615076604073699
0.032772100254014835
0.033997934234629726
0.034926611005349766
0.030194876749067193
0.025325216019946112
0.020348602879242568
0.015296350844887759
0.01019992261615951
0.005090740693764555
6.615198135385325E-16
0.005041516417229068
0.010003617540091539
0.014856879372911197
0.019572813786122405
0.02412403027178675
0.028484389719773576
0.03262914937775025
0.042861276184144245
0.05844771364551181
0.06154835800349559
0.06254140679149886
0.05877722860052638
0.07903368254720168
0.09765582231978591
0.09407870312757438
0.08314339960366694
0.08369309697595985
0.09173313931499569
0.0823623399613567
0.1037338005803248
0.08097145852102565
0.0889641119106023
0.07968498964199158
0.07784997368485913
0.08799867441689505
0.09201512665024662
0.07204313666117365
0.051894559335516385
0.05632440853328321
0.056355134130932634
0.05309975600705955
0.03859257447515224
0.029106096167606173
0.025185915879488045
0.021143214447610966
0.017003654284082858
0.012793277347066933
0.008538345181071313
0.004265178890455312
3.235246122085609E-16
0.004231226855953373
0.008402948491872663
0.012490174076165237
0.016468621510454463
0.02031485844354589
0.024006437118552295
0.027522022293951315
0.02772722756238651
0.03092156501575252
0.03322186571145039
0.04467565757728573
0.053950254670529336
0.03299280245569838
0.017037435798402608
0.029308170468643698
0.049106292764161764
0.05026431421756612
0.0419663030079695
0.048985954323654074
0.02938007067456318
0.049391540998930214
0.042767727433406066
0.0515000409027434
0.050773996780875005
0.03141492738637721
0.01806495550213396
0.03182420582601235
0.05221604365067326
0.04407594348045578
0.032941178623404885
0.030814428838784227
0.02622201471069903
0.025021011314592303
0.021665227760588036
0.018199480544475843
0.014645715469340589
0.01102626424683772
0.0073637065820845084
0.00368073167874231
1.9131328388501527E-15
0.0036559938856936557
0.007265056556970033
0.01080542828930946
0.014255912122850574
0.017595998694535635
0.0208059861109442
0.02386709417238763
0.030904040507444844
0.04152117706905722
0.043626559394575895
0.03858982064213444
0.03094633082069179
0.048190637329756904
0.06427550316946372
0.05347328878035014
0.04106467166761036
0.04145932825875248
0.04687857476187269
0.03756890498443488
0.04730731234276628
0.036743871776243775
0.045233566192257366
0.039324580848520876
0.03826707542045471
0.04975605123667284
0.06003205067730349
0.04520319319928834
0.027533802731350098
0.034336726211774624
0.0400404337269353
0.037783038694524596
0.028246818611572987
0.022006789021948057
0.019064718399567644
0.01602286105365544
0.012900431665655552
0.009717023953105912
0.006492489323494873
0.0032468146625345053
9.147147061716318E-16
0.003228063207314857
0.006417712443588628
0.009549632433257156
0.012604970668225362
0.015565449480291428
0.018413474000506448
0.021132235375584958
0.024219883305428448
0.030640901861134058
0.03243898977134856
0.04089896810302416
0.043079940903614285
0.026298151819547644
0.025519790049768717
0.044821127609166705
0.06210444655710007
0.06296967279163138
0.05441640548346672
0.06131713206487374
0.050161490657896116
0.06147655886851336
0.054744534148871475
0.06345219498490931
0.06276191299907288
0.046281629818792316
0.026944658895293447
0.025121606872559706
0.040367908778083515
0.03961655754055199
0.03221369999923304
0.03045953179426331
0.02377104708435991
0.01970021036208801
0.01707317065595088
0.014354647114387501
0.011561772961431375
0.008712048594939889
0.005823233049988273
0.0029132344336095456
2.0754472515600543E-16
0.002898593465296489
0.005764848289296572
0.008581352929305093
0.011331086723561763
0.013997521750362625
0.016564721191941186
0.019017433623293865
0.02296491740727805
0.02910889007892063
0.030630440277909725
0.022811245261048763
0.022433793839603044
0.039611966487095286
0.03962788153772748
0.03242083006326263
0.023884992297347692
0.0240452519513356
0.02431630062810637
0.01558783946541074
0.019650259588429086
0.015287853893103432
0.02368251323433128
0.023467739308890817
0.023153167878324898
0.03100248605456621
0.036699255485257765
0.03958001340338807
0.02290662526383629
0.02051626649839222
0.027877665103373687
0.026199026230957087
0.020986877406491265
0.017886055366203284
0.015505857279755347
0.013041013712291941
0.010507026791995151
0.007919752519500915
0.0052953023664076195
0.002649943750816259
2.6720761749345937E-15
0.0026382495895492827
0.005248668987355796
0.00781536335924511
0.010322775102728285
0.01275577741173489
0.015099764812139874
0.01734074013054564
0.023228895182533092
0.02946759625439727
0.031067924028291498
0.03409611460210791
0.028919430693663317
0.01911223507302151
0.034193416863998176
0.051489134211943156
0.062061682136966397
0.06262439548380826
0.05415187566703735
0.060593750929026455
0.058705609570713094
0.06039584684853525
0.05377322631980105
0.06202831250541137
0.06127710804468476
0.05146093565478965
0.035205004660971075
0.017691286779714863
0.026156417298711116
0.032234269284239114
0.030508165621841075
0.028883575497596344
0.02312233371256153
0.01642875242294114
0.014246258644900422
0.011984803983147989
0.009658584444421293
0.007282136745883588
0.00487024808448387
0.0024378647295421763
1.8650004374413064E-15
0.0024283578107859023
0.0048323370015058735
0.007197272964718658
0.009508797076711562
0.011752923439938818
0.013916132957619648
0.01598545423831982
0.016833660222889405
0.019475692475184856
0.020707690568181218
0.01697125534392376
0.026692259062474
0.03989508525585885
0.024090041688163873
0.024218016155961877
0.01853981313066338
0.01861172044716798
0.01706774521273884
0.008140770160434385
0.01960114453331805
0.008064172241215667
0.016970281135569497
0.01831510912023212
0.018129778695158204
0.02337146732357017
0.02254839137935642
0.03965190450105233
0.02750225282009305
0.01710067165769291
0.01870770558367151
0.017314906120411196
0.015210211632126417
0.015238710305110878
0.013217291849713023
0.011121676278226491
0.008964995797925177
0.006760710998605946
0.004522527309870321
0.0022643102517692225
2.6376537664912014E-15
0.0022564742107758612
0.004491279322590158
0.006690762809976325
0.008841535644207412
0.010930553364367136
0.01294519476696278
0.01487333774186603
0.022992490784195598
0.026819197653066
0.02829708670584074
0.02533984416174929
0.017611613409023164
0.01096685801907208
0.03870487964492602
0.04628124331278718
0.04955738641859276
0.049918903062800925
0.041778652248495016
0.04779299121651094
0.0502348518279146
0.047384269269104155
0.0409732903031722
0.04867280662830771
0.047903582330016466
0.04494634835341059
0.03889232274992507
0.009928723003891193
0.016543059979699872
0.0233031182764593
0.027395228635617823
0.02585408710403548
0.02295199766236615
0.014254402945589972
0.012365975136845044
0.01040736837305531
0.008390836793720312
0.006328951709568101
0.00423452360087009
0.0021205228934422257
3.876010764781093E-15
0.0021139948823746153
0.004208491728061161
0.0062706799041998265
0.00828798617575519
0.01024815102147934
0.012139302799507284
0.013950029315996315
0.011708992390518026
0.012918408607771676
0.01415630365104805
0.019486777648757204
0.0286237423325482
0.03603332596148225
0.01692124524573233
0.017495573841755596
0.017454041528691618
0.017867878628292706
0.020207663591690152
0.012880729326881866
0.01851851851851247
0.013147585357607475
0.02059276306951086
0.01817215755982225
0.017838605750436193
0.0168682034223503
0.016349030545457402
0.03477958134186342
0.02831094895787624
0.020334360725713343
0.013211780979688757
0.011858046050425054
0.010318064300327143
0.013432231125052126
0.011654737426119645
0.009810470346243922
0.00791095171134891
0.0059680105105349105
0.0039937095292489596
0.0020002707528283263
1.4770802206710253E-15
0.001994788750870593
0.00397184887904822
0.005919076020935366
0.007824581895461539
0.009676766606715289
0.0114643889858333
0.01317663454716689
0.022822965880474916
0.022911789483158973
0.024276416944771013
0.016865647499060603
0.017249169376558675
0.011338563096881044
0.037532677544384226
0.03350281897805402
0.032723390751078045
0.03302625830274409
0.02545314855239707
0.031442428907491736
0.031622224220699685
0.031076293593423815
0.024708625416657703
0.031863772260153675
0.031179591347444472
0.031786134072417614
0.03690028616669881
0.012756977431917641
0.018197091636705708
0.015358529193218838
0.023123846619652465
0.021672758793588074
0.022738326405636732
0.012740489276206449
0.011056240820026
0.009308114012788067
0.00750701513516
0.005664148820684528
0.0037909485941293682
0.0018990061775893343
2.2280085265644673E-15
0.0018943766504761115
0.003772487390704719
0.005622823984443551
0.007434076627063611
0.009195202845304371
0.010895494593688139
0.012524643141228326
0.007326316592865615
0.010915935624088317
0.012265229480032704
0.02260842872034473
0.024878263675816886
0.02745976072880698
0.014611228323656047
0.017251720741496394
0.023300088041033323
0.023837762806081162
0.028182541682867438
0.023214104063373597
0.024039951426308267
0.023417577067546443
0.02849960952187289
0.024276507410680458
0.02388467731263333
0.01797426743413763
0.014541877091343238
0.025764265884050834
0.023572355725693696
0.02297335371826666
0.01249644571725408
0.011182594243618582
0.006171544400704472
0.012155621864998073
0.010550164881389108
0.008883293100555419
0.00716539254876209
0.005407139946449225
0.0036194365538997656
0.0018133407843668528
4.371399940597141E-16
0.001809418090028616
0.0036037940082465883
0.005372124644471798
0.007103590532063952
0.008787621854598303
0.010413962781400951
0.011972733741573443
0.022443703772658558
0.018200919942672172
0.019454545726575973
0.012566251210724941
0.02195610400287096
0.019920390156393925
0.03164124381559238
0.021725554843322416
0.020668395387140093
0.021015856008899186
0.014208407527316004
0.020776375984989756
0.018830349505424258
0.020626285457018122
0.013884058483430904
0.020475932482288683
0.01995366023302
0.020721600375299784
0.030495903309146106
0.021173484346598385
0.02259633897235679
0.012578350435568176
0.01819827124252547
0.016846807498759633
0.022269862135898308
0.011659817132506156
0.010121138014666627
0.008523137976574925
0.006875761877444901
0.005189238702478205
0.0034740182182239725
0.0017407063958155113
6.361426904564077E-15
0.0017373792535239332
0.0034607505683576707
0.005159539561486197
0.006823342980651907
0.00844199224995691
0.010005615456472654
0.011504697400997892
0.003975629204695435
0.012806549263434249
0.014106592660984614
0.023007484793998438
0.017508921392920793
0.018247274049921245
0.015550369851420906
0.024030374875030024
0.02654540191974816
0.026987728334910602
0.030999748258386056
0.02743952610300799
0.03330017686647724
0.02743666019043751
0.030930318255685332
0.026953586202604764
0.02650311298267576
0.02475027693625404
0.015959046221079815
0.016906505246105707
0.016021982382158653
0.02266193267660827
0.014780071264762877
0.013571678929568964
0.0034163779226708967
0.011239413419891044
0.009757366466512252
0.008217771418264703
0.006630198648214455
0.005004497114998364
0.003350733407390054
0.0016791295566417808
3.0171511968355396E-15
0.0016763119168721652
0.0033394975084871507
0.004979345999416483
0.006585807068180278
0.008149052303016375
0.009659535194491286
0.011108049299679101
0.021741804529611435
0.013368070217358027
0.014533898077543295
0.014630788239317924
0.023217042147994943
0.024516113943273472
0.023564581156385333
0.016499860943078575
0.017768246102619074
0.01818697749145153
0.012158926416743418
0.018626577146398735
0.021039374633177465
0.018656285230136665
0.012275960657111017
0.018319901150602075
0.017948307573231383
0.01611476915509079
0.022351036581450826
0.02461768002388352
0.02286469330750336
0.01549866903066807
0.013412890953329811
0.012156291382819434
0.021460823634898
0.010883816402477061
0.009449702303207451
0.00795953029847115
0.006422553345600256
0.00484829841696052
0.003246507573136382
0.0016270778027922023
1.3409847402557604E-15
0.0016247025454899182
0.003237035767176783
0.004827096171891585
0.006385131545154937
0.007901600640546262
0.009367231488448003
0.010773077968526366
0.003609824476028776
0.015513057538420022
0.01672921194781204
0.020376752100686096
0.01227731815231683
0.012982246649345589
0.018961835479512464
0.027130101153495487
0.02364373568621025
0.02398711981264378
0.026418282067170076
0.023867856207155008
0.034400356122479527
0.023708285473444193
0.02605716344385016
0.023614954648949884
0.023152990488065125
0.02707284942022878
0.019516933036481304
0.01281131873241731
0.012227004665934203
0.019444065987891675
0.01728734457224976
0.016145846777596475
0.00422520651683015
0.010584747402746132
0.009190996056051597
0.007742424727153463
0.006248018519872088
0.004717032902415954
0.003158936495760874
0.001583352625865988
4.658027448570037E-15
0.0015813671279509961
0.003151018935384602
0.004699309784055354
0.006216737382104167
0.007694000992688939
0.009122058333470632
0.010492180819404463
0.020674088558164234
0.009619223412376133
0.010730941213304352
0.01827917033975655
0.019678781065534424
0.02249041066549151
0.016253269669987382
0.013233173867806553
0.021979427505613332
0.02243125369476346
0.016954025091307924
0.021671344478140734
0.021133251386893863
0.021777112337626213
0.017275192601384926
0.022880322870400087
0.02258001196937921
0.01281468412234583
0.015381118839147997
0.021627491872013977
0.01853908673345896
0.01889669604396407
0.010174607043869277
0.009039570067524899
0.020280325398468312
0.010335712165392058
0.008975639047642939
0.0075617555188961
0.006102822496014806
0.0046078684891922095
0.003086133828988033
0.001547013652554988
3.180483326291207E-15
0.0015453766227191722
0.0030796058552980564
0.004593255909150587
0.006077031449697564
0.0075218305803114475
0.008918800579123561
0.01025939204802713
0.00613519676458339
0.017390863385102963
0.018522597378055852
0.015672458156448278
0.01499499245002843
0.01507473439383484
0.022011915523488534
0.02484953499684486
0.019238360560026965
0.01953228220381272
0.0189317728584514
0.016801608068571335
0.025990400550888648
0.016634577877444396
0.018606632098001247
0.019330651847190315
0.018979507855280048
0.02443513226101417
0.022273893752345765
0.016008402539283914
0.016005852029856944
0.014523121457112013
0.018767048250835822
0.017680399989636376
0.00702556261331688
0.010131620185260367
0.008799235330313319
0.007413839913164164
0.005984009696891792
0.0045185861159690015
0.003026621694954419
0.0015173242190116903
1.280729945619543E-15
0.0015160034130043258
0.0030213547264748442
0.00450679624560266
0.005963200715940673
0.007381627315087875
0.008753376451609582
0.010070043035631993
0.019229959636344635
0.008857559672705935
0.009850766707279378
0.020035336316966006
0.013661066287001875
0.017550346417053723
0.012042152673114396
0.012288575734499698
0.027563169164111313
0.02797345499735395
0.022840431686995007
0.02533198179895533
0.018518518518525113
0.02538701326043332
0.023057732325808017
0.028279381402757087
0.027973330552699207
0.012765684592416511
0.011764274981420051
0.017050248478544573
0.012645089360398681
0.020051642239558028
0.010172749564348204
0.009265893345527914
0.01872399332209389
0.009968509378500945
0.008658364370328086
0.007295813132382096
0.005889281682092194
0.004447460615538082
0.0029792514937068866
0.0014937119704682377
4.2583851004743904E-15
0.0014926825330977146
0.0029751464147053583
0.004438271585387542
0.005873063161207877
0.007270706647693765
0.008622622008376627
0.009920516256841594
0.009110645197683254
0.017925029669442788
0.018957312194913256
0.011191138029366996
0.019412843544080037
0.02088511055913551
0.022438911352102256
0.02292979462740578
0.018903907852461887
0.019168095543510216
0.015095025304248695
0.012307099837224283
0.01855017264524278
0.012269581697288721
0.015067723312036293
0.01931755812305395
0.019108124092713875
0.02300785985506405
0.022230662383689703
0.021831063758828637
0.01993705029245411
0.010628810156285022
0.01883808955109668
0.01781921292087057
0.009986144054787902
0.00984334631362592
0.008550408863451955
0.007205484406094127
0.005816881820232509
0.004393174290420689
0.0029431464544551205
0.0014757402795360234
2.7973070018247487E-15
0.0014749835446423874
0.002940128829370926
0.0043864194775115285
0.005804959666124668
0.007187028762768372
0.008524134858664078
0.009808066870156685
0.017416020085681567
0.011099568080606116
0.011968226718798838
0.019022875184208855
0.011481587687701203
0.018116496874079034
0.011955432005273964
0.01864539453640016
0.029483288645773015
0.02980455637905119
0.024741101372747012
0.025088644852556595
0.022363794813409343
0.0250150120787882
0.024694774662329062
0.029737965165813257
0.029397912490950008
0.019576151787167862
0.012269064101124714
0.018931943350301364
0.012033414660305945
0.018432108312595875
0.012714820352478529
0.011933404099694213
0.016802101562696632
0.009753882125000531
0.008473430582413618
0.007141233191077449
0.0057655121864231855
0.00435475465846242
0.002917660267527393
0.0014630876723663608
2.7284676455843183E-15
0.0014625903074052793
0.0029156769298873037
0.004350315050560446
0.005757676340100438
0.007129103207224253
0.008456161982298371
0.009730694707843775
0.011953728535812409
0.017034078082837627
0.017953345065034168
0.010898687066348875
0.02026773519893072
0.024807304996512864
0.019903284160544196
0.0247541337421158
0.022045408302385223
0.022332664390252728
0.016977943402447186
0.014026813782122867
0.022980279339901714
0.014143801007819758
0.01717487114269956
0.022645265670519762
0.022458427707244488
0.024995833570411238
0.019334034642765445
0.02502455981541668
0.019898685612389673
0.01155172342031351
0.017494049818595075
0.01655561066985419
0.012758641458027173
0.009698550779602388
0.00842608279069261
0.007101936019152434
0.005734275035341712
0.004331530647308023
0.00290234800185526
0.0014555333780359014
3.819206348342796E-15
0.0014552867977836224
0.0029013647161435095
0.004329329608804161
0.005730390233525873
0.007095922300629562
0.008417521487003409
0.009687055090155924
0.015249789789802896
0.014123202096586735
0.014992928487427485
0.015630376930312342
0.015879418078894196
0.023130108824591666
0.015125765869484494
0.024466221836088924
0.026849158212922965
0.027085772124431022
0.021789345755844486
0.02014991471481122
0.02630531034173788
0.019991136466802405
0.02156188376331734
0.026767872200719876
0.02643031032830553
0.024834328873922562
0.015751634325440012
0.023818400399711805
0.016897789524415594
0.014674452398843315
0.01570106313183003
0.01488444942762105
0.014535009055798182
0.009676400843695835
0.00840755161045889
0.007086917623865684
0.005722633777811809
0.0043231034464567995
0.002896946794163563
0.0014529477539597499
