1.0
0.9989725854527296
0.9958941397184472
0.9907760398146904
0.9836371918337697
0.9745039478168518
0.9543072695941439
0.8955597484650679
0.8441143298322816
0.7906342018103475
0.7446710640137835
0.761333384098869
0.7306277852713597
0.7077944906436996
0.6922089373784248
0.6570541017633464
0.6208148589101163
0.5737849426460189
0.5530529123164787
0.5047075994075876
0.49200807210549047
0.4418048737396533
0.42725647739199124
0.38617248105102026
0.3720643957496122
0.34765120828458346
0.323624277260986
0.28252974007163584
0.24830248094046084
0.224262170969063
0.16020674195449608
0.15637177315929
0.16105897687465653
0.1613857283543842
0.1655735712917758
0.1392737663276275
0.10934235931995481
0.08037172439209692
0.05244210162743669
0.025628413765296773
7.315714265144648E-17
0.024379622781927363
0.047452970371682446
0.06916877240348843
0.08948212364992611
0.1083546049309982
0.12760978260565384
0.17051301459372448
0.21516614069093273
0.26541585592891426
0.3032140997003775
0.2823458866232501
0.2971175269312166
0.3011286481760117
0.3010350565429357
0.3135215506609781
0.3234685284878633
0.34497989250189304
0.3407750979857779
0.35269186161341864
0.3312430999362575
0.34373750536657677
0.3235342408519499
0.31824021813896197
0.2875277992541903
0.26973215407174006
0.24967353230546538
0.24050208975614581
0.2311947062232197
0.2126921838538706
0.22405041915465077
0.18441860137604962
0.13285145877309726
0.09475010082233644
0.0727265308090433
0.06509537670314774
0.051875662795560745
0.0386823510008119
0.025590567982649783
0.012673085182488289
2.611851584876983E-16
0.012361565328205313
0.024347745827528255
0.03589819564672801
0.046956328580889176
0.057469536274566406
0.07558587559166825
0.08395160909220316
0.07756707019104575
0.06775902390736052
0.06055578314882485
0.06732576560660114
0.06710867601108818
0.08085847289000853
0.08041298504790993
0.07388102847105749
0.07067624779094045
0.046753040521017905
0.04453400702362571
0.0381445257845523
0.055863302416447144
0.0381380081576056
0.04409582179255688
0.04696505142344321
0.07193138288499344
0.07567668364472759
0.08194513697328921
0.0846057670461662
0.07157704116675423
0.06900454261569312
0.06062251902132591
0.06472496339472343
0.07247349097334849
0.08061449817730597
0.059746383695651835
0.04256756538062756
0.034079781627452635
0.02552745768586149
0.016962687462071416
0.0084367838800323
8.257222034386827E-16
0.008298740059595834
0.01641209904919218
0.02429457209091785
0.03190271856496208
0.0391953792737563
0.03955287759283164
0.059201421767445396
0.058043486335686796
0.06689102055455678
0.07728017633491237
0.07368667456345884
0.07756643244738874
0.06737435032671249
0.07873044078255366
0.08895219565371115
0.093277938800063
0.12469569147436631
0.13368490464238214
0.13059985693031476
0.11055533726074439
0.12674635440904924
0.1270846668041362
0.11496279355664973
0.0801711324098341
0.07458973537564696
0.06376531293952181
0.05201971888021571
0.06459137226304286
0.057438575029104336
0.0543666979234316
0.0542196971439634
0.06261096791814867
0.06752225704594766
0.03888817921309742
0.03170319158088307
0.025439031390899095
0.019097499119955327
0.012717877975442167
0.00633919606914798
1.457997804950958E-15
0.006261866202463622
0.012409475561784353
0.018407024902622873
0.02422003275572881
0.02981552737365582
0.03307684281118796
0.05966694817457476
0.04727361041176864
0.0535862800181688
0.07227931652486747
0.09014668301891365
0.11183590031708801
0.12312304424556543
0.11705176669471308
0.11718723302363085
0.11372504799331362
0.08352897735461258
0.07616975871133153
0.0810940763842213
0.10286767249946048
0.0824093666531847
0.07813390286140419
0.0861287151934326
0.11759359095778732
0.12187346268892461
0.12194377271439974
0.12855716248986412
0.11848315443793818
0.09311446266149367
0.07277920592932863
0.044209725117802
0.02792657436274638
0.03889670596989041
0.0217648968750996
0.02532521601994073
0.020348602879239962
0.01529635084488072
0.010199922616161324
0.005090740693765453
3.993230238321821E-16
0.00504151641722845
0.010003617540092114
0.014856879372912026
0.0195728137861234
0.024124030271786515
0.03774338290481196
0.048918740679605326
0.0536127452860072
0.05099050142728015
0.059089917810849116
0.07359798335363302
0.09401771378821976
0.08647682954909745
0.07793054294619034
0.06606314116441847
0.05710376827296522
0.058266714532328796
0.05119636675069085
0.03430257410627062
0.02326192328794077
0.03383259269236765
0.04962990379967967
0.056911152844312834
0.05881902718887672
0.06825457117762442
0.08227085223509242
0.0915087808181429
0.09857744620231444
0.0770626539595966
0.05885986352208588
0.044327616561691624
0.042224082988210315
0.02803733286184902
0.03198391172893936
0.02114321444761082
0.01700365428408411
0.012793277347069592
0.008538345181073251
0.004265178890458049
2.5188569935160795E-15
0.0042312268559536875
0.008402948491871108
0.012490174076164907
0.01646862151045488
0.020314858443544106
0.022663726730316483
0.04014535922906274
0.049644048756307506
0.032117907544235776
0.050308250584941865
0.074828973226387
0.10586837015281865
0.11482418981167852
0.1151134670031675
0.11920838772723648
0.11740436672161972
0.08697665194861641
0.09141578616284009
0.10684918128007898
0.13602863319157127
0.10665464548817084
0.09069203690885207
0.0847682263319384
0.11364454194072172
0.11392484442457097
0.10763040858663414
0.10379163992865424
0.0932043351417919
0.062454233641233585
0.03999405632440858
0.04266002737106859
0.06947619140628544
0.05739884008410322
0.027435017933134534
0.01819948054447522
0.014645715469341852
0.011026264246837971
0.007363706582081937
0.003680731678741011
1.404639487326026E-16
0.0036559938856963636
0.007265056556974312
0.010805428289308585
0.014255912122852125
0.017595998694534515
0.014876795502861674
0.01679450996732577
0.03768899303594231
0.024587287753378147
0.035919350921197434
0.06306180036117927
0.07908868718758832
0.07312313918007814
0.07049961775691595
0.05177638171142111
0.043301421139156415
0.03212399785675708
0.028803818210457535
0.031398297286250175
0.049832820168273256
0.031006728769736123
0.02758693645730588
0.029640346086650178
0.038869024778724746
0.04611398649299368
0.06369094934771187
0.06344242860973207
0.06829205750710025
0.055137944759852446
0.026666181108864925
0.01988886346844037
0.0368650011196998
0.019109594793956703
0.010049323459942756
0.016022861053655815
0.012900431665653979
0.009717023953108571
0.006492489323494705
0.0032468146625349594
2.6488125532162566E-15
0.003228063207313752
0.006417712443586382
0.00954963243325675
0.012604970668224217
0.015565449480289071
0.02680666069487156
0.058136077570095646
0.07824436175702255
0.057602022919136665
0.037885300560426015
0.019981998416756023
0.028188938616158125
0.03978901010401219
0.049068976357101994
0.06440982912699122
0.06950611427128554
0.055936737816257055
0.06134040552818935
0.0748760625060268
0.10402534658334567
0.07370240040613364
0.05961988283137711
0.05480378475791519
0.06560125331315905
0.05837425905016966
0.04053952587128593
0.03235980849280706
0.019966013640405813
0.018334596016882084
0.0419520023227281
0.052167342072614135
0.06688834517971065
0.04190143732564691
0.02085292336433574
0.014354647114386773
0.011561772961429554
0.008712048594936466
0.005823233049988039
0.002913234433608334
1.7172932270979194E-16
0.002898593465301274
0.005764848289297029
0.00858135292930692
0.011331086723558793
0.013997521750360455
0.020396699833675775
0.010886226927343938
0.014683017813923742
0.004050124691493741
0.012799718864754443
0.03381675265136762
0.034981882677227245
0.028683892561723073
0.030694599805706952
0.01979474300801527
0.012787982844670961
0.024670955995142445
0.02439460595160464
0.02054705357804125
0.022204018019829068
0.02092130270742852
0.025378794883620798
0.02553961979862376
0.01438013110756325
0.020895233229736375
0.029552050977107638
0.02800268126084509
0.03273323341748859
0.030259070958873497
0.011701928953176104
0.014171377922869077
0.00608151081017403
0.02149212359718193
0.023949497543030884
0.013041013712292496
0.01050702679199756
0.007919752519500894
0.005295302366411988
0.0026499437508158983
2.041729424251943E-15
0.0026382495895495763
0.005248668987355583
0.0078153633592461
0.010322775102730473
0.012755777411736582
0.00616006473547167
0.015233266600902445
0.03635853866661411
0.01922048081815181
0.04004487963680431
0.031848492232529946
0.0517642671222661
0.05378700798025187
0.04604094368896497
0.04124767573307621
0.05108207314624968
0.04954200345347591
0.040687986209355466
0.03427179367820715
0.04772754457094602
0.03358609408729707
0.04027385593793813
0.048672081313395975
0.05034174282097091
0.04060440440685983
0.04998778416533875
0.057611377514648066
0.05654919667745397
0.03209232884254355
0.03593190461692504
0.009256650356062164
0.03219529785049989
0.025092044364142436
0.00922605413861587
0.011984803983148851
0.009658584444422988
0.007282136745884552
0.00487024808448258
0.0024378647295414924
0.0
0.0024283578107890886
0.004832337001505708
0.007197272964717293
0.009508797076712995
0.011752923439941191
0.02015671665198587
0.03346946483768931
0.018083963165837023
0.03943377669191452
0.015559954278605645
0.02247846106161206
0.023692707432330748
0.02539987559222492
0.030087392298506276
0.02720526949314044
0.019871365717199066
0.02510904702948656
0.034669807342030866
0.038203655449547284
0.0292498088977955
0.03843834468303039
0.03443064870630544
0.024763615339031275
0.019080473259763184
0.026755873401883897
0.028247883950092905
0.02173165903786973
0.018161334123915664
0.022237375080953525
0.01755561667413245
0.04262106038550003
0.01651766632073638
0.028026850580071903
0.013368865403177665
0.0111216762782245
0.008964995797926702
0.006760710998606289
0.004522527309870275
0.0022643102517696037
2.4237574335333185E-15
0.0022564742107737718
0.004491279322586325
0.00669076280997365
0.008841535644199995
0.01093055336436911
0.020223783557353596
0.028827940394253047
0.027323793137973527
0.01809992242191326
0.027500663225722456
0.0223770794404894
0.051932484198596154
0.05203692855791544
0.05372219157154701
0.03053067573865228
0.038223801231313644
0.028925501228449172
0.030341235967377506
0.01662577114014922
0.024516040372226728
0.016345096170899534
0.02973287827435126
0.02726213069014374
0.03673815806011477
0.028720421175273063
0.0515673948203391
0.047420514686979984
0.0470948553764575
0.01893946080705182
0.026816487356889872
0.017799077132198447
0.02202029177778576
0.02200986789184883
0.021625032788082615
0.010407368373057216
0.008390836793720116
0.0063289517095708485
0.004234523600870439
0.0021205228934413167
4.996029513581261E-15
0.0021139948823771823
0.004208491728062286
0.006270679904200799
0.00828798617575412
0.010248151021480582
0.004746668643114069
0.011550654422397597
0.013421532672320546
0.0350873455928685
0.015029882204980518
0.026813072298248038
0.012059304172269782
0.00728851849541494
0.008837749206513913
0.02418010515814904
0.01898870784636035
0.03225372722074647
0.025949477223920665
0.03925947400322442
0.02618914004394518
0.039145438599919966
0.025798946735874684
0.03306919712688746
0.019997862902322416
0.02420534470058712
0.00667766445037818
0.011285744041734493
0.018508471902757277
0.027506769436526152
0.012415969138407534
0.03088912301123338
0.01725467678063237
0.01720587286058833
0.012082303709262469
0.009810470346251907
0.007910951711354542
0.0059680105105318244
0.0039937095292470965
0.0020002707528308018
1.2486810395509895E-15
0.001994788750868476
0.003971848879048334
0.005919076020935049
0.007824581895462326
0.009676766606713306
0.014673562035910833
0.007252696882126217
0.010933856856339685
0.008579223483882127
0.023859497999581283
0.013756190524627336
0.027584408421246355
0.02517070152326221
0.035092647652459535
0.023674498583235157
0.031374455841025634
0.01788171178097159
0.02661540372372402
0.01458855609908222
0.03282793537146993
0.014752404114213165
0.026843658018191604
0.017853685365528036
0.03157278251082514
0.024171471234767546
0.03252499781038248
0.02223902919761553
0.02379136977599572
0.014012446350549152
0.021513720814971087
0.006147680416526928
0.010464554255597811
0.003271866568372798
0.007230827844072824
0.009308114012787097
0.007507015135160769
0.005664148820684238
0.003790948594135029
0.0018990061775876529
5.407948828790205E-15
0.0018943766504741439
0.003772487390706289
0.005622823984447736
0.007434076627059557
0.009195202845304616
0.019865572411804117
0.02359794074262
0.016241511294856938
0.026019252760141352
0.018225531130279617
0.024394540704871875
0.03064994555550766
0.02051808073328142
0.01594151313829599
0.01924546465070701
0.022840285656142417
0.02932642198082085
0.027387374615167423
0.030484066105207215
0.019639104839471944
0.03011733352521099
0.027249802738979402
0.0278838673338686
0.022219112233675807
0.01754104318116409
0.01674527739096904
0.01940691949258902
0.02984507597574406
0.022866889945423192
0.022405676949570293
0.023451127359161814
0.012407681765983513
0.020267270882364515
0.019159442404017752
0.008883293100553727
0.007165392548761598
0.0054071399464482185
0.00361943655390464
0.001813340784368036
1.0375974862663566E-15
0.0018094180900323452
0.003603794008246872
0.005372124644467994
0.007103590532065053
0.008787621854601437
0.008456717953534641
0.006592737204915541
0.017443693173190496
0.009752729529301453
0.00837142890061915
0.015257457371099998
0.015543245952511789
0.025141755074839203
0.024800194830147865
0.03236559193929938
0.035392803770558784
0.026893157683307287
0.028375004722238275
0.023590109721438105
0.04345062155151077
0.023923158328162643
0.02831400703884197
0.028310716530934654
0.03578810174913264
0.03377199725987449
0.024840165309283832
0.028040254801959905
0.01650804335368373
0.01503378661362667
0.0035695289601325886
0.013725460548615455
0.018741057573999808
0.010104071052998117
0.014802227498772132
0.008523137976571334
0.006875761877445643
0.005189238702476165
0.0034740182182213834
0.001740706395818845
5.66023217037805E-15
0.00173737925352557
0.0034607505683634135
0.005159539561488039
0.006823342980654702
0.008441992249954526
0.009581485170804715
0.011862401814092365
0.015117426301197041
0.011923757451129254
0.029316623669447046
0.021157033088807335
0.018678912004194706
0.005733897021106378
0.012831090151571349
0.0042730957043746985
0.013263025408142531
0.0066053681805856275
0.015755967730556694
0.01294649494877021
0.021949009372160825
0.012632394166969856
0.014949033753507165
0.005257533202120869
0.012221661812369737
0.0028026443742959098
0.011401920397702608
0.002525811194476769
0.016208044919136733
0.021834492167002232
0.029494233301248174
0.011173543417939625
0.018206007379108928
0.011104346063985618
0.0018093685519652745
0.008217771418255844
0.006630198648205414
0.005004497115002115
0.0033507334073950676
0.0016791295566447179
3.571286060115884E-15
0.0016763119168705354
0.0033394975084886165
0.004979345999425518
0.006585807068176739
0.008149052303019417
0.01883946434313557
0.010938655417393521
0.008904174351629749
0.020338954892480953
0.0199958740665612
0.014349687933596526
0.02432301100911613
0.0373744494372453
0.029302898991377134
0.03803144637846582
0.03340450874688772
0.04031476345409229
0.03237095519507327
0.03987845058864857
0.028862231648276407
0.040232359642771484
0.032844504754624436
0.040333383844229416
0.03227560585653539
0.03751315993407004
0.029942809793005353
0.03712028363353855
0.024766312241560593
0.015173800447621783
0.024605312488846332
0.019004907177491905
0.003994671733349934
0.010719144840316884
0.01624337314592748
0.007959530298462452
0.006422553345596272
0.004848298416953602
0.0032465075731336035
0.0016270778027934912
4.922470681619669E-15
0.001624702545497105
0.0032370357671754023
0.004827096171887779
0.006385131545147497
0.007901600640544225
0.012035304462949568
0.011730595549592686
0.020968506502567673
0.023106020820125302
0.022810925067230932
0.024227289704243076
0.015213930273707373
0.007275900939516186
0.006390204064082388
0.00969970279969732
0.012750779728158667
0.0037422199163706913
0.012961829021800802
0.014513615958379807
0.022144656202930678
0.014585707191634796
0.013329573131382671
0.004694433932482208
0.014755945696385574
0.012140199159005717
0.006508132508039595
0.0086848857807061
0.016018054323339234
0.0239195566888134
0.017808203862506387
0.027789603380071453
0.020007293035500265
0.010886892110761617
0.016687453760598554
0.007742424727155901
0.006248018519876022
0.004717032902416496
0.0031589364957642736
0.0015833526258763428
3.575970363365129E-15
0.001581367127950747
0.003151018935384072
0.004699309784058582
0.006216737382099018
0.007694000992687033
0.0046817996803229945
0.013512136748022215
0.020050049665029608
0.00832493475492373
0.025090962347116122
0.017234440617783058
0.01686267836860447
0.024004787995746856
0.028298247553673633
0.03194515791551887
0.023443063070335838
0.02907610033543271
0.03633544431620019
0.04255088893994146
0.0218120473065538
0.042268634305969374
0.036009635806127066
0.027758639207645135
0.023812094660738223
0.03187038346076759
0.0272640791070958
0.019987869950137873
0.014072812356179598
0.015984469205272047
0.02116958287740235
0.007238764731814203
0.023146492334253695
0.012277892085630538
0.003100696024570916
0.0075617555188938765
0.006102822496013995
0.00460786848919043
0.0030861338289856735
0.0015470136525604842
7.177251694501993E-15
0.001545376622720201
0.003079605855299121
0.004593255909149007
0.006077031449698586
0.007521830580314044
0.01705490534387562
0.010032234140632717
0.008723445106803018
0.033017946085471275
0.011669915218164075
0.019577595036437762
0.01983540258600901
0.019252160449757097
0.012239697755608276
0.02913481386454669
0.03485100376362404
0.022478813334950404
0.016605933518713048
0.01126553724720688
0.040001242364366266
0.011311292579872232
0.01679951070119228
0.023802898588541718
0.03631467553759915
0.03056585176455002
0.013669562375945028
0.021743437096344333
0.020583648298972877
0.020078480030851904
0.018629691722459565
0.03070967006594061
0.0018357337613417
0.015336657438439573
0.012828967337123617
0.007413839913158956
0.005984009696895168
0.004518586115971734
0.0030266216949489506
0.0015173242190104385
7.124923902988783E-15
0.0015160034130016977
0.003021354726480412
0.004506796245603384
0.005963200715940865
0.007381627315094405
0.01480283571202328
0.003875219728469536
0.01881783254359522
0.01128790134343525
0.009742173772708794
0.006759954001629388
0.019673428546985665
0.019383090070424748
0.022616488505197513
0.034819514945346644
0.032553518751712376
0.019241630428505224
0.021179707325694207
0.022210038513422712
0.03283367038038599
0.02160272670115544
0.020172332844458706
0.019061599761613805
0.032881585961302175
0.03472269588415815
0.022416960187084688
0.022587224204639423
0.023297675265399498
0.007463944913587655
0.009873139738462402
0.011124261709243891
0.015324424424087548
0.004082336180140002
0.017631995072332325
0.007295813132379742
0.005889281682093846
0.0044474606155312174
0.002979251493705725
0.0014937119704698798
4.9060389025053226E-15
0.0014926825331012068
0.002975146414700242
0.004438271585381406
0.005873063161205041
0.007270706647690413
6.413946096009682E-4
0.024825462573215936
0.017581526191621188
0.015316121810086285
0.033902824573456954
0.03447116228733222
0.017427709271645865
0.026125922220095146
0.019380052331218593
0.02571814235434155
0.03388564741509605
0.029010591465032678
0.02662654117401659
0.0263632796309151
0.03614558682721168
0.026768712241474438
0.027198501247729528
0.028483578532403558
0.031918891913216056
0.022934359457662777
0.019679841919465257
0.02487434353108994
0.01454633542384113
0.038778024094006006
0.0347589326471144
0.011924723218057839
0.02053289723593521
0.023233499451341056
0.00748392825446481
0.0072054844060939595
0.0058168818202329565
0.004393174290419429
0.002943146454456187
0.001475740279534567
4.1588510350878435E-15
0.0014749835446488378
0.0029401288293628845
0.00438641947750364
0.0058049596661205564
0.007187028762765904
0.014528854794965124
0.004507962559115161
0.010542346862114998
0.015121015997467247
0.00888993412609162
0.015628702195037824
0.03248803397618466
0.031179611026368296
0.02256465428066141
0.0286067690002032
0.026709023169783182
0.015252205109934669
0.006590164722215187
0.005643067363848947
0.02370250503868065
0.005530693022144226
0.006391003816970476
0.015101657817853597
0.025689719889581894
0.027830666792001253
0.0224199523187254
0.030995930335833886
0.03309035870448111
0.015109213996605182
0.006858021294868491
0.017883262126196026
0.011302444725289244
0.007407222175487323
0.008959022114134905
0.007141233191081025
0.005765512186421629
0.004354754658469384
0.0029176602675302864
0.0014630876723684236
9.1622362338443E-15
0.0014625903074028342
0.0029156769298967922
0.004350315050561343
0.005757676340100612
0.007129103207227071
0.016675537956614007
0.008791056913315007
0.018050955413215355
0.021133500380246056
0.027165847734298764
0.040290288221440915
0.004976070466302346
0.011447600801537177
0.018572922954948157
0.009412213832859357
0.012866683708606726
0.02005058085051064
0.029254148981539833
0.030576972070580563
0.02055209414263629
0.030339709085330124
0.028815347152068446
0.019845976821261928
0.012700141517535488
0.012212139749307254
0.01833325528104853
0.009007138415483137
0.009644835556280132
0.036121607694787235
0.023545118323559454
0.023070946395661186
0.018218611992991428
0.010494341680413188
0.017624736829147794
0.007101936019152122
0.005734275035339518
0.00433153064730795
0.002902348001845215
0.001455533378031979
6.7695150486471135E-15
0.0014552867977774618
0.002901364716143813
0.0043293296087962225
0.005730390233512554
0.00709592230062523
0.004719933554406375
0.019792625800314524
0.01968077086415911
0.02105748198312196
0.011415064223071147
0.006978273019205338
0.028969739727456773
0.022065692922191304
0.019996417348433493
0.027126111194897867
0.021677635561736353
0.019423298497087
0.01367589353522428
0.013498359731536227
0.018521476726400164
0.013950832908645768
0.014482200185520301
0.019744229466826073
0.02125017250572925
0.026650876058274448
0.019468503021027858
0.018907608134173536
0.026278835488254673
0.012417276124248668
0.014575601313993018
0.021709386416795876
0.021451834420960852
0.02132181853784163
0.011315810754945442
0.0070869176238680534
0.00572263377781811
0.004323103446453429
0.0028969467941683245
0.0014529477539656935
