1.0
0.9989725854527307
0.9958941397184465
0.9907760398146921
0.9836371918337705
0.9745039478168525
0.9634099899352764
0.9503961825331824
0.9355103927392294
0.9188072805050717
0.9003480590739832
0.8802002270235803
0.8584372731615426
0.8258941551838349
0.7826791510207096
0.7565769795439983
0.702160004834841
0.6555363008667981
0.5892018450282226
0.5490550569155093
0.5263724212757347
0.48573369126062704
0.4630022578193806
0.4666532481613416
0.4509392532344468
0.44307794359204616
0.40890202815614374
0.392989484457854
0.36798471756720014
0.33395382007963736
0.300200686275096
0.26683328132118767
0.23395677675898308
0.20167312991975364
0.17008068053330996
0.13927376632762759
0.10934235931995517
0.08037172439209742
0.05244210162743669
0.02562841376529699
0.0
0.02437962278192755
0.04745297037168259
0.06916877240348818
0.08948212364992585
0.10835460493099788
0.12575437327165573
0.1416562210946548
0.1560416043881078
0.16889863993921184
0.18022207187652944
0.1900132079121801
0.19827982582151718
0.21405934209028063
0.23717799938788212
0.24094557362399815
0.26290780859857577
0.2797169790787302
0.3148173361032032
0.32577421420416264
0.3176364375299794
0.3180910044869119
0.29911413132309095
0.25670242062511195
0.23338489595956957
0.2077353967729933
0.19861345292065657
0.1711760459298036
0.15172847667181685
0.1405515959584026
0.12883908052317383
0.11667245240793672
0.1041334746462171
0.09130375337943814
0.07826434592779972
0.06509537670314809
0.05187566279556157
0.03868235100081247
0.025590567982650057
0.012673085182488587
1.3761656059209674E-16
0.012361565328205567
0.02434774582752891
0.03589819564672827
0.046956328580889634
0.05746953627456685
0.06738938324713156
0.07667177800935271
0.08527711967004879
0.09317041956355226
0.10032139756208637
0.10670455287113934
0.11229920923996668
0.10864370813619348
0.09682599560296748
0.1000319290767324
0.09495839033521225
0.09144968075552184
0.06606540306088342
0.05326781143273866
0.04409572028553407
0.052488214775723685
0.06404829995171318
0.08742703028704704
0.088251401152459
0.08912165315488502
0.08423228086005964
0.09369447672481764
0.09577043133222525
0.08919691902778079
0.08219714680739836
0.07482035430154851
0.06711710121238183
0.05913896231121321
0.0509382213260045
0.04256756538062877
0.03407978162745202
0.025527457685863262
0.016962687462071694
0.00843678388003301
7.000188861608307E-16
0.008298740059596446
0.016412099049191713
0.024294572090918006
0.031902718564962594
0.03919537927375685
0.046133877870154
0.05268220563223887
0.05880718876800684
0.06447863753738958
0.0696694765861083
0.07435585599533821
0.07851724266229394
0.09002314696394839
0.10818991521394308
0.11059604054187545
0.10748253004693398
0.11458596660180329
0.1455386427516759
0.16717072085335877
0.1739654399338041
0.16484982409428212
0.140686759786482
0.10793199065045064
0.10032923928434123
0.10397898364602447
0.10050634823585766
0.08202335639783423
0.07013989843314564
0.06548986096701236
0.060499877003650594
0.05520449656085647
0.04963964052493647
0.0438423733635556
0.03785067190997271
0.03170319158088187
0.025439031390899227
0.019097499119955324
0.012717877975440864
0.00633919606914728
6.462520733987467E-16
0.006261866202463653
0.012409475561786239
0.01840702490262428
0.02422003275573035
0.029815527373656173
0.03516222387760923
0.040230689627296895
0.044993496981779166
0.04942536269936604
0.05350327330828995
0.057206595866656315
0.06051717361937913
0.057029218209346824
0.050568242206336926
0.0526062205933007
0.061818245402925985
0.06401500029160745
0.043978727340903925
0.04237933964226694
0.03703703703703781
0.04210120482355513
0.043087300945446314
0.06271971101576886
0.060409123538373896
0.05035435866648678
0.04803668720645518
0.05286393407589858
0.05547984723424939
0.05187727902217829
0.047993586651201056
0.04385524009181607
0.039489974235265866
0.03492661100534897
0.030194876749065836
0.02532521601994502
0.020348602879241746
0.015296350844885715
0.010199922616159977
0.005090740693765102
3.60349131521431E-16
0.005041516417228806
0.010003617540090912
0.014856879372912352
0.019572813786122908
0.024124030271786345
0.028484389719773708
0.03262914937775156
0.036535098216766905
0.040180681986827095
0.04354611731320109
0.04661349425376648
0.04936686681015488
0.05781040449480216
0.07107272628100134
0.07265374515881909
0.07116322580822793
0.06234981830632328
0.08151899436289164
0.09521735158638382
0.10840691651365719
0.09390827584888484
0.08015657353304906
0.06169741521516115
0.0708462307639325
0.06944877421150822
0.06733598623166727
0.05433585440925334
0.046017388331820605
0.043070478637466665
0.03988390194163702
0.036479093000143376
0.03287863137833213
0.029106096167606184
0.0251859158794881
0.021143214447610168
0.017003654284083236
0.012793277347068163
0.008538345181071808
0.004265178890457258
3.7709318944020206E-16
0.004231226855953665
0.008402948491872
0.012490174076164588
0.016468621510453835
0.020314858443545483
0.024006437118551854
0.027522022293950708
0.030841511525969215
0.033946147150060835
0.03681861935329919
0.03944315978678793
0.04180562522719324
0.04057732951352954
0.04097520419325416
0.04238570645365597
0.04798586484566407
0.04796070593667152
0.030331086949637532
0.03020363701291783
0.034474886167940456
0.029951702602934543
0.0299211568380518
0.04684560689152688
0.04621247704182375
0.041866523794654054
0.04042359997695775
0.038984496354522044
0.039426364573648905
0.03692667386834021
0.034217760463380535
0.03131765050089807
0.028245407809627684
0.025021011314592497
0.02166522776058743
0.0181994805444746
0.014645715469340783
0.011026264246840252
0.007363706582084322
0.0036807316787417143
1.7774759226168005E-15
0.003655993885695044
0.007265056556972265
0.010805428289308156
0.014255912122851853
0.017595998694535986
0.0208059861109447
0.023867094172387294
0.026761572296946482
0.029472800534867144
0.03198538310894225
0.03428523396467628
0.03635965386519529
0.04181666455718886
0.05025262079604808
0.05137796896169996
0.07133279897757004
0.07056630434132374
0.07451723477456491
0.061453806722527135
0.06028495248662839
0.06105141193081642
0.07458373198373197
0.07141865133141971
0.07077693142385195
0.049246553227746875
0.047755055213275534
0.0397232085387376
0.034589224142182816
0.03241281085604755
0.030050316655057845
0.02751732263936884
0.024830357014184422
0.022006789021949812
0.019064718399569008
0.016022861053654795
0.012900431665655299
0.009717023953106866
0.006492489323494711
0.0032468146625347183
1.2595295294505283E-15
0.0032280632073132557
0.006417712443587999
0.009549632433254882
0.012604970668224075
0.015565449480290604
0.018413474000503083
0.021132235375583584
0.023705808643461522
0.026119244705549518
0.0283586558717096
0.03041129449570804
0.032265624262946935
0.034086708331685846
0.038463987060731473
0.03956571926082889
0.025065476267866794
0.032814919219281875
0.02221155450558506
0.023820514093495247
0.035747006845666646
0.023723410661914753
0.021672062370121918
0.0315932158574147
0.022484486186601486
0.03930470100088819
0.038180982888990696
0.03343297452429073
0.03090243173086278
0.02896962945826252
0.02686882837511517
0.024613779935094036
0.02221910702400404
0.019700210362089472
0.017073170655952923
0.01435464711438869
0.011561772961432824
0.008712048594938885
0.005823233049990385
0.0029132344336058624
4.444193490194502E-17
0.0028985934652996626
0.005764848289297885
0.008581352929304075
0.011331086723561368
0.013997521750360774
0.01656472119194191
0.019017433623294826
0.021341182673570602
0.02352235153832394
0.025548261854457376
0.027407246486221462
0.0290887158094964
0.03144771467764848
0.03557922462674176
0.03644197045583148
0.056394271474456054
0.07189104117165335
0.0678598381473412
0.05190531176477323
0.03298324744369218
0.051692698222137796
0.06700181269610397
0.07108280308444268
0.053951592145153465
0.03487541317935931
0.03373295404803
0.02994818214633068
0.028011524569115532
0.026268079742022978
0.024371076804358276
0.022332853656680033
0.020166556388833735
0.01788605536620399
0.015505857279755697
0.013041013712293218
0.010507026791996422
0.007919752519502853
0.005295302366409425
0.0026499437508182805
2.4948514587814904E-15
0.0026382495895489874
0.0052486689873564914
0.00781536335924273
0.010322775102728013
0.012755777411734285
0.01509976481214074
0.01734074013054876
0.019465397382425503
0.021461200092847327
0.02331645459268281
0.02502037786560467
0.026563159556024323
0.03138037682140717
0.036297413159905687
0.03723812031007525
0.01882815786079008
0.016571214251725686
0.012593532026972935
0.02107454852716003
0.04073701641483924
0.021075271058415907
0.01262934905716817
0.015606680367909541
0.02093244003227418
0.03688248236290956
0.0358865441702005
0.0310946223595151
0.02569473747984233
0.02410201114996366
0.022367460989532878
0.020502305557442174
0.018518518518519263
0.016428752422941367
0.014246258644900934
0.011984803983148088
0.009658584444421057
0.007282136745884357
0.004870248084480927
0.0024378647295413094
4.772271803732618E-16
0.0024283578107881618
0.0048323370015049445
0.007197272964719577
0.009508797076711107
0.011752923439938483
0.013916132957616909
0.01598545423832568
0.017948540849479253
0.019793744462760055
0.021510183461025904
0.023087806605617045
0.024517451394459225
0.02371436149715986
0.024865890966895482
0.025613573524200118
0.029791763349181457
0.055022339817344695
0.04514694551158596
0.038998899204817444
0.033160358461404416
0.03856229856244712
0.04394139632290966
0.053560760109133077
0.027235156803853938
0.024543243672787814
0.02359500090783757
0.022538945848327916
0.02380630979895226
0.022335777788462217
0.02073308876874607
0.019008557644271454
0.017173209640043242
0.01523871030511033
0.013217291849714123
0.011121676278226569
0.008964995797927852
0.006760710998605641
0.004522527309869869
0.002264310251771028
1.3490581044588878E-15
0.00225647421077692
0.0044912793225901195
0.006690762809974476
0.008841535644205575
0.01093055336436328
0.012945194766961784
0.014873337741865058
0.016703431801371627
0.018424566870800293
0.020026537933307973
0.021499905148104348
0.022836049090251696
0.03011649862096878
0.0330225689785207
0.033857160138521435
0.03673337543462428
0.014558434040580898
0.023703625245860782
0.027115024632282988
0.04037868747709135
0.02740145545399922
0.024357347507818757
0.015102022423631411
0.03751985996900156
0.033348792539854046
0.03242410963287642
0.02995691991948614
0.02224657896333565
0.02087655087877337
0.019382415367128272
0.01777374660517233
0.01606079112866297
0.014254402945591126
0.012365975136842164
0.010407368373057311
0.008390836793720503
0.006328951709568543
0.004234523600870889
0.002120522893441902
1.0946369773417284E-15
0.0021139948823759064
0.004208491728062213
0.006270679904200379
0.008287986175759052
0.010248151021480327
0.012139302799508873
0.013950029315999707
0.015669446367279013
0.01728726284573353
0.01879384202181828
0.020180258639175264
0.021438351486311975
0.017562979947162004
0.018315132835424505
0.01906988691572304
0.011934366440933873
0.040946122633449406
0.029115530223764927
0.02082132385964003
0.03703703703703298
0.020436400807815374
0.028881279725764424
0.04052103969153875
0.011796305430684977
0.0185973665779919
0.01775151589972737
0.016620336873177054
0.02094517451159327
0.01965873761033503
0.018254951168102926
0.016742774869490447
0.015131808464324107
0.0134322311250517
0.01165473742611721
0.009810470346246518
0.007910951711351514
0.005968010510535955
0.003993709529247753
0.0020002707528293923
1.3488932606370331E-15
0.0019947887508730278
0.003971848879047717
0.005919076020937003
0.007824581895462491
0.009676766606713186
0.011464388985831981
0.01317663454716712
0.0148031806494652
0.016334258471106696
0.01776071142865623
0.019074049690994684
0.020266500465845487
0.029278979292515817
0.02857860727826178
0.029327951291022513
0.033783033657579724
0.018754682182943946
0.030024072202007483
0.03844417955614241
0.03198579662795731
0.03865601282975547
0.029912744274968806
0.01861114126980344
0.0323089426556663
0.02869789142366531
0.02783276663695163
0.029137060105942435
0.01985107461827308
0.018634751619661202
0.017306785855208978
0.015875622498042797
0.014350319253917996
0.012740489276205268
0.011056240820026342
0.009308114012788443
0.00750701513515979
0.005664148820682322
0.003790948594130751
0.0018990061775890621
1.6935578079202303E-16
0.001894376650476377
0.0037724873907067176
0.005622823984445383
0.007434076627063342
0.009195202845306812
0.010895494593689027
0.01252464314122799
0.014072801356562869
0.015530643016464887
0.01688941878175715
0.01814100850586515
0.019277969564482883
0.012726960458353224
0.01660489699750639
0.017383968978327804
0.021793472518328208
0.039043885945049935
0.028461972533404174
0.015433714999526425
0.03288345363534197
0.015540284676689293
0.028400806526818836
0.038920560246903387
0.023275876492999652
0.017464280375003437
0.01670882683067792
0.012030772143135086
0.0189264659049985
0.017769308106983808
0.01650534428602327
0.015142585844550305
0.013689633232426448
0.0121556218649948
0.010550164881391783
0.008883293100555217
0.0071653925487627865
0.005407139946451104
0.0036194365539007458
0.0018133407843695763
1.468508504988985E-15
0.0018094180900314865
0.0036037940082447365
0.00537212464447069
0.007103590532064381
0.008787621854597714
0.010413962781400266
0.011972733741575202
0.01345449125935817
0.014850284989618691
0.016151711609940278
0.017350965245903648
0.018440884127874306
0.028407007802615677
0.023382745355665525
0.024062290784530628
0.014839284296023512
0.012054460970731195
0.02269760029864394
0.04099421973609115
0.021541692773050253
0.04088873217565465
0.022273573649521424
0.011406888659045357
0.013021035407179608
0.023385979799573225
0.022580002450387226
0.028232775654713136
0.018142812882803956
0.01703576891731994
0.015826024000829324
0.014521222122821581
0.013129576318167703
0.011659817132507716
0.010121138014665852
0.00852313797657558
0.006875761877445589
0.005189238702475927
0.0034740182182240852
0.0017407063958150013
4.9831311500429755E-15
0.0017373792535236062
0.0034607505683617625
0.005159539561487482
0.006823342980652817
0.008441992249956213
0.01000561545647244
0.011504697400994586
0.012930137348569104
0.01427330412917232
0.015526088255912267
0.016680950746743875
0.017730968356759896
0.009537095389067756
0.018262351636458965
0.019010582173254176
0.033712696418220986
0.03336850519714099
0.023486827145014568
0.01974965824239909
0.02369535121447222
0.019797797794054585
0.02307193458850783
0.03256621173867237
0.03433320790190662
0.019305662249787286
0.018624039909053574
0.00920745310672194
0.01747826378800366
0.016413728601429287
0.015249972865777275
0.013994328584082097
0.012654679837937406
0.011239413419893794
0.009757366466508764
0.008217771418264158
0.006630198648211896
0.005004497115000619
0.003350733407390295
0.001679129556642751
2.744544262080282E-15
0.0016763119168721938
0.0033394975084878476
0.004979345999418438
0.006585807068184843
0.008149052303016475
0.009659535194492627
0.011108049299678074
0.012485784224257097
0.013784379082911186
0.014995973114480622
0.016113253146072804
0.017129497620317426
0.02728803371434417
0.0181911764605386
0.018825295020491548
0.012292900220973473
0.013945101689087412
0.02286177742858052
0.031528279662490354
0.02324777200023544
0.03120112181436851
0.023327242264986676
0.014898920566868024
0.01332755014070787
0.01822847611691322
0.017481590170681616
0.027058615378469923
0.01691589328892509
0.01588737822922219
0.014762581844747531
0.013548571158448689
0.012252950983888284
0.010883816402480423
0.009449702303209304
0.00795953029846677
0.006422553345595519
0.004848298416958438
0.003246507573136829
0.0016270778027940227
1.5013371155891761E-15
0.001624702545491289
0.003237035767177795
0.004827096171891043
0.00638513154515054
0.007901600640546045
0.009367231488446294
0.010773077968522383
0.012110574301541216
0.01337158712925811
0.014548464866402112
0.01563408402590315
0.016621892237573477
0.008754307196915357
0.020617188958401
0.021316971979268514
0.03350649300300545
0.020067542999520353
0.014876972566516556
0.019395464085592458
0.015922118107675666
0.019356430500735638
0.014491527625777162
0.01900048496382822
0.03275915608796623
0.021564449482058788
0.02091985281690161
0.008884328001152342
0.016442485557060255
0.01544437175769174
0.014352440193511309
0.013173533359923578
0.011915019650554338
0.010584747402742317
0.009190996056045873
0.007742424727153173
0.0062480185198726295
0.004717032902415589
0.0031589364957652867
0.001583352625872124
2.071318245815469E-15
0.0015813671279517388
0.003151018935388817
0.0046993097840586015
0.006216737382104195
0.007694000992688916
0.009122058333469728
0.010492180819405004
0.011796006812022588
0.013025592550938795
0.014173460457964153
0.01523264452058769
0.016196732480061152
0.02582716720827336
0.014249802470810388
0.014868442684240122
0.01867105268569555
0.02526049061105797
0.0310702437755073
0.02120692627271668
0.032749787551637134
0.021120782785790916
0.031228437566310965
0.02576352357894551
0.018741074910305355
0.014546537757449457
0.013870562200008462
0.025533191562513064
0.016047675986889217
0.015075026171648609
0.014010597974016778
0.012861044675944303
0.011633535736642749
0.010335712165388491
0.008975639047645615
0.007561755518894353
0.006102822496013586
0.0046078684891924255
0.003086133828987189
0.0015470136525549255
4.0798298422822494E-15
0.0015453766227200235
0.0030796058553010357
0.0045932559091514105
0.006077031449697636
0.007521830580309469
0.00891880057912411
0.010259392048029182
0.011535411143220141
0.012739069568688666
0.013863032028233855
0.014900460847375025
0.015845057494118495
0.01028762897227594
0.02213766573079704
0.022785437373853263
0.023934196309848364
0.011148766197291757
0.009837739106749028
0.01847714335153471
0.011954948063741519
0.018471534051705728
0.009833559914231326
0.011251884881269141
0.023122333712560665
0.022875708372563676
0.022251481156459894
0.01070489251113181
0.015723337082129328
0.014771748995777738
0.013730038049237572
0.012604699581223448
0.01140273738290423
0.010131620185261824
0.008799235330314339
0.007413839913162571
0.005984009696890608
0.004518586115971536
0.003026621694956651
0.0015173242190168268
2.338470899126171E-16
0.0015160034130013561
0.003021354726475603
0.0045067962456072355
0.0059632007159426655
0.007381627315090841
0.008753376451610026
0.010070043035634366
0.011323567895697243
0.012506287027606401
0.013610978374999463
0.014630905856397848
0.015559860370934627
0.023990451033975103
0.013139141303071774
0.013739998327654554
0.01656384696348126
0.026215739483505005
0.02787112311054423
0.024491446129740375
0.03703703703703414
0.02464530779282617
0.02743736736827949
0.02582385682224888
0.016179279302038906
0.0138316508509505
0.013259595691647084
0.023630141315371493
0.015463134670327972
0.014528624515096194
0.01350529438704627
0.012399509771528558
0.011218138743400458
0.009968509378504978
0.00865836437033542
0.007295813132386115
0.005889281682092132
0.0044474606155403594
0.002979251493706634
0.0014937119704658685
1.5466580305883497E-15
0.001492682533098824
0.002975146414710319
0.004438271585387815
0.005873063161210045
0.0072707066476944485
0.008622622008375795
0.009920516256841993
0.011156434250421728
0.012322807374817522
0.013412499822263583
0.01441885218057211
0.015335722067310906
0.01295270896710581
0.0222660900547752
0.022857138396369308
0.021325638137248797
0.017125685603835088
0.016032237877514552
0.017807390048357626
0.007500541637151086
0.01777113477229481
0.016558401626405574
0.01760965580732544
0.021542163905331563
0.022760921574320876
0.02215662875391624
0.013462723378131376
0.01526220590133774
0.01434111354308291
0.013332175107207906
0.0122416518306269
0.01107630343981276
0.009843346313628208
0.008550408863449415
0.00720548440609468
0.005816881820237387
0.004393174290421762
0.002943146454459371
0.0014757402795411015
4.487859730695253E-15
0.0014749835446468186
0.0029401288293689743
0.004386419477512664
0.005804959666125023
0.0071870287627682095
0.008524134858661051
0.009808066870154055
0.011030944889173146
0.012185268474430128
0.013263962587802101
0.014260420895059535
0.01516854616619485
0.02178078078553445
0.014973004633100253
0.015543090393172601
0.013451821915579087
0.018719921596024054
0.02080925511567476
0.027435174988078324
0.03271068342214599
0.02739800907905443
0.0207630252664588
0.01819165881133696
0.013345531439708316
0.0158913713528007
0.015395568490198302
0.0213577010538213
0.015116926671638014
0.014205836626895408
0.01320756255050619
0.012128285123693952
0.01097468111294103
0.009753882124999934
0.008473430582407978
0.007141233191076878
0.005765512186417227
0.00435475465846348
0.0029176602675279415
0.001463087672364342
5.869504008458801E-15
0.0014625903074026972
0.0029156769298853227
0.004350315050559908
0.005757676340101193
0.007129103207221895
0.00845616198230009
0.009730694707844207
0.010944869218246113
0.012091227201864436
0.013162729950768906
0.014152801518090818
0.015055369018599964
0.015898379381499624
0.0209358065703589
0.021469944982521052
0.021787415907125823
0.02035485462538026
0.025091460681371518
0.017160586197333495
0.009572875830389559
0.017207364966808636
0.025354498249626607
0.020286105954101612
0.021460976406874
0.021204324407248724
0.02062265395769282
0.016410843372457982
0.015024746775895475
0.014120420498240837
0.013129271780952962
0.01205742301399351
0.0109114919254118
0.009698550779605665
0.008426082790696504
0.0071019360191551745
0.00573427503534632
0.004331530647316413
0.002902348001857774
0.0014555333780365504
3.1599715502747848E-15
0.0014552867977828102
0.0029013647161449958
0.004329329608802263
0.005730390233525127
0.007095922300629757
0.008417521486999587
0.009687055090153976
0.010896712005365674
0.01203905071915214
0.013107045024555373
0.014094127177920022
0.01499422823228652
0.01923085468394102
0.017971729661914567
0.018536402681258973
0.015747145716980823
0.0168540252973657
0.024872334512522104
0.022485271564756593
0.021738786091556078
0.022308537515535562
0.025124949786105178
0.017126836524561404
0.01634295551947158
0.018909619724589766
0.01841710879660672
0.01875407961041794
0.014984078339834875
0.014083394332790489
0.013095955155909425
0.012027846164577532
0.010885648950794437
0.009676400843691839
0.008407551610463814
0.007086917623866964
0.00572263377781394
0.004323103446453664
0.002896946794165659
0.001452947753963955
