1.0
0.9989725854527228
0.9958941397184395
0.9907760398146854
0.9836371918337634
0.9745039478168469
0.9634099899352698
0.9503961825331761
0.935510392739223
0.9188072805050645
0.900348059073978
0.8441515029648299
0.7865142352928214
0.709458787241453
0.6845747185634518
0.6482978592573999
0.5762604649177326
0.5208968469200126
0.491618274301645
0.5061472594988607
0.5126328085045384
0.4435649003941843
0.3674950450568186
0.3354869792400774
0.32964723730934
0.339760779570605
0.31967921859436066
0.2896202838546199
0.3060399133611044
0.3040192376709399
0.30020068627509494
0.2668332813211856
0.2339567767589817
0.20167312991975292
0.17008068053330921
0.13927376632762642
0.10934235931995448
0.08037172439209683
0.052442101627436365
0.025628413765297203
4.840620209792508E-17
0.02437962278192746
0.047452970371682265
0.06916877240348746
0.08948212364992583
0.10835460493099784
0.12575437327165548
0.14165622109465437
0.15604160438810716
0.1688986399392114
0.18022207187652844
0.21091504798971294
0.24172288379849557
0.2797957519334147
0.2899132110559403
0.3164814868254923
0.35038528663994645
0.37362576056240965
0.37504975118007056
0.3412237216616597
0.3012785440526936
0.3315960325209289
0.3539916069903935
0.3416371012272818
0.3093385880198416
0.27059930305974744
0.23200574790890158
0.21044736922264895
0.17791973716788748
0.1507784065847922
0.12883908052317308
0.11667245240793592
0.10413347464621593
0.0913037533794368
0.07826434592779997
0.0650953767031478
0.05187566279556131
0.03868235100081242
0.025590567982649668
0.012673085182488913
1.354475854158464E-16
0.012361565328205468
0.024347745827528904
0.035898195646727936
0.04695632858088927
0.05746953627456675
0.06738938324713148
0.07667177800935307
0.08527711967004847
0.09317041956355174
0.10032139756208544
0.12143707895996002
0.13154366038172302
0.12375271620214057
0.1098743526242394
0.08141471497726696
0.0705502284315985
0.05664478411972064
0.05226655960601402
0.06324768283704808
0.10502850880522815
0.06369749752690655
0.05505185832836605
0.06210075677752296
0.07691239680616754
0.08556622460328123
0.11424388249230699
0.1292393907217109
0.1298311262392801
0.11361657454947913
0.08219714680739935
0.07482035430154847
0.06711710121238226
0.059138962311213544
0.05093822132600397
0.04256756538062807
0.0340797816274526
0.02552745768586248
0.016962687462072065
0.008436783880032824
4.655806279076317E-16
0.008298740059596781
0.01641209904919328
0.024294572090917593
0.03190271856496205
0.03919537927375589
0.046133877870154154
0.052682205632238834
0.05880718876800528
0.06447863753738875
0.06966947658610627
0.04692538611711826
0.040454698118784965
0.02986309330008331
0.07244867572568019
0.07626707706943012
0.07162679824591237
0.08282504249392332
0.09484156070121702
0.10107335370175594
0.06815172827182384
0.09754338943732788
0.0863395766302115
0.06969127107729034
0.05526192779476827
0.05966427225935161
0.06416060198096332
0.020745826456803472
0.02363842002907441
0.03304235553154457
0.06049987700365208
0.05520449656085807
0.049639640524938224
0.04384237336355476
0.03785067190997314
0.03170319158088261
0.025439031390900122
0.019097499119956687
0.012717877975441556
0.006339196069148108
1.3506559582821896E-15
0.00626186620246493
0.012409475561786695
0.01840702490262474
0.024220032755730297
0.02981552737365734
0.03516222387760946
0.0402306896272984
0.04499349698177983
0.049425362699365816
0.05350327330829086
0.08757979328925905
0.10633380207576358
0.11738309222913743
0.10413836739915175
0.12318422522456547
0.1348927784410866
0.13099597683757672
0.11812277781064043
0.10868786832993181
0.12995819643629727
0.10950042110652197
0.11955368821897758
0.13293403094585685
0.1367670670789435
0.12431070143485512
0.09505746354108222
0.10472329856705218
0.09398877918491491
0.07754320048158932
0.04799358665120147
0.04385524009181632
0.03948997423526485
0.03492661100534915
0.03019487674906398
0.025325216019942674
0.02034860287923998
0.015296350844880542
0.010199922616160486
0.005090740693764888
8.924840790662158E-16
0.005041516417228584
0.010003617540091294
0.014856879372912345
0.019572813786123296
0.024124030271786206
0.028484389719773504
0.03262914937775027
0.036535098216768765
0.040180681986827796
0.04354611731320053
0.043801639213914396
0.02961337023330866
0.02550153557398478
0.03053926681443718
0.020430450550109485
0.023122333712563933
0.028119563375268268
0.03660605430863154
0.06529121071053129
0.08565639474058215
0.06570943756880822
0.03650346952252169
0.027324656785328694
0.022261998666108722
0.018121628322158533
0.03108427950121881
0.030027878914386408
0.035880994333587886
0.049951756797118746
0.03988390194163657
0.03647909300014407
0.03287863137833087
0.02910609616760766
0.025185915879489092
0.021143214447610872
0.017003654284083458
0.012793277347068333
0.008538345181073149
0.004265178890457234
2.086485260977153E-15
0.004231226855953661
0.008402948491872885
0.012490174076165641
0.016468621510456423
0.020314858443543346
0.024006437118551785
0.02752202229395035
0.030841511525969194
0.03394614715006061
0.03681861935330094
0.03783038419573382
0.04086814973801223
0.054513887610641375
0.07736273086712696
0.09058441713911623
0.10914222738762579
0.10308017711829735
0.09764499511425637
0.09587380514902126
0.11790053623728487
0.09446049574076545
0.09489655428211485
0.09812613410907545
0.10364261728613595
0.0819419692700836
0.08013671709864066
0.05167763737216315
0.03281380818687796
0.026668721219903997
0.03421776046337848
0.031317650500896486
0.02824540780962692
0.02502101131459067
0.02166522776058845
0.018199480544475597
0.014645715469342312
0.011026264246839113
0.007363706582084271
0.0036807316787420934
1.1524379732521294E-15
0.0036559938856949572
0.0072650565569736154
0.010805428289309396
0.014255912122849577
0.017595998694536718
0.020805986110944266
0.023867094172387113
0.02676157229694459
0.02947280053486718
0.031985383108940606
0.05579721075468061
0.0459434298559312
0.032944414533922696
0.032125533374308346
0.026606453965962465
0.014017097974042434
0.015205478681509241
0.02395403734497731
0.06043027806540768
0.08295065764968013
0.060023933881967514
0.02394760200201986
0.018249691763962104
0.016412104612205887
0.032450725182498724
0.02526437763960744
0.02730937252379841
0.043189611197006796
0.053178915467557396
0.030050316655059434
0.027517322639370567
0.02483035701418597
0.02200678902194935
0.01906471839956921
0.016022861053657217
0.012900431665656804
0.00971702395310835
0.006492489323495499
0.0032468146625347152
0.0
0.0032280632073167096
0.006417712443587332
0.009549632433255626
0.012604970668222462
0.01556544948029183
0.018413474000506025
0.02113223537558342
0.02370580864346458
0.026119244705547863
0.028358655871711158
0.01590126451689155
0.027718138315673706
0.04894779316756186
0.07516271011172963
0.030088994563486557
0.06263897380802315
0.04721132118959698
0.051521268772085446
0.029245447831873675
0.05105834233564584
0.02801412452962296
0.05013795781585869
0.044405361741437575
0.05899410254279648
0.025699189184127523
0.07178355345386622
0.05004684202753807
0.029590829481123664
0.021405798725386234
0.026868828375114152
0.02461377993509281
0.02221910702400431
0.01970021036208605
0.017073170655951046
0.014354647114388693
0.011561772961427706
0.00871204859493948
0.0058232330499898
0.0029132344336062115
1.6277641506622283E-15
0.002898593465301796
0.005764848289298856
0.008581352929308063
0.011331086723559824
0.013997521750359907
0.016564721191940676
0.01901743362329528
0.02134118267357009
0.02352235153832318
0.025548261854451495
0.03491107130021649
0.031122191754138665
0.027419317678278946
0.027694543833498543
0.05121509672217656
0.021755283071522268
0.03921262018159748
0.030232269697349927
0.05144185862609158
0.02939095356010285
0.051232073507443486
0.030519217013971214
0.039752646983496405
0.02293112744799259
0.050302245089987936
0.03378902141344338
0.02920033908727156
0.03248058052061162
0.028637244515724372
0.024371076804362322
0.02233285365668085
0.02016655638883573
0.017886055366204336
0.0155058572797559
0.013041013712296491
0.01050702679199739
0.007919752519502254
0.005295302366406039
0.0026499437508161177
3.154292191923052E-15
0.002638249589550333
0.0052486689873548755
0.007815363359246081
0.010322775102729925
0.01275577741173484
0.015099764812137598
0.017340740130548316
0.01946539738242399
0.02146120009284543
0.023316454592684777
0.03206857086418139
0.03569087269713262
0.04679065647294586
0.046242760847604654
0.017451679607055768
0.040061029659467624
0.021623637139778086
0.033899483363750114
0.0347170458157235
0.05512933097443355
0.035201506459340885
0.03329675177489966
0.021053981177671485
0.04054886937901116
0.020823933577990256
0.03981362197977813
0.04400330954830301
0.03382713112685764
0.032041063901099384
0.02236746098953322
0.020502305557444582
0.018518518518519364
0.016428752422942824
0.01424625864490304
0.011984803983145038
0.009658584444421964
0.007282136745882207
0.004870248084484135
0.002437864729543055
3.433782750998763E-15
0.002428357810791494
0.004832337001504424
0.007197272964716171
0.009508797076713392
0.01175292343993936
0.013916132957619985
0.015985454238320533
0.017948540849476956
0.01979374446276261
0.02151018346102697
0.01589361313160685
0.033864966298740105
0.010777419447428048
0.037621697097917205
0.03993306813870042
0.05023265344246021
0.044509557120493516
0.0369659204736913
0.030893580925038133
0.018696674475134286
0.030145371862908797
0.03712319191731921
0.04438449963079629
0.05228967341240136
0.03984023365001819
0.03539919763941392
0.008224794848898178
0.031219567987781967
0.016502754606952386
0.02073308876874791
0.01900855764427009
0.01717320964004551
0.015238710305109706
0.013217291849715264
0.011121676278228345
0.008964995797929755
0.006760710998605832
0.0045225273098716936
0.0022643102517667492
9.303324192172356E-16
0.002256474210774315
0.004491279322593359
0.006690762809974307
0.008841535644204016
0.010930553364366009
0.012945194766961876
0.014873337741865694
0.016703431801372518
0.018424566870802128
0.02002653793331337
0.02493385858036138
0.01883541181827433
0.045260871181879186
0.01997006137760226
0.04505714427641345
0.0417467785726865
0.01619386496302966
0.01985094979582013
0.04240646747063609
0.05493746994701954
0.04235433406684819
0.01931427968697272
0.015787088931633445
0.0399957558662958
0.046357806488004076
0.021295548687933794
0.04524198737128567
0.019618870485958218
0.02241796008482526
0.01938241536713245
0.017773746605171316
0.016060791128661912
0.014254402945587281
0.012365975136841971
0.01040736837305664
0.008390836793720425
0.006328951709568683
0.0042345236008699575
0.002120522893440958
8.691061364267275E-16
0.0021139948823790406
0.0042084917280611886
0.006270679904203472
0.008287986175750321
0.0102481510214813
0.012139302799506669
0.013950029315997488
0.01566944636728041
0.017287262845735226
0.018793842021812914
0.020065324248727257
0.024913186364287937
0.015753392087548456
0.02386587417308193
0.0379978011974926
0.047306695099786675
0.0331733965679329
0.03327416261829454
0.012959279482494557
0.01851851851852306
0.013073697208269418
0.03285994837124705
0.03220442784916638
0.04496595863755359
0.03628652904261004
0.02301128411882705
0.016636812932773627
0.024879540988491485
0.019546773484171408
0.01825495116810603
0.01674277486949039
0.015131808464324407
0.013432231125050572
0.011654737426119338
0.009810470346246165
0.007910951711348486
0.0059680105105362
0.00399370952924587
0.0020002707528298893
1.3161770296907864E-15
0.0019947887508701763
0.003971848879047169
0.005919076020936336
0.0078245818954634
0.009676766606714786
0.01146438898583128
0.013176634547163309
0.014803180649464523
0.01633425847110802
0.017760711428655176
0.02048237216538833
0.025505498750619526
0.022273180644762653
0.02300502962626348
0.03649898572896774
0.019453211854064036
0.03086831025237204
0.028119560213529286
0.032397484489362444
0.0316181346503291
0.03199344758901681
0.028839852435854456
0.03231589725631397
0.018675457604747106
0.03360134427012115
0.0230722542551641
0.015302041931871953
0.023014634651715077
0.021611084251959043
0.01730678585520748
0.01587562249804362
0.01435031925391974
0.012740489276206286
0.011056240820028863
0.009308114012790001
0.007507015135159857
0.005664148820683923
0.003790948594133275
0.0018990061775897298
3.005203800659021E-15
0.0018943766504787927
0.0037724873907016253
0.005622823984444874
0.007434076627063808
0.009195202845306422
0.010895494593689131
0.01252464314122615
0.014072801356566743
0.015530643016463641
0.0168894187817585
0.013403455860379755
0.025373239839038206
0.03701246494206507
0.02710525680250218
0.022008574330809237
0.027142919603742863
0.025920974627535297
0.020333614052882507
0.022367097389103554
0.03093925272172172
0.02261449094401387
0.01940503892665611
0.025268021770856852
0.026189240570227163
0.021121206436022
0.026232461631878486
0.039807092530445454
0.027521415467324853
0.012232366352202612
0.016505344286022038
0.015142585844552423
0.013689633232424309
0.012155621864991202
0.010550164881394812
0.00888329310055766
0.007165392548761466
0.005407139946447574
0.0036194365539021687
0.001813340784366606
3.652402239533582E-15
0.0018094180900299578
0.0036037940082436727
0.005372124644473334
0.007103590532064075
0.008787621854600528
0.010413962781393638
0.011972733741575958
0.01345449125936312
0.014850284989618117
0.016151711609941808
0.023066265413728238
0.005733992695534683
0.004934110985015112
0.02623277924673727
0.021638967010085657
0.019993199981531797
0.030370472478397675
0.032186448794884505
0.023475815255777285
0.03465867747324061
0.02355155408270231
0.0319659869395924
0.028746288001933868
0.01988353158100469
0.021329080168879532
0.02807700565534985
0.00487791260669111
0.0033723730678125972
0.021834712716386286
0.015826024000833005
0.014521222122818773
0.013129576318161165
0.0116598171325097
0.010121138014668941
0.008523137976575576
0.006875761877444804
0.005189238702475233
0.003474018218220961
0.001740706395813725
1.0675537083525904E-14
0.0017373792535220517
0.003460750568360739
0.005159539561486784
0.0068233429806481794
0.008441992249952261
0.010005615456477145
0.011504697400994322
0.012930137348573241
0.014273304129171046
0.015526088255910547
0.01818543532609438
0.03236188940744962
0.032837556898063155
0.007073398980969687
0.019981486198616515
0.029970632636407042
0.025016125110099374
0.015812622631689387
0.02786575401987148
0.00982218392150588
0.027808144027173635
0.016353332726019427
0.026277854490451388
0.03127189631409289
0.019823886625207565
0.0035888240678638847
0.029700984045445723
0.029680258432152645
0.020907640240145523
0.015249972865762563
0.013994328584078682
0.012654679837934158
0.011239413419895606
0.009757366466508334
0.008217771418262612
0.006630198648204454
0.005004497115000073
0.0033507334073919434
0.001679129556644676
1.2437675773000056E-15
0.001676311916872726
0.00333949750848932
0.004979345999425238
0.006585807068181794
0.00814905230301625
0.00965953519448892
0.011108049299677257
0.012485784224258107
0.013784379082912438
0.014995973114478865
0.01190616035158452
0.011582501420541378
0.0100327249871262
0.03798042460096472
0.019144043059827438
0.019413492460137263
0.007854210813318002
0.02484162161454704
0.026911907489882002
0.041124238609598886
0.026912129663037864
0.02438565696988638
0.006843676888682967
0.019258347260655426
0.01873360046294356
0.03723513421785369
0.010490204665321133
0.01705259176868991
0.008307091424161674
0.014762581844748048
0.013548571158453798
0.012252950983885881
0.010883816402490398
0.009449702303213129
0.007959530298467523
0.006422553345606425
0.004848298416960753
0.0032465075731384295
0.0016270778027960083
7.1015809959748E-15
0.001624702545493883
0.003237035767177505
0.00482709617189042
0.006385131545147484
0.007901600640546928
0.00936723148845279
0.01077307796852628
0.012110574301548637
0.013371587129263151
0.014548464866399229
0.025650463840312436
0.008009318090488687
0.02968183961926025
0.010470689897154672
0.023159785715389493
0.03491332394712782
0.035600539970645835
0.01774726029576142
0.018345647577720423
0.021332733504238793
0.018014587677928774
0.017577095873708908
0.03518124619326902
0.03398537041583506
0.024164665474706856
0.014133149295469
0.031969261002073465
0.0031801499404549866
0.02513481071255031
0.014352440193513285
0.013173533359922131
0.011915019650549441
0.010584747402747667
0.009190996056047486
0.007742424727155708
0.006248018519874767
0.00471703290241146
0.003158936495760951
0.001583352625872936
3.295870700810751E-15
0.0015813671279536058
0.0031510189353918736
0.004699309784059682
0.006216737382098895
0.007694000992688783
0.00912205833347113
0.010492180819407242
0.011796006812013399
0.0130255925509333
0.01417346045796757
0.011001130283492228
0.03347597456577899
0.006887990288585828
0.02439725169087326
0.014247009794744449
0.01650684394178213
0.010326091391675547
0.029323707286906846
0.027847289601148576
0.03306303240636653
0.02796585136844411
0.030221955371519196
0.01175330926516748
0.016789660584612044
0.013097875030587092
0.02301805909392372
0.005868149132134887
0.03360082482647566
0.014458629453546448
0.014010597974019632
0.01286104467593998
0.01163353573664335
0.010335712165395233
0.008975639047647022
0.007561755518894155
0.0061028224960160546
0.004607868489189812
0.003086133828984383
0.00154701365256114
9.00141712051912E-15
0.00154537662272034
0.0030796058552987914
0.004593255909150751
0.006077031449696228
0.007521830580313788
0.008918800579127945
0.010259392048030336
0.01153541114322183
0.012739069568687904
0.013863032028240367
0.017281075575639987
0.001547666898393555
0.03300608831260206
0.0296983507655008
0.02846164439475963
0.02081589529822813
0.019747328507385576
0.020863920826052474
0.008057574658093689
0.025784315648263206
0.007866687385627204
0.02092680500623425
0.018252031521756324
0.019702572468653274
0.028542860544558277
0.02965975134553548
0.02993522955284764
0.0052021126593646055
0.013880676195380387
0.013730038049236408
0.012604699581222543
0.011402737382905674
0.010131620185264052
0.008799235330312717
0.007413839913160039
0.005984009696901888
0.004518586115970017
0.003026621694953459
0.0015173242190117322
7.015469229834641E-15
0.0015160034130037726
0.003021354726476957
0.004506796245600023
0.0059632007159454384
0.007381627315084629
0.00875337645161266
0.01007004303562938
0.011323567895695873
0.012506287027604276
0.013610978375000455
0.021869444339307445
0.021302431735020288
0.011522708671034075
0.013373243051765347
0.0075755779502743445
0.0202749362945232
0.026284448144179774
0.0356902177320686
0.03527364286331033
0.016051279857392537
0.035479090170022896
0.035093886207226664
0.026744976901982367
0.019861209197212248
0.008207899105256367
0.010847878387541187
0.015860457558334245
0.018282373918395274
0.02224243398043332
0.013505294387051303
0.012399509771529668
0.011218138743393264
0.009968509378503975
0.008658364370333259
0.007295813132385481
0.005889281682087967
0.00444746061554039
0.002979251493702347
0.0014937119704657976
5.9759573183451835E-15
0.0014926825330979325
0.002975146414702599
0.004438271585381897
0.005873063161209884
0.00727070664769154
0.008622622008380028
0.009920516256841502
0.011156434250424818
0.01232280737481465
0.013412499822260459
0.007274909933726682
0.020476538729282862
0.013640255285175172
0.026543229615072945
0.025376087069659166
0.020192932089283234
0.010871578398943905
0.015359781840617986
0.002346162724729329
0.023505745114351845
0.002341208839862403
0.015424012803331853
0.011576962994786947
0.021206426228130123
0.024364255769545203
0.02778202343352861
0.012360928715288709
0.02156655393988629
0.009050562075440494
0.013332175107206466
0.012241651830626449
0.011076303439826409
0.009843346313631237
0.008550408863450886
0.0072054844060895585
0.005816881820230544
0.004393174290418699
0.002943146454455525
0.0014757402795343333
1.1218820612531112E-14
0.001474983544645958
0.0029401288293624244
0.004386419477496316
0.005804959666128403
0.00718702876276539
0.008524134858666207
0.009808066870149136
0.011030944889173225
0.012185268474434713
0.013263962587793336
0.018164530696695658
0.012343643830432106
0.024704658343138574
0.005827753724296967
0.014021411215987262
0.010635168718908057
0.02391552647438466
0.017197457630009044
0.038990986600258425
0.03626930797114861
0.038882589679820154
0.01652900705911611
0.02335413686598421
0.010379726695444007
0.014733097096134323
0.004007054746810133
0.023261007327262388
0.011712459267820188
0.016167213654286642
0.013207562550506872
0.012128285123687554
0.010974681112938173
0.009753882124992137
0.008473430582406492
0.007141233191075475
0.00576551218642098
0.004354754658466247
0.002917660267527369
0.0014630876723652337
8.381413387799202E-15
0.0014625903074124897
0.002915676929892376
0.004350315050565191
0.0057576763401020765
0.00712910320722625
0.008456161982296791
0.009730694707842233
0.010944869218244078
0.012091227201862951
0.013162729950767308
0.015182587199075094
0.017681270018421916
0.012043959492193149
0.032453837234769654
0.018023788889694865
0.02942276238687028
0.02069760487406789
0.024529120130051027
0.0028501906451384113
0.023141589153320746
0.0032196336754920997
0.024678125344806373
0.020980497683593117
0.029638734571216234
0.01793859335938709
0.03200845058840522
0.015270688516558557
0.018698747421774853
0.015673695527514096
0.013129271780946358
0.01205742301399543
0.010911491925407012
0.009698550779603361
0.008426082790693993
0.007101936019154394
0.005734275035351723
0.0043315306473106
0.002902348001854283
0.001455533378029861
5.522283623759916E-15
0.0014552867977781635
0.002901364716134159
0.004329329608793389
0.005730390233523765
0.007095922300632688
0.008417521487008497
0.009687055090159742
0.010896712005381877
0.012039050719146795
0.013107045024553213
0.012830773426236545
0.021558629369260486
0.022788852748594882
0.017430452097275395
0.019206347455954786
0.02147331785622224
0.019647363645022772
0.017642174753560863
0.02458830492865345
0.030002411853696183
0.0240209240919948
0.018138281526078395
0.019744840191357315
0.02293596567449321
0.019438327375942834
0.021143292110730696
0.02403370537070874
0.023393924423347607
0.013506606937684554
0.013095955155911962
0.012027846164580537
0.0108856489507954
0.009676400843695462
0.008407551610462978
0.00708691762386507
0.005722633777819884
0.004323103446449586
0.0028969467941702682
0.001452947753965655
