1.0
0.9989725854527305
0.9958941397184466
0.9907760398146925
0.9836371918337696
0.9745039478168509
0.9634099899352767
0.8856675148057107
0.8061880052348235
0.7621140590811661
0.7442245506911285
0.7704538833662157
0.7583940930884848
0.7353894971718249
0.6839270777385194
0.6490960810736623
0.641368069994824
0.6415183922387291
0.632437920570605
0.6124601849083043
0.5901980687091055
0.5509050188346031
0.5094061139732842
0.456667838019024
0.39575567547733614
0.34195114034965196
0.31754845516789576
0.3093314558339374
0.27584211293543
0.23263821276199287
0.1570201664169275
0.11981683040650778
0.10946071396232324
0.13900500985338504
0.1700806805333082
0.13927376632762722
0.10934235931995484
0.08037172439209718
0.052442101627436295
0.025628413765297092
0.0
0.024379622781927617
0.04745297037168244
0.06916877240348805
0.08948212364992636
0.1083546049309981
0.12575437327165595
0.203164404736734
0.2752874214866196
0.30930826760627356
0.31427139904542206
0.27619803241734037
0.26908581637701073
0.2754344064781659
0.297396353474289
0.3088136535910511
0.3000597540367746
0.27021358462545464
0.24027420896315538
0.22399393403146067
0.21478725947583244
0.21393001014712376
0.22061902503221767
0.24257191542944376
0.2640268954485921
0.26120943957732745
0.24159000302357928
0.21643313306986667
0.20348750115758074
0.20885841148409698
0.24400366582272015
0.24068959165067727
0.21132476412591017
0.14860921120284312
0.0782643459278002
0.06509537670314813
0.051875662795561175
0.03868235100081218
0.02559056798264924
0.01267308518248889
6.212183537491985E-16
0.012361565328204848
0.024347745827528456
0.03589819564672793
0.046956328580890085
0.05746953627456648
0.06738938324713108
0.03185039742541068
0.022186291459132687
0.050299248644603126
0.0706244453531859
0.07241990082384742
0.09247647787797408
0.09829972476017303
0.09464141393841043
0.09550202207625719
0.13848562658794333
0.1641818902838629
0.1824269383781082
0.1857268094392081
0.17907167718546746
0.1841346274159539
0.18008064694963702
0.1623724752564569
0.1364571330014766
0.09804836949879585
0.09745574366346677
0.1000344097656708
0.09603816253508607
0.07234358630746522
0.07020627074191818
0.049079273415662455
0.024493230573062796
0.027994916739256893
0.05093822132600403
0.04256756538062777
0.03407978162745155
0.025527457685862846
0.016962687462069956
0.008436783880032082
4.99873143275407E-16
0.008298740059596688
0.016412099049191286
0.024294572090918745
0.03190271856496222
0.039195379273755875
0.046133877870153835
0.097311654792691
0.12692876828410402
0.13293852386835694
0.11644698060367993
0.07413116947434929
0.05313556813304731
0.05821328739399682
0.06767507985834643
0.0790299015332813
0.07849233414042935
0.049565952014948886
0.03422717051435066
0.053724044838711286
0.06291813135646016
0.05581508467701119
0.0360204683059743
0.04112768142236335
0.06681481657396002
0.06788929635141237
0.05488563762188724
0.04007538978012464
0.03426403017805162
0.05222952927620707
0.08641690480423558
0.10283785401220402
0.09944558553718003
0.08106041482546475
0.037850671909972704
0.031703191580881175
0.02543903139089937
0.019097499119954772
0.012717877975440382
0.006339196069147005
8.790929112778308E-16
0.006261866202460687
0.012409475561785064
0.018407024902624795
0.024220032755730644
0.029815527373656982
0.0351622238776098
0.0280046478856965
0.023302058224485975
0.03355178401104013
0.05918238715252736
0.08207123784907785
0.10967604532908612
0.10754727031986308
0.08900470057957045
0.0897032136710901
0.09358945175813758
0.11357207503704905
0.10382901132692972
0.08684410551630259
0.07619240326245781
0.08365500999349611
0.09844716031543313
0.10755648506222226
0.08658401354664569
0.0816771938323386
0.079524540404829
0.10336062314089163
0.10595023341608063
0.0824214430140867
0.05567199318434055
0.030700139649630566
0.028109967632037002
0.027143780510330322
0.030194876749067213
0.025325216019945078
0.020348602879243987
0.015296350844883504
0.01019992261615911
0.005090740693767456
1.5182804823889633E-17
0.005041516417229148
0.010003617540090196
0.014856879372912071
0.019572813786121475
0.02412403027178715
0.028484389719773746
0.05356181580790028
0.04936012808503138
0.051049718755334574
0.035460542853153386
0.0430660023598448
0.01582443922711166
0.013503623640623455
0.05989976631092754
0.06077915912239749
0.0634639070949065
0.056875678198488364
0.09071817990447051
0.10848017823087477
0.10655171863633414
0.10830813630849784
0.09120454674099371
0.05945070769933476
0.0674973309498189
0.06585913702393187
0.06765274320999631
0.017328672151282212
0.012790381870821833
0.04448480466153442
0.03099479899510244
0.042735326355769286
0.03467178999951324
0.04261703165777573
0.025185915879487323
0.02114321444761095
0.01700365428408272
0.012793277347068309
0.008538345181071222
0.004265178890456149
7.403640907333313E-16
0.004231226855954448
0.00840294849187062
0.012490174076164696
0.01646862151045394
0.020314858443547114
0.024006437118552285
0.02436464857606517
0.040390633784884465
0.030191895983523367
0.04546087729526341
0.06532427865515934
0.06948422663075958
0.06693622132617091
0.025549792719522468
0.015609921445234598
0.022586945632524797
0.03486104667045517
0.01586477248646827
0.032395390568561576
0.041879256868450794
0.03462252631566606
0.01732807847977303
0.031897289848304804
0.017093040969596747
0.011686095338740527
0.024240313455502774
0.061423676585478974
0.06126083815266276
0.057383170287799594
0.04291872060912565
0.029101108441519922
0.042376741811864904
0.023253134182358276
0.0216652277605862
0.018199480544476027
0.014645715469345297
0.011026264246840087
0.007363706582084231
0.0036807316787425774
1.6958679481082483E-15
0.0036559938856953675
0.00726505655697219
0.010805428289309154
0.014255912122851907
0.017595998694535233
0.02080598611094266
0.025860732162748045
0.017105916003516127
0.03308947502785337
0.021924060112257275
0.03159693077921848
0.02790344442135623
0.046656133519793946
0.08661839658926303
0.0804996869470569
0.0757077891042756
0.055847016689397254
0.058464636715885275
0.054623102111425854
0.046302272120919044
0.052479281025933806
0.05532088148013721
0.053140279660789345
0.07355253162387182
0.0767034551599738
0.08228538096595005
0.04959582403058598
0.031141779698078836
0.025478538396590467
0.016923464376493242
0.028763141979241756
0.015690387988832127
0.021833280716150535
0.01906471839956635
0.016022861053659312
0.012900431665656038
0.009717023953107999
0.0064924893234943265
0.003246814662535283
9.939947379570796E-16
0.0032280632073124777
0.006417712443590014
0.009549632433255696
0.012604970668226129
0.015565449480290807
0.018413474000511718
0.021992598851657844
0.0382065271865387
0.027779495768391522
0.04611459603347736
0.043165640000092965
0.05086741491927296
0.05496458395255103
0.02194414994716936
0.026023442296970956
0.03008101691699567
0.055245792024182
0.0539825389139843
0.07455184944954987
0.07788164732011076
0.07433691883656926
0.05415941419028399
0.05735158429943787
0.03235289901388629
0.030871347290990458
0.023848461989991538
0.05333643546126879
0.05021077580568613
0.04371957090416426
0.04919661373298245
0.030731729404848803
0.034226547322489254
0.021584750616585446
0.017073170655951306
0.01435464711438468
0.011561772961429852
0.008712048594935004
0.005823233049987949
0.002913234433607506
2.0451003724102785E-15
0.0028985934653007403
0.005764848289296845
0.008581352929307121
0.011331086723560943
0.013997521750359692
0.016564721191942314
0.02185215308425605
0.020685891618722165
0.014574571685129803
0.0038336210129736575
0.010367601683851764
0.018018791997712506
0.03370260459063789
0.032224600387836755
0.028622854194571754
0.041236648569113174
0.0075094647031469135
0.02479339273574082
0.02610417987967054
0.03609119870417481
0.02756824794924569
0.02644249058288458
0.004881110169776653
0.0376218619549205
0.022938501293832507
0.02384464240776779
0.026187258061234606
0.010641147826294982
0.00866461535432142
0.003185213086940618
0.01022002257978164
0.024297101255407006
0.023549849930966274
0.015505857279758692
0.013041013712298
0.010507026791996594
0.007919752519501827
0.005295302366405341
0.002649943750823971
2.169094617350892E-15
0.0026382495895458597
0.005248668987353968
0.007815363359242582
0.010322775102727914
0.012755777411733824
0.015099764812142175
0.01993626499669187
0.02660243713943532
0.04137262786237865
0.0498102342176003
0.04134585483378477
0.04777438764411597
0.0420336044619488
0.0465162203843903
0.05799984576049691
0.036697727334128905
0.057753045425815885
0.028384382057223243
0.03354366397866328
0.0293243406700838
0.032065727872365675
0.02619666124735105
0.0558918488235186
0.03580744672197364
0.05778796523190064
0.04704583961429963
0.04080304125978149
0.04745184089484987
0.03781813547560532
0.045615562341442706
0.04324139261962043
0.025157197839968438
0.018454493816640768
0.01424625864490773
0.011984803983153726
0.009658584444417084
0.007282136745885083
0.004870248084483495
0.0024378647295416286
5.0733013387716895E-15
0.0024283578107876253
0.004832337001510253
0.007197272964718657
0.00950879707670672
0.011752923439940607
0.01391613295761453
0.02573635611788327
0.02995207340188253
0.004621670096992275
0.008106716633851017
0.02037627405062795
0.022153160799386017
0.020497422119546957
0.02039710516714339
0.007149451042024962
0.026355444547693847
0.03637916987873321
0.04563553586793021
0.04913639963802378
0.05676701208131938
0.04880286048988962
0.04532896850246091
0.038044515505815155
0.027089188069458047
0.00903885148551675
0.025030981189478062
0.024228191165440605
0.025659104114663475
0.02574804802303219
0.012240538799529901
0.0032034493277134602
0.029814865714027746
0.025531349380361182
0.013217291849716444
0.011121676278226902
0.008964995797923673
0.006760710998604686
0.004522527309867787
0.0022643102517705374
4.459586255993448E-15
0.002256474210773241
0.004491279322585838
0.0066907628099746284
0.008841535644206106
0.010930553364366394
0.012945194766962865
0.013989428804684078
0.023040338007124957
0.03802531416731994
0.024242454044638304
0.022726209763303064
0.035758676811868846
0.03150955668944776
0.033231191185549035
0.0321071663844435
0.024547234935420364
0.022003557133070784
0.028300013749686864
0.024374337665049473
0.029945986810117797
0.025120605183898546
0.029940032486982265
0.019300130120410704
0.023449032565662276
0.027898239297768655
0.031209051587808435
0.02736109393094959
0.02944908226102362
0.019210366566215924
0.017510746209467444
0.03276856877911307
0.021703620264930938
0.01160930295205266
0.012365975136842273
0.01040736837305472
0.008390836793721117
0.0063289517095687295
0.004234523600869776
0.002120522893439323
1.7812168999909304E-15
0.002113994882375995
0.004208491728063855
0.006270679904199673
0.008287986175754105
0.010248151021481196
0.012139302799506759
0.02244979539035875
0.022689193420127228
0.01014892754457638
0.024717448656998247
0.035697968680955205
0.02817516641357736
0.029631468768101396
0.04471605790190453
0.030932274607903144
0.03200078719297696
0.03916660993901927
0.019261116976437405
0.020898960770756172
0.01851851851852083
0.020368786902538866
0.017325391036352823
0.03791664745702768
0.03225558777810439
0.031711906482738535
0.04467584479453037
0.029590061597938675
0.029005204393359164
0.03491033977506551
0.02667627536283726
0.014475233151693318
0.017557020393329504
0.019948818032583436
0.011654737426115456
0.009810470346244696
0.007910951711348875
0.005968010510535587
0.003993709529245835
0.0020002707528294517
5.977631214639856E-16
0.001994788750870345
0.003971848879046705
0.005919076020938028
0.007824581895459076
0.009676766606716465
0.011464388985835785
0.009169206846565848
0.01971238930045633
0.0161441874615146
0.017108487301004418
0.013292206606466862
0.011484446883505544
0.013997500898871047
0.025854608818001366
0.01914861933401969
0.016089574797614484
0.021228020307924655
0.042420046704305214
0.029435466519704193
0.03854709897030971
0.028994858725688015
0.041999445476093376
0.022618684651735936
0.015230715720222651
0.02050698670868016
0.025463527349895706
0.01542470960605948
0.013864771361557116
0.014621336969611038
0.01983431190025004
0.011261285375428504
0.0204273303563345
0.010336328664301874
0.01105624082003092
0.009308114012792232
0.007507015135160921
0.005664148820682638
0.0037909485941295456
0.0018990061775866762
9.565343497046104E-16
0.0018943766504762117
0.0037724873907034663
0.005622823984447155
0.007434076627063473
0.009195202845303431
0.01089549459368816
0.013625512467913777
0.006851053663522157
0.021992218275035967
0.02183850064316143
0.02442963587312561
0.03377331039116362
0.027337107742284584
0.024996272823467933
0.019125204183326215
0.03552222832716753
0.018560197193920915
0.02086132181287486
0.0274121868918135
0.02426126421731673
0.027572532789207505
0.02212683799234034
0.017699869114633737
0.035827714200333906
0.016673417231013822
0.020371804541060596
0.025546815998203153
0.03334432210173499
0.021994822005748295
0.01737349523504216
0.022365308914542803
0.006681909879229139
0.010441954975031484
0.010550164881393601
0.00888329310056333
0.007165392548762287
0.005407139946446283
0.0036194365539013356
0.0018133407843712545
4.721326105387939E-15
0.0018094180900277137
0.0036037940082462453
0.005372124644468441
0.007103590532063282
0.008787621854594767
0.010413962781402305
0.015267401642675893
0.023161763058604467
0.012165702610837235
0.022889300772098727
0.024547853482870755
0.015776577164002204
0.01976786192716253
0.030210207719154714
0.03025626632923732
0.007399454071107696
0.027344725618857153
0.02178017138488747
0.02071027953281471
0.018127366316638784
0.02109696288140024
0.020523377690046685
0.026772743676025976
0.0076921558640142525
0.029973199989072604
0.030401446840671947
0.020007391449151403
0.013456325065721024
0.02609928979449049
0.022704282936783348
0.015022192793957705
0.023083393000178136
0.017585265637430694
0.010121138014665878
0.0085231379765721
0.006875761877445604
0.005189238702479187
0.003474018218234174
0.001740706395822166
1.810490800172958E-15
0.0017373792535306863
0.0034607505683597194
0.005159539561484555
0.006823342980654495
0.008441992249950256
0.010005615456470223
0.004512049938080349
0.01057499190063674
0.017043853402099702
0.009314260810618289
0.02228809540994101
0.027846028801386133
0.01626668408233576
0.011421131707337434
0.014671662958791742
0.031381690478284374
0.024103986868146406
0.03179581784937323
0.015984908162856373
0.023444338897934364
0.015464952929984017
0.031629930179298126
0.024885285081566597
0.029851271909929897
0.016563059738378374
0.013649561212432345
0.01582891679694738
0.027025981034615804
0.022774554564032705
0.01181705795106533
0.013653239058302279
0.011171511788621259
0.002351442340800229
0.009757366466505277
0.00821777141826182
0.006630198648214091
0.005004497114997743
0.003350733407389595
0.0016791295566416843
2.9612335722080212E-15
0.0016763119168754514
0.0033394975084951005
0.004979345999430072
0.006585807068186025
0.008149052303004705
0.009659535194492927
0.020666368225530862
0.017836892827650167
0.0208224808749824
0.020902044411448262
0.02080576012602384
0.008423669902937934
0.025788798744785336
0.023169393195491876
0.016150934476245975
0.020774952428841247
0.015483190976044375
0.013324671001395625
0.029967113838030673
0.021065515038246576
0.02976722049161838
0.01371947397180651
0.014722578156341887
0.022184738691248897
0.014068062482368934
0.02191953245274378
0.027465703726552135
0.0094774505532535
0.016956462566581735
0.020004227239677628
0.021911404539552832
0.014007056635651034
0.021061548774989117
0.009449702303217396
0.007959530298464159
0.006422553345591392
0.004848298416951853
0.0032465075731297473
0.0016270778027937809
6.925763792672777E-15
0.0016247025454925994
0.0032370357671800995
0.004827096171891363
0.006385131545150916
0.007901600640548194
0.009367231488443366
0.002207890661896889
0.013130985246312564
0.006374166883031555
0.01630438717426904
0.021587666537834373
0.022956024125647196
0.013943390715770861
0.022328647588180154
0.027321406662107948
0.012747219891836435
0.02777312726202686
0.024682194266590626
0.025095577366594287
0.0253246849863325
0.025626266148440175
0.02435966964461801
0.027586410634238508
0.012193316434228777
0.027115445184128187
0.021593761420330947
0.01268923365482664
0.020965449527597418
0.021029520203957246
0.015378794682195145
0.005513633139979863
0.015446461189425395
0.003318946258733719
0.009190996056051372
0.0077424247271514635
0.006248018519867224
0.004717032902419809
0.003158936495759628
0.0015833526258675057
2.3721308541460143E-15
0.0015813671279543294
0.003151018935389657
0.004699309784067941
0.006216737382102534
0.0076940009926882704
0.009122058333463105
0.019525368181719068
0.008373326293968138
0.021878370077254013
0.019673951155275947
0.010509536605128465
0.015356535783713843
0.0346850729532067
0.023618253990517923
0.014195131040415872
0.026633582878893645
0.012493970315113541
0.01879958138473394
0.008486510250163483
0.014308038322422903
0.008117206549156574
0.019000495036428137
0.012562633506227428
0.026029830863459648
0.016003566568641815
0.025440094668626137
0.03572708444186452
0.016673644146217075
0.012094945492299189
0.02112750584091516
0.021685238420687456
0.009908671481335838
0.017800245400128343
0.0089756390476392
0.007561755518893006
0.0061028224960175265
0.0046078684891880245
0.0030861338289918426
0.0015470136525550615
1.2532664046288307E-15
0.0015453766227195732
0.003079605855301515
0.0045932559091479185
0.006077031449701759
0.007521830580310664
0.00891880057912989
0.005651567922217838
0.021453342652666116
0.008160741425949768
0.010451171610849736
0.01828201749298995
0.014789002643414458
0.009085755469524557
0.008531900046627391
0.016282055516858886
0.02578330269055081
0.02548440298459745
0.01887434290096834
0.02850561941802363
0.02043315238775999
0.028076129110981073
0.018489427406287555
0.025425826012601294
0.027181933509658848
0.014935861945344341
0.006537863702511399
0.0088523026479458
0.01526967763462966
0.017144843092474417
0.010294356785758923
0.010485568476584488
0.02285315206825344
0.0069526610761448514
0.00879923533031989
0.007413839913156937
0.005984009696895962
0.004518586115970754
0.003026621694941822
0.0015173242190138353
1.6256103805680251E-15
0.00151600341300419
0.0030213547264745667
0.004506796245604978
0.005963200715937795
0.007381627315088466
0.00875337645160693
0.013065421062615882
0.014095488951346012
0.025537433321966306
0.025038825899483346
0.013505500687645704
0.014247864861852484
0.03128557163042113
0.03148679163874289
0.023429206506860378
0.012595432792899803
0.013273589747277428
0.02389396721655285
0.027367142780513297
0.032456559391059035
0.027747023536594063
0.0240732698133553
0.013533126438778286
0.01083705359343649
0.022435603540437676
0.03010916567748403
0.02794805496210264
0.011451955635440747
0.01226960909050536
0.024457748560281514
0.02832596845277728
0.014286073961576818
0.010827497713361802
0.008658364370336359
0.007295813132378275
0.005889281682090799
0.004447460615543777
0.0029792514937095655
0.0014937119704637569
4.824256101161029E-15
0.0014926825331013714
0.002975146414709325
0.004438271585381022
0.005873063161204919
0.007270706647694458
0.008622622008377307
0.00999792362845994
0.021621171475363833
0.01651028284658753
0.013347668507168788
0.018851395192315767
0.02698442881702264
0.016198578519325817
0.01001890329915737
0.019121349472614128
0.02781982339068193
0.02306983382027593
0.01306066088168153
0.007926645441216086
0.014424019738516891
0.008281572860979119
0.013197664158178947
0.022603719910934836
0.026607098657093705
0.02158446523748725
0.013513508362637663
0.0197489747708983
0.030772870280556974
0.021148105669805545
0.014342119730688194
0.017429010604461614
0.019523992170217917
0.011415984865170627
0.008550408863438552
0.007205484406094253
0.0058168818202387436
0.004393174290415741
0.0029431464544596984
0.0014757402795338038
7.474461883424829E-15
0.00147498354465282
0.0029401288293585213
0.004386419477507861
0.005804959666132157
0.007187028762762748
0.008524134858656766
0.008677942423160341
0.011562246106277712
0.03268570290984133
0.015430810890101577
0.007638514127956138
0.005681610054192616
0.008117542621471838
0.011560154252825298
0.0057242509410303675
0.015723471531854043
0.019444657406425595
0.02162700773486777
0.022835014142739026
0.0200896973903282
0.02226071420826904
0.02123746416776599
0.019859155958274786
0.017282350885197282
0.00443571770138902
0.008564817609904811
0.004665082183702793
0.006551812888303702
0.006600944358293201
0.011471659741406475
0.0317854636898749
0.010265150671990143
0.009344743478558837
0.008473430582402942
0.007141233191073344
0.00576551218641438
0.004354754658463344
0.002917660267531682
0.0014630876723620504
7.531662717779596E-15
0.001462590307407275
0.002915676929892166
0.004350315050559518
0.005757676340100728
0.007129103207229107
0.008456161982309626
0.013545428033272626
0.014077224842004719
0.014027637099451505
0.01729314118157903
0.02473809605801364
0.036049173613931486
0.029717632081008687
0.028274821331125338
0.03363939612233746
0.0137305202899897
0.015910162394155894
0.01931142283482925
0.02768837255060699
0.03651032657262295
0.027824769967024727
0.019469813886672856
0.01567771797845626
0.013483496816173373
0.03302657424261527
0.028049067596144606
0.028982447470975732
0.03358837061992374
0.023267465360734714
0.01791721325355281
0.01178456157831494
0.012531600649536217
0.0139455236933982
0.008426082790687642
0.00710193601915527
0.00573427503534466
0.004331530647314434
0.002902348001845834
0.0014555333780383534
5.0106426871947775E-15
0.0014552867977760029
0.00290136471615929
0.004329329608808866
0.0057303902335174035
0.007095922300633773
0.008417521486999318
0.012087198399019554
0.010046867846406722
0.022172496452491235
0.012218269994423249
0.008281994899468115
0.008790767811324797
0.011178238197142983
0.009348431705642759
0.012191892744050949
0.022282785584271634
0.01974968144592756
0.017264298182069728
0.014344099387537392
0.018023451048653997
0.0149593158286661
0.01740894004921653
0.01933378030408596
0.02167825928851378
0.014852305774951878
0.012441166774360421
0.014815555596938207
0.013468761438099936
0.011735450562437771
0.014933740905808759
0.017105616264982124
0.01066973891703512
0.013171259549886837
0.008407551610461254
0.00708691762386795
0.005722633777813074
0.004323103446453139
0.002896946794176974
0.0014529477539690183
