1.0
0.9989725854527247
0.9958941397184452
0.9907760398146876
0.9836371918337671
0.9745039478168511
0.8154707404112257
0.7381092189966728
0.6866991490204771
0.745016337839197
0.7642746736602317
0.7994671025225001
0.7968587484314664
0.7831937830116591
0.7590124589668747
0.7340721452016585
0.7079345636825836
0.6010953849083048
0.4859970783344615
0.40261049044414177
0.36557166763869986
0.3436451236773545
0.3680878171714818
0.42078997062430495
0.4635441778830796
0.42947333406531146
0.3948261211816572
0.361610809597602
0.32015633915146013
0.2681067805323241
0.18580718676991717
0.11544314413331357
0.017223452625565946
0.019287814825994072
0.030869092527346022
0.1392737663276277
0.10934235931995429
0.08037172439209689
0.05244210162743673
0.025628413765297255
0.0
0.02437962278192785
0.0474529703716828
0.0691687724034881
0.08948212364992718
0.10835460493099781
0.26268805594026823
0.32733145997796786
0.36688979001096356
0.28666704148139094
0.2555982614412563
0.22456538147191932
0.21236236061960856
0.2108096176383787
0.21457310874598337
0.21254882003907458
0.208917025422788
0.2613513545793086
0.2947663643092668
0.33387037085405435
0.332361900816588
0.31794986840350625
0.26430187355036466
0.22569978169305807
0.16930674591856484
0.16473576926613087
0.1586873341268645
0.14740933787971822
0.13992787650134897
0.1439732529347021
0.15551500585799832
0.18174307115924604
0.2721045279286156
0.24323442175869725
0.1989556346419228
0.06509537670314682
0.05187566279556124
0.03868235100081279
0.025590567982650074
0.01267308518248933
3.840655870776644E-16
0.012361565328205303
0.02434774582752844
0.035898195646728165
0.0469563285808901
0.05746953627456654
0.048391422072458154
0.058615127718726324
0.054384132026429
0.07480299832101968
0.12324266707632059
0.1388466134216756
0.15563687507891966
0.16148317135434
0.16617407669208675
0.17148259353070974
0.17803495222087454
0.18436637838406356
0.18673534025299182
0.162400796500292
0.19032164757039818
0.1648707270000963
0.1890719275049374
0.18230845253645642
0.16903864851385444
0.16231516446767166
0.15837613829399835
0.15304992320943986
0.150764185985896
0.14244370889489258
0.1462167377705641
0.10828366088478883
0.023982998125327466
0.03411570593480947
0.04215758894476427
0.042567565380629294
0.034079781627450116
0.02552745768586323
0.01696268746207215
0.008436783880032453
3.5806852065369027E-16
0.008298740059597425
0.01641209904919153
0.024294572090919214
0.03190271856496378
0.039195379273757804
0.12597108959922018
0.12199703912187193
0.11060162649996405
0.024129449037522694
0.024579060250822016
0.019071636883898554
0.039378902456982265
0.04354838239231685
0.047044836204202016
0.06035844417099973
0.06475487130784048
0.04813402029598061
0.029938780851846394
0.06975177407684915
0.14342574709892045
0.069443152359507
0.0313539774838692
0.049686911248718914
0.07023924894217942
0.06343117271681754
0.05027577823509793
0.047498627300843844
0.04181324536882128
0.018398720305221095
0.04099499077391023
0.0435286184358499
0.06178607619951943
0.08204338779184896
0.09522289918809493
0.03170319158088204
0.025439031390899782
0.019097499119954744
0.012717877975440665
0.006339196069145946
3.9794046225280647E-16
0.006261866202463037
0.012409475561786539
0.01840702490262575
0.024220032755731122
0.029815527373657044
0.013926951304977437
0.021903420597941068
0.052864192311833015
0.1456987626155336
0.14390490985663465
0.10086618443066404
0.07402956711006045
0.060393194498818664
0.06167783266970092
0.055913958326322094
0.04498098773883219
0.07207014818905869
0.07189687791600405
0.06656287171734528
0.0357750306032996
0.062036887746501915
0.06499662437802463
0.0634295154785408
0.03825530241492257
0.04835376919817835
0.04517001963226552
0.041490494664555524
0.04898699045624293
0.07527575924951951
0.11728152707205276
0.13257632327402274
0.06697560038475059
0.03773501525306334
0.008481732603800468
0.025325216019946913
0.020348602879242256
0.015296350844886621
0.010199922616160052
0.005090740693766989
1.0037780281973425E-15
0.00504151641722838
0.010003617540091395
0.014856879372913103
0.019572813786121267
0.02412403027178521
0.05688632152338961
0.04598443190943456
0.02007069297685985
0.03822565885692221
0.015319533527590202
0.048325339614914566
0.07867397402091272
0.09209858723051022
0.09447647101872081
0.09294697080749677
0.09811480279498523
0.08970978571983172
0.10931626003412608
0.10540239447565393
0.1443493837498254
0.10503592480484744
0.10869254540335505
0.0866782598359733
0.09078781557734213
0.08780851375774304
0.09362543577677271
0.0912624536165262
0.08460404898114708
0.06256153363899193
0.028847937610126488
0.01831061706706487
0.01859541950343843
0.037946236571686505
0.04847813328260903
0.021143214447608215
0.017003654284083573
0.01279327734706856
0.008538345181068968
0.004265178890455097
2.8019763573937918E-15
0.004231226855954198
0.008402948491869504
0.012490174076164599
0.01646862151045494
0.020314858443545712
0.027090689887954857
0.04087125552869291
0.06050732030663994
0.06915301778597335
0.02896937985773324
0.03283179330628201
0.04056415706901759
0.02956116347938765
0.030774773868109794
0.04236384004412522
0.047250857580785
0.04624943171228471
0.056780923898617615
0.035108441454662354
0.05571203001370365
0.03652186153991199
0.05667552935569635
0.050499283810471786
0.05416343474944828
0.04329127258420042
0.03202569778899455
0.03063199551792367
0.0381482232993139
0.03273618720847365
0.013644682946372649
0.052208788893634686
0.04884199870462214
0.036040192706831814
0.03107183540905763
0.018199480544473894
0.014645715469341613
0.011026264246842107
0.007363706582087167
0.0036807316787423033
2.291423207836367E-15
0.0036559938856954967
0.0072650565569702405
0.01080542828930861
0.014255912122849896
0.017595998694535434
0.04353046940121198
0.013487249147185677
0.012493249764928755
0.02250687078546955
0.05613937874310721
0.05830288259208116
0.04725120412685726
0.032352078648703556
0.03341697828481239
0.042948335096391
0.03420217255232919
0.022536467911907374
0.023271113794462867
0.05477670213023253
0.04226928508756012
0.056364841678727656
0.023615238626650173
0.021210964220777385
0.03540780319245433
0.04674896115676709
0.029788621116999956
0.028531308577988596
0.034833019619983134
0.0444627251436436
0.051012000158412264
0.026176902610161434
0.01803997814642817
0.01119998763640152
0.03959648339828203
0.0160228610536598
0.012900431665655984
0.009717023953106571
0.006492489323496353
0.0032468146625349915
9.345781746858374E-17
0.003228063207314266
0.006417712443586898
0.009549632433260243
0.012604970668219712
0.015565449480289177
0.025470658752084676
0.042748364996900205
0.028890690216394278
0.04316133841286291
0.02442283867123226
0.030869895380694776
0.04412738110428441
0.064139157443832
0.06545836480663889
0.05500310186061377
0.05654850474058888
0.06444928231680792
0.05162638771321109
0.09310903627555424
0.05664654488652887
0.0917810324115098
0.047782074850477016
0.061288469229908514
0.048900766245175746
0.04901087841177501
0.06326086803312142
0.06165017404822489
0.04896681599706655
0.03889259352469666
0.0303582904877677
0.04407117285866008
0.024872452720530982
0.048402541499992256
0.018052111247631803
0.014354647114386011
0.011561772961433585
0.008712048594931849
0.005823233049991447
0.002913234433605471
1.4782576458122521E-15
0.0028985934653030423
0.005764848289296457
0.008581352929305902
0.011331086723561428
0.013997521750360354
0.026779758926244526
0.02415689617276288
0.02352400253406398
0.018680475628433592
0.029612792675800154
0.03351169409452858
0.03876637633243233
0.028337090065781872
0.0291168360087559
0.03332683259316236
0.0440902147254086
0.032610046036268825
0.05568412626714312
0.019751094575017315
0.05779658692955454
0.018046703069947788
0.058151266132813545
0.035698121252053065
0.04819799235023896
0.03221033799676842
0.0280266727772627
0.02682599248081821
0.034750861235919035
0.03646188120858135
0.0268147203011108
0.015962625757745666
0.02259172708047878
0.022099159270107877
0.019492064283341798
0.01304101371229721
0.01050702679199686
0.007919752519505502
0.005295302366407079
0.0026499437508222235
4.282825769051441E-15
0.0026382495895488503
0.005248668987354424
0.00781536335924694
0.01032277510272976
0.012755777411733999
0.013310425802716547
0.04331477112904574
0.01661829511981782
0.03757241020017765
0.022908332524255837
0.03916105057974772
0.034274559507268196
0.026205852588130286
0.027389490616296506
0.045676435838376335
0.03540670122321026
0.04014608956875952
0.043199785753325115
0.06363402161998691
0.04566208936387067
0.0643487220052082
0.043724489195308136
0.038287962672365554
0.03415282160388322
0.04765161261230626
0.029498342040178704
0.02887277328666827
0.03135303613413781
0.03043802774583944
0.013361744627504741
0.030820044755850217
0.014290388133582167
0.03280966567288135
0.01978542445359592
0.011984803983153887
0.009658584444414937
0.007282136745878394
0.0048702480844821745
0.002437864729541938
8.503780588401502E-16
0.0024283578107900973
0.004832337001506858
0.0071972729647187235
0.009508797076704068
0.01175292343994023
0.014410660876437435
0.00926886319686083
0.024505029440955076
0.02109613368501934
0.038199345992085035
0.03160256606348028
0.02064691585272694
0.04235916940634886
0.04311196739275913
0.027532853651725482
0.030497056789104634
0.028075031687930355
0.04443437119772087
0.03444655041897256
0.05304627321312995
0.033018235251488615
0.041550262530923435
0.027603525613584465
0.027999820074511114
0.024714003618679543
0.04010282652648343
0.038874154423040215
0.02271843037871352
0.03138452063139797
0.04243113762235789
0.025169238940041527
0.025680997294801684
0.01697640373493402
0.015435876712797444
0.011121676278223374
0.008964995797927611
0.006760710998605117
0.004522527309871801
0.0022643102517705656
3.816733057613465E-15
0.0022564742107693495
0.004491279322583466
0.006690762809973628
0.008841535644208622
0.010930553364364624
0.029095467171207257
0.008019973066627094
0.008843947191950795
0.013497175568274374
0.009336516508599275
0.012730419407510338
0.030646940916573523
0.025208625433647255
0.02598173368701657
0.023142562459938554
0.035128117042473254
0.034375551033301095
0.023282011804667584
0.03393529801749651
0.01904444193046035
0.03333320091360983
0.023636362117461833
0.03450715145316058
0.035544394349110255
0.020864957595708278
0.02447917825270826
0.023381647783502348
0.02624395917818593
0.013901564865647665
0.009911276651828985
0.009483477485412646
0.00727130566220268
0.0058718063690115395
0.029983891679142893
0.01040736837305846
0.008390836793711477
0.006328951709567824
0.004234523600867776
0.0021205228934418957
8.208308736939179E-15
0.0021139948823760157
0.004208491728068503
0.006270679904201184
0.008287986175758195
0.010248151021481728
0.014397450072239169
0.032958638753738785
0.02382912433148633
0.02519508230978688
0.030650186173959978
0.02838705743165717
0.027605500668395896
0.024794238997333493
0.02586295103233324
0.03981500502290507
0.029016365952093726
0.020983075794902446
0.049362511808834775
0.03812307363250376
0.026189140043945517
0.03807074753985866
0.04972159396650715
0.019090886531102226
0.02727021858649562
0.03887049879094643
0.027543034140055815
0.026819140795329186
0.02922970276273005
0.02611229209389069
0.021033110583969717
0.02420599562714934
0.021827086332768125
0.03374035564172378
0.011712306404143015
0.009810470346240925
0.007910951711352294
0.005968010510536447
0.003993709529254335
0.0020002707528348454
2.641972999747116E-15
0.0019947887508698268
0.003971848879041632
0.005919076020941378
0.007824581895458505
0.009676766606715024
0.02449884445836933
0.008511657519458355
0.01651454283556707
0.021101013161027336
0.023115915003131145
0.01620753773621876
0.011647889712873812
0.024794946623852607
0.025429697953151684
0.017418969550474853
0.024588165026787033
0.03708819805981103
0.005550068040981712
0.02282840883279559
0.0453659195141627
0.02332715343672223
0.005034337290428835
0.03775383811680188
0.025442524276223535
0.019908649785155833
0.02354479762700888
0.02257212289096342
0.012909202510208845
0.018039506338666255
0.028236173547720435
0.025546006082120168
0.01970457497032463
0.007501350656432096
0.019308380825135616
0.009308114012792834
0.007507015135158009
0.005664148820684537
0.0037909485941308653
0.001899006177585428
1.089284585192129E-15
0.001894376650473652
0.00377248739070621
0.005622823984444111
0.007434076627062952
0.009195202845307098
0.009731244011414593
0.023861348874864845
0.013042135285318512
0.027932448499768996
0.011083618523991833
0.019386461031941367
0.020683066651030885
0.021330155188377924
0.02210476097863289
0.01674836680348603
0.022671216190224178
0.011495834304607338
0.03156119378885627
0.02232884133672219
0.010545242175086011
0.022353764593667422
0.029959228506762206
0.01150617251912229
0.022041723441071064
0.015195480465863088
0.020845251781767816
0.019863028443065412
0.016101071185153158
0.019022399353367872
0.014276886238143183
0.027191239329330784
0.007529550739659797
0.018520783375004343
0.012457651439974739
0.008883293100556506
0.007165392548760692
0.00540713994644893
0.0036194365538992634
0.0018133407843666884
3.689404975435908E-15
0.0018094180900337293
0.00360379400824554
0.005372124644473112
0.007103590532069148
0.00878762185459693
0.010703581123118377
0.016376299882108272
0.02100423326296476
0.014431658523085682
0.02710525026241787
0.032442829896880146
0.025926110811994113
0.02132406705366463
0.02219946864194429
0.02702825066971865
0.02247385167253881
0.02717163545285252
0.02520766512127516
0.03335465680228008
0.01855160747774385
0.03264454443067589
0.02553846719596759
0.025894240339702182
0.02169275416975217
0.025376415659127176
0.022163332594287575
0.02129499294542894
0.026362189208824934
0.035827522714239855
0.022814370128793823
0.0034041554123926568
0.02116085464083802
0.01971416172729979
0.008865308818877843
0.008523137976573348
0.006875761877448279
0.005189238702475513
0.0034740182182258807
0.0017407063958177766
3.692099188086925E-15
0.0017373792535277282
0.0034607505683615725
0.00515953956148776
0.006823342980651889
0.00844199224994965
0.016811581688109936
0.013901546637064655
0.014820472130814381
0.03115367085139416
0.017232996638421535
0.01772205244001039
0.016756234636623787
0.017750896627087804
0.018597258879525336
0.019714557942115452
0.021565428728571808
0.022936344184694115
0.023079061994437478
0.023824430004620447
0.04231505887372955
0.02426756935402258
0.023781625560897086
0.022615943227937904
0.021265607792893743
0.02013566138555504
0.0188215551559165
0.018014142276740332
0.020546592855778173
0.012528664864030559
0.015831927183111275
0.03524872467552555
0.01947113946244658
0.011275688069553823
0.016710845403462522
0.00821777141826841
0.00663019864821224
0.005004497114990831
0.003350733407389204
0.0016791295566416405
5.618911609831583E-15
0.0016763119168617605
0.0033394975084932036
0.00497934599943148
0.006585807068191645
0.008149052303002759
0.0096927605957416
0.01679783374617776
0.019589494132105964
0.01806411842125919
0.015965018451741322
0.02807965177041169
0.011214769403249144
0.017934912333705307
0.018741706718339343
0.0206438366511699
0.020802974141620783
0.02307071706731732
0.01406823114358623
0.019797831184063627
0.03148105244074539
0.020000719675843374
0.013246828107546233
0.02395171444704929
0.020901736440675955
0.021516225353213236
0.01892149714580142
0.018154601348487058
0.007020963775771613
0.023540782228815435
0.01974075396581256
0.01750300622655215
0.01572106460951819
0.014125612209302776
0.010809185240207509
0.007959530298468433
0.006422553345579979
0.004848298416946454
0.003246507573137135
0.0016270778027953007
1.4841870532450438E-14
0.001624702545493912
0.003237035767179644
0.004827096171891929
0.0063851315451384175
0.007901600640547185
0.01160648284046258
0.009088114409293496
0.018604899490564382
0.02797810848848197
0.01858912756717873
0.022225896599443275
0.02666387014538642
0.015408677609760236
0.016091950919416335
0.014945987344044976
0.01993044381028343
0.013569143204998269
0.03258414374155353
0.016199217368170423
0.01621516969239498
0.015650513105379415
0.03249688541912914
0.013640828395222283
0.020813079993003622
0.015214208150720632
0.015076544339825252
0.014254236482744436
0.023290925858275992
0.029782392574891316
0.021783509795811735
0.019555716347423514
0.015249120016001025
0.014106556005894314
0.007161519757228809
0.007742424727151778
0.00624801851986919
0.004717032902411581
0.003158936495762146
0.0015833526258685834
1.167187127762794E-14
0.0015813671279552197
0.0031510189353949657
0.004699309784064098
0.006216737382104303
0.007694000992688071
0.013979909702494454
0.020496191436139153
0.01052099279407923
0.011772216659286197
0.025906783814171875
0.02315365998263335
0.01952692061965125
0.02261019240540547
0.023329673045634776
0.01740200540190598
0.014380872704827689
0.024187444524122546
0.01746290996451983
0.028770488858846952
0.050768654497037886
0.028706658213647103
0.018495674837722745
0.023881675914931046
0.013826680004920612
0.01511555747506961
0.022451166756983856
0.021585369745673565
0.024750375079071914
0.021273676102095896
0.022981103785870698
0.019111307942353536
0.016012460173625145
0.023876294354237305
0.01586748019801271
0.007561755518892931
0.006102822496020758
0.004607868489192246
0.003086133828988851
0.0015470136525554767
1.7072497240422739E-15
0.0015453766227179044
0.0030796058553017184
0.004593255909151559
0.006077031449699955
0.00752183058031296
0.0034133214673106047
0.019437799649759675
0.015059630709977909
0.020065848761861516
0.027380185029186318
0.02956912601009612
0.0025705708834443002
0.0167775394248182
0.017758420253382198
0.027420829402179197
0.023460050811136435
0.02288515219521723
0.020165199562226788
0.02018369328914469
0.023391062817277722
0.02048970200180476
0.018897816291246247
0.0220168130337539
0.02148061542645925
0.028093621669615487
0.020870050709607284
0.020409432990464178
9.65241512025158E-4
0.023681788693866494
0.028117093138301484
0.022352574553374947
0.01588694056007049
0.01696207033471597
0.006804283433798826
0.007413839913161572
0.005984009696896758
0.004518586115967037
0.0030266216949608716
0.0015173242190199693
5.639157048108555E-15
0.001516003412998264
0.0030213547264714958
0.0045067962456089555
0.005963200715936027
0.0073816273150946665
0.01741479392894568
0.0204844589830889
0.021838889713491037
0.022742945569415147
0.007605323547255023
0.014151290764031689
0.02690664686201531
0.008762813499470978
0.009205551549621884
0.01309973250943325
0.025669990798369305
0.02467919837707076
0.034470136987557784
0.01727981488129828
0.009585890559342086
0.01717807202438273
0.034859986619037886
0.02583714644681014
0.028170947164933166
0.014621765313115072
0.008334868331899434
0.007871883635795602
0.021869406568782862
0.016691345171606562
0.004004311946881027
0.016785964302279032
0.01885810016722304
0.014652907222991809
0.016517567329088375
0.007295813132390249
0.005889281682082165
0.004447460615540057
0.002979251493699901
0.0014937119704613697
1.0131744367597109E-14
0.0014926825330964012
0.0029751464147022466
0.004438271585385078
0.005873063161198027
0.007270706647691412
0.010994741269345855
0.009909715970557773
0.012754184427919556
0.017876511083319353
0.017584775750900745
0.010842125521772076
0.017548655626897974
0.027614251380670925
0.02811599059944214
0.014445975722274962
0.0075615237500925225
0.008318317678207588
0.0076457282166556865
0.017103529300678683
0.016491384402527072
0.01686162779365852
0.008816340363395962
0.008627709780486631
0.007666988251951627
0.014572547435663826
0.02477532759418269
0.0237198328958612
0.02259093432165394
0.01198920801318082
0.010772359788987274
0.01834448551571406
0.01380431749748678
0.01358950067484635
0.011772533730574856
0.007205484406084199
0.005816881820243095
0.004393174290413116
0.002943146454462622
0.0014757402795273324
1.132076938481694E-15
0.001474983544636008
0.0029401288293778873
0.004386419477506316
0.005804959666119789
0.007187028762769003
0.011965936374019562
0.006579701509558863
0.006183162725783556
0.007658099167189898
0.028894634610542973
0.014399574326148214
0.006997277712857681
0.018932858223655247
0.0200948782806102
0.028917522651942626
0.01837731919581186
0.020342446596918407
0.01766654249970227
0.03188701853804409
0.03978780582523549
0.03206533334580344
0.01575195166744578
0.01806803008036908
0.014404233521829232
0.027795762945250626
0.025311352189387702
0.025010187107131675
0.00653599453686349
0.011365222487003787
0.036384179081478146
0.010939239018316184
0.004781296188259612
0.008405916589286706
0.009005024470973542
0.007141233191063996
0.00576551218642316
0.004354754658455316
0.002917660267537609
0.0014630876723659386
1.1040434075150774E-14
0.0014625903074105145
0.0029156769298907836
0.0043503150505579844
0.005757676340103199
0.007129103207224101
0.011406873824737337
0.020875073565118814
0.020415271503890723
0.02115269384046974
0.016052981247894213
0.021950999300495235
0.02546460868071365
0.0034437310845695317
0.0033166413768802596
0.016518838758750792
0.034117246223787034
0.029953502289220526
0.03431862636791297
0.008058280616197911
0.016825326121449907
0.008985469471925694
0.03476918861887598
0.03100665560753224
0.03540573256474181
0.017046642958109526
0.0030753325657249383
0.0033669641567524197
0.02308842218715791
0.022948597672442835
0.014579834762130383
0.019742677990051513
0.020276362390751597
0.019983892035963628
0.010575369985056975
0.0071019360191619686
0.005734275035352474
0.004331530647312465
0.00290234800185505
0.0014555333780372267
6.422830409290351E-15
0.001455286797793337
0.002901364716152215
0.004329329608807911
0.00573039023352621
0.007095922300633493
0.006894316360420486
0.01017499118691629
0.010005215872961144
0.013621562466743687
0.031274963359742475
0.011764591568298717
0.01253197688614896
0.02827318313946491
0.028612089159351064
0.02076444741952656
0.005391055769266542
0.012988340829529408
0.011421104096201753
0.03448284526107309
0.02313029024193721
0.03453181007263463
0.012897659494860004
0.014530320710935577
0.00896032786065642
0.023151002031461452
0.02347496556540895
0.022290397197755406
0.015813699607920683
0.014767482903579734
0.021246596772602187
0.014568163551548958
0.013083244935315513
0.012424584128666238
0.008085634652627018
0.007086917623864532
0.005722633777821353
0.004323103446453772
0.0028969467941687348
0.0014529477539627655
