1.0
0.9989725854527299
0.995894139718447
0.990776039814691
0.9836371918337685
0.9745039478168511
0.963409989935276
0.9503961825331824
0.9355103927392286
0.9188072805050693
0.9003480590739817
0.8802002270235783
0.8584372731615432
0.8351383556816387
0.7550159973868544
0.6644574585361189
0.6189105972640235
0.6089165941650055
0.5978463990726717
0.5763152466259508
0.5448405767948211
0.5128710406137253
0.471325489128982
0.419739790507561
0.3678036747239019
0.351822715532836
0.38152356580456714
0.4021830558279336
0.36798471756719875
0.33395382007963637
0.3002006862750954
0.2668332813211873
0.23395677675898305
0.20167312991975306
0.17008068053330955
0.13927376632762697
0.10934235931995485
0.08037172439209726
0.052442101627436254
0.025628413765296933
0.0
0.024379622781927287
0.04745297037168238
0.0691687724034879
0.08948212364992565
0.10835460493099737
0.12575437327165573
0.14165622109465464
0.1560416043881075
0.16889863993921153
0.18022207187652928
0.19001320791218032
0.19827982582151682
0.20503605084075016
0.2633531468029834
0.3277174869837747
0.34473167634134483
0.32754483060947565
0.3097997378488424
0.30141687677654944
0.3001139973413831
0.2939404071982323
0.29458471415951254
0.3046833264090365
0.3145956520678135
0.29229981432941243
0.22402654966022092
0.1622888435183257
0.15172847667181696
0.14055159595840222
0.12883908052317325
0.11667245240793697
0.10413347464621629
0.0913037533794377
0.07826434592779985
0.06509537670314793
0.05187566279556141
0.03868235100081228
0.025590567982649685
0.012673085182488136
1.8586331960389763E-16
0.012361565328205126
0.024347745827528633
0.03589819564672823
0.04695632858088927
0.0574695362745667
0.06738938324713147
0.07667177800935181
0.08527711967004818
0.09317041956355203
0.1003213975620861
0.10670455287113882
0.11229920923996595
0.11708953465262231
0.07444357148807858
0.032750141331157764
0.021818147389167493
0.03645041963153527
0.05825690524908723
0.05881264715603351
0.062195112254738956
0.05720885074658767
0.05574709064949351
0.03236907863359601
0.01831241847818607
0.02869381160055697
0.06327659536130298
0.10187006638129431
0.09577043133222561
0.08919691902778068
0.08219714680739795
0.0748203543015487
0.06711710121238203
0.059138962311213406
0.05093822132600429
0.042567565380627864
0.034079781627451886
0.025527457685862828
0.016962687462071448
0.0084367838800328
7.189533445283414E-16
0.008298740059596183
0.01641209904919173
0.024294572090917788
0.03190271856496248
0.03919537927375657
0.04613387787015437
0.052682205632238716
0.05880718876800643
0.06447863753738942
0.06966947658610863
0.07435585599533752
0.0785172426622935
0.082136491739066
0.12701471982631388
0.17220329795666361
0.17302143180363136
0.1591087690848917
0.14847127504700194
0.1530687297540834
0.1617261475269119
0.15101586158145913
0.1436666795642679
0.1514548929915087
0.162458193101065
0.16153843442260418
0.11785002364770844
0.07441703225767211
0.07013989843314568
0.06548986096701234
0.06049987700365024
0.05520449656085579
0.04963964052493545
0.043842373363554954
0.037850671909972704
0.03170319158088184
0.025439031390899928
0.019097499119955196
0.01271787797544078
0.006339196069147145
3.713620826124326E-16
0.006261866202463725
0.012409475561785519
0.01840702490262425
0.024220032755730293
0.02981552737365566
0.03516222387760978
0.04023068962729713
0.04499349698177975
0.04942536269936596
0.05350327330829012
0.057206595866655156
0.060517173619378445
0.06341940615120002
0.03807294012544694
0.0254113632377093
0.018095821188237098
0.028906908650133647
0.04789125486225029
0.03796005376764294
0.05387616502178541
0.0378959436926943
0.048336281771884954
0.030617242735670937
0.020037600616550466
0.02484491086504073
0.03670150092394744
0.058776258308673536
0.05547984723424866
0.051877279022177814
0.04799358665120037
0.04385524009181625
0.03948997423526616
0.03492661100534985
0.030194876749065624
0.02532521601994554
0.02034860287924174
0.015296350844886425
0.010199922616159757
0.005090740693764149
1.0595375825839043E-15
0.005041516417228304
0.010003617540090432
0.014856879372912064
0.019572813786123057
0.024124030271786043
0.02848438971977336
0.03262914937775051
0.036535098216766856
0.04018068198682669
0.04354611731320103
0.046613494253767714
0.049366866810154175
0.05179233096025211
0.07918333848493095
0.10078433328510304
0.08346143630885433
0.07564130249416061
0.06864763665172785
0.08873172907441267
0.10442171921812939
0.08748111436711115
0.0653986844562563
0.07095137560736964
0.07634782866609079
0.09361897734002327
0.07379795060976767
0.048704480630812834
0.046017388331818225
0.043070478637465714
0.03988390194163692
0.03647909300014363
0.03287863137833149
0.02910609616760506
0.025185915879488326
0.021143214447611455
0.0170036542840837
0.012793277347067736
0.008538345181072113
0.00426517889045583
7.183889591875016E-16
0.004231226855952134
0.008402948491871844
0.012490174076164548
0.01646862151045305
0.0203148584435451
0.02400643711855257
0.027522022293951235
0.0308415115259689
0.033946147150062056
0.03681861935330035
0.039443159786786815
0.04180562522719312
0.04389357085926443
0.03352532379222215
0.024196207071687483
0.04564420184683705
0.05559869393382771
0.06135749224733452
0.037951865628609076
0.05257535622939563
0.03798232792998365
0.06209786263219582
0.05737439571378873
0.048364843533975764
0.025037412511723058
0.033342949591750534
0.0416999612559724
0.03942636457364647
0.0369266738683409
0.034217760463380494
0.03131765050089814
0.02824540780962712
0.025021011314591796
0.021665227760587918
0.01819948054447487
0.014645715469341073
0.011026264246838885
0.007363706582084013
0.003680731678742969
7.057379663919046E-16
0.0036559938856942716
0.007265056556972227
0.010805428289309166
0.01425591212285149
0.017595998694535677
0.020805986110944124
0.023867094172386295
0.026761572296945715
0.02947280053486753
0.03198538310894058
0.03428523396467424
0.03635965386519383
0.03819739861925849
0.048640571431827484
0.05402220792751324
0.031923442133090854
0.03651811108704151
0.019867890554111322
0.05048668908670494
0.06342398956347964
0.04984183208526181
0.01869561795650514
0.03569608593352462
0.029632995914854264
0.05001615033210083
0.04511440714799928
0.0365650234413942
0.034589224142182746
0.032412810856047025
0.030050316655057398
0.027517322639368708
0.02483035701418454
0.02200678902194984
0.019064718399568557
0.01602286105365502
0.01290043166565487
0.009717023953106717
0.006492489323495621
0.003246814662535091
2.051826432597245E-16
0.0032280632073139696
0.006417712443588202
0.009549632433255724
0.01260497066822396
0.015565449480291593
0.018413474000505338
0.021132235375583053
0.023705808643462643
0.026119244705548578
0.02835865587171144
0.03041129449570873
0.0322656242629432
0.033911383739059886
0.033029640169305347
0.03324802122813568
0.06328001806885385
0.06906374727774969
0.07114700641239592
0.03781357126380142
0.04408611487026925
0.03774737505176348
0.07124323785053738
0.06905892644708646
0.0636649598979214
0.03422938315792003
0.03302170558498515
0.032654443927109936
0.03090243173086082
0.028969629458262442
0.026868828375114572
0.024613779935094872
0.022219107024005105
0.019700210362088105
0.01707317065595215
0.014354647114388431
0.011561772961432518
0.00871204859493774
0.005823233049989526
0.0029132344336056616
7.166901606995406E-16
0.002898593465299666
0.005764848289298357
0.008581352929303607
0.011331086723561562
0.013997521750359438
0.016564721191941297
0.019017433623294437
0.021341182673568826
0.023522351538321325
0.025548261854454128
0.027407246486222083
0.02908871580949573
0.030583217122952824
0.030930411183194256
0.0333017704034673
0.026149250538574358
0.03455370116869652
0.0212730218333131
0.03476634634423531
0.036522025264631094
0.03457853392485639
0.02168642290777544
0.034480464714975435
0.026344227896257986
0.032159162227236734
0.029509769254390666
0.029589960921756045
0.028011524569115483
0.02626807974202459
0.024371076804361687
0.022332853656682253
0.020166556388834564
0.017886055366202566
0.015505857279755043
0.013041013712291105
0.01050702679199464
0.007919752519501473
0.005295302366407794
0.0026499437508186703
1.5188614254195949E-15
0.002638249589546759
0.0052486689873560335
0.007815363359241873
0.010322775102728455
0.012755777411731633
0.015099764812139743
0.01734074013054765
0.0194653973824256
0.021461200092847244
0.023316454592683354
0.025020377865605275
0.02656315955602527
0.027936017785245394
0.032537161229640794
0.03700008189279072
0.056012543430733225
0.057996840308435056
0.06446822927768726
0.032529815082451854
0.0331260438236604
0.03235587634081213
0.06369264559536576
0.05636964416543246
0.054128472801515726
0.03681861459080328
0.032302387050633895
0.027135248424843824
0.025694737479842498
0.024102011149964568
0.022367460989531365
0.020502305557445245
0.018518518518520533
0.01642875242294215
0.014246258644899526
0.011984803983148676
0.00965858444442023
0.007282136745881537
0.0048702480844823835
0.0024378647295409187
3.1881358469854644E-15
0.002428357810789159
0.004832337001507057
0.0071972729647179
0.009508797076711822
0.011752923439938431
0.01391613295762175
0.015985454238321466
0.01794854084947728
0.019793744462760055
0.021510183461024446
0.023087806605617846
0.024517451394459804
0.02579089677497424
0.026429120906685116
0.02660789592974993
0.0266043716736602
0.03129803310637872
0.022612532142779328
0.03048312926031646
0.03286756585149301
0.030427303104400876
0.022390454673978755
0.03108041600742413
0.02672708012068212
0.02580842042467747
0.02643692803124907
0.025135146105057248
0.02380630979895261
0.02233577778846473
0.020733088768745033
0.01900855764427278
0.0171732096400414
0.015238710305111387
0.013217291849712992
0.011121676278227285
0.008964995797928747
0.0067607109986039205
0.004522527309870024
0.002264310251769723
7.713140996126645E-16
0.0022564742107767724
0.004491279322590985
0.006690762809974589
0.008841535644208608
0.010930553364364885
0.012945194766962088
0.014873337741864912
0.016703431801372102
0.018424566870800598
0.02002653793330757
0.02149990514810527
0.022836049090250526
0.02402722079094992
0.02970843944983305
0.03341672317765026
0.032627697698400064
0.03258718143118192
0.04427167936293629
0.027926019555837133
0.022984217562214714
0.027924998748240448
0.04314355795628599
0.030643399812298244
0.03009073473773312
0.03287502607758449
0.0290203648666072
0.02348365876874065
0.022246578963335442
0.020876550878772285
0.0193824153671298
0.017773746605170254
0.016060791128661298
0.014254402945590688
0.012365975136844043
0.010407368373055847
0.008390836793717566
0.006328951709567005
0.0042345236008705855
0.0021205228934417734
2.3265707009864364E-15
0.002113994882375887
0.004208491728062955
0.006270679904201706
0.008287986175753376
0.010248151021480714
0.012139302799505834
0.013950029315997856
0.015669446367281025
0.01728726284573269
0.018793842021818465
0.020180258639177082
0.021438351486313713
0.022560771136898278
0.0267838604606984
0.019306817670417146
0.03171100015709256
0.03249742474897517
0.0203084514726607
0.029216385342337184
0.041408666249995
0.029199936519414507
0.020497958951844412
0.032855704745986536
0.032548640513347465
0.01834516045419819
0.02671518478792566
0.022105999136026493
0.020945174511593955
0.019658737610335895
0.018254951168102315
0.01674277486948804
0.015131808464323219
0.013432231125050428
0.011654737426120516
0.009810470346242857
0.007910951711349895
0.0059680105105357276
0.003993709529245168
0.0020002707528266983
1.0168562593831615E-15
0.001994788750870523
0.0039718488790474364
0.005919076020935156
0.00782458189546378
0.009676766606713834
0.011464388985828265
0.013176634547164954
0.014803180649464644
0.01633425847110667
0.017760711428656623
0.019074049690993976
0.020266500465846944
0.021331053762262055
0.024202754368807883
0.03091807348813873
0.011677499700008266
0.013694236031133376
0.025681843028953936
0.032058254590279896
0.014299094172415087
0.03221544646061763
0.025133175658199083
0.013230564120564437
0.010540685402856556
0.030920822472389583
0.0232892678271999
0.020947975676330725
0.01985107461827156
0.018634751619661587
0.017306785855206386
0.01587562249804358
0.014350319253918236
0.012740489276204336
0.011056240820023731
0.009308114012787704
0.007507015135160276
0.005664148820683863
0.0037909485941270606
0.0018990061775903528
3.698973386773629E-15
0.0018943766504770328
0.0037724873907052127
0.005622823984444418
0.007434076627062968
0.009195202845305204
0.01089549459369006
0.012524643141229365
0.014072801356566113
0.015530643016464098
0.01688941878175896
0.018141008505863192
0.019277969564482564
0.020293580919803246
0.024993783059332374
0.012751345249026684
0.03835304094882385
0.035518176993947756
0.028063500202264016
0.027708393017232564
0.04562083140292393
0.027627015958108757
0.028496941479424047
0.03542776466886679
0.03861450409198925
0.012180957417094731
0.024467571120653737
0.019969445908411643
0.018926465904998194
0.017769308106984287
0.0165053442860249
0.01514258584454891
0.013689633232424272
0.012155621864996753
0.01055016488139141
0.008883293100555202
0.007165392548762766
0.005407139946452017
0.003619436553899015
0.001813340784370024
2.4130252415421163E-15
0.001809418090029626
0.003603794008246582
0.005372124644470051
0.007103590532063585
0.008787621854597957
0.010413962781400131
0.011972733741572284
0.013454491259359911
0.014850284989619478
0.01615171160994012
0.01735096524590267
0.018440884127873952
0.019414993201403715
0.01916759741344725
0.031221834243556824
0.009499884569294414
0.015145942193601544
0.021614889336051595
0.036273622216635416
0.00589098354197221
0.03629241289915409
0.021594476934513555
0.015455344660492152
0.009718203505581993
0.031113621547823617
0.018806290375715618
0.019140129092511785
0.018142812882803488
0.017035768917316767
0.015826024000832797
0.01452122212282188
0.013129576318164549
0.011659817132505187
0.010121138014666456
0.008523137976576521
0.006875761877448385
0.005189238702476755
0.0034740182182259284
0.0017407063958144865
5.6444403090008996E-15
0.001737379253521855
0.003460750568358517
0.005159539561486615
0.0068233429806532405
0.008441992249954363
0.010005615456474415
0.011504697400992754
0.012930137348571383
0.014273304129172716
0.015526088255909785
0.016680950746741977
0.017730968356765645
0.018669874950324405
0.02067713861569588
0.010125826669424059
0.03693060877116445
0.029714070283396597
0.03387743304072077
0.02209670163604566
0.04193866583808102
0.021906196147956476
0.03399463147948423
0.02895048984767113
0.03638098663467205
0.010185179069495516
0.019929968416596847
0.0184368445611145
0.01747826378800352
0.016413728601428836
0.015249972865768827
0.013994328584080062
0.012654679837935041
0.011239413419893592
0.00975736646651291
0.008217771418264158
0.006630198648213467
0.005004497114995798
0.0033507334073902225
0.0016791295566411435
1.859962654794269E-15
0.0016763119168737176
0.003339497508487831
0.004979345999414263
0.006585807068179458
0.008149052303020786
0.009659535194492032
0.011108049299681485
0.01248578422425508
0.01378437908291216
0.014995973114481543
0.016113253146071205
0.017129497620320507
0.018038616921339127
0.019554441864972204
0.027965414678336714
0.01027983088984111
0.018851831512750737
0.018673439062161738
0.03308804981049893
0.004818172805874273
0.03291622546359597
0.018339073148875448
0.01915747831739988
0.010284002268383602
0.02715791351878944
0.020081622255704087
0.017841642080433
0.01691589328892733
0.01588737822922177
0.014762581844749644
0.013548571158449435
0.012252950983888107
0.010883816402482508
0.009449702303208877
0.007959530298468328
0.006422553345605313
0.004848298416961856
0.0032465075731377864
0.0016270778027948059
2.148061502939319E-15
0.0016247025454899993
0.0032370357671766587
0.004827096171892465
0.0063851315451533535
0.007901600640544246
0.009367231488445184
0.010773077968525951
0.012110574301536043
0.01337158712925892
0.014548464866399114
0.015634084025900233
0.016621892237569717
0.017505947700954195
0.015770958554514432
0.013939117496663097
0.03038061185316925
0.019006720677888434
0.03442541645914614
0.015734303804192013
0.0318979777469249
0.015677104065759284
0.03441625072722799
0.018342906567978164
0.029737573441297023
0.014873092792577354
0.015088233311273541
0.0173405077760244
0.01644248555706085
0.015444371757689621
0.014352440193510783
0.013173533359925443
0.011915019650556495
0.010584747402743502
0.009190996056050124
0.007742424727154535
0.006248018519876655
0.004717032902415644
0.003158936495762803
0.0015833526258727721
4.479087339956098E-15
0.0015813671279525272
0.003151018935386103
0.004699309784056478
0.006216737382104318
0.00769400099268958
0.009122058333470908
0.010492180819405056
0.01179600681201794
0.013025592550940693
0.014173460457966669
0.015232644520590755
0.016196732480060157
0.01705990456893727
0.023607011288691693
0.019695437129920775
0.01122275498696939
0.02348105633428211
0.00953956991835412
0.02442897635437827
0.014490039827636763
0.024193830994294296
0.009019064519208761
0.023810828392230077
0.011404804073132076
0.018478545508580295
0.024153593737532765
0.01692245181841269
0.016047675986885935
0.01507502617165323
0.014010597974015554
0.012861044675941413
0.011633535736638225
0.010335712165390549
0.008975639047644795
0.007561755518893199
0.006102822496015468
0.004607868489191039
0.0030861338289808896
0.0015470136525583596
4.317830147479502E-15
0.001545376622717072
0.0030796058552992225
0.0045932559091534635
0.006077031449698389
0.007521830580309715
0.00891880057912666
0.010259392048026434
0.011535411143220419
0.012739069568689247
0.013863032028240692
0.014900460847374527
0.01584505749412293
0.016691100747080908
0.011682274598603088
0.022034028684939335
0.025336824284139706
0.014768548877641277
0.03488621361560795
0.018994586407585386
0.019976173098167096
0.019161113508208243
0.034929878006634635
0.014814498942102959
0.025003079487111536
0.022957264465399117
0.011179730973845366
0.01657885584872884
0.015723337082128412
0.014771748995778714
0.01373003804923401
0.012604699581218433
0.011402737382909282
0.010131620185260877
0.008799235330315607
0.007413839913162556
0.005984009696891549
0.004518586115967553
0.0030266216949482202
0.0015173242190173735
3.1538375614845897E-15
0.001516003413001562
0.0030213547264760264
0.004506796245604216
0.005963200715943792
0.007381627315090925
0.008753376451604896
0.010070043035633362
0.011323567895694902
0.0125062870276076
0.013610978374999685
0.014630905856400115
0.015559860370931955
0.01639219753331678
0.02582515365463041
0.010487148543857863
0.012939796511179467
0.026115842967066275
0.003219262101897665
0.01624673144041007
0.02295025323939701
0.016093133970247007
0.00340412593801998
0.026129060057481415
0.01310328893705217
0.009614481445810386
0.025814938723552432
0.01630300148683184
0.015463134670327573
0.014528624515092247
0.013505294387046242
0.012399509771530046
0.011218138743395651
0.009968509378500945
0.008658364370330709
0.007295813132386626
0.005889281682092765
0.004447460615539733
0.0029792514937054975
0.0014937119704656367
5.59939293472787E-15
0.001492682533103793
0.002975146414707098
0.004438271585383455
0.005873063161205541
0.007270706647693426
0.008622622008381556
0.009920516256842227
0.011156434250423938
0.012322807374819
0.013412499822262168
0.014418852180572206
0.015335722067300635
0.01615752156148535
0.00939867389553965
0.0270654760944002
0.022928463312672353
0.0165152959555619
0.03439445050596397
0.02415589309567635
0.015516722877546152
0.02421179946433161
0.03424371167161084
0.01666062628473136
0.022771552156389846
0.027232425276175677
0.009382496857817583
0.0160897282305881
0.01526220590133425
0.01434111354308523
0.013332175107199412
0.012241651830630168
0.011076303439812458
0.009843346313627597
0.008550408863454663
0.0072054844060926194
0.005816881820235716
0.0043931742904207
0.0029431464544605293
0.0014757402795366732
6.176354846398443E-15
0.0014749835446483822
0.002940128829368676
0.004386419477506991
0.005804959666126905
0.007187028762769384
0.008524134858661738
0.009808066870152345
0.011030944889170557
0.012185268474427725
0.013263962587799268
0.014260420895058395
0.015168546166196301
0.015982787528707538
0.02393675431034982
0.00886035281126925
0.015263356113532744
0.024476973174207047
0.009187545237785552
0.013102714634080895
0.027693924171083763
0.01311422362848351
0.00953024085792001
0.02424117585643291
0.015604451157769577
0.00956839746721618
0.02331036813292763
0.015935186300047977
0.015116926671637207
0.014205836626892997
0.013207562550507172
0.012128285123688468
0.01097468111294489
0.009753882124998134
0.008473430582415235
0.007141233191075641
0.0057655121864219
0.004354754658462134
0.0029176602675247887
0.0014630876723614066
7.481408826622144E-16
0.0014625903074003165
0.002915676929889271
0.004350315050559368
0.005757676340100039
0.007129103207218756
0.008456161982296638
0.009730694707847636
0.010944869218249761
0.012091227201862767
0.013162729950767633
0.01415280151809068
0.015055369018599383
0.01586489982590938
0.011643438035397025
0.02523913518730988
0.021566485184316437
0.018351743719846377
0.028339870960666293
0.022895119920277672
0.02161679039140615
0.02278156765326895
0.02788585950819264
0.018503125936885995
0.021415108643948317
0.02454450561682739
0.012403993098110714
0.015836661327484725
0.015024746775897732
0.014120420498240032
0.013129271780953196
0.01205742301399927
0.01091149192541304
0.00969855077960379
0.008426082790696066
0.007101936019155659
0.005734275035344805
0.00433153064731537
0.002902348001855256
0.0014555333780347643
2.581885650199509E-15
0.0014552867977867432
0.002901364716142523
0.004329329608796841
0.0057303902335248185
0.0070959223006251005
0.008417521487005048
0.009687055090151324
0.010896712005368302
0.012039050719146556
0.013107045024552106
0.014094127177917002
0.01499422823228451
0.01580181530014977
0.018591004416066346
0.016713827939850337
0.01895113581511538
0.021120954509936875
0.017641067544554127
0.016797948574247427
0.027174228975041667
0.016951560880702193
0.01815111534027553
0.020884642557573305
0.019285452366330485
0.01782377370788737
0.01763131994037373
0.015792455509406285
0.014984078339834792
0.01408339433279035
0.013095955155910376
0.01202784616458036
0.010885648950794094
0.009676400843693853
0.008407551610461491
0.007086917623864025
0.0057226337778102385
0.004323103446451161
0.0028969467941655077
0.0014529477539625669
