1.0
0.9989725854527269
0.995894139718445
0.9907760398146888
0.9836371918337662
0.9745039478168512
0.9634099899352755
0.9503961825331785
0.9355103927392266
0.918807280505068
0.9003480590739801
0.8802002270235764
0.8030070390237853
0.7339296912351121
0.6729009609004898
0.6475004766646166
0.5842107534145248
0.5640221069995096
0.5434064365051349
0.5763221096915095
0.5629335569904311
0.5128846425958701
0.41742684051230666
0.37600832591184996
0.33624961521844865
0.33758770549686734
0.30238541714381845
0.3031862951757764
0.313143324484913
0.3339538200796359
0.3002006862750954
0.2668332813211873
0.2339567767589828
0.2016731299197531
0.17008068053330977
0.139273766327627
0.10934235931995426
0.080371724392097
0.052442101627436295
0.02562841376529705
0.0
0.024379622781927256
0.047452970371682515
0.06916877240348779
0.08948212364992572
0.10835460493099748
0.12575437327165545
0.14165622109465442
0.15604160438810727
0.16889863993921267
0.18022207187652886
0.1900132079121806
0.2518319139274747
0.2975103021889459
0.32980628917565685
0.3265419793982792
0.3599963546356752
0.3594503109057328
0.3540080188172634
0.3022854218155409
0.284323443037439
0.29488084568321
0.3372799662045552
0.3336825650442705
0.3240591991804234
0.2841100752694951
0.2828780954567547
0.24964530362840687
0.20397865373050572
0.14055159595840153
0.12883908052317272
0.11667245240793671
0.10413347464621657
0.09130375337943715
0.07826434592779964
0.06509537670314763
0.05187566279556157
0.03868235100081218
0.025590567982649453
0.012673085182488292
3.1105927653975004E-16
0.01236156532820541
0.0243477458275283
0.03589819564672796
0.046956328580888614
0.057469536274565726
0.06738938324713084
0.07667177800935177
0.0852771196700476
0.09317041956355175
0.10032139756208577
0.10670455287113928
0.06601455333954231
0.05281229609989128
0.04010852578748502
0.05532723077807231
0.06356410889714968
0.02800135915951531
0.030967630325702145
0.06513629076756944
0.06377347544101274
0.06389367518939493
0.03034880016109539
0.027004318414292672
0.06335589971435243
0.05508751461433916
0.03844872093171541
0.048325996326273137
0.05340403912568019
0.08919691902778153
0.08219714680739919
0.07482035430154878
0.06711710121238279
0.05913896231121427
0.050938221326004396
0.04256756538062784
0.03407978162745221
0.025527457685862592
0.016962687462071493
0.008436783880032063
1.070215013331315E-15
0.008298740059596457
0.016412099049192337
0.02429457209091765
0.03190271856496218
0.039195379273756194
0.04613387787015473
0.05268220563223861
0.058807188768006655
0.0644786375373894
0.0696694765861089
0.07435585599533717
0.12318991702685725
0.1376255290369306
0.13390474936915092
0.11229568437766317
0.1253727887865578
0.14745928709194903
0.15667854719609545
0.15875875956300337
0.15500221264563646
0.1568585219596314
0.1502527245251416
0.1372693652992802
0.11024613113504705
0.09744592101627036
0.11654739530920871
0.12275784577348167
0.11245842277185358
0.06548986096701226
0.060499877003649886
0.05520449656085578
0.04963964052493587
0.043842373363555384
0.037850671909972176
0.031703191580881314
0.025439031390899463
0.01909749911995607
0.012717877975441228
0.006339196069147328
1.2439352385858841E-15
0.006261866202464202
0.012409475561786058
0.018407024902624625
0.02422003275572994
0.029815527373656184
0.03516222387760963
0.04023068962729748
0.04499349698177924
0.04942536269936591
0.05350327330828994
0.05720659586665543
0.036836245196440395
0.047659298880247294
0.0512350404791164
0.08065525146653087
0.07398116962705109
0.05675000610955584
0.05150507243845097
0.053572406290827566
0.03577503060329642
0.05353175693070214
0.0530743215029477
0.06001194665401315
0.07573107005240157
0.0833949708195011
0.05322093518307275
0.04780443536835455
0.03594639639734793
0.05187727902217822
0.04799358665120105
0.04385524009181668
0.03948997423526537
0.03492661100534843
0.030194876749064428
0.025325216019944804
0.020348602879240948
0.015296350844884435
0.010199922616159665
0.005090740693764212
5.604599960106473E-16
0.005041516417228412
0.010003617540091173
0.01485687937291049
0.019572813786122793
0.024124030271786744
0.028484389719773975
0.03262914937775225
0.036535098216766836
0.04018068198682562
0.04354611731320006
0.04661349425376573
0.08122122488587616
0.07297615418106373
0.05506317543871369
0.06423109455675238
0.054989796590061986
0.06444167603959841
0.06248999731362387
0.09979494878986953
0.10942646466030787
0.09863395706016857
0.05967990704162636
0.06281718673385597
0.057263518015197995
0.06621643662434866
0.05058541407637468
0.06632057611364343
0.07513586367968488
0.043070478637466214
0.03988390194163616
0.036479093000142994
0.03287863137833287
0.02910609616760689
0.025185915879489346
0.021143214447610047
0.017003654284083892
0.012793277347068794
0.008538345181072193
0.00426517889045714
3.890033428554413E-16
0.004231226855954548
0.008402948491872694
0.012490174076164241
0.016468621510453765
0.02031485844354483
0.024006437118550907
0.027522022293951186
0.03084151152596939
0.03394614715006096
0.036818619353298866
0.039443159786786926
0.03361037472173419
0.042157940874631296
0.04627725131048714
0.07361514437373039
0.0714802260731438
0.07747005757442597
0.06782567072763214
0.04769680021325212
0.03700579066791289
0.047444555503730064
0.067560958162365
0.0765876939816161
0.06824895715679219
0.06848884932986672
0.04202821731279485
0.03935036256027646
0.03283555484967952
0.03692667386834023
0.03421776046338104
0.031317650500896695
0.028245407809628437
0.025021011314590627
0.021665227760587786
0.018199480544475205
0.014645715469340532
0.01102626424683939
0.007363706582083319
0.003680731678741911
1.077259959862439E-15
0.003655993885695726
0.0072650565569724775
0.0108054282893091
0.014255912122850647
0.01759599869453611
0.020805986110944415
0.023867094172388244
0.026761572296945688
0.029472800534867324
0.0319853831089409
0.03428523396467519
0.05502381918237609
0.05187441419522301
0.051866471651089006
0.08179473213542471
0.07280546806399417
0.05498764738320508
0.033877046954504685
0.062341017224514586
0.07882335323221691
0.0616485271697
0.033631575170889244
0.05408227411679711
0.07288732083381087
0.08385906964076317
0.05488917192349529
0.051917720045487906
0.05094745559347445
0.03241281085604681
0.03005031665505762
0.027517322639369828
0.02483035701418575
0.0220067890219487
0.019064718399568234
0.016022861053656984
0.012900431665655738
0.009717023953107166
0.006492489323495813
0.0032468146625354373
7.827607790015554E-16
0.0032280632073153136
0.006417712443588813
0.009549632433254927
0.012604970668223112
0.015565449480289355
0.01841347400050503
0.021132235375583803
0.023705808643462545
0.026119244705547367
0.028358655871708324
0.030411294495706915
0.028438294110104533
0.02166661304036176
0.018678963144702267
0.030640906250744775
0.024624487917260435
0.044003141880940136
0.04657102504854023
0.03553173139457444
0.035633398391226055
0.03520070165695817
0.044971140958465286
0.04052306205563944
0.019444819629642868
0.027956003331444493
0.017934200063352636
0.018247830780739868
0.027060083580972203
0.028969629458263726
0.026868828375117844
0.024613779935095566
0.02221910702400484
0.019700210362087203
0.01707317065595159
0.014354647114387704
0.0115617729614294
0.008712048594939419
0.0058232330499895
0.0029132344336060224
4.2969799614506757E-16
0.0028985934652993365
0.005764848289298377
0.008581352929305966
0.011331086723562143
0.0139975217503602
0.01656472119194273
0.01901743362329355
0.021341182673570252
0.023522351538322418
0.02554826185445686
0.027407246486223003
0.03865582430199144
0.0590720731992474
0.06929647072491069
0.09099620730091941
0.06526290758237324
0.045602168712835
0.04051794746730191
0.044625690340422824
0.05422925612246918
0.044427249816970514
0.04112723352602926
0.04563329097727295
0.06372688412137009
0.08984078562738017
0.06983182812164809
0.06074627074114328
0.036664761021013126
0.02626807974202276
0.02437107680436006
0.022332853656682267
0.020166556388834207
0.01788605536620361
0.01550585727975251
0.013041013712295029
0.010507026791995815
0.007919752519502096
0.005295302366408034
0.00264994375081518
2.4850940384190478E-15
0.0026382495895507646
0.005248668987355644
0.007815363359244718
0.010322775102730596
0.012755777411736583
0.015099764812136643
0.01734074013054567
0.01946539738242383
0.02146120009284632
0.02331645459268255
0.025020377865604994
0.02086279017868589
0.01512602328561109
0.020561740428252387
0.02343922823504029
0.014472636258320886
0.02368407104677748
0.018754954920396038
0.02305028406681493
0.03185511589739549
0.022776867095924157
0.017909785474563
0.02498756716167293
0.016228873731306274
0.02185445166217818
0.01931199358090117
0.01597624753513166
0.01921639652248267
0.02410201114996414
0.02236746098953357
0.02050230555744206
0.018518518518523652
0.01642875242294463
0.014246258644903675
0.011984803983145182
0.009658584444421959
0.007282136745881246
0.00487024808448265
0.0024378647295418767
6.383326942535342E-16
0.0024283578107863234
0.004832337001504735
0.007197272964717342
0.00950879707671314
0.011752923439940008
0.0139161329576216
0.01598545423832166
0.017948540849475284
0.019793744462758226
0.021510183461023347
0.02308780660561612
0.03290652442522392
0.06194130075045176
0.0575662458347123
0.06164469891122012
0.04428836686802503
0.04596240066111317
0.04567647000371455
0.04156327685526791
0.035433650117765975
0.0415427035115827
0.045409621261685414
0.04534010883077715
0.04192096929308743
0.05551834471817939
0.05343029185574932
0.0602946121382324
0.03282129691164038
0.02233577778846066
0.020733088768742563
0.019008557644273342
0.017173209640039107
0.015238710305112589
0.013217291849710872
0.01112167627822681
0.008964995797925318
0.006760710998606751
0.004522527309870434
0.002264310251767166
1.9926492862415273E-15
0.002256474210776257
0.004491279322590269
0.006690762809977044
0.008841535644202052
0.010930553364368741
0.012945194766963418
0.01487333774186452
0.016703431801372293
0.018424566870801594
0.020026537933309635
0.0214999051481055
0.012644987797867562
0.013413331702771475
0.008312267979154379
0.017718408021994387
0.019757685571160713
0.03344713710019158
0.015536768346862562
0.014727208315271363
0.027850904002250022
0.014599834981527414
0.015930129161695117
0.03307998665900167
0.01961290176216736
0.020763672417086224
0.009959581292665018
0.011366619304051757
0.01106791051961747
0.020876550878776746
0.019382415367129934
0.017773746605174133
0.016060791128662988
0.014254402945589762
0.012365975136845179
0.010407368373053774
0.008390836793718834
0.006328951709568688
0.004234523600872359
0.002120522893442146
1.846044510059183E-15
0.0021139948823765404
0.004208491728061861
0.006270679904202042
0.00828798617575143
0.01024815102148189
0.012139302799508566
0.01395002931599682
0.01566944636728108
0.017287262845734
0.018793842021817733
0.02018025863917859
0.03406863035806857
0.04462124678518543
0.03178238375656303
0.01964654985989895
0.03201224548742785
0.029296632792979352
0.03345684904444899
0.03925962140319828
0.026189140043944896
0.03914558557175087
0.03268230130771004
0.02800909765773004
0.032274902834332014
0.018349702243163228
0.029552144318189234
0.04031413871738139
0.034488120778491026
0.019658737610333772
0.018254951168104334
0.016742774869488303
0.015131808464325039
0.013432231125054681
0.011654737426117934
0.00981047034624531
0.007910951711349557
0.005968010510535636
0.0039937095292464
0.0020002707528291677
8.680374449777158E-16
0.001994788750867928
0.003971848879047025
0.005919076020936178
0.007824581895461688
0.009676766606713674
0.011464388985831213
0.013176634547165174
0.014803180649466584
0.01633425847110872
0.017760711428654718
0.019074049690994636
0.0055336778588989995
0.010383596464240565
0.023844905683679682
0.03627832342088765
0.019481439037156968
0.023708012474348127
0.024199550656207013
0.013030850931582358
0.024785200051649137
0.013067768508873964
0.024458196976218278
0.023124487830804757
0.01935290209926565
0.036139965447100034
0.02482930707165106
0.013379187840625245
0.004547690807103061
0.018634751619662916
0.017306785855207583
0.015875622498041534
0.014350319253919228
0.01274048927620553
0.011056240820027131
0.00930811401278722
0.007507015135161201
0.0056641488206796145
0.0037909485941315826
0.0018990061775887939
1.6777029278704563E-15
0.0018943766504763483
0.003772487390702867
0.0056228239844457574
0.007434076627063489
0.009195202845303676
0.010895494593688538
0.012524643141225977
0.014072801356567436
0.015530643016463515
0.016889418781758973
0.0181410085058666
0.03541402315118844
0.022662367046985144
0.024121231920563518
0.024846335704627923
0.0313192165934443
0.029480302735033558
0.0227736606889408
0.03294602123163419
0.028017297934093733
0.03276584548575475
0.022641178486786186
0.030485653916312958
0.030265321255855567
0.025661472461322207
0.02351249726485574
0.020379500311017908
0.035349775262273564
0.017769308106983666
0.016505344286021385
0.015142585844550008
0.013689633232424482
0.012155621864994847
0.010550164881388567
0.0088832931005556
0.007165392548762044
0.0054071399464498465
0.003619436553898323
0.0018133407843715457
1.0047187620397063E-15
0.0018094180900268897
0.0036037940082424198
0.005372124644471818
0.007103590532064311
0.008787621854595943
0.010413962781395105
0.0119727337415757
0.013454491259360563
0.0148502849896186
0.01615171160994005
0.017350965245899755
0.004709802443880518
0.0247862430915918
0.021821820492334127
0.019286369323002272
0.02035599495588722
0.018997765394205567
0.021700279274089625
0.015997954168377276
0.02230519228189703
0.01609007104842941
0.021172353430019913
0.018485631766741915
0.021278618469038984
0.015754186838232223
0.020717261903481193
0.025753767300292357
0.005565915237926868
0.01703576891731874
0.015826024000834417
0.014521222122820142
0.013129576318162603
0.01165981713250953
0.010121138014666152
0.00852313797657602
0.006875761877444641
0.005189238702477431
0.0034740182182213587
0.0017407063958122383
8.404915147196411E-15
0.0017373792535248722
0.003460750568362311
0.0051595395614880725
0.006823342980652456
0.008441992249955366
0.010005615456474075
0.011504697400996163
0.012930137348569716
0.014273304129172059
0.015526088255909716
0.01668095074674231
0.03365257822557638
0.016115427923742855
0.02037810120584623
0.032509847218491976
0.015528267026885444
0.03670003888107648
0.02760245227542968
0.027492416384722634
0.033449103225478435
0.027436016955537136
0.028108839745148086
0.03653091567109125
0.01391043680427648
0.03349440153203128
0.01982933261669762
0.015876981033594154
0.03287316442830805
0.016413728601433447
0.015249972865764117
0.013994328584079405
0.012654679837931641
0.011239413419894163
0.009757366466509682
0.008217771418264503
0.006630198648214003
0.005004497115000435
0.003350733407392687
0.0016791295566422667
2.1414375204132894E-15
0.0016763119168732605
0.0033394975084888147
0.0049793459994186265
0.006585807068181274
0.00814905230301243
0.009659535194492941
0.01110804929967681
0.012485784224258209
0.013784379082914536
0.014995973114483151
0.01611325314607281
0.009433091954322174
0.022861572178920434
0.019659199058265363
0.012790118008665538
0.031217260534505815
0.008476681802857815
0.009247089768566774
0.019046183488968766
0.019213357558049787
0.019091887959278124
0.008742225202397175
0.008108121033748368
0.03173407033742764
0.014535301068383133
0.020415549622996385
0.021144881680790012
0.010365015361284025
0.01588737822922002
0.014762581844748851
0.013548571158451091
0.012252950983888889
0.010883816402481216
0.00944970230320775
0.007959530298464195
0.006422553345606207
0.00484829841696852
0.0032465075731350447
0.0016270778027882022
1.4254777326093792E-15
0.0016247025454893679
0.003237035767175015
0.004827096171890325
0.006385131545150559
0.007901600640539873
0.009367231488448625
0.010773077968526201
0.012110574301539329
0.013371587129267894
0.014548464866394334
0.015634084025895917
0.028566612791699662
0.017647934427085638
0.013789503476665911
0.032102990064325695
0.007441179166086036
0.02974468867259246
0.03471551543629545
0.028856415469852962
0.03675593325363976
0.02895978132112552
0.034717759577873035
0.029066682724122602
0.007837883205631809
0.030488949715516425
0.012303751243815561
0.0187368480913878
0.027258568166220964
0.0154443717576921
0.014352440193508653
0.013173533359924203
0.011915019650557
0.010584747402741101
0.009190996056050222
0.007742424727153074
0.006248018519872233
0.004717032902419627
0.0031589364957628403
0.001583352625869359
8.14077211490283E-15
0.0015813671279527005
0.003151018935386154
0.004699309784055508
0.0062167373821001
0.007694000992687556
0.009122058333468127
0.01049218081940405
0.011796006812015297
0.01302559255093484
0.014173460457966493
0.01523264452058961
0.01364641505471462
0.01337064210137626
0.02711047979266498
0.019755619400490563
0.02662824645059475
0.01834277165742218
0.006979597790923509
0.018928458322688812
0.014701459943219898
0.018868451602760204
0.00733711888477944
0.01931651622995767
0.02520744605506903
0.019971526103784887
0.028480495263249757
0.01232778237942991
0.014327248427836458
0.015075026171656606
0.014010597974020702
0.012861044675937898
0.01163353573663661
0.010335712165394417
0.008975639047643617
0.007561755518894874
0.006102822496013871
0.004607868489187264
0.003086133828982296
0.0015470136525646005
6.206343092313859E-15
0.0015453766227212426
0.003079605855297507
0.00459325590914921
0.006077031449698474
0.0075218305803069745
0.008918800579128848
0.01025939204803143
0.011535411143222637
0.012739069568688186
0.013863032028234695
0.014900460847374576
0.02163787104332845
0.02336714040812344
0.010983305132190417
0.016871160963803943
0.018428739957344797
0.021670937538051684
0.026172587215340787
0.03284301996020271
0.036259981445370314
0.03290743896530224
0.025365219232019794
0.021130906812260812
0.01989778834952418
0.015820266483679204
0.011958392498616067
0.023706678912903817
0.020249293517226527
0.014771748995776872
0.013730038049228102
0.012604699581218006
0.011402737382908272
0.010131620185264057
0.008799235330311087
0.007413839913161395
0.005984009696888979
0.004518586115969987
0.003026621694949129
0.0015173242190131128
3.082465430419255E-15
0.001516003413000619
0.003021354726478365
0.0045067962456077516
0.005963200715943749
0.0073816273150866295
0.00875337645160576
0.010070043035632269
0.011323567895695524
0.012506287027605359
0.013610978374997555
0.014630905856405065
0.01634971108689544
0.009278932585698825
0.03298276374664939
0.02033959592919951
0.0136771294570565
0.02517509368554326
0.020357075532632617
0.014427272425553242
0.009585890559358648
0.014271203316264679
0.021169332938118905
0.02516752888857227
0.01316637245095709
0.01984951533859031
0.03271206117003506
0.009198918223780814
0.016659719138939134
0.014528624515093094
0.013505294387043457
0.012399509771532915
0.01121813874339589
0.009968509378500641
0.008658364370334895
0.0072958131323817305
0.005889281682091945
0.004447460615537538
0.0029792514937050083
0.0014937119704691222
8.807888401034243E-15
0.0014926825330998043
0.0029751464147091994
0.00443827158538418
0.005873063161208718
0.0072707066476960175
0.008622622008379818
0.009920516256841929
0.011156434250416493
0.012322807374820686
0.013412499822263856
0.014418852180570487
0.015591095115594936
0.023071538437620435
0.012701045438961351
0.017544262693861116
0.028754554417628055
0.015819318076679672
0.010795233478583906
0.032626619488934035
0.032005382448840984
0.03254036911253292
0.010350419090666975
0.015612202349565023
0.029018258969913044
0.0184420710864665
0.011834413298911056
0.023214667751030794
0.014799626704535222
0.014341113543083641
0.013332175107205189
0.012241651830623118
0.011076303439817518
0.009843346313633284
0.008550408863451266
0.007205484406094383
0.0058168818202373644
0.004393174290424001
0.0029431464544576414
0.0014757402795409428
8.187788778272609E-15
0.0014749835446433292
0.0029401288293635745
0.004386419477504283
0.005804959666123578
0.007187028762767748
0.008524134858662677
0.009808066870155329
0.011030944889173312
0.01218526847443039
0.013263962587797721
0.014260420895057207
0.01704017737752934
0.017104827585188245
0.025645657261783746
0.016157609131573804
0.014123211388411185
0.022106283013385287
0.03125006973172063
0.009453989094768602
0.009341438655650798
0.009444312687775822
0.031344721952989284
0.021776431326140648
0.014412623116994388
0.01708531416083374
0.024147380096358726
0.019870337548475746
0.016920635917342986
0.014205836626894985
0.013207562550507078
0.012128285123695738
0.010974681112936879
0.009753882124998274
0.008473430582416919
0.00714123319107357
0.005765512186423021
0.004354754658463419
0.0029176602675246113
0.0014630876723667528
4.954174228276712E-15
0.0014625903074108537
0.00291567692988886
0.0043503150505597955
0.005757676340100019
0.007129103207218654
0.008456161982300108
0.009730694707839101
0.010944869218250504
0.012091227201863607
0.013162729950764408
0.014152801518090022
0.013645250280023676
0.0282689941584146
0.011947268860856265
0.028226952009716318
0.02577724161865637
0.01621109129166796
0.011302649180615474
0.026230956011012
0.02487507804043502
0.026003582040894133
0.011710595019305194
0.016390384017071623
0.025045707246751592
0.029672188753825088
0.013418050316243728
0.029653140762906965
0.01380771942214646
0.014120420498241418
0.013129271780946649
0.012057423014000025
0.010911491925407437
0.009698550779605892
0.008426082790697882
0.007101936019154359
0.005734275035350119
0.00433153064731212
0.0029023480018567143
0.0014555333780365254
7.033617588959281E-15
0.0014552867977815998
0.0029013647161412704
0.004329329608796381
0.005730390233525204
0.007095922300628277
0.008417521487008004
0.009687055090155397
0.010896712005373777
0.012039050719150653
0.013107045024550991
0.014094127177914204
0.01572516860553477
0.030416280091167803
0.019987422266288715
0.03014976880518451
0.018047482344310525
0.018652304026795713
0.02440807096014157
0.015670043084712194
0.01637969360416348
0.01593035940672035
0.02371764207100324
0.018476605958689066
0.018628751272112422
0.031427495553881975
0.01959207431348308
0.03146075025310087
0.015305370023983534
0.014083394332787888
0.013095955155907812
0.012027846164581432
0.010885648950799189
0.009676400843692262
0.008407551610460785
0.007086917623867024
0.005722633777816481
0.004323103446452698
0.0028969467941655207
0.0014529477539626566
