1.0
0.9989725854527299
0.9958941397184448
0.9907760398146909
0.9836371918337666
0.9745039478168531
0.9080232892764606
0.8489676841324838
0.8066253004760784
0.7993670766646866
0.7905026189024547
0.7706741111072886
0.740485429886651
0.7268331774679657
0.7025286333936024
0.6675824131460288
0.6499070488800482
0.6218843627195512
0.5928247742769767
0.5632421970936127
0.532469795099584
0.5009856387411533
0.46835845443228297
0.4357401723153691
0.40274871268638734
0.3603717543680067
0.3364031908048024
0.3030043693392601
0.260693654039716
0.2336862666991212
0.20033422880731272
0.15733327663479427
0.11642184492913947
0.10902303740177854
0.11983715316346527
0.13927376632762759
0.10934235931995483
0.08037172439209712
0.05244210162743691
0.025628413765296915
1.6655010130897132E-16
0.02437962278192789
0.04745297037168244
0.06916877240348862
0.08948212364992698
0.10835460493099831
0.17210046826049175
0.22548070028728062
0.2610413195305859
0.26345703668849635
0.26197492067950545
0.269321972564245
0.2775627439625259
0.2733511280967572
0.2771257207808358
0.28881168242153477
0.28123039518865284
0.28068481988322846
0.27877232428170795
0.2719031611656145
0.26730276050986257
0.26149446247368613
0.25849501003370984
0.25056766456677415
0.24163007374965567
0.23990106951122026
0.21992564177463664
0.20839622812410852
0.205841238424102
0.19667971492914219
0.18611318988943343
0.18651707839551038
0.18281415875947485
0.1531829455468433
0.11218256262111252
0.06509537670314769
0.05187566279556128
0.03868235100081235
0.025590567982649692
0.012673085182489248
4.861895962833874E-16
0.012361565328204793
0.02434774582752872
0.03589819564672774
0.046956328580889814
0.05746953627456702
0.0394580862692048
0.032591442669182756
0.042069724327522984
0.04974570298770107
0.07357760143622022
0.08377614090239027
0.10305437864824318
0.1165127565343083
0.12220564401059111
0.11924669668517418
0.13033533758854465
0.1336052659145913
0.13605884128242982
0.14540742710610338
0.1463550656979801
0.14653241357652916
0.13800876509833407
0.13664104807035965
0.1345889830366892
0.12556377470127586
0.1286500732775046
0.1246756671751327
0.1128021609289836
0.0927879030142612
0.08329050918044217
0.060725534324448896
0.05661520746312928
0.04473900522443026
0.03703144105048172
0.04256756538062845
0.03407978162745315
0.025527457685862922
0.016962687462071607
0.008436783880032618
0.0
0.008298740059597628
0.016412099049192896
0.024294572090918353
0.03190271856496238
0.0391953792737554
0.057576649483332555
0.06841284276221983
0.07486736231795771
0.06338610804404836
0.04816216266968589
0.04308026937106384
0.029105222809903658
0.025796446606301714
0.027795477975567556
0.03922112789510518
0.031239428326360463
0.03170224591969382
0.03173633359385032
0.02134881824780631
0.020682336402684933
0.019809141856625797
0.028319346932721225
0.02695680273812155
0.025665195215538117
0.03377170281274451
0.01805348457965477
0.017072060009871198
0.007808669301398872
0.015773161912802487
0.021296277549523422
0.0361074834213997
0.05232848269898785
0.051800141179501845
0.04744510087757662
0.031703191580882494
0.025439031390899754
0.019097499119954862
0.012717877975441522
0.006339196069147286
1.3001197906510455E-15
0.006261866202462577
0.012409475561785099
0.018407024902625947
0.02422003275573139
0.029815527373660347
0.04602579800852287
0.0725615902887204
0.08465509367929215
0.0873608034149948
0.10693159834992096
0.12135747493070931
0.13583289744892893
0.14680705260998322
0.14929046010773248
0.1624506651714342
0.16463127338723352
0.16592198926041718
0.16674826301396528
0.1715772343309287
0.1713030222720077
0.17056603439814344
0.16546488943156018
0.16403461913492093
0.16218476434592677
0.16037431975797276
0.14372017282805477
0.14054208892815886
0.12974473217288876
0.1197694963623376
0.10342156183316023
0.08626035933482212
0.08359084258100569
0.07610226085453614
0.0497958910789846
0.025325216019941657
0.0203486028792413
0.015296350844879169
0.010199922616161247
0.005090740693767644
3.4942732695505546E-16
0.005041516417228648
0.010003617540091473
0.01485687937291449
0.01957281378612239
0.0241240302717833
0.05230478349010425
0.04849862011763812
0.032186275242754095
0.005933903172411533
0.013272072876973259
0.023713556177441475
0.04004693948959606
0.03979281138643156
0.03938401686723177
0.0525235229380259
0.04299558338041069
0.042081462553285466
0.041339687816003966
0.026543834436038236
0.02582647360648597
0.025268965926745962
0.03958761514576257
0.03937954851489781
0.03925857220608001
0.048220197481851294
0.0397413973133161
0.03958176634418423
0.044793152678329874
0.027044700610754063
0.022464510965358245
0.0075007361925276865
0.022775211915294354
0.04389042563201302
0.054230792162041436
0.02114321444761079
0.017003654284084655
0.01279327734707178
0.0085383451810726
0.004265178890457816
1.852207675730419E-15
0.004231226855953186
0.008402948491870973
0.012490174076165024
0.016468621510457568
0.020314858443546056
0.04518135148009867
0.055618076510034295
0.04794813647116031
0.05481567265026192
0.0646828953880785
0.08176730337845785
0.07084398878046727
0.06820170926083323
0.06857431262047196
0.08674696246352712
0.08120435525291174
0.0806771506440239
0.07985136624030555
0.06665155963024842
0.06509124410542695
0.0632284741243499
0.07355265744576592
0.07124401309370132
0.06865446143764321
0.07142132850757013
0.05299937462048397
0.05023535379434886
0.055943269205575644
0.06857259791966194
0.05363689105909152
0.04300903023344352
0.026829074935421537
0.036209268047707625
0.03608949931909959
0.018199480544475028
0.014645715469344166
0.011026264246840667
0.007363706582082743
0.003680731678743256
3.4834677385369746E-17
0.0036559938856963294
0.007265056556974544
0.01080542828930991
0.014255912122851289
0.01759599869453498
0.04539670320618721
0.031991759125408206
0.040764024110822375
0.053498962254762
0.06966240900404394
0.058579764928052204
0.07536536822847706
0.06683733431437945
0.06893651547909362
0.05272081765009891
0.06044861863642334
0.062355067413665255
0.06398638162362885
0.08294169047160811
0.08410267861840724
0.08498360617723676
0.0677640317684127
0.06803809535514992
0.06805682269750808
0.06097125820462791
0.07331724388734338
0.07196815439870702
0.07896916433598018
0.06755983800965527
0.08216189037213148
0.06875164157582607
0.056436273317498724
0.03654911053722598
0.035271837350058684
0.016022861053660093
0.012900431665656291
0.009717023953110769
0.006492489323494713
0.003246814662535241
1.2203355971741754E-15
0.0032280632073149397
0.006417712443587159
0.00954963243325452
0.012604970668222297
0.015565449480288221
0.015451270730420574
0.009318866489831707
0.02939976086286043
0.050042131818440326
0.054613440810237945
0.046049335471121444
0.023696169600489873
0.008031061794491267
0.007364754812063687
0.030321032657185956
0.037630177876714556
0.0380761630754399
0.038557346366150415
0.042595942308319805
0.042909986838876285
0.04334381892035511
0.040791587514325586
0.041445850117492765
0.042155015896454345
0.03605064095092513
0.012552315363918761
0.013431149319122546
0.015999099203152813
0.041288409057755375
0.05359414285327378
0.05351183558665629
0.03648234500550096
0.021224399470908577
0.015272577190510523
0.014354647114386962
0.011561772961428502
0.00871204859493689
0.005823233049988097
0.002913234433609488
1.8429024083701644E-15
0.0028985934653034543
0.005764848289298671
0.008581352929307976
0.011331086723563224
0.013997521750360014
0.014684576078603798
0.05002975523459729
0.06911943743741844
0.0806633554197574
0.08382556797254126
0.06659242118504982
0.05384386191063404
0.059743737977576976
0.06045338974216414
0.08267725018036502
0.09234124273432812
0.09264449963672375
0.09274563282061513
0.0984096874838494
0.09783463840038666
0.09703910905138544
0.09111953234766457
0.09021628290342144
0.08912398665960633
0.07886608687766644
0.053437994907197084
0.05170095954141914
0.04054285761586589
0.05694356026215284
0.07242630698821433
0.07330886865303611
0.06232744945911
0.04949769313463254
0.007224025141227341
0.013041013712296223
0.010507026791998329
0.007919752519502048
0.005295302366409272
0.002649943750817845
1.7871605932414495E-15
0.0026382495895488508
0.005248668987354735
0.00781536335924627
0.010322775102728382
0.012755777411735893
0.030165788018125826
0.02648682162495779
0.025807564044106314
0.03678234402960217
0.023667874416153846
0.012732938510376934
0.034109693183826124
0.04490264618815436
0.04636333772622839
0.039428676045441945
0.03806355610625782
0.037784934422624206
0.0374992941236295
0.019345299265823405
0.01911520967855696
0.018859841643817123
0.03599626086898133
0.03548288099429453
0.03490590563904172
0.03765208789785239
0.052114050953522645
0.05153842405158829
0.045246414591148504
0.017846947939891434
0.013402285546938208
0.02374267397857396
0.01429038813358724
0.019385307745774003
0.034226746822879676
0.01198480398315124
0.009658584444421235
0.007282136745885792
0.004870248084478346
0.002437864729539227
2.8234383373546018E-15
0.002428357810788652
0.004832337001504082
0.007197272964713961
0.009508797076709603
0.011752923439939373
0.006837314457139508
0.034376031774631326
0.031156546281936117
0.037586842928189014
0.024755121186649454
0.021828246523670988
0.011963453889999196
0.024515048349274995
0.02418898259795238
0.02515250269567597
0.03232295988068212
0.032138670534055835
0.03180438559723736
0.02373622257383441
0.02322868071829847
0.022574752412567588
0.028895234284388435
0.027769857510983525
0.026488070677121212
0.017420644044729587
0.02157802666518802
0.02169159509892016
0.015610419929992958
0.02243230977120605
0.013673874065269818
0.025852004755373616
0.019402085165933426
0.027057383003910057
0.007799759844075438
0.011121676278225565
0.008964995797927174
0.006760710998604915
0.0045225273098718315
0.0022643102517702317
1.3157703311629027E-15
0.0022564742107722643
0.004491279322585832
0.00669076280997397
0.008841535644202429
0.010930553364366333
0.030678229917678903
0.005978273102541919
0.021505443692649298
0.018758973822380186
0.03971429222202705
0.05175289303174132
0.06018313654117575
0.05700441956911648
0.05776246920254887
0.04759754098645728
0.04152570597305586
0.04237567619670936
0.04305590368379338
0.05840418324525854
0.058762930748076266
0.058949568449634615
0.04408181843544044
0.04392576747150312
0.04361353935852246
0.04918078424730812
0.053464300537021996
0.05200691357027472
0.05581056451215697
0.0552508500163204
0.04551676260553598
0.026155985439149983
0.028461050513098947
0.014786749947327295
0.024421895480194668
0.010407368373052988
0.00839083679371864
0.006328951709567507
0.004234523600869604
0.002120522893436371
5.21353784362331E-15
0.002113994882377979
0.004208491728061492
0.006270679904202187
0.008287986175756056
0.010248151021483206
0.014828341140906013
0.027262844120601683
0.013804241956565804
0.02168552333656873
0.015983850723287448
0.028478004023786762
0.006834168777479737
0.006081332103633365
0.007491263071021076
0.019762425290117545
0.02823472456742036
0.02860212652626732
0.028902817841339093
0.026300155607046856
0.026189140043943487
0.02607075773295024
0.029344587079658032
0.029262494564592827
0.029110532539100484
0.020376541365035628
0.01318160082896886
0.012687736157595306
0.008471345482112225
0.024824581708570825
0.013603780248903491
0.022405045797598746
0.01210716645212926
0.028503059214123015
0.02047788180933156
0.009810470346245695
0.00791095171135303
0.005968010510531907
0.003993709529245749
0.0020002707528360563
3.2657062149359755E-15
0.0019947887508694425
0.003971848879044391
0.005919076020936539
0.00782458189546305
0.009676766606714949
0.011610208184295461
0.022512679787634302
0.029595342639224746
0.029304326622281697
0.04074278787380498
0.043186322111749734
0.02610614024249903
0.018663029176298543
0.019167601512108497
0.03762623336856692
0.03793928006091972
0.03803511923422366
0.03801036739665762
0.04291756841969309
0.0425101035002396
0.04196123305896353
0.036664324166812486
0.036017379304160164
0.0352514677392356
0.033845259693162315
0.014516305922501332
0.013290010916325016
0.020645817738351994
0.0359983922049756
0.03506351456023448
0.02570960348977815
0.026468853779836866
0.020481558878760155
0.00737218112420344
0.009308114012790808
0.007507015135157021
0.005664148820686768
0.003790948594133676
0.0018990061775863343
3.3930954338772244E-15
0.001894376650472715
0.00377248739070534
0.005622823984447105
0.007434076627062205
0.009195202845305648
0.026892146284322502
0.021288329199256998
0.0035477464175259353
0.018724182229798533
0.004633700758077094
0.011164166284041769
0.027113546176723846
0.034905150116935124
0.03588965849670824
0.02027223952485035
0.025625597531525702
0.026027764681392694
0.026307530786368688
0.021385189130403003
0.021630352041757825
0.021731818701502172
0.026121147085161098
0.02574007679613707
0.025226366578210837
0.021595638137117408
0.0361702057499104
0.035246794337982605
0.02748302356682145
0.013557426793302218
0.009883152048737338
0.017846318381324167
0.007456816602283284
0.014697725418721481
0.026253673637321114
0.008883293100558423
0.007165392548762317
0.005407139946444412
0.003619436553902452
0.0018133407843658562
2.7047477941826624E-15
0.001809418090032962
0.0036037940082456264
0.0053721246444710415
0.007103590532065038
0.008787621854595978
0.004657165569618772
0.014925528195459309
0.022509390770546617
0.015384159017809132
0.020799474011185804
0.017771840823940153
0.017431928209348482
0.007001805353701671
0.007978189531817935
0.01983482746356691
0.01901811067172076
0.0194849076995194
0.01981926068825124
0.019814067204337028
0.01983856650976815
0.01973123945022629
0.01980480534769889
0.019464396836870707
0.018992877999778612
0.01991119470378479
0.009921388500829319
0.009251945397653685
0.01937750073571249
0.01581907892394469
0.017944397789004824
0.013247055859052698
0.02199738654811351
0.015918080331269693
0.0039561893905216885
0.008523137976571032
0.006875761877445035
0.0051892387024789965
0.003474018218226307
0.0017407063958182068
1.1310583869188369E-15
0.001737379253529148
0.0034607505683612173
0.00515953956148674
0.006823342980647436
0.008441992249948212
0.017547646132463575
0.007506558733700339
0.012702554576036718
0.0187969464822182
0.01593969075914777
0.018607140020642735
0.014007856581648803
0.022910625708950912
0.023527227002516367
0.02661065079720443
0.02183044623210726
0.022219632247596665
0.022478261890203455
0.023878717858443404
0.023822790229322707
0.02363286124521731
0.022185869381602438
0.02178297210189695
0.0212518023690321
0.026246720429927553
0.02109711624785536
0.0200900137590648
0.010014149615568058
0.017357590245996236
0.01547320948598024
0.01970421363401971
0.01178530870103725
0.009659823235978289
0.010953233288033855
0.008217771418257962
0.006630198648208404
0.005004497115007825
0.0033507334073902455
0.0016791295566479518
5.424242272493677E-15
0.0016763119168719631
0.0033394975084927053
0.004979345999430634
0.0065858070681797855
0.008149052303007259
0.010785100682176951
0.017500453197025558
0.01824417649577406
0.012488599010222232
0.015312031091536402
0.01723481927016832
0.02718753980927236
0.018760704728779085
0.01957075771691278
0.015194974965393916
0.020303069741906966
0.02073834813484788
0.02104565006616303
0.022745247635459417
0.022876501010825567
0.022877517626051905
0.02097754380335838
0.02063923417353933
0.020176675672186575
0.013814106085976573
0.019076012226938183
0.01819267762264035
0.026961109752559307
0.019023743107270667
0.01587292521986581
0.01320859672288576
0.016035085642981537
0.015533201300108703
0.015597229049098413
0.007959530298470007
0.006422553345588566
0.004848298416952972
0.0032465075731262874
0.0016270778027917647
1.2026247001329121E-14
0.001624702545501308
0.0032370357671748545
0.004827096171884226
0.006385131545149787
0.007901600640546843
0.009534630314049355
0.015507763162669976
0.009912574595203562
0.02323941777843594
0.013575139494488147
0.010549037675641124
0.01418885644279416
0.020795513393919697
0.021773698147955132
0.028172065348877565
0.02231241126177731
0.022812243744816923
0.02319387460906438
0.01875037719673398
0.01881853468647755
0.0187661999437197
0.023511796171835166
0.023290027938023563
0.022951110134550718
0.029347948286671092
0.02431471887773725
0.02376360975016824
0.017936511194047565
0.008979744687202414
0.01338652488474057
0.024035772094453334
0.010912334602238189
0.01926104993911589
0.01378568407616405
0.007742424727155458
0.006248018519865435
0.004717032902417422
0.003158936495764926
0.0015833526258771003
5.008877711712945E-15
0.001581367127959022
0.0031510189353869686
0.004699309784065319
0.00621673738210085
0.007694000992686584
0.02054874980195608
0.010847999269936997
0.011899835203586819
0.011631497781374244
0.014474241624400409
0.022541646872238863
0.016691284106022896
0.004834513702286656
0.0053361629573661406
0.004520793075059451
0.014153611584870471
0.014437698785811371
0.014610739865699973
0.019063655231646128
0.019041547555588886
0.018902877337598156
0.01414994379700791
0.013744255102821257
0.013224557103980758
0.003419020720826525
0.003977131646889438
0.003642910838914195
0.01345529006859236
0.022929827277597722
0.01468904649033169
0.008851783082064966
0.010752607093320194
0.011283701651638594
0.020058636907371016
0.007561755518896021
0.006102822496014633
0.00460786848918692
0.003086133828990711
0.001547013652559117
5.739779109577419E-15
0.001545376622721005
0.0030796058553055434
0.004593255909151507
0.006077031449701614
0.007521830580316036
0.016911282136625898
0.025809203403243133
0.012882160851000031
0.02232497218119604
0.022513863454677402
0.014891382296627495
0.027749033365133496
0.035825749366235574
0.03659616009672354
0.03395262646337698
0.02525023525625614
0.025649937580919234
0.02593225822099347
0.029446009446844754
0.029747211421312626
0.02994698908619618
0.02587762981717919
0.025573013950624817
0.025157197839976247
0.033601741972733946
0.036384474528567315
0.035587003076593196
0.026980489935139296
0.018446722483087503
0.02783459531538246
0.020852260261105503
0.012941235853834806
0.02624811045269656
0.015514662356612374
0.0074138399131572046
0.005984009696903546
0.004518586115969577
0.0030266216949535875
0.0015173242190151483
7.305904111675522E-15
0.0015160034129993343
0.0030213547264791108
0.0045067962456070655
0.0059632007159349356
0.007381627315085128
0.014638187571729473
0.012718059032541291
0.012367839655390647
0.00609225586117011
0.023646280358723647
0.024327399302604538
0.008258936406423063
0.008629359806203567
0.008994992213899319
0.013959042640543533
0.022129654293979235
0.022702318262466204
0.02318669735766277
0.028739185720293256
0.028872149817744625
0.028948938761291
0.02419947716752271
0.02422145367056241
0.02415489619657063
0.015936132134245582
0.010925079658427716
0.010651378694908155
0.013018841596217691
0.023135658536861385
0.025182203404434327
0.009434446049185145
0.014199023067201484
0.012084124611314686
0.011573388844135267
0.007295813132396393
0.005889281682089632
0.004447460615533719
0.0029792514937047386
0.0014937119704643463
3.1617348141583506E-15
0.0014926825330982593
0.002975146414704879
0.004438271585381104
0.005873063161200795
0.007270706647696353
0.009944931537830527
0.019821137708313657
0.009941806319569705
0.016352517959550818
0.03547167856684297
0.021442419497726684
0.01218175909634188
0.016968917773962738
0.017215487876711972
0.021737478807513668
0.019602896299624886
0.019629063348947224
0.019591005527944308
0.03341212264559896
0.03319963074432086
0.032896890102462294
0.018782821524752844
0.018429215422765162
0.018026998458448122
0.018650697877017352
0.012052507907004135
0.010965112314934591
0.010088264571217209
0.019270943940870096
0.03355202601763835
0.013834016211371316
0.006842876707675808
0.014274349689434841
0.007107722146620778
0.0072054844060917694
0.0058168818202343495
0.0043931742904182005
0.002943146454455763
0.0014757402795289518
1.6377698761310458E-16
0.0014749835446450869
0.002940128829359903
0.004386419477506176
0.005804959666130226
0.007187028762763811
0.011073549178858411
0.012080132178940715
0.017231453570483755
0.014997957395557924
0.014565104133821007
0.011169112668863905
0.036025086519661305
0.031148638749933184
0.03213974927168295
0.02630924854205205
0.03440784717746785
0.034822132832775174
0.03512675915774056
0.01883442157232911
0.018789311926300577
0.018649224155234255
0.03520807277613813
0.03494102472275215
0.03456054234949626
0.027628717645358007
0.03496089380574814
0.03444213086809105
0.03897826256383286
0.013224632860910858
0.006977345747577582
0.015758506401343287
0.018558719543311984
0.013569115886114126
0.011987702121039532
0.007141233191075813
0.005765512186422245
0.004354754658463861
0.0029176602675279584
0.0014630876723612314
4.627004562983014E-15
0.001462590307404034
0.002915676929892024
0.004350315050559141
0.0057576763401016124
0.007129103207227064
0.0048105938243109825
0.005255486843367438
0.009197365149071103
0.008139277931768649
0.02324927128510965
0.024974401539426063
0.013493266599022223
0.01039057282050704
0.010333128800159786
0.014014275112032069
0.005346403270989124
0.005871227408639699
0.006362459981919497
0.024266873491216895
0.024693927255454995
0.02504683393379522
0.007837418610576883
0.008089783001077825
0.008310207858162444
0.017752616274408762
0.012553534718361927
0.012843744557787808
0.011743960818024984
0.030851660446789615
0.022649038575962482
0.009733657862100498
0.014494190554721672
0.007608629119702138
0.005337346705413335
0.007101936019153167
0.005734275035346312
0.004331530647309734
0.002902348001847905
0.0014555333780326546
3.163750124880991E-15
0.0014552867977789081
0.00290136471614613
0.004329329608800022
0.005730390233522196
0.007095922300625307
0.010910806639131866
0.015154200167716018
0.022016156723970816
0.01649180222820219
0.017120061088053255
0.035577749948226975
0.029138249458282084
0.03167004691444789
0.03202601947781022
0.034308769933845865
0.029949305513692487
0.030131921493856427
0.030216077273311583
0.039581215491330236
0.03979574048892041
0.03994474234138017
0.02957111043351679
0.029173970577175717
0.028690047494375835
0.03402461685939191
0.028816914459155994
0.02798994346155081
0.02260561447837473
0.038899779788751365
0.021444412689422168
0.0157625487552426
0.021917183554745687
0.013956444036043276
0.008890912477708532
0.007086917623861134
0.005722633777821364
0.004323103446456616
0.002896946794176983
0.001452947753970189
