1.0
0.9989725854527239
0.9958941397184404
0.9907760398146854
0.9836371918337657
0.974503947816847
0.9634099899352723
0.9503961825331779
0.9355103927392231
0.9007032157501024
0.7997407275083547
0.752292304235846
0.7217817100705416
0.7266435854644119
0.6842745344243443
0.6770617356812075
0.6416032395706361
0.6229003330666142
0.5944991290441549
0.5640196656925723
0.5510993062598701
0.501933087923613
0.47083949911579287
0.4375743242226416
0.3955927379221694
0.37022937294116365
0.3188102902504408
0.3022009027196477
0.2412789108458036
0.21617379627983785
0.20950464404399477
0.25323713724637026
0.2339567767589827
0.20167312991975248
0.17008068053330863
0.1392737663276266
0.10934235931995458
0.08037172439209708
0.052442101627436365
0.0256284137652969
2.1378798523649045E-16
0.024379622781927505
0.047452970371682494
0.06916877240348782
0.0894821236499259
0.10835460493099786
0.12575437327165495
0.14165622109465428
0.15604160438810752
0.1774034471249855
0.2552003593839449
0.2868874923042104
0.3006530359208505
0.2774000832797392
0.2932936083360513
0.2785754175808882
0.2813236017403084
0.27218715914005825
0.2658518378200959
0.26687481679278835
0.2516561496536894
0.2562418031259917
0.24430438490354967
0.24082334488263935
0.23983205953786574
0.2299334969407787
0.23548067533973113
0.21514072743224638
0.23239685019156706
0.21492883303297713
0.1830797040663089
0.11662786232098238
0.10413347464621639
0.0913037533794373
0.07826434592779993
0.06509537670314827
0.05187566279556117
0.03868235100081222
0.025590567982649613
0.012673085182489035
2.382795526334968E-16
0.012361565328205234
0.024347745827528956
0.035898195646727686
0.04695632858088938
0.05746953627456579
0.06738938324713113
0.07667177800935444
0.08527711967004899
0.10324471897824138
0.07027881523215566
0.06243417316592461
0.0701525126674368
0.1023875513995065
0.10655877863806915
0.12513613368975415
0.13684639454938669
0.14672310087920273
0.1563636429229414
0.1519114984390489
0.1546911130347636
0.15291485170622615
0.15828711840883142
0.14958100309701117
0.1415434328682095
0.1287560426424573
0.11232195159088053
0.10577706709770124
0.0728564397199801
0.06489897734263042
0.06830846787821859
0.09083857993179915
0.0671171012123818
0.05913896231121303
0.05093822132600288
0.04256756538062757
0.0340797816274534
0.025527457685862523
0.0169626874620712
0.008436783880032118
0.0
0.008298740059596662
0.016412099049192254
0.024294572090918523
0.03190271856496184
0.03919537927375593
0.046133877870154945
0.052682205632238834
0.05880718876800695
0.04653111320899112
0.0730750335460617
0.08044146709336433
0.07886967741112823
0.05698411700212115
0.05269465104324934
0.04879778398687778
0.05365531810544137
0.045334638403621806
0.05362261621049099
0.04413740407740047
0.036090589528753825
0.044589207555426356
0.05535048159516659
0.04600162969379068
0.05473020777999118
0.04484854562267512
0.04490649079735565
0.046847160051198114
0.06150737849899049
0.06423710627662817
0.060585414144970144
0.038928494739206
0.04963964052493946
0.043842373363554496
0.03785067190997359
0.03170319158088339
0.025439031390900205
0.019097499119956746
0.012717877975441595
0.006339196069147796
4.1935428182016354E-16
0.006261866202461916
0.012409475561784677
0.01840702490262535
0.024220032755729728
0.029815527373656985
0.035162223877608895
0.040230689627297686
0.044993496981779665
0.06335355234224799
0.05103018004004276
0.06444604116235327
0.07525344503555549
0.11260875078562009
0.1320619022321033
0.13943203235104337
0.15580881119034526
0.15556784926856745
0.15485234482258842
0.16189933196342607
0.14835276903260927
0.16027594925683522
0.1506070603514521
0.1507139352719045
0.15006993374139033
0.1342621055550976
0.1275742538249989
0.10659099119156608
0.06838873920811332
0.05587477464150715
0.03736278143617538
0.05151185913153305
0.039489974235264465
0.03492661100534803
0.030194876749063067
0.025325216019942563
0.020348602879240132
0.015296350844879576
0.010199922616160137
0.0050907406937671
1.7185207511207211E-15
0.00504151641722966
0.010003617540092009
0.01485687937291236
0.01957281378612313
0.024124030271786716
0.028484389719774014
0.032629149377751944
0.03653509821676821
0.04626731180078206
0.06403380739015581
0.05076049363244309
0.04508242383272348
0.03558319332675025
0.04071286168022981
0.040753535868349365
0.049688996654864086
0.040499887918436214
0.05072705760985639
0.04897615045374004
0.05384025291493222
0.04809368911253772
0.049064793723954135
0.03731804756401466
0.04449496342416682
0.03602945539993857
0.03537858359409273
0.031343912471478996
0.04663761615349495
0.052371749994131446
0.07019340771398468
0.049210601803288685
0.03287863137832924
0.029106096167608318
0.02518591587948978
0.02114321444761008
0.017003654284083534
0.012793277347070411
0.008538345181072353
0.004265178890458036
7.520243745212959E-16
0.004231226855953722
0.008402948491872333
0.012490174076164633
0.016468621510457665
0.020314858443545827
0.024006437118551292
0.027522022293949868
0.030841511525968923
0.020350378709816694
0.02835491466358344
0.033433860678473044
0.0374957777329659
0.06443366055772452
0.07533544785861827
0.071890386863711
0.06131278186763213
0.05844745305391573
0.0456607657898339
0.04784112293130228
0.040903822497082555
0.04552975699861967
0.04475300815129707
0.05374290665032729
0.05416023178882725
0.06476874094014165
0.06759661450344573
0.05918411286800636
0.036829006803102145
0.0379634894591362
0.0377896384901954
0.01422928862955941
0.0282454078096261
0.025021011314591418
0.021665227760588126
0.018199480544476627
0.014645715469344886
0.011026264246841567
0.007363706582085213
0.0036807316787419034
2.0958761581166336E-15
0.0036559938856953076
0.007265056556972285
0.010805428289310259
0.014255912122851483
0.01759599869453521
0.020805986110943604
0.023867094172388463
0.02676157229694436
0.0453343889991159
0.07341608268586965
0.05480132802833227
0.05080646411077825
0.023187766780236638
0.024600752502651917
0.03506848624852431
0.059010776784055446
0.06893441000323365
0.08428665250376012
0.08489372177523878
0.0846602980603373
0.08612953839092607
0.08569143133674774
0.0718649048733558
0.06263129788019023
0.037602656381692474
0.026192884861247885
0.021536444163925722
0.04704530906771111
0.04882884619556051
0.06433063342263094
0.03955712140760812
0.024830357014184345
0.022006789021946808
0.01906471839956481
0.0160228610536611
0.012900431665656279
0.009717023953107999
0.006492489323493605
0.0032468146625348557
1.1956030631922509E-15
0.003228063207315754
0.006417712443588476
0.009549632433255418
0.012604970668224587
0.015565449480292556
0.018413474000510365
0.021132235375582866
0.023705808643466938
0.027994411029142765
0.035793161471891176
0.04146607191043007
0.03442073211263732
0.05159712616586242
0.04819909822658382
0.04616261410940121
0.05465290039170047
0.05713270124608751
0.07535810038389991
0.06993607193867245
0.06862604862218975
0.07015194261514533
0.07441810596697998
0.05611395126725754
0.053832323352402435
0.04365971624036319
0.04520931294892416
0.05001662853182107
0.031441183771004626
0.038000471346576054
0.02941865076619704
0.033356939450448875
0.022219107024004082
0.019700210362086742
0.01707317065595296
0.014354647114384724
0.011561772961426738
0.008712048594941985
0.0058232330499884246
0.002913234433611867
1.3863334680226171E-15
0.0028985934653014563
0.005764848289296547
0.00858135292931009
0.011331086723562008
0.013997521750363383
0.016564721191941155
0.019017433623295634
0.021341182673569565
0.017481393873308878
0.02311024944156327
0.01947276090752818
0.030526261089292947
0.023170133968219684
0.026555779698518044
0.03828015919380959
0.05279255929874322
0.06185880545906905
0.05041522780627956
0.06812252861231106
0.06884497928492248
0.06622334031421742
0.046878861654245034
0.05901567075625731
0.04898227792843944
0.03847874943095926
0.028976071761604504
0.029748554144980448
0.034948049883676356
0.026172560771267336
0.024809125537589863
0.009052155811454295
0.020166556388835695
0.01788605536620399
0.015505857279754813
0.013041013712296701
0.01050702679199892
0.007919752519505031
0.005295302366409667
0.0026499437508175124
2.3250993278967343E-15
0.0026382495895495234
0.005248668987355009
0.007815363359245705
0.010322775102726443
0.012755777411737178
0.015099764812143476
0.017340740130545918
0.019465397382425618
0.03675992539371831
0.04027614150328099
0.041235247720457543
0.03469184957731075
0.04279327888653953
0.028375205145430352
0.01861607795115091
0.026816213787371347
0.01910473867119258
0.03148071456628343
0.03949966846996002
0.03516015196733067
0.038920884935672015
0.0306784102665881
0.017147337080186616
0.02513595963738409
0.015805695113952967
0.026612828338646026
0.0400943213260437
0.035426309742442805
0.04283990898307604
0.044757690610660886
0.0339274434918023
0.01851851851851845
0.01642875242294379
0.014246258644906263
0.011984803983147777
0.009658584444419463
0.00728213674588515
0.004870248084481895
0.0024378647295408055
9.216429523997699E-16
0.0024283578107894875
0.00483233700150818
0.007197272964717852
0.009508797076713277
0.011752923439940234
0.013916132957621764
0.01598545423832527
0.01794854084947577
0.017473915135551778
0.04409882547119884
0.04833813788250176
0.047879692813923444
0.0453110565196424
0.04334552528508451
0.04520269780466825
0.03527851777079157
0.04511231990033345
0.05091313538654459
0.035591020711060406
0.043722278490249955
0.03669493084164358
0.05229976672160471
0.04492807958383374
0.03504825136493607
0.04472132254760382
0.04280398954897514
0.043370725727565104
0.044557595738193505
0.0463920730460991
0.04150435165487921
0.02340836176267279
0.017173209640047742
0.015238710305110849
0.013217291849714697
0.011121676278228684
0.008964995797928407
0.006760710998606168
0.0045225273098711445
0.0022643102517680286
1.8534338608612163E-15
0.00225647421077466
0.004491279322591451
0.0066907628099712605
0.008841535644202522
0.01093055336436517
0.012945194766961605
0.014873337741863963
0.01670343180136956
0.018510049295116474
0.03501126926932768
0.02705457774366144
0.019788958193884792
0.015432226218485499
0.016692400739714494
0.014620483761758464
0.028101458147925792
0.024343260129960007
0.02955262215839504
0.04236774237647577
0.04812839643319959
0.04206874993556784
0.02848098462183278
0.02492931942333859
0.02870469150958916
0.01742090273080497
0.016923119703492882
0.014419556869088333
0.018456311445235813
0.020252443811979336
0.029051099341251
0.01110748155512046
0.016060791128659973
0.01425440294558472
0.012365975136840193
0.01040736837305585
0.008390836793722435
0.00632895170956924
0.004234523600870733
0.0021205228934391227
1.740642929933219E-15
0.002113994882375031
0.004208491728062753
0.006270679904199116
0.008287986175755843
0.010248151021481177
0.012139302799506984
0.013950029315999174
0.01566944636728168
0.030343696943574153
0.0173036247915238
0.022905628980048685
0.018294146568765903
0.02688288502841068
0.02517672244341119
0.028965962834328788
0.02057103790512946
0.02953165888743403
0.04196770455026263
0.04741276935978831
0.05555555555555152
0.04687355854258441
0.04023286428650849
0.027750027780791373
0.018452119682010517
0.026069625313697293
0.021577780330329994
0.02508612492333197
0.014483923821125639
0.017630254124312898
0.010851642753732267
0.029387977215815767
0.015131808464324825
0.013432231125047477
0.011654737426118032
0.009810470346249255
0.007910951711348488
0.005968010510534212
0.003993709529247072
0.002000270752829866
1.1116292001560115E-15
0.0019947887508709734
0.003971848879047003
0.005919076020936154
0.007824581895463487
0.00967676660671507
0.011464388985837837
0.013176634547166617
0.014803180649466676
0.010207891375671787
0.027264811828098347
0.028363587398247705
0.03897914887245863
0.03558383408746872
0.029461657388678845
0.033003401120750245
0.03476373699221131
0.03185938347301206
0.023512162395674826
0.01712104689525941
0.030938658579276197
0.01708342340559586
0.02455501899835417
0.03205079614774096
0.03478979271837992
0.03328259477757614
0.030296756309571814
0.03701335170594262
0.04128610375703188
0.031555805151010204
0.02668355837410238
0.015949278867175596
0.014350319253919021
0.012740489276205235
0.011056240820029654
0.009308114012790006
0.00750701513515951
0.005664148820687543
0.003790948594132116
0.0018990061775870475
1.7513289398247534E-15
0.001894376650478756
0.00377248739070428
0.005622823984445898
0.0074340766270624
0.009195202845304541
0.010895494593684758
0.012524643141225936
0.014072801356562878
0.01912543376198401
0.011384395315368103
0.015116620682498185
0.010257578415060432
0.01747683244200619
0.013185883906629213
0.013236957445083663
0.013850987618539137
0.016476661689837555
0.01646026788346934
0.024450252248786077
0.00828961073566428
0.024072927595804074
0.016035505005202202
0.016620288227416333
0.014953960360018167
0.013911550484472941
0.014134065982635878
0.015590964569361451
0.0077800652959342876
0.01490982317277628
0.014734547504836663
0.013367872889252766
0.013689633232424966
0.012155621864994068
0.010550164881392501
0.008883293100559412
0.007165392548762386
0.005407139946441575
0.0036194365539036237
0.0018133407843653267
4.051262767438385E-15
0.0018094180900317378
0.0036037940082465237
0.005372124644472355
0.00710359053206405
0.008787621854597335
0.010413962781396639
0.011972733741575717
0.013454491259361583
0.024574416931342154
0.013868002868132851
0.02844815264340838
0.03200473794005011
0.02705456063863023
0.023767831156263637
0.02414560026042657
0.025453353303259065
0.025218915326587835
0.029100408012305966
0.028074785960080482
0.04600046451880935
0.028036175554780537
0.028568883478181387
0.024405704807469838
0.024099598109077174
0.022474670314016964
0.022250555678043907
0.023895387805304306
0.027610613651812804
0.025924639347020703
0.009145474736465174
0.024872748940005324
0.013129576318164315
0.011659817132512728
0.010121138014667986
0.008523137976571997
0.006875761877443336
0.005189238702476819
0.0034740182182258746
0.001740706395818962
7.807898815538215E-15
0.0017373792535287551
0.003460750568360879
0.005159539561482443
0.0068233429806506115
0.008441992249954905
0.010005615456468593
0.011504697401000666
0.012930137348571584
0.005785385732950824
0.025053729399711455
0.015413110681288878
0.013718668566952573
0.01788761611434619
0.018172119501037705
0.02130612477154856
0.025506988709765244
0.021186778300016265
0.019758496501980045
0.019215944980086497
0.015324270210044734
0.01939675388807845
0.020102008892786155
0.021203067337131055
0.025950443205038563
0.020997416728171268
0.01757555115961962
0.01841232597571723
0.016102142213497022
0.014874746433104524
0.025174377588972754
0.010400336444766591
0.01265467983793396
0.011239413419891708
0.00975736646649851
0.008217771418261926
0.0066301986482100814
0.005004497114997472
0.0033507334073841167
0.001679129556643031
3.981067240680005E-15
0.001676311916872661
0.0033394975084924563
0.004979345999424787
0.006585807068181503
0.008149052303007553
0.009659535194478866
0.011108049299682092
0.012485784224261255
0.0186807836765958
0.006930038600660259
0.02240967713571899
0.016244433071627602
0.018649400188514794
0.02814766015004198
0.021286057134739116
0.016419652961443487
0.021116802346338878
0.02052603632081847
0.01919187830423914
0.029473014325833945
0.019035444940909172
0.020544246916496145
0.02130568974120174
0.015850668508833928
0.02257777926214063
0.031047851957243883
0.019659618558164445
0.015445096495814138
0.022746875305923755
0.010339330443286606
0.014521257185767487
0.012252950983887078
0.010883816402490566
0.009449702303214036
0.007959530298469221
0.006422553345597704
0.004848298416951191
0.0032465075731303583
0.0016270778027927082
6.336346036149198E-15
0.0016247025454934367
0.0032370357671743
0.0048270961718911015
0.00638513154514569
0.007901600640552297
0.009367231488450747
0.010773077968523188
0.012110574301547905
0.019222127908914637
0.015190693444639325
0.008774483113765332
0.018422770254177864
0.012920812754643216
0.01329707988179747
0.012025833861642679
0.025236207756319615
0.018928221886088163
0.017931452130750015
0.021315957993609212
0.033617073509713345
0.02105773501211014
0.017503208964456656
0.019100049126772822
0.025561291814220753
0.011171095845282857
0.01305106246866176
0.011434834758495225
0.018644724786842398
0.008430315670801438
0.01169669866488273
0.02026322829841215
0.011915019650552224
0.010584747402740376
0.009190996056047694
0.007742424727152201
0.006248018519878131
0.0047170329024185465
0.0031589364957592563
0.0015833526258649455
6.068894321644432E-15
0.0015813671279538868
0.0031510189353854802
0.004699309784061513
0.006216737382103891
0.007694000992688933
0.00912205833346745
0.010492180819397774
0.01179600681201124
0.005918225442005706
0.02140300510312674
0.020213081791979743
0.01257416886924779
0.024183006136335183
0.03870731736866116
0.024973324163101315
0.010439704111803184
0.019976510363542314
0.025262765807381453
0.027437968913624863
0.020421472986545328
0.027866313278066615
0.02539010531313407
0.019199134944078475
0.00945315613262777
0.023269146652991807
0.03733645473739819
0.023911593998486812
0.010943202602447537
0.01686740871146681
0.022504498290067038
0.0077100687922652365
0.011633535736644112
0.010335712165392866
0.008975639047645742
0.0075617555188917975
0.006102822496016025
0.0046078684891851735
0.003086133828988493
0.0015470136525590301
4.507810010538174E-15
0.001545376622714546
0.0030796058552977424
0.004593255909145276
0.006077031449702312
0.007521830580318221
0.008918800579129051
0.010259392048037962
0.011535411143217978
0.017185111479792733
0.006900454584461126
0.01904253834609173
0.025227084569332644
0.012466649255539168
0.012006225634000837
0.02093454656111494
0.03294664017931062
0.024230538942348903
0.01466653795664134
0.00498583356509142
0.020059850297333218
0.004724427218855938
0.01487230804872056
0.024597542436992505
0.03350031471065231
0.024027040198053372
0.01394946153092742
0.014635785040593522
0.02779692846404043
0.023596117318791736
0.006469459909266594
0.01451407832925518
0.011402737382913657
0.010131620185264164
0.008799235330311026
0.0074138399131628225
0.005984009696898412
0.004518586115974979
0.0030266216949528194
0.001517324219012663
3.3838702705131405E-15
0.00151600341300474
0.003021354726475835
0.004506796245604135
0.005963200715939936
0.0073816273150877675
0.008753376451613523
0.010070043035636
0.011323567895696014
0.014689740479723904
0.020687055814306646
0.0027653602500529997
0.01231009024044439
0.023739862147569107
0.021385646514793077
0.0038392124370817842
0.007721420252722216
0.01603859573564342
0.020483770340052495
0.03283945314132594
0.025004015204046284
0.03253326133976439
0.020040911725620603
0.01747298339869385
0.009593855929738953
0.0040467453578317955
0.01926121095384549
0.0251728502452146
0.014175875530153374
0.005938254717512221
0.02200190186620618
0.015893722340632164
0.011218138743401456
0.009968509378501517
0.008658364370335146
0.00729581313238756
0.005889281682093714
0.004447460615539337
0.0029792514937019916
0.0014937119704660443
3.375950540912857E-15
0.0014926825330970255
0.0029751464147086313
0.004438271585381359
0.005873063161207816
0.007270706647693733
0.008622622008376902
0.009920516256842137
0.011156434250421789
0.008689660660775323
0.013477556717836967
0.032981590522513475
0.03023290675684106
0.021551252016565756
0.027343682111075653
0.04004015532922076
0.027273367207979137
0.023595316391621296
0.0204317284399246
0.022325754201082775
0.032363143893681015
0.022964045468278082
0.02061474509913051
0.022649676218750314
0.025018092239320056
0.04020355390069016
0.027641245778182905
0.020249923251088695
0.02720735272796242
0.031838030536925875
0.014248168392987499
0.008834207870247001
0.011076303439823484
0.00984334631362875
0.008550408863440296
0.007205484406093425
0.005816881820233584
0.004393174290419539
0.0029431464544564414
0.0014757402795344899
1.2205494629809846E-15
0.001474983544648877
0.002940128829358299
0.0043864194775069055
0.0058049596661288675
0.007187028762761234
0.00852413485866506
0.009808066870154477
0.01103094488917314
0.014794002175445806
0.028051558801926148
0.006268945641316533
0.013594605875581397
0.028929435774037365
0.011647634348809204
0.00395459186283492
0.024407800782866508
0.033089725858036635
0.017011720453513332
0.008920123692430778
0.016014724954079216
0.008186908895762362
0.017082773959493047
0.03361290109181862
0.025874790705809864
0.0013824844735439562
0.010855594315072537
0.02857958267169212
0.014515261220381851
0.005042750802369345
0.02804624713271162
0.013439688209511
0.010974681112929588
0.009753882124997499
0.008473430582406101
0.007141233191076571
0.0057655121864179
0.004354754658459202
0.0029176602675253837
0.0014630876723681395
1.0021440687753006E-14
0.001462590307409516
0.0029156769298912086
0.004350315050562128
0.005757676340101826
0.0071291032072271195
0.00845616198229573
0.009730694707834454
0.01094486921823869
0.012086606154981439
0.004266304041068468
0.02026922556890954
0.015160183473860191
0.004015916306499191
0.020917060130868546
0.029914460232674182
0.01142240704627675
0.0028042187164482434
0.01937314525778605
0.03736736181905378
0.03392811316508021
0.03731116950169461
0.019209567761659392
0.005132538532859511
0.014644156235271672
0.028672388274196093
0.021100693100491563
0.008333588224959058
0.01938160440584032
0.01978614128759828
0.0020734982309858225
0.012664568565479395
0.010911491925407975
0.009698550779602933
0.00842608279069041
0.007101936019155779
0.005734275035346442
0.004331530647312151
0.002902348001854047
0.0014555333780359113
4.9791714490243815E-15
0.0014552867977792978
0.0029013647161469642
0.004329329608801177
0.005730390233525373
0.007095922300628476
0.008417521487007038
0.009687055090156065
0.010896712005372598
0.011425616490512878
0.021890097199872952
0.020137797336536676
0.029927522986697295
0.02725331538258047
0.022377075064456447
0.02092168582222135
0.034946623217993494
0.0307299863110206
0.018260359610677984
0.019363321727874153
0.02019418812231567
0.020035450830061214
0.01827430514280229
0.029669280371411904
0.03467888734825947
0.02302137059725644
0.023978739327530692
0.026163630422405368
0.03163949377081119
0.022704745243638063
0.018222798973201403
0.011790850974782344
0.010885648950797992
0.009676400843694791
0.008407551610460539
0.007086917623863109
0.005722633777820822
0.004323103446452127
0.0028969467941716022
0.0014529477539679194
