1.0
0.9989725854527299
0.9958941397184476
0.9907760398146901
0.9836371918337682
0.9745039478168516
0.963409989935275
0.9503961825331838
0.8898577700410971
0.7996840627326742
0.7631459635868084
0.7250981897398819
0.7318451750131
0.7190360838562311
0.7041369927568897
0.678736801076443
0.6613489127533285
0.624851995962125
0.6039813551711815
0.5657682515943158
0.5352621132986558
0.5040567339886521
0.4804093143953641
0.44108569166842165
0.4168520949884704
0.37475747549244937
0.3417771319458832
0.29998684138687837
0.2546600192661537
0.1926158930532349
0.17645725077399563
0.16110092165054257
0.19760029228094142
0.20167312991975309
0.17008068053330924
0.13927376632762695
0.1093423593199549
0.08037172439209725
0.05244210162743654
0.025628413765296745
8.939935013514215E-17
0.02437962278192765
0.047452970371682425
0.06916877240348794
0.0894821236499266
0.10835460493099816
0.12575437327165567
0.14165622109465445
0.18120357714312477
0.25652812875912956
0.28190971239176466
0.3038220650575422
0.27708426544435544
0.26459625553832167
0.2586077225788606
0.26038215672205584
0.2538524129969209
0.255701559227733
0.2547895023263725
0.2540218909317147
0.24900215173713075
0.2427803780649591
0.23324613949287318
0.22196187548902904
0.21093943860567577
0.20671149363127406
0.19551088521595406
0.19247640948120903
0.20041720550202777
0.22429913798393386
0.2013408590013229
0.17539822459498974
0.10823060760361149
0.0913037533794376
0.07826434592780021
0.06509537670314808
0.05187566279556139
0.03868235100081229
0.025590567982649616
0.012673085182489094
1.5352661557398771E-16
0.012361565328204522
0.024347745827528623
0.03589819564672761
0.04695632858089001
0.057469536274566406
0.06738938324713131
0.07667177800935486
0.09683397864978555
0.06213289980932894
0.06300149134964037
0.06697665911909827
0.1111166595317649
0.14032703565089882
0.15390364668549192
0.15883835532339016
0.16393697633594184
0.17281117679554478
0.16641184989715518
0.1720119549746678
0.17292025173693973
0.17304920450955252
0.16798652961178762
0.17563285492979053
0.16588853643617446
0.16378514400685673
0.1603418437711062
0.14820737267378634
0.1224029983824596
0.07606534276974833
0.07009366671044465
0.06793270474694348
0.09772063536967265
0.05913896231121242
0.05093822132600258
0.042567565380628114
0.034079781627452545
0.0255274576858624
0.016962687462070903
0.008436783880032446
5.605545774360577E-16
0.008298740059596549
0.01641209904919226
0.024294572090918454
0.031902718564962365
0.0391953792737563
0.046133877870155514
0.05268220563223784
0.025505989867467684
0.058847692372350505
0.06439151902803467
0.06292162357861682
0.03342576530634387
0.04265886444376783
0.050488721736233234
0.05163859045151815
0.06402106340653081
0.06647775693662544
0.06059327171940391
0.05786883883103361
0.058443377463719234
0.058930978296755226
0.061456452814917496
0.06933595395395262
0.06878042570457145
0.05577224478969089
0.055920070684417546
0.0513285534976903
0.03610673535296626
0.042195565635172516
0.045109787360260174
0.042440836176368485
0.015931523179083033
0.043842373363555245
0.037850671909973994
0.03170319158088335
0.025439031390900545
0.019097499119956632
0.012717877975441307
0.006339196069147989
3.821097509706681E-16
0.006261866202460562
0.012409475561784709
0.018407024902624792
0.024220032755729266
0.029815527373656222
0.03516222387760906
0.04023068962729735
0.08431359014756253
0.06031863971388134
0.06932255239018376
0.08423585440346593
0.134663203872783
0.13449709741516255
0.13747937337117203
0.13834545015120284
0.12948870552227132
0.13876477116789218
0.1406088993294712
0.14851654501578326
0.14719242015647957
0.14544158352245598
0.13475654603696133
0.12838979034823372
0.11705533191516238
0.12363876463064966
0.1199926116154286
0.11711048559882618
0.12279614285385806
0.07380415411252578
0.056931468986687356
0.0457675997577923
0.06607196087940068
0.03492661100534793
0.030194876749063355
0.025325216019942823
0.02034860287924134
0.015296350844881217
0.010199922616159594
0.005090740693767978
5.461427807829474E-16
0.005041516417229481
0.010003617540091849
0.014856879372913776
0.01957281378612209
0.024124030271787236
0.02848438971977386
0.032629149377752034
0.02157559490757223
0.05279600984009344
0.04585009211538843
0.03895478079951481
0.047367079769901566
0.050961212767766786
0.04355424382881423
0.045399547467585365
0.06193513312778179
0.051202018608859506
0.04473754702867938
0.0491377221881302
0.04958476782401688
0.049744571777490754
0.04642097952529587
0.05386083511110114
0.0615064455580423
0.04842189532045597
0.04702094162116362
0.050154295672172625
0.04617158650046581
0.04605419239784683
0.05441713350973197
0.06469257205822151
0.03744939325567929
0.029106096167606926
0.025185915879489613
0.021143214447610602
0.017003654284083385
0.01279327734706933
0.008538345181072363
0.004265178890457189
4.3721425485072674E-16
0.004231226855952723
0.008402948491872252
0.012490174076165556
0.016468621510457443
0.020314858443544862
0.02400643711855331
0.027522022293951516
0.021910972454842605
0.0336521015689474
0.023274154097459483
0.025049090679832596
0.04692920571134813
0.033396128349291135
0.04203263372356416
0.04357718615674724
0.05296848754476359
0.06697354570889444
0.06065187228724475
0.05285221355705596
0.05379315714570663
0.05459478648737449
0.06360284189916997
0.0726469470344703
0.06077834598895079
0.047353367601358484
0.04686008157430545
0.03140870190643139
0.03125604680084802
0.018470441744472203
0.022353829281231734
0.03785486130686642
0.021123363025394967
0.02502101131459129
0.021665227760588514
0.018199480544476107
0.014645715469345592
0.011026264246841095
0.007363706582086918
0.0036807316787416887
2.3899523026832474E-15
0.0036559938856947313
0.0072650565569712345
0.010805428289311596
0.01425591212285123
0.017595998694534997
0.020805986110941397
0.023867094172388106
0.06117952700413572
0.06992767216197009
0.05962763886120798
0.05709099095610204
0.054517332651784406
0.05479301925197385
0.07539174807324943
0.0762860895083315
0.07774324192666877
0.09407982592209661
0.09642543868761862
0.10374148169997803
0.10373363039914067
0.1035235879642216
0.09559897004520398
0.09141884624400468
0.0746725793009257
0.07333013604706073
0.07192762110028354
0.04986532944133571
0.052418599353988245
0.05182433051119493
0.050767858025192035
0.057179667105731406
0.0574814825225801
0.022006789021946777
0.019064718399564588
0.016022861053660124
0.012900431665655509
0.009717023953107199
0.006492489323493444
0.003246814662533852
2.1604484602689253E-16
0.0032280632073174026
0.006417712443589965
0.00954963243325712
0.012604970668225671
0.015565449480292756
0.018413474000511597
0.021132235375581846
0.017676295095665758
0.020408964851831846
0.016956039031396156
0.019307329755597763
0.021664740412779517
0.04039420965346366
0.04931301329497656
0.049715731067035966
0.07277183515686303
0.06538736474195402
0.06701840988454336
0.07136357212745734
0.07061806517851722
0.06974184886213144
0.06342113236798315
0.058961308522090694
0.06712160933676824
0.045278004031522164
0.04388899142676618
0.04012602638111874
0.026125663313156425
0.025204635740094936
0.02619781615832167
0.02112777313517624
0.013011652655555015
0.01970021036208682
0.01707317065595324
0.014354647114386828
0.011561772961429998
0.008712048594938002
0.00582323304998799
0.002913234433609466
2.2876936981812733E-15
0.002898593465302417
0.005764848289297964
0.008581352929306754
0.011331086723563208
0.01399752175035772
0.01656472119194195
0.01901743362329318
0.025138047731954345
0.026458334987486846
0.03354570394852546
0.027330209964576083
0.024737620763452338
0.021703446535308823
0.03236355024632212
0.0332809970883764
0.025055174081148743
0.04177981319829947
0.03776252640123042
0.03575892378256339
0.03550667996153216
0.03511196386934131
0.03856000333036854
0.04554791776196458
0.029981389570862764
0.0321660246803482
0.031013100325649592
0.021609877637555345
0.020188302722726165
0.026287072925055797
0.0388791959776851
0.035413637182874824
0.01650139534254322
0.017886055366202754
0.015505857279758287
0.013041013712295633
0.010507026791999826
0.007919752519507606
0.005295302366410267
0.002649943750819871
1.4631821310172691E-15
0.002638249589544537
0.00524866898735417
0.007815363359244333
0.010322775102726127
0.012755777411732715
0.015099764812142202
0.017340740130545942
0.03675203979102452
0.04945486812689396
0.05007863159111035
0.042797118950883666
0.042421251815006826
0.03506942895065766
0.02887645833805989
0.029789655813605268
0.030453211458029594
0.03798128223872995
0.042171468728653246
0.043993841291211165
0.044493949985582426
0.04488764000953726
0.043772590724455857
0.03956577590383608
0.029894591120412192
0.029010939505356163
0.028006505165969947
0.03250816764016428
0.04226617934174786
0.04158112001679034
0.04760791573954919
0.04973345358573791
0.04213543298704401
0.01642875242294354
0.014246258644905113
0.011984803983147628
0.009658584444416737
0.007282136745884238
0.004870248084483718
0.0024378647295388764
2.3470130528294296E-15
0.0024283578107894164
0.0048323370015076784
0.007197272964717796
0.00950879707671151
0.011752923439941719
0.013916132957619714
0.015985454238325463
0.024012670910405303
0.04352651334321943
0.03488946097644061
0.01796309362863081
0.017268443082588614
0.022400098711672062
0.03456694357243073
0.03537967643438221
0.06208193554074469
0.07072441130161283
0.0745788789596341
0.0719381767236198
0.07193031885019036
0.07176585503865768
0.07358730673541168
0.0679172167000419
0.060052288078038384
0.03400421128584349
0.03292336758141624
0.023243263853254287
0.016446991350046035
0.013453217536537464
0.026147600973706175
0.037150848467722215
0.02128454327131916
0.015238710305110429
0.013217291849714716
0.011121676278226036
0.008964995797929797
0.006760710998606109
0.004522527309871002
0.0022643102517703644
3.749758180255813E-15
0.0022564742107746725
0.00449127932258697
0.006690762809972245
0.008841535644205168
0.010930553364367105
0.012945194766961021
0.01487333774186288
0.02820794408080228
0.022782765529872167
0.022747618681728372
0.03055666805907942
0.027876657644337176
0.034614578118726695
0.02267668891325621
0.02360628942250894
0.010596250562073872
0.020803226714001158
0.020592548196948588
0.029172009873871103
0.028585093662456273
0.027954702172768433
0.018614148855340944
0.02154761912883104
0.013462982894054535
0.0238960385854653
0.023026888683180716
0.03624763806047432
0.025571843675473382
0.03137428319410945
0.023396075134106496
0.01189011437266298
0.01659791025257811
0.014254402945583852
0.012365975136839239
0.010407368373057203
0.008390836793721677
0.0063289517095660155
0.004234523600869645
0.002120522893435507
1.5434683018170546E-15
0.002113994882377752
0.0042084917280643145
0.006270679904200136
0.008287986175756695
0.010248151021482119
0.012139302799505858
0.013950029315997273
0.020136012395777336
0.024737667055203888
0.0213958977705588
0.022859879685460584
0.024132927209524205
0.025940678617966045
0.023597214220821672
0.02441249593642156
0.021271718747398253
0.01397189504239532
0.021534709556695255
0.02668588890547783
0.026189140043943356
0.025543534073854887
0.01933334501961332
0.010894807812132491
0.017858472070759104
0.024059982516725482
0.023188904066907618
0.024330092357185445
0.025343049174759602
0.02404939500179319
0.023940181071822077
0.024128145898835936
0.025370478857980376
0.013432231125043824
0.011654737426118642
0.009810470346246625
0.007910951711347257
0.005968010510534595
0.003993709529245397
0.0020002707528319046
2.1827392196477395E-15
0.001994788750869667
0.003971848879046782
0.005919076020935149
0.007824581895464934
0.009676766606719013
0.011464388985836115
0.013176634547167892
0.01656543351897402
0.017335186591827728
0.03593687135594254
0.02894586611310473
0.02466231114247721
0.0272751081788692
0.02078546356267891
0.021502337927384076
0.03985653648403159
0.04655154267650866
0.05147898239374837
0.04308000550808274
0.043387289082273364
0.04353431490259993
0.052145974689883585
0.04621552784758505
0.03951857086430145
0.02046023029562844
0.019551243508652574
0.02358204236002389
0.024083040183630527
0.024030955402012957
0.03493070046125974
0.018295831702216277
0.0197165927986166
0.012740489276204312
0.01105624082002826
0.009308114012792492
0.007507015135159509
0.005664148820688414
0.0037909485941315323
0.0018990061775862506
5.246273291195337E-16
0.001894376650478078
0.0037724873907061507
0.005622823984444232
0.007434076627061083
0.009195202845302121
0.010895494593688583
0.012524643141225514
0.023546846689500193
0.01664779508571232
0.014243454146262614
0.020995147081687364
0.018265968433188638
0.021980176361650557
0.025309518933178652
0.02608864717530205
0.013214213201467394
0.008134706194551545
0.0015661564497982641
0.010117859269760153
0.010085708520047476
0.009981794428640965
6.504199107741714E-4
0.009822822526487342
0.015288702924015973
0.025933798462568942
0.025133641809836647
0.02295259112247503
0.015141368085609563
0.02327405575915786
0.009338093519733331
0.013315236674088727
0.016388791834321893
0.012155621864997159
0.01055016488139244
0.008883293100559075
0.007165392548761917
0.005407139946442385
0.003619436553902419
0.0018133407843641115
2.245283109400867E-15
0.0018094180900343577
0.0036037940082473347
0.0053721246444710345
0.007103590532062913
0.008787621854596455
0.010413962781397895
0.011972733741573982
0.020327522512859176
0.01829846724667984
0.02481923837408861
0.00872594212045249
0.026648946978795735
0.01770410676021457
0.017339732937128097
0.018137561778467984
0.01971621029677794
0.025266585098568033
0.029049231863190354
0.03019110272043018
0.029936038496595978
0.02954486460806876
0.02712889667693395
0.02385066020900074
0.017643987928153235
0.018713244143024034
0.018036569064537558
0.018237914029352972
0.028883849300167422
0.00725926233987058
0.021659588379848334
0.019387435609577487
0.021164038485680714
0.01165981713250864
0.010121138014665285
0.008523137976573848
0.006875761877443542
0.005189238702477862
0.0034740182182275156
0.001740706395820431
1.6639896155376183E-15
0.0017373792535281159
0.0034607505683611588
0.0051595395614827694
0.006823342980646423
0.008441992249954169
0.010005615456474992
0.01150469740100176
0.005997689077334905
0.008046625442235472
0.012414090136439912
0.02869420780376143
0.002959525132940422
0.023764507640674722
0.019504499411618054
0.020162814989189464
0.029770252058287063
0.022555433014183997
0.030362912611482232
0.022090739331191926
0.02219656618137044
0.022160452973819574
0.030747312382227422
0.022289266296862648
0.029934330151915975
0.019729888458038965
0.018994028643106238
0.023830095060108004
3.272307575564521E-4
0.027058997361596546
0.014299213550117668
0.005611644629516963
0.010048296585289749
0.011239413419890182
0.009757366466506604
0.008217771418261697
0.006630198648208264
0.0050044971150008275
0.0033507334073875745
0.00167912955664337
3.8075741216560325E-15
0.0016763119168745051
0.0033394975084921744
0.004979345999428996
0.006585807068182086
0.008149052303010482
0.009659535194480706
0.011108049299684565
0.01765219583281388
0.023843658155788115
0.014111718894607328
0.008624869957176796
0.0364670949967656
0.013293731634535053
0.017838579837652017
0.018422472479291175
0.011816842752162658
0.022342174043953826
0.015192101409574553
0.023736353554330066
0.02397078526623679
0.02407830537852
0.01633081275043046
0.022939194425053308
0.012616967570359433
0.017176345732248292
0.016352251343762343
0.009920079360214726
0.03623488613909468
0.011659653866642717
0.012258312915627095
0.02492851972941899
0.01234536843004284
0.010883816402488809
0.009449702303214381
0.007959530298468066
0.0064225533455949165
0.004848298416949605
0.003246507573128907
0.0016270778027862756
1.0408613279140353E-14
0.0016247025454976167
0.003237035767175536
0.004827096171890804
0.006385131545149622
0.007901600640554144
0.009367231488446903
0.010773077968518622
0.01808578501050045
0.002084932500055846
0.019613118133336473
0.01681333497055325
0.0019917506015634545
0.030738206211714553
0.0241756799374406
0.024948501978108575
0.02754975597673131
0.015014241514608707
0.014587240787704117
0.010758452038437071
0.010716319549168542
0.010559202862868568
0.013406998753514776
0.014698121385217021
0.02736439576539882
0.025775416413652504
0.025171143323830133
0.033065436024260694
0.005174569190759046
0.014634041579731812
0.022010803316570706
0.004653764254957897
0.021145717100982172
0.010584747402746893
0.009190996056046735
0.007742424727151305
0.006248018519871472
0.004717032902417416
0.0031589364957580477
0.001583352625864052
6.0479002834204475E-15
0.00158136712795314
0.003151018935384853
0.004699309784062939
0.006216737382103748
0.00769400099268969
0.009122058333462807
0.010492180819393205
0.0017593582891441445
0.020442406384067094
0.0038353107627112004
0.017104644699407704
0.021082301404662662
0.014288929684561481
0.011432010316691686
0.012148587396861553
0.020337927114743814
0.02416717105094138
0.03367368071090533
0.028737652236829506
0.028583219426097612
0.028298805929669317
0.033450119850113126
0.023885162722144086
0.02064464691916234
0.01325735948014206
0.01275942715377971
0.016684523190283622
0.015162013647980154
0.01743890307916615
2.641689232208139E-4
0.017068494082110162
0.0033522930723206123
0.010335712165389114
0.008975639047645907
0.007561755518894856
0.006102822496022616
0.004607868489188348
0.0030861338289908382
0.001547013652554525
2.678838621450842E-15
0.0015453766227175071
0.003079605855293459
0.004593255909146754
0.006077031449699747
0.007521830580319169
0.008918800579129813
0.01025939204803565
0.020579108364509182
0.017661274210905662
0.029957304653146583
0.019152174357608912
0.026876135342308025
0.029514280722410913
0.01589489395309905
0.016244932046505362
0.01825238832694553
0.02104784270339238
0.014054446156152615
0.023463805103993856
0.02392030976042231
0.024260468507971138
0.015489025421554874
0.02220264913566558
0.016422851485190088
0.013534081751699711
0.012690846373781015
0.024362626951311136
0.03060451393128599
0.020916024829207232
0.030472116479645324
0.020683117154134387
0.016403685701384306
0.010131620185261302
0.008799235330314324
0.0074138399131570545
0.005984009696902568
0.004518586115969264
0.003026621694952148
0.0015173242190156808
2.0481972318103038E-15
0.001516003412999513
0.003021354726473032
0.004506796245602616
0.005963200715935036
0.007381627315090042
0.00875337645161093
0.010070043035638418
0.009561065609926202
0.009990993729981773
0.0014801212222929484
0.01735764089688292
0.002289650207387566
0.02068440843040172
0.032727982712479536
0.03363380450678938
0.027299993214386153
0.02274333303285898
0.013605862533338819
0.016491969003895848
0.016800751417812773
0.017092791125354823
0.013279949821943854
0.02214082179013595
0.02837529586307039
0.03655224053841741
0.03624601953024355
0.02310864562414833
0.005299837389888943
0.01700817464485303
0.0029998531371788757
0.008241211279967658
0.01473948414808229
0.00996850937849776
0.0086583643703319
0.007295813132389693
0.005889281682097418
0.004447460615542022
0.0029792514937012084
0.0014937119704653888
3.9980653890603396E-15
0.0014926825330983185
0.0029751464147031725
0.004438271585379236
0.005873063161209309
0.007270706647692333
0.008622622008373056
0.009920516256837679
0.007835615998286666
0.01460043972290617
0.017522366355815666
0.013264950031539179
0.026631388703033686
0.015493561562405056
0.021999397434662036
0.022112440771216463
0.0053327422219651005
0.02983886249775607
0.03941099710891514
0.04347155158900973
0.043382816685224555
0.04318460424592756
0.03954808289252966
0.030138269889445363
0.005329455845908803
0.022429575150836333
0.022338674682597617
0.019888443539574797
0.02227776471274691
0.0080086238760348
0.009952364884936686
0.009586857163311714
0.0069870149878092595
0.009843346313628645
0.008550408863438944
0.0072054844060927305
0.005816881820233606
0.004393174290422449
0.002943146454459915
0.0014757402795281104
4.118086802807778E-15
0.0014749835446453974
0.0029401288293602573
0.004386419477507665
0.0058049596661280635
0.007187028762764423
0.008524134858664103
0.009808066870152402
0.021499446833749967
0.021860645932357377
0.024621753456604036
0.026043918881217702
0.025274285735358833
0.026876904176447187
0.02927099676698029
0.029325104804393015
0.029244050088245183
0.003671030911987446
0.010027201004297676
0.01861538555131931
0.018472949799565958
0.018262849312512097
0.009177721727264894
0.0035376647691080384
0.02835843355232556
0.024463452819104246
0.023418089923176545
0.02329624501057006
0.02937860776953082
0.02945901856060449
0.0299862821317352
0.027214796995728967
0.02088136436742733
0.009753882125001154
0.008473430582404167
0.007141233191075594
0.0057655121864171365
0.004354754658462912
0.002917660267526312
0.0014630876723650253
9.322215492060797E-15
0.00146259030740885
0.0029156769298901426
0.004350315050561847
0.005757676340105131
0.007129103207226984
0.008456161982297549
0.009730694707829855
0.002083140717779243
0.010749871233115322
0.006184114801071365
0.007793692974397928
0.008841348344987251
0.02448151298043634
0.020273575241644703
0.021251758483617735
0.013026901901893028
0.03493002241835727
0.025923352421884926
0.01909763627297434
0.019448190312255333
0.019732303862224673
0.02596077899802191
0.034757321033108246
0.014203897574169634
0.025735790143068267
0.025719789742200846
0.02359977693784087
0.005878050693277651
0.008622902348709428
0.006538964819526781
0.010411200017778295
0.006189015737268148
0.009698550779604093
0.008426082790690067
0.007101936019148858
0.00573427503534436
0.004331530647310429
0.0029023480018549965
0.0014555333780339988
8.166893007025836E-15
0.001455286797772186
0.002901364716144864
0.004329329608805799
0.005730390233518294
0.00709592230062742
0.008417521487010209
0.009687055090160188
0.0169788876930422
0.024345667160131892
0.026459117372686244
0.025570270508398107
0.025452431726573296
0.011541696783506585
0.03403843970014974
0.03468349515291547
0.02120326460316352
0.020647984379373152
0.03025258363146513
0.03977459540204959
0.04001760923999618
0.04018665112861924
0.031169928723266613
0.021985790773128556
0.020772739165301358
0.038139250458162306
0.03818255304180387
0.015323091106452986
0.019761133949988567
0.020272837386851116
0.019703790525515998
0.017887774714327412
0.015119996514069882
0.00967640084369604
0.008407551610459807
0.0070869176238620045
0.0057226337778200145
0.0043231034464535625
0.0028969467941702865
0.0014529477539744905
