1.0
0.9989725854527282
0.9958941397184466
0.9907760398146919
0.9836371918337697
0.9745039478168531
0.9634099899352763
0.950396182533182
0.9355103927392274
0.9188072805050703
0.9003480590739815
0.8802002270235789
0.8584372731615443
0.8351383556816386
0.8103879571087234
0.7658335567879238
0.701459478073941
0.6363507966850752
0.5612812179712391
0.5130153983659438
0.4558271968891057
0.4499231827044397
0.43500466507908264
0.44689258275127414
0.4493737477979
0.45232875104360176
0.4364366034228268
0.40218305582793457
0.36798471756719964
0.33395382007963714
0.30020068627509616
0.266833281321188
0.2339567767589833
0.201673129919753
0.17008068053330966
0.1392737663276273
0.10934235931995494
0.08037172439209717
0.05244210162743651
0.025628413765296756
0.0
0.024379622781927457
0.04745297037168251
0.06916877240348794
0.08948212364992572
0.10835460493099744
0.12575437327165578
0.14165622109465484
0.1560416043881077
0.16889863993921186
0.18022207187652944
0.19001320791217985
0.19827982582151685
0.20503605084075008
0.2103022048015692
0.23169974463476414
0.2707779345997655
0.30366471606118123
0.3428496422417628
0.35472579506986673
0.36964239021908296
0.34652536811354556
0.3271114061592726
0.28164493290792736
0.2434237130321046
0.1984921849456175
0.17215286420565595
0.16228884351832584
0.1517284766718166
0.1405515959584023
0.12883908052317336
0.11667245240793671
0.10413347464621696
0.09130375337943823
0.0782643459278001
0.0650953767031477
0.05187566279556141
0.03868235100081232
0.025590567982649984
0.01267308518248833
2.891121321435031E-16
0.012361565328205416
0.024347745827528595
0.035898195646728505
0.046956328580889495
0.05746953627456673
0.06738938324713138
0.07667177800935251
0.08527711967004828
0.09317041956355224
0.10032139756208629
0.10670455287113881
0.1122992092399671
0.11708953465262438
0.12106453569679916
0.10903284855920947
0.076471048833667
0.054506523109463315
0.04205921625619643
0.04755944791839621
0.0730488751853806
0.04732474932244296
0.04099070190296061
0.04933694588687156
0.06791965419620515
0.09803790137950895
0.10745012688708824
0.10187006638129423
0.09577043133222553
0.08919691902778035
0.08219714680739834
0.07482035430154839
0.06711710121238194
0.05913896231121267
0.050938221326004327
0.04256756538062863
0.03407978162745155
0.02552745768586286
0.01696268746207135
0.008436783880032805
8.671399291564653E-16
0.008298740059596355
0.0164120990491917
0.024294572090917486
0.03190271856496249
0.0391953792737566
0.04613387787015395
0.052682205632238716
0.05880718876800659
0.06447863753738943
0.06966947658610838
0.074355855995338
0.07851724266229324
0.08213649173906527
0.08519989796978748
0.10135714649838135
0.13873468060130603
0.15120823301674974
0.16801877126103043
0.16980836028990587
0.159277867271527
0.16681525619177048
0.16249345374321553
0.14501599074988936
0.13313144585487613
0.09473900257064623
0.07829011355494163
0.0744170322576716
0.07013989843314553
0.06548986096701231
0.0604998770036507
0.05520449656085591
0.049639640524936454
0.043842373363555474
0.03785067190997316
0.03170319158088239
0.025439031390899685
0.019097499119955633
0.012717877975441234
0.006339196069146787
1.838570140241993E-16
0.006261866202464122
0.012409475561786017
0.0184070249026235
0.0242200327557303
0.02981552737365669
0.035162223877609644
0.04023068962729714
0.044993496981778985
0.04942536269936568
0.053503273308290175
0.0572065958666553
0.060517173619378965
0.06341940615120044
0.06590031372758685
0.060495643300733586
0.03596141488796409
0.028076215507012302
0.03734529099306593
0.03801652188490406
0.0619641706472458
0.03784180236927882
0.037517986672329334
0.028011081688528266
0.0350683079132733
0.05805306756469804
0.06174308144078665
0.05877625830867427
0.05547984723424982
0.051877279022177904
0.04799358665120042
0.04385524009181551
0.03948997423526635
0.034926611005349585
0.030194876749065243
0.025325216019944932
0.020348602879240174
0.015296350844886333
0.01019992261616043
0.005090740693764997
3.2099293679845907E-16
0.005041516417228557
0.010003617540091774
0.01485687937291196
0.019572813786122988
0.02412403027178642
0.028484389719773382
0.032629149377750986
0.036535098216767134
0.04018068198682684
0.043546117313200676
0.046613494253766756
0.049366866810154675
0.05179233096025194
0.05387808985638777
0.06340293602784015
0.09811480279498432
0.08615102195775559
0.07808131938359758
0.08100561491197691
0.05798505239531029
0.07964043315881003
0.07472244908132554
0.082544723000701
0.09523580626898445
0.06019659743427085
0.051113022442390646
0.048704480630813125
0.0460173883318213
0.04307047863746643
0.0398839019416368
0.036479093000143445
0.032878631378332114
0.02910609616760592
0.025185915879487635
0.02114321444760984
0.017003654284083243
0.01279327734706839
0.00853834518107203
0.004265178890456344
5.442165829628822E-16
0.0042312268559527915
0.008402948491871735
0.012490174076164935
0.0164686215104542
0.02031485844354469
0.02400643711855218
0.027522022293951523
0.030841511525968954
0.033946147150061605
0.03681861935329959
0.03944315978678681
0.041805625227193575
0.043893570859264215
0.045696312815778226
0.048828069738904564
0.033553113651718605
0.035076430069696025
0.04965920293617841
0.04110447018370107
0.05989677469589213
0.04127033695739826
0.05047297821086725
0.03596076261545522
0.03363747961997649
0.04816638650047703
0.043731858340604314
0.04169996125597161
0.0394263645736495
0.036926673868339685
0.03421776046338003
0.03131765050089746
0.028245407809627317
0.025021011314591668
0.021665227760589205
0.018199480544474633
0.01464571546933977
0.011026264246837714
0.0073637065820847825
0.003680731678742502
1.067966866781411E-15
0.0036559938856950257
0.007265056556972224
0.010805428289308023
0.01425591212285117
0.017595998694535764
0.020805986110944218
0.02386709417238697
0.026761572296946333
0.029472800534866814
0.03198538310894179
0.03428523396467542
0.03635965386519488
0.03819739861925887
0.0397887380865309
0.04212060701083613
0.07358920142853433
0.052660585757523144
0.03757507311542709
0.05287577474011362
0.0651317286019646
0.052556224354084136
0.03701216789566607
0.05141379391767184
0.07152126438955635
0.0399890413333934
0.038326818845393476
0.036565023441393875
0.03458922414218273
0.03241281085604744
0.03005031665505826
0.02751732263936872
0.02483035701418517
0.02200678902194968
0.019064718399568876
0.016022861053654244
0.012900431665655248
0.009717023953106507
0.006492489323495686
0.0032468146625348063
3.8942428923416766E-16
0.0032280632073133776
0.006417712443588506
0.00954963243325487
0.012604970668223053
0.015565449480291326
0.018413474000502427
0.021132235375583914
0.023705808643461914
0.026119244705548467
0.028358655871710253
0.03041129449570923
0.03226562426294459
0.03391138373905946
0.035339641836644856
0.04521826754035515
0.03396860767934462
0.04456428612956897
0.059692750573189395
0.04207351560711881
0.04231395232052752
0.041991414490698264
0.059751332116980936
0.04490319995581628
0.033918426229061396
0.04491067077428344
0.034213918317645954
0.03265444392711002
0.03090243173086023
0.02896962945826277
0.026868828375112865
0.024613779935093966
0.022219107024003204
0.019700210362088657
0.01707317065595327
0.014354647114389855
0.011561772961432775
0.008712048594938784
0.0058232330499911585
0.002913234433604577
8.283221016108901E-16
0.002898593465299592
0.005764848289296298
0.008581352929303626
0.01133108672356145
0.013997521750360646
0.01656472119194181
0.019017433623296852
0.0213411826735709
0.02352235153832304
0.025548261854455457
0.027407246486222916
0.02908871580949588
0.03058321712295345
0.0318824868580196
0.02719074615537332
0.054877816857899796
0.044767496171175196
0.033667335916032035
0.03636345791769876
0.05338670815121349
0.03581168780090411
0.03338530837529778
0.044530010558069724
0.05321762402616526
0.025628001359299424
0.0309929002489348
0.029589960921756253
0.028011524569116344
0.026268079742021323
0.024371076804359265
0.02233285365668203
0.020166556388836136
0.017886055366203964
0.015505857279755486
0.01304101371229154
0.010507026791995118
0.007919752519502252
0.005295302366410089
0.002649943750818869
1.9116677002254263E-15
0.0026382495895479648
0.005248668987355835
0.007815363359242974
0.010322775102728282
0.01275577741173323
0.015099764812138048
0.017340740130547812
0.019465397382425597
0.021461200092846817
0.02331645459268337
0.025020377865604255
0.026563159556024295
0.027936017785244665
0.02913124846203355
0.04275056245826396
0.03264886623729404
0.04332439801140036
0.05466312592943672
0.04315201734153721
0.028222317047079833
0.0433341555172817
0.05422362383473416
0.04276825328673316
0.03242861618102505
0.04240683867031006
0.028414046555177697
0.027135248424843023
0.025694737479842734
0.024102011149965033
0.02236746098953189
0.02050230555744429
0.01851851851851976
0.016428752422941364
0.014246258644899045
0.0119848039831474
0.009658584444421213
0.007282136745882947
0.0048702480844819125
0.002437864729540398
4.302021044550583E-15
0.002428357810789325
0.004832337001504434
0.007197272964717608
0.009508797076710488
0.011752923439938856
0.013916132957618234
0.01598545423832398
0.017948540849476453
0.019793744462759014
0.021510183461026053
0.023087806605618568
0.02451745139445873
0.02579089677497766
0.026900909911462594
0.01650873998489338
0.03983635818474308
0.03958637949375735
0.02251109123362773
0.014589748751246238
0.020006122078831786
0.014174844421917446
0.02175861251053727
0.03894982730470264
0.03852811717695587
0.015497215648051541
0.02631358558429325
0.025135146105057786
0.02380630979895265
0.022335777788462168
0.020733088768745953
0.019008557644273002
0.0171732096400421
0.015238710305111461
0.013217291849716133
0.011121676278225813
0.008964995797927783
0.006760710998605605
0.00452252730987049
0.0022643102517711984
9.963430677384598E-16
0.0022564742107754015
0.00449127932259199
0.006690762809974965
0.008841535644205518
0.010930553364363863
0.012945194766961555
0.01487333774186507
0.01670343180137152
0.018424566870802468
0.020026537933309052
0.021499905148104497
0.022836049090252827
0.024027220790948906
0.02506658629009274
0.03956127101382068
0.029949873418052844
0.033329279302427094
0.04775236081336434
0.04912531225926422
0.05078632044344227
0.04911298762667814
0.04755654296800952
0.032547205546639556
0.029632597892756674
0.03908651102621298
0.024579739426436695
0.02348365876873883
0.022246578963333766
0.020876550878773117
0.019382415367130555
0.017773746605172475
0.016060791128661454
0.014254402945592437
0.01236597513684308
0.010407368373057757
0.00839083679371945
0.006328951709568202
0.004234523600870838
0.002120522893441989
2.918905329825734E-15
0.002113994882375757
0.004208491728062907
0.006270679904201595
0.008287986175757213
0.010248151021480205
0.012139302799508074
0.0139500293160009
0.015669446367280793
0.01728726284573317
0.018793842021817074
0.020180258639176146
0.02143835148631341
0.022560771136894125
0.023541022581268296
0.01119620666428931
0.02858612514384501
0.029070850714394227
0.009254960269386207
0.00914966351045951
4.802803597646251E-15
0.009257058457850274
0.008821415841189256
0.028199795882714748
0.027705426651831438
0.011034537282224522
0.023133698461555875
0.022105999136025508
0.020945174511592352
0.01965873761033407
0.01825495116810284
0.016742774869489274
0.0151318084643252
0.013432231125051795
0.011654737426118387
0.009810470346243508
0.007910951711350344
0.005968010510534811
0.003993709529247299
0.002000270752829109
1.3051780108246987E-15
0.001994788750871377
0.003971848879048471
0.005919076020937299
0.007824581895463345
0.009676766606714056
0.011464388985831043
0.01317663454716514
0.014803180649463494
0.016334258471107685
0.017760711428655724
0.019074049690996103
0.020266500465845896
0.02133105376226471
0.0222615033610324
0.035296725752439834
0.026575942878874825
0.027044353509680083
0.043786538198882195
0.03852196404681881
0.045195987605151804
0.03802654004949524
0.04346340610345908
0.027018519733087096
0.0262230681226098
0.034694303525197
0.02191839112726601
0.0209479756763324
0.01985107461827332
0.018634751619660942
0.01730678585520655
0.015875622498042724
0.014350319253919329
0.0127404892762053
0.011056240820026042
0.009308114012789493
0.007507015135159364
0.005664148820685497
0.0037909485941296146
0.0018990061775904432
2.2269675044716593E-15
0.0018943766504760965
0.003772487390705715
0.005622823984444878
0.007434076627062013
0.009195202845306751
0.010895494593687768
0.01252464314122856
0.014072801356562087
0.015530643016464224
0.016889418781759407
0.018141008505862817
0.019277969564482418
0.020293580919803614
0.021181882659611025
0.012437830522215115
0.022062247295990725
0.018552072815761447
0.007616335308766444
0.01946528257209244
0.015818790356785597
0.01984624292949732
0.007921039413478334
0.017913155905407725
0.021691516412301024
0.012859417653713614
0.02089156274301729
0.019969445908412604
0.018926465904997955
0.017769308106982497
0.016505344286023058
0.01514258584455184
0.013689633232425787
0.012155621864993246
0.010550164881390378
0.008883293100556033
0.0071653925487597915
0.005407139946451574
0.0036194365538999495
0.0018133407843700213
3.722529819973966E-15
0.00180941809003247
0.003603794008244504
0.005372124644470363
0.007103590532062886
0.008787621854597803
0.010413962781398936
0.011972733741576232
0.013454491259360227
0.014850284989619083
0.01615171160994091
0.017350965245904952
0.01844088412787472
0.01941499320140239
0.020267542438716833
0.030155541096333945
0.023041168327046693
0.029322092142793178
0.03302871381887765
0.019142949667434492
0.01976147914211205
0.018885610104123946
0.03228671879719939
0.029525720594325424
0.02269299957728549
0.029473287566565115
0.02002135236825028
0.019140129092510345
0.018142812882804105
0.017035768917318665
0.01582602400082795
0.014521222122821174
0.013129576318166102
0.011659817132508275
0.010121138014665918
0.008523137976576414
0.006875761877444149
0.005189238702475436
0.0034740182182202667
0.0017407063958139574
5.887174935009504E-15
0.0017373792535218876
0.00346075056836108
0.005159539561487153
0.006823342980653016
0.008441992249954199
0.010005615456476508
0.011504697400993285
0.012930137348569097
0.014273304129171369
0.015526088255909079
0.01668095074674297
0.01773096835676393
0.018669874950323975
0.01949209876671524
0.016066028432839517
0.020266816099675122
0.01226201854430182
0.017796468531323446
0.032937748334083104
0.03292941189872787
0.03313968315627266
0.018412659211112747
0.012012494910388152
0.020270291004829865
0.016499749808987607
0.019283377659065133
0.018436844561115367
0.017478263788003365
0.01641372860142813
0.015249972865774224
0.013994328584081176
0.012654679837935527
0.011239413419891646
0.00975736646651299
0.008217771418264772
0.006630198648207801
0.0050044971149981665
0.0033507334073913184
0.001679129556642082
1.82968970142316E-15
0.0016763119168736827
0.003339497508487986
0.004979345999419118
0.006585807068181866
0.008149052303022007
0.009659535194493111
0.011108049299677542
0.012485784224253997
0.013784379082911295
0.014995973114480483
0.016113253146072946
0.01712949762031769
0.018038616921339453
0.018835189758196032
0.02463883770678243
0.01970031289398612
0.029613389766037286
0.018056811061062102
0.021808771856139674
0.02281548020490886
0.02196991762494949
0.01743893170018605
0.029392486307578035
0.01939024408822742
0.023958683761950077
0.018658762518066637
0.017841642080429213
0.016915893288926294
0.015887378229224654
0.014762581844748853
0.013548571158451204
0.012252950983886264
0.010883816402481835
0.009449702303211344
0.00795953029846836
0.006422553345597505
0.00484829841695913
0.0032465075731400958
0.0016270778027931202
2.679941909279614E-15
0.0016247025454930262
0.0032370357671759192
0.004827096171891019
0.006385131545151895
0.007901600640544354
0.00936723148844416
0.010773077968526584
0.012110574301539834
0.013371587129255949
0.014548464866402183
0.015634084025903692
0.016621892237569894
0.017505947700955423
0.018280954835406954
0.019002449916152495
0.02089484110992356
0.012834140803261907
0.02755489854262493
0.03240068759851618
0.030371423835967557
0.032175683905504154
0.02779652040544116
0.01321853395763217
0.02098367737572774
0.019269500850488692
0.01813277262053905
0.01734050777602326
0.016442485557058652
0.015444371757689779
0.014352440193512683
0.01317353335992452
0.01191501965055456
0.010584747402741944
0.009190996056047139
0.007742424727156667
0.006248018519876151
0.004717032902415188
0.0031589364957646444
0.001583352625870479
1.3763439346557994E-15
0.00158136712795118
0.003151018935387621
0.0046993097840567506
0.00621673738210421
0.007694000992688208
0.009122058333468155
0.010492180819406638
0.01179600681201975
0.013025592550935923
0.01417346045796628
0.015232644520591997
0.01619673248006468
0.01705990456893839
0.017816968564656074
0.019542022100725656
0.016938668030701258
0.024403579012485955
0.011713940989116085
0.0221279875314919
0.0237954660075273
0.021988937167059026
0.011713476178359007
0.02387222765968559
0.016715102440126976
0.018988197838892273
0.017693853866576296
0.016922451818414622
0.01604767598688925
0.015075026171649167
0.014010597974013104
0.012861044675942549
0.011633535736641503
0.010335712165390426
0.008975639047644196
0.007561755518893712
0.006102822496018554
0.004607868489190243
0.003086133828987279
0.0015470136525544116
1.2891370270479297E-15
0.001545376622721139
0.003079605855299394
0.004593255909151479
0.006077031449696989
0.007521830580308483
0.00891880057912568
0.010259392048027437
0.01153541114321789
0.012739069568687233
0.013863032028239642
0.01490046084737581
0.01584505749411975
0.0166911007470804
0.017433481279869673
0.020433991368150932
0.021476761130573275
0.019505422470089823
0.026262097139940644
0.02216878975282153
0.019214153820008326
0.022038115488200404
0.02590110830688621
0.020010548601701005
0.021480615426436873
0.020498959482767354
0.017332944804805496
0.016578855848731793
0.01572333708212565
0.014771748995779163
0.01373003804923605
0.012604699581221615
0.011402737382906739
0.01013162018526439
0.008799235330313567
0.007413839913164164
0.005984009696893653
0.004518586115971859
0.0030266216949551947
0.0015173242190133435
1.1844987736375343E-15
0.0015160034130009205
0.0030213547264747107
0.0045067962456044755
0.005963200715939973
0.007381627315089546
0.008753376451607115
0.01007004303563486
0.011323567895696829
0.012506287027605327
0.013610978374999532
0.014630905856398351
0.015559860370934998
0.016392197533322623
0.017122871909414788
0.01600864854181269
0.015334164250689225
0.017168820347693563
0.015780526209991135
0.01621313541649198
0.016603249484588238
0.016127149738160377
0.016211965597376046
0.016678322257935002
0.015261819504830913
0.015739144732578484
0.01704297994452859
0.016303001486828953
0.015463134670326574
0.014528624515094849
0.013505294387047038
0.012399509771530927
0.011218138743400032
0.009968509378503585
0.008658364370328688
0.007295813132390345
0.005889281682093119
0.0044474606155381425
0.0029792514937049745
0.0014937119704643918
4.520502755595854E-15
0.0014926825330964547
0.0029751464147062434
0.0044382715853895785
0.005873063161205046
0.0072707066476925064
0.00862262200837829
0.009920516256841198
0.011156434250422063
0.0123228073748156
0.013412499822263942
0.014418852180570952
0.015335722067305976
0.016157521561481657
0.016879251205004477
0.020281459070886562
0.020954858785474238
0.02412565953394945
0.019807920115297917
0.025414318213342276
0.03288823411389055
0.025576793370774727
0.019811356686505122
0.024235462141184928
0.020835555043623978
0.02016118996083881
0.01681852937967423
0.016089728230586815
0.015262205901332893
0.014341113543083596
0.01333217510720523
0.012241651830630588
0.011076303439812245
0.009843346313628322
0.008550408863449946
0.007205484406090788
0.005816881820237031
0.004393174290422403
0.002943146454461816
0.0014757402795402706
9.244840445049681E-15
0.001474983544643533
0.0029401288293728926
0.004386419477504997
0.005804959666123012
0.007187028762770469
0.00852413485866273
0.0098080668701495
0.011030944889172183
0.012185268474430312
0.013263962587797381
0.014260420895061608
0.015168546166193368
0.0159827875287067
0.016698174346587945
0.01508947624411934
0.015412307511145208
0.012968585990836917
0.02670324540300576
0.015292938357354973
0.010700084662000252
0.01530419509304368
0.027256045945721053
0.012941476246312953
0.015513594512468977
0.01516188636616505
0.016655538365465444
0.01593518630004279
0.015116926671636714
0.01420583662689227
0.013207562550507571
0.012128285123691436
0.01097468111294062
0.009753882125000828
0.008473430582407654
0.007141233191076975
0.005765512186418702
0.0043547546584653445
0.002917660267528324
0.0014630876723643958
6.186365854243399E-15
0.0014625903074049235
0.0029156769298875713
0.0043503150505623716
0.0057576763401017955
0.007129103207220423
0.008456161982300243
0.009730694707845823
0.010944869218248896
0.012091227201860833
0.013162729950764037
0.014152801518090346
0.015055369018603193
0.01586489982591004
0.016576435438842217
0.018821292316372425
0.01932427720754474
0.022580309329365705
0.027424802929877593
0.026588781589088107
0.03233951870279333
0.026458452228042
0.027960236568440003
0.022230480194869666
0.019119551314921275
0.01857428537361689
0.01655114246685956
0.015836661327484323
0.01502474677589741
0.014120420498244607
0.013129271780954216
0.012057423013993316
0.010911491925409179
0.00969855077960654
0.008426082790697701
0.0071019360191544745
0.0057342750353488806
0.004331530647313662
0.0029023480018564225
0.001455533378035892
1.9626895932372284E-15
0.0014552867977834503
0.002901364716137378
0.0043293296088015975
0.005730390233517324
0.007095922300633679
0.008417521486998194
0.009687055090149294
0.010896712005368252
0.012039050719150127
0.013107045024550155
0.014094127177915724
0.014994228232286357
0.015801815300153097
0.016511925517086776
0.016454389736517378
0.01698138068325228
0.016191859265200382
0.03354465429817062
0.018534999568912445
0.013263216819773388
0.018719052886105876
0.033571687628186055
0.016652080468751298
0.017187431551032098
0.016710547654758642
0.01650354203416331
0.01579245550940773
0.014984078339834271
0.014083394332789023
0.013095955155910133
0.012027846164579359
0.010885648950795601
0.009676400843690938
0.008407551610462319
0.007086917623868829
0.005722633777813774
0.0043231034464516534
0.0028969467941631823
0.0014529477539617728
