1.0
0.998972585452729
0.9958941397184448
0.9907760398146899
0.983637191833767
0.9745039478168503
0.963409989935276
0.9503961825331801
0.9355103927392272
0.9188072805050703
0.881863483533372
0.8524649479725823
0.8307101004358383
0.780407289897952
0.7192244859101408
0.6752452096133453
0.6473514108985386
0.5916528623493132
0.5892390918501677
0.5589111924459701
0.5271200614813107
0.4957138385788319
0.4630441045618045
0.40355157813897213
0.3970756986873718
0.36532763931426254
0.34882843551103765
0.35030585975868334
0.34049167918438683
0.3064834058777858
0.2819991638833908
0.2668332813211873
0.23395677675898327
0.2016731299197531
0.17008068053330977
0.13927376632762742
0.10934235931995483
0.08037172439209736
0.05244210162743667
0.025628413765297158
2.7281293479047515E-16
0.024379622781927637
0.047452970371682925
0.0691687724034884
0.08948212364992593
0.1083546049309979
0.12575437327165534
0.14165622109465506
0.1560416043881079
0.16889863993921206
0.1979866037631243
0.2169930081588267
0.22522501340416293
0.2500202166798568
0.2844926862857754
0.30038120089746917
0.30995536101753274
0.3343632315155025
0.31309667326060314
0.30983608345586905
0.3111246216333141
0.30169791779199934
0.2970956044330363
0.30917868696746287
0.27796150957491683
0.2586985281016913
0.2382992993300094
0.20203442988816744
0.17812762507069368
0.16692284377888494
0.14593756514653405
0.11667245240793672
0.10413347464621633
0.09130375337943808
0.0782643459278004
0.06509537670314793
0.05187566279556144
0.03868235100081271
0.025590567982649852
0.012673085182488945
4.872083940019209E-16
0.012361565328206066
0.024347745827529035
0.03589819564672857
0.046956328580889634
0.05746953627456666
0.06738938324713141
0.07667177800935285
0.08527711967004796
0.09317041956355228
0.08491875058469275
0.08235384911552418
0.08797685303039585
0.09921188753615845
0.08344815091471461
0.08377501594515467
0.06553454576675993
0.05796336218639368
0.06513056979007593
0.06512359967394898
0.055535157182074926
0.06420752608344059
0.0633657077497202
0.05698285016728026
0.06254107392889598
0.08267460972127748
0.07943299731050785
0.09114608947991663
0.07285643971998162
0.06646984042001641
0.06840945957039757
0.07482035430154899
0.06711710121238267
0.05913896231121393
0.05093822132600464
0.042567565380628294
0.03407978162745276
0.02552745768586269
0.01696268746207199
0.008436783880033038
1.260091657986677E-15
0.008298740059596613
0.01641209904919263
0.02429457209091755
0.03190271856496222
0.0391953792737561
0.04613387787015446
0.05268220563223933
0.058807188768006474
0.06447863753738961
0.08383368389634198
0.09765479701844679
0.10170651439716634
0.09497554144402982
0.09853737803880734
0.09374778599979632
0.12048592935725641
0.13009060869097838
0.13207109299875078
0.12590653954896613
0.14388496212787935
0.122879559382206
0.12628136453826147
0.12005004781215642
0.10914402084992643
0.07910961706058633
0.08383784141798133
0.0828351727264665
0.09231949093343197
0.08766934264449348
0.0734389653595235
0.055204496560856964
0.04963964052493635
0.04384237336355581
0.03785067190997311
0.031703191580882244
0.02543903139089961
0.019097499119954887
0.012717877975441607
0.0063391960691476
1.158037935573248E-15
0.00626186620246471
0.01240947556178743
0.018407024902624903
0.024220032755730883
0.029815527373657325
0.03516222387760902
0.040230689627297214
0.04499349698177982
0.049425362699365996
0.04614327355214384
0.04218201154561056
0.045332663663404334
0.06631196854664985
0.07348453063455154
0.09084986227983703
0.06734731197571203
0.07158707460486387
0.06468085923939
0.07097917191198531
0.05059353347349892
0.07168209480768005
0.0655608403785454
0.07344576404897087
0.06871543623178203
0.09049331203930945
0.07182305619903316
0.060774003341262955
0.04253451480557848
0.039427641168623344
0.0430499711006901
0.04385524009181576
0.039489974235265915
0.03492661100534906
0.030194876749065357
0.025325216019945213
0.020348602879241517
0.01529635084488463
0.010199922616159655
0.0050907406937653835
8.307105303460701E-16
0.005041516417228838
0.010003617540090331
0.014856879372911323
0.019572813786122804
0.024124030271787663
0.028484389719774253
0.03262914937775155
0.03653509821676819
0.040180681986828
0.05229030891690481
0.06438035244947075
0.06692292815423663
0.05572306422557457
0.04317601366316866
0.027023400666974944
0.043981292298567974
0.03546487943187929
0.043853208978007825
0.03886957436059113
0.05664859276975503
0.03801637254040891
0.04140162614351801
0.032664170461944586
0.040906158471011735
0.026033570888832312
0.041939152091104846
0.05478354208675861
0.06230667604645121
0.05943367038492449
0.04710067092963115
0.03647909300014342
0.03287863137833317
0.029106096167607124
0.025185915879489422
0.02114321444761165
0.017003654284084832
0.012793277347068702
0.008538345181071967
0.004265178890457036
1.0364200549819256E-15
0.0042312268559542504
0.00840294849187246
0.012490174076164772
0.016468621510454223
0.02031485844354586
0.024006437118552354
0.027522022293951884
0.030841511525969784
0.03394614715006217
0.03882279378631372
0.03541992954873343
0.0374677304020575
0.03541399698695167
0.049751625222352436
0.06544351948111708
0.06864348147312743
0.08355098083666333
0.081253184997044
0.09676324219658286
0.07362236204888459
0.09714603605151535
0.0816859814662234
0.08290292348184222
0.0669133477836911
0.0598278865839068
0.0447152888868097
0.03208972920354827
0.03696575454127698
0.03500664859183227
0.038256619216960754
0.0313176505008971
0.028245407809628333
0.025021011314591755
0.02166522776058839
0.018199480544475035
0.014645715469341092
0.011026264246840079
0.007363706582083549
0.0036807316787417555
7.92552332898604E-16
0.0036559938856949455
0.0072650565569716595
0.01080542828930816
0.01425591212285112
0.01759599869453615
0.020805986110944762
0.023867094172387422
0.0267615722969451
0.029472800534867238
0.03439546536859029
0.04557202132250988
0.04733623823273043
0.05392292043290434
0.04577173777241018
0.04139360704357324
0.03289067928197605
0.03356117159574571
0.04141482957746943
0.05065875937005734
0.03927341709749425
0.051148956834957585
0.04238731938383185
0.034064985706324845
0.032863312022054565
0.04489378978545975
0.047358217367066975
0.05269887176903336
0.04420883990318749
0.042191271031040645
0.0308191536881396
0.027517322639369922
0.02483035701418634
0.022006789021949184
0.019064718399567842
0.016022861053656308
0.012900431665656636
0.00971702395310798
0.006492489323495493
0.0032468146625356637
1.636739202241219E-15
0.0032280632073148027
0.006417712443589227
0.009549632433255843
0.012604970668223563
0.015565449480290568
0.018413474000505234
0.021132235375584292
0.02370580864346481
0.026119244705549178
0.037318528982247315
0.03414799491392387
0.03573739502903679
0.036291588950092844
0.03596163663899311
0.0342368949570846
0.04252394569630238
0.05971629028339683
0.07631915738087748
0.09477436816656484
0.08863582212460182
0.09427343717170272
0.07532198234634002
0.05712074025703431
0.03983810827581013
0.033636657308869944
0.038229184443662405
0.03934659858118195
0.03545463403060731
0.03388760027759306
0.03705952491314683
0.024613779935094563
0.022219107024003218
0.019700210362088345
0.01707317065595267
0.014354647114389342
0.011561772961430695
0.008712048594938236
0.005823233049990625
0.0029132344336057162
1.799921078157394E-15
0.002898593465299947
0.0057648482892979445
0.008581352929306596
0.011331086723561529
0.01399752175036115
0.016564721191941734
0.019017433623294267
0.02134118267356727
0.023522351538322512
0.02142633361286026
0.03205998250591025
0.03337374166629217
0.0380890622805518
0.05184832783498986
0.057607473731172476
0.03638420905573294
0.0368141644235184
0.050894232061846165
0.05351886139240357
0.0586720128302431
0.05320077218938896
0.050831998966800206
0.03699949139983471
0.03690796024567813
0.05690177407009375
0.0506808211283666
0.033336460108014436
0.031025555579956482
0.029495694553738325
0.01866938728643683
0.02233285365668075
0.020166556388835757
0.017886055366204752
0.015505857279756579
0.013041013712294242
0.010507026791993638
0.007919752519502147
0.005295302366408603
0.002649943750817907
3.0440995807582977E-15
0.0026382495895501427
0.005248668987356304
0.007815363359244673
0.010322775102729463
0.01275577741173446
0.015099764812135553
0.01734074013054809
0.019465397382425104
0.021461200092847566
0.03602997796950533
0.03256865159011228
0.03395064495543435
0.048638252030523715
0.04314180667532822
0.026688262914627815
0.02908467036725294
0.029244973366034013
0.04744552623787895
0.06346468987529152
0.07921695475111609
0.06251851298459198
0.04572664209558749
0.027751456468516053
0.02905715891022602
0.02432832285717421
0.0412475957928539
0.0487495040541001
0.03345169949039673
0.03203645531989744
0.03555882189116247
0.020502305557444263
0.018518518518519704
0.016428752422942373
0.014246258644901609
0.011984803983145867
0.009658584444422986
0.007282136745882656
0.004870248084482166
0.0024378647295411216
4.233128434718973E-15
0.002428357810789247
0.0048323370015052915
0.007197272964717496
0.009508797076712974
0.011752923439939054
0.01391613295761966
0.015985454238321175
0.017948540849476204
0.019793744462759427
0.011452908249649361
0.021887341802860578
0.022987310649258463
0.00819805707211204
0.03347250573463545
0.042313823496122366
0.03534254916528214
0.03771853076524173
0.04573746007445079
0.03565456481389062
0.05450444920535366
0.03522668708260436
0.04540914835699077
0.03751910058288862
0.034338905284693334
0.0406535062694106
0.03062961813908609
0.005399992221355103
0.021336085576225985
0.020057512632357402
0.009451825344970391
0.01900855764427108
0.017173209640042097
0.01523871030511114
0.013217291849715828
0.01112167627822607
0.008964995797927701
0.006760710998606301
0.00452252730987188
0.0022643102517705955
2.75074229434975E-15
0.0022564742107750216
0.004491279322590883
0.006690762809978336
0.008841535644205482
0.010930553364365632
0.012945194766963616
0.01487333774186552
0.016703431801372563
0.01842456687080496
0.03368981956581131
0.02966807698227203
0.030919579846367624
0.03972518443583002
0.021588183108677533
0.0144610693857411
0.027197355606444644
0.019661284614721136
0.01741688739352776
0.03158259478579825
0.051471677251596425
0.031106765186628058
0.016480534704728537
0.019587214874801723
0.026724383731429397
0.015180773870900027
0.0187876418426952
0.0360760881675734
0.030158004788235014
0.028833704167031633
0.032913776370635195
0.017773746605172273
0.01606079112866299
0.014254402945589537
0.012365975136841649
0.010407368373056875
0.008390836793720791
0.006328951709568515
0.004234523600871641
0.0021205228934415197
3.154297160414766E-15
0.0021139948823780882
0.004208491728061769
0.006270679904200557
0.008287986175753274
0.010248151021479534
0.012139302799508433
0.01395002931599701
0.01566944636727881
0.01728726284573313
0.005586337111402133
0.015337350210205426
0.016436056048454727
0.024012916092201377
0.037189758266624504
0.0394778630482297
0.025081053757321555
0.032895137827291115
0.03914961283825694
0.026146807564751913
0.037037037037030034
0.026070844473247354
0.03877056598306455
0.03245469090157914
0.0247909071762727
0.03951233094174257
0.040165419877083386
0.027623062782902896
0.01568977027045442
0.014495620378885167
0.005426155602397846
0.01674277486949101
0.015131808464324582
0.013432231125051977
0.011654737426119373
0.009810470346248724
0.007910951711350962
0.005968010510537587
0.003993709529245013
0.00200027075282873
1.1984973243852083E-15
0.001994788750870338
0.003971848879047129
0.005919076020938003
0.0078245818954609
0.009676766606715317
0.01146438898583064
0.013176634547166841
0.014803180649467016
0.016334258471109094
0.030159919343051622
0.025533866972481445
0.02667515989907786
0.014579325731200006
0.018804781635381924
0.015504404820337825
0.02406274319314862
0.021117384005105575
0.01540068588276594
0.026240609030100632
0.02681418134417699
0.026281825575426066
0.015748145490767806
0.021302056321331243
0.023921509860648033
0.01455626548012584
0.019161620206584164
0.00991467548360564
0.025713888287523332
0.02447383413918927
0.029114492713008824
0.015875622498042995
0.014350319253917974
0.01274048927620616
0.011056240820027641
0.009308114012790197
0.007507015135161721
0.005664148820683765
0.003790948594131789
0.001899006177589729
2.7845089742028416E-15
0.001894376650477357
0.0037724873907055826
0.005622823984445759
0.007434076627063554
0.009195202845306196
0.0108954945936881
0.01252464314122772
0.014072801356566338
0.015530643016463322
0.007699568466802694
0.01351873981283692
0.014665530978198853
0.03636813242455907
0.04591619269510712
0.03300048554249529
0.027477865981130105
0.025262386458098054
0.029947723529008322
0.02309011521483214
0.024850744884535158
0.022989736387193153
0.029448051710167844
0.024409367385378272
0.02761262566694214
0.03145118800106174
0.044608552985389495
0.03639156460273595
0.014827271897797064
0.013714231298988615
0.008788125590802876
0.01514258584454977
0.013689633232426276
0.012155621864994819
0.010550164881391448
0.008883293100557644
0.007165392548761176
0.005407139946452051
0.0036194365539007167
0.0018133407843668214
3.31951997096918E-15
0.001809418090027267
0.0036037940082461577
0.005372124644474674
0.007103590532064841
0.008787621854600039
0.010413962781398677
0.011972733741577198
0.013454491259361172
0.014850284989617362
0.02567729241347835
0.020606471533853664
0.021649402709067744
0.012860692686710758
0.014752944669782837
0.015196553198187301
0.020599005239651556
0.02541639354412172
0.02011997905036485
0.025178944473319892
0.022975766377497573
0.025072927000109945
0.02023444351043731
0.02611985821989423
0.020114156969479626
0.01632789258143638
0.014070734331002487
0.01612536815148828
0.020608325924175157
0.01945466204316036
0.024455317330867827
0.014521222122820206
0.013129576318163702
0.011659817132510481
0.010121138014664865
0.008523137976573239
0.006875761877449531
0.005189238702478282
0.0034740182182235882
0.0017407063958152435
8.870184614091631E-15
0.001737379253523505
0.003460750568361537
0.005159539561489842
0.006823342980651348
0.008441992249956088
0.010005615456477983
0.011504697400996102
0.0129301373485721
0.014273304129172189
0.011893711427685253
0.015308807058775785
0.016406244338821454
0.029353164401793957
0.030387845324198276
0.0216360490076162
0.02306265319900882
0.012339749358799975
0.02218973228566182
0.020872001886795825
0.021166488457478132
0.02089793637600319
0.0219664891083416
0.011675908644084647
0.022150948690288805
0.02069538660154999
0.027759130239566995
0.026796996214231723
0.0169137230182329
0.015896528845000223
0.01278955915163248
0.013994328584081126
0.012654679837934744
0.011239413419895093
0.009757366466510055
0.008217771418260949
0.006630198648205757
0.00500449711499653
0.0033507334073946482
0.0016791295566414373
2.8737429488331078E-15
0.0016763119168749616
0.0033394975084878333
0.004979345999420127
0.006585807068178475
0.008149052303015266
0.00965953519449392
0.011108049299677238
0.012485784224257205
0.013784379082913958
0.02068358290410931
0.015605521429235141
0.01657622185507522
0.025152408886778048
0.017566533598845392
0.019691324047999333
0.021780612906284
0.03856309292779638
0.021188745045963762
0.020141833862720573
0.019880079878610474
0.020025204159474157
0.021197998867315004
0.03951593598828817
0.022610382998183468
0.019514736918039215
0.018249771663057388
0.02560375094039863
0.015652065523070857
0.014580512326527718
0.01942679656322124
0.013548571158454184
0.0122529509838901
0.010883816402482793
0.009449702303211275
0.007959530298466468
0.006422553345601156
0.004848298416959672
0.003246507573135071
0.0016270778027929237
5.068800276284129E-15
0.0016247025454918975
0.003237035767177399
0.004827096171894858
0.006385131545157463
0.007901600640540643
0.00936723148844734
0.010773077968526293
0.012110574301540783
0.01337158712926178
0.01492068718579083
0.017853953206013465
0.018880720146384394
0.015062880389162635
0.018623643448872518
0.02262194511604337
0.015557813996316524
0.012006880797511294
0.019072225137290715
0.02303424507025303
0.02683576422686709
0.02306453079468177
0.018923936135039645
0.01204980853941111
0.015104845342970769
0.02382255093157685
0.018114497863888395
0.013711301597784744
0.019303303946518195
0.01834214998835822
0.015433889222127361
0.013173533359928803
0.011915019650552689
0.010584747402745499
0.009190996056049408
0.0077424247271550015
0.0062480185198753235
0.004717032902415446
0.003158936495763038
0.0015833526258714373
2.3622091451785334E-15
0.0015813671279541687
0.0031510189353874127
0.004699309784058554
0.006216737382103107
0.007694000992686696
0.009122058333470618
0.0104921808194058
0.01179600681202009
0.013025592550936587
0.01584641053021066
0.011756451573291991
0.012688758563978698
0.022390296325930478
0.017754509986449812
0.018014824580726507
0.02703474736303147
0.043087802582789346
0.022258734298720884
0.017186127782399085
0.01375564115692997
0.017170704122485076
0.022425001672100948
0.042568715977290186
0.026808991200427623
0.01773806804687258
0.01754808059118836
0.021075347648743383
0.012208116032477368
0.011233959590526938
0.014773246947391957
0.012861044675943524
0.0116335357366366
0.010335712165389819
0.00897563904764487
0.0075617555188968255
0.0061028224960159045
0.004607868489187441
0.00308613382898355
0.0015470136525589802
4.184907449467486E-15
0.0015453766227160862
0.00307960585529968
0.004593255909151576
0.006077031449701726
0.007521830580308005
0.008918800579129004
0.010259392048030457
0.011535411143221472
0.012739069568690562
0.016371470138611587
0.019569426779549443
0.020524734612514632
0.015226019023887259
0.018571522014134458
0.026875276485034297
0.013819451177147434
0.006246685933234658
0.016480677544616205
0.021479122769712804
0.03976328986512785
0.02137649659699104
0.016440113416763685
0.005896499150078586
0.014290388133574621
0.025986376096533575
0.01859813834206374
0.016028463894658188
0.020695360381517567
0.019774504099527725
0.016487071071604943
0.012604699581219845
0.011402737382908019
0.010131620185265462
0.008799235330315743
0.00741383991316164
0.005984009696897559
0.00451858611597009
0.0030266216949474786
0.0015173242190135766
0.0
0.0015160034130029896
0.003021354726477635
0.004506796245606034
0.005963200715939268
0.007381627315086258
0.008753376451608277
0.010070043035630626
0.011323567895696336
0.012506287027605843
0.01220896929321313
0.01078828464458999
0.011655698286269382
0.017029993228545683
0.020926605905065395
0.016875818819330167
0.018841391880963065
0.02842826028545886
0.027735681293395775
0.019067158493346493
0.013556496436451968
0.0191583224915106
0.028047548796234598
0.026950654478194006
0.01762636521943576
0.017709766429216654
0.021935382368424478
0.017124058524610592
0.011855060231125144
0.011042009235099993
0.011647483504662787
0.012399509771531179
0.011218138743399195
0.009968509378499853
0.008658364370333588
0.00729581313238262
0.005889281682092796
0.00444746061553889
0.002979251493707656
0.0014937119704689908
5.828664545242154E-15
0.0014926825330959259
0.0029751464147053886
0.004438271585385423
0.005873063161210917
0.007270706647697155
0.008622622008380569
0.00992051625684118
0.011156434250426412
0.012322807374817715
0.01628102665022309
0.019914636312147092
0.020789478701380534
0.01647487131284777
0.012998543073009666
0.013471136480247767
0.023199277798702206
0.017903057753377714
0.01815921036475848
0.016951398292765624
0.04436615449804411
0.01685889972808054
0.018331442195654662
0.019069544236660126
0.02414836752881038
0.011610971121043256
0.010988932343206012
0.01582804615640097
0.020664738989353306
0.019789541287584544
0.016042683372350184
0.012241651830629984
0.011076303439817924
0.009843346313628156
0.008550408863448268
0.007205484406092088
0.0058168818202353955
0.00439317429042261
0.002943146454456927
0.0014757402795364627
5.3282357381072095E-15
0.0014749835446414786
0.00294012882936629
0.0043864194775033285
0.005804959666126352
0.0071870287627675495
0.0085241348586649
0.009808066870157794
0.011030944889170028
0.012185268474429457
0.011039075535300332
0.012805847862307318
0.013594605875584805
0.019583674405268238
0.026367020054893747
0.02716406461757771
0.009532895545161617
0.01288206031774121
0.031337073683915403
0.021699314933765344
0.007084489907675925
0.021709945953351028
0.03131845918604277
0.012463654539424383
0.009210279763905123
0.02786961762630175
0.02690565531747649
0.01986848967755538
0.014173475206371878
0.013467195353787698
0.011179765606477151
0.012128285123694085
0.010974681112938726
0.009753882124994562
0.008473430582411899
0.007141233191075246
0.005765512186424266
0.00435475465846474
0.0029176602675248698
0.0014630876723678325
4.2791023667322E-15
0.0014625903074125272
0.0029156769298890723
0.004350315050562571
0.005757676340099821
0.007129103207221904
0.008456161982300077
0.009730694707841346
0.010944869218249416
0.012091227201869089
0.01490958140880593
0.01881194024285291
0.019600421312820308
0.012613959513568829
0.0118378508361747
0.00678546175627529
0.025948821539540673
0.025749241416712657
0.021924679674233886
0.015845937308595195
0.03363901446774577
0.015893996410018745
0.022144804429779775
0.025588236702819622
0.025301434466471658
0.007555029147113055
0.014608858000280453
0.012655612896766252
0.01920328198375831
0.018380340136483885
0.014423427179186607
0.012057423013999353
0.01091149192541247
0.009698550779604343
0.008426082790696666
0.0071019360191509695
0.005734275035347068
0.00433153064730963
0.002902348001854091
0.0014555333780306475
2.6843425282496708E-15
0.0014552867977802514
0.0029013647161437064
0.00432932960880006
0.005730390233522723
0.0070959223006314505
0.008417521487006134
0.00968705509015939
0.010896712005370093
0.012039050719152995
0.012312349394557182
0.015825902552600357
0.016607602354933425
0.017863754885020337
0.027158131865348135
0.022291050379749492
0.01386618894462934
0.017166689300771438
0.02769329162820735
0.01957606474212893
0.013189391824595349
0.01947327442874365
0.02739431911172483
0.017967355563191297
0.015067271335496643
0.020297903099597326
0.02629320116242679
0.01682874661874067
0.017191365988657656
0.01647423341706124
0.012827088943656912
0.01202784616458168
0.010885648950794522
0.009676400843694767
0.008407551610459953
0.007086917623866825
0.0057226337778141035
0.004323103446455442
0.0028969467941675816
0.0014529477539696836
