1.0
0.998972585452728
0.995894139718445
0.990776039814691
0.9836371918337685
0.9745039478168513
0.9634099899352762
0.9503961825331835
0.9355103927392292
0.9188072805050703
0.9003480590739801
0.8616937601970021
0.83071010043584
0.7434465550978995
0.7097227286990369
0.6836383330089093
0.646873913227873
0.6186808498651646
0.5891066306136488
0.5586987478608284
0.5271200614813116
0.4954607323315198
0.46285415646917244
0.42994568715790277
0.3960128026405041
0.37219813395424334
0.3387047405006084
0.3135804749771419
0.34049167918438705
0.3155214161738622
0.30020068627509583
0.2668332813211875
0.23395677675898338
0.2016731299197527
0.17008068053330955
0.13927376632762722
0.10934235931995469
0.08037172439209711
0.05244210162743642
0.02562841376529688
0.0
0.024379622781927346
0.04745297037168225
0.06916877240348811
0.08948212364992568
0.10835460493099741
0.12575437327165545
0.1416562210946551
0.15604160438810782
0.1688986399392118
0.1802220718765287
0.20829584014720104
0.22522501340416246
0.2847036688034221
0.29609255308502425
0.3015960995679433
0.315354837228066
0.31396784173981884
0.31494616152634236
0.3128305176307957
0.31112462163331445
0.3049022497800224
0.29920943159491253
0.2902644160212856
0.28482637637065994
0.26351550782513683
0.25066450580395516
0.23497414634765493
0.17812762507069374
0.15864957818321812
0.12883908052317347
0.11667245240793656
0.10413347464621657
0.09130375337943789
0.07826434592779989
0.06509537670314763
0.05187566279556124
0.0386823510008122
0.025590567982649498
0.012673085182488403
1.964131576345697E-16
0.012361565328205499
0.024347745827528636
0.03589819564672824
0.046956328580889314
0.05746953627456632
0.06738938324713126
0.0766717780093523
0.08527711967004817
0.0931704195635522
0.10032139756208575
0.08911687920560721
0.08797685303039521
0.06982154497026966
0.06795928799970842
0.06834162286897727
0.054550223416063276
0.06380226720131522
0.06450306407885266
0.06502994657356628
0.055535157182074656
0.06409323110370824
0.0626816747275407
0.06127488016148635
0.05063391616000492
0.06405925636793013
0.06428954429301438
0.06506859563035967
0.07285643971998215
0.07204806756968558
0.0821971468073985
0.07482035430154849
0.06711710121238212
0.05913896231121363
0.050938221326004174
0.0425675653806281
0.03407978162745216
0.025527457685862332
0.016962687462071694
0.008436783880032694
9.472869479624772E-16
0.00829874005959642
0.016412099049191945
0.024294572090917475
0.03190271856496202
0.03919537927375575
0.046133877870154154
0.05268220563223873
0.058807188768006426
0.0644786375373895
0.06966947658610874
0.09148523974401417
0.1017065143971662
0.11201050902099079
0.11079296464901082
0.12248738522648908
0.14045181391628947
0.13213234628303167
0.14093773081991917
0.14039911083716766
0.1438849621278797
0.13767660352966515
0.13551625520050406
0.1235063122575117
0.12986747289506143
0.1095408731084866
0.09453299377886464
0.09493590268563458
0.09231949093343164
0.08225437353122267
0.06049987700365029
0.05520449656085667
0.049639640524935705
0.04384237336355562
0.037850671909972995
0.03170319158088161
0.025439031390899078
0.01909749911995493
0.012717877975441152
0.0063391960691468055
6.570497070141123E-16
0.006261866202464192
0.012409475561787116
0.01840702490262436
0.024220032755730835
0.02981552737365636
0.03516222387760906
0.040230689627296735
0.04499349698177939
0.04942536269936533
0.05350327330829097
0.042308845002896486
0.045332663663403425
0.062270814282233036
0.06972538070658509
0.05965787145089309
0.049017117906112226
0.06337335504184913
0.055623450127528284
0.05630301173149877
0.05059353347349848
0.056411645136156936
0.05584712021555246
0.06472009922169467
0.050453113079404734
0.06017599471896754
0.07138615629415089
0.062482889915279144
0.04253451480557796
0.037844172046001316
0.047993586651200806
0.043855240091816364
0.039489974235265894
0.03492661100534884
0.030194876749064983
0.025325216019944568
0.02034860287924199
0.015296350844885459
0.010199922616158671
0.0050907406937652595
7.838725746616812E-16
0.0050415164172282175
0.01000361754009022
0.014856879372910746
0.019572813786122432
0.024124030271787226
0.028484389719773347
0.032629149377750535
0.036535098216767065
0.04018068198682727
0.04354611731320121
0.061885676690965535
0.0669229281542366
0.04148493617049942
0.03471902697044708
0.050888313119633974
0.056994139577319386
0.043600129176283996
0.057898586220387176
0.05781961853802106
0.05664859276975458
0.05660824438979913
0.055486595998716776
0.03995922308146899
0.05157096554118663
0.04734787842259815
0.03006986573344705
0.03642437294212755
0.06230667604645158
0.05784976427775389
0.03988390194163696
0.03647909300014301
0.032878631378332905
0.029106096167607218
0.0251859158794889
0.021143214447612052
0.017003654284083933
0.012793277347068492
0.008538345181072245
0.004265178890456612
2.960898986660663E-16
0.004231226855953651
0.008402948491872293
0.012490174076164944
0.016468621510453488
0.02031485844354615
0.024006437118552278
0.027522022293950985
0.03084151152596924
0.03394614715006206
0.036818619353300046
0.028952560664731623
0.03746773040205733
0.0580179294407534
0.06855578557926034
0.059270980042949055
0.06395353778375637
0.08039266774907311
0.06510287156993641
0.0656711228608244
0.07362236204888496
0.06593149182663284
0.06563511546178524
0.08106501284537045
0.0648635952041577
0.057927520130268785
0.06550406921828175
0.05536071961603447
0.03696575454127657
0.027568962771404682
0.03421776046338076
0.031317650500896896
0.02824540780962762
0.025021011314591713
0.021665227760588376
0.018199480544475132
0.014645715469340338
0.011026264246838776
0.007363706582082539
0.003680731678741028
8.19078342169288E-16
0.0036559938856949403
0.0072650565569714175
0.010805428289308857
0.014255912122850468
0.01759599869453574
0.020805986110943735
0.023867094172387658
0.026761572296945896
0.02947280053486726
0.03198538310894116
0.0471988258664361
0.04733623823272912
0.03167871024013994
0.024653692509688643
0.04091938206627232
0.03215486450214184
0.04093452022945483
0.052578016163964854
0.0531036892947719
0.039273417097494205
0.053660516223514435
0.053700596212006936
0.04240846131661953
0.03234313875721761
0.040477494705904074
0.025616834683686435
0.03175960074739161
0.044208839903188135
0.04474262740214159
0.030050316655058983
0.027517322639369367
0.0248303570141861
0.022006789021949327
0.019064718399568102
0.016022861053655486
0.012900431665655769
0.009717023953107452
0.006492489323495555
0.003246814662535017
9.26064643460857E-16
0.003228063207314724
0.0064177124435891115
0.00954963243325555
0.012604970668222885
0.015565449480289859
0.018413474000504262
0.021132235375583397
0.023705808643462865
0.026119244705549084
0.028358655871709704
0.024980446521170697
0.03573739502903529
0.03755383966398125
0.04134042073727066
0.041350104515026374
0.06282549125797937
0.07607726120973297
0.06890223596425887
0.06905817212591445
0.08863582212460346
0.06889782648931886
0.0685897542067674
0.07459708469968768
0.061492664213154725
0.03878642944323713
0.037640899064394814
0.034087632876909274
0.035454634030606946
0.024628770767245366
0.02686882837511371
0.024613779935094105
0.02221910702400203
0.01970021036208782
0.017073170655952975
0.014354647114389472
0.011561772961431288
0.00871204859493725
0.005823233049989683
0.0029132344336041597
6.959623983977279E-16
0.002898593465299461
0.00576484828929851
0.00858135292930472
0.011331086723561465
0.013997521750360118
0.016564721191942505
0.019017433623293348
0.021341182673568833
0.023522351538323195
0.02554826185445541
0.03761171522172476
0.033373741666291215
0.031639250820354355
0.03685491720142057
0.03367696446463488
0.03335732823689232
0.05064716955400185
0.06804346547806756
0.06827942838118861
0.05867201283024264
0.06835967976883256
0.06820326259057781
0.05054278727741076
0.03301691135334756
0.0325152010747577
0.03882591700559105
0.03179120305662773
0.031025555579957547
0.03582808940465841
0.024371076804361867
0.02233285365668122
0.020166556388835136
0.017886055366204967
0.015505857279756168
0.01304101371229448
0.0105070267919935
0.007919752519502556
0.005295302366407289
0.0026499437508185225
1.5236642585292608E-15
0.0026382495895474417
0.005248668987355874
0.007815363359243602
0.010322775102728292
0.012755777411733131
0.0150997648121352
0.017340740130548843
0.019465397382423623
0.021461200092847157
0.023316454592682747
0.024074797469467488
0.033950644955433804
0.030466622741999856
0.03082235121894582
0.03197624385600819
0.04396940855609224
0.04755180648839749
0.05320817130222611
0.05301519170244357
0.07921695475111565
0.05240672568449969
0.05199501813537094
0.04498084666244612
0.041852295113626745
0.03262102424455366
0.03091633092685907
0.03168361992173004
0.03345169949039656
0.02401886733721004
0.02236746098953281
0.020502305557444034
0.018518518518519423
0.016428752422940764
0.014246258644899848
0.011984803983146068
0.009658584444423357
0.007282136745882653
0.0048702480844830314
0.0024378647295396397
4.312902708665793E-15
0.0024283578107887377
0.004832337001506668
0.0071972729647166115
0.009508797076712762
0.011752923439939833
0.013916132957620368
0.015985454238322514
0.01794854084947647
0.019793744462758407
0.021510183461025994
0.030362700228422294
0.022987310649257978
0.03161075711171057
0.041360553760256456
0.025523859100577077
0.028435212921012917
0.045426801491260514
0.06069291881272941
0.06070555191650705
0.05450444920535254
0.0602959691717522
0.05987257275266217
0.04492844911257755
0.027987786420492794
0.024557846382492886
0.0401430046961514
0.03090671183912003
0.021336085576225187
0.028934356488156163
0.020733088768743226
0.01900855764426985
0.017173209640042764
0.015238710305111803
0.013217291849714449
0.011121676278226696
0.008964995797926301
0.006760710998606549
0.004522527309870984
0.002264310251770112
7.064267381306846E-16
0.0022564742107750303
0.0044912793225905245
0.006690762809975829
0.008841535644203776
0.010930553364363969
0.012945194766962058
0.014873337741865398
0.016703431801371856
0.01842456687080201
0.02002653793330965
0.023928931323370133
0.030919579846368363
0.033051456891047014
0.025714299323302676
0.03568898535143952
0.027845524164362485
0.01732611084804352
0.027230895157580186
0.027039472459525926
0.05147167725159518
0.026468161092816796
0.02608409465141807
0.015908298530144204
0.02704682257934971
0.0352067505123798
0.02374541369960244
0.03160140844213026
0.030158004788233758
0.023902607608783197
0.019382415367130607
0.01777374660517405
0.01606079112866145
0.014254402945588433
0.012365975136843102
0.010407368373056237
0.008390836793720916
0.006328951709569049
0.004234523600871113
0.002120522893440939
1.6249417368514286E-15
0.0021139948823782656
0.004208491728060071
0.006270679904200173
0.008287986175753211
0.010248151021480204
0.012139302799507019
0.013950029315996797
0.015669446367279384
0.017287262845732718
0.01879384202181612
0.0244379545331138
0.016436056048453804
0.0260748485009295
0.031014398687191292
0.01887829893979889
0.025051852134051644
0.03884001218991459
0.04158610773568124
0.04157333803869372
0.03703703703703152
0.04109153357114753
0.040622533415919516
0.03827490771975025
0.024762026510119103
0.01885639878312548
0.030292140323736547
0.02585454984155603
0.015689770270454956
0.0232410349941066
0.018254951168103484
0.016742774869489236
0.015131808464324865
0.013432231125053271
0.01165473742611819
0.009810470346247574
0.007910951711349836
0.005968010510538377
0.003993709529245667
0.002000270752828162
1.0896482035632658E-15
0.001994788750871511
0.003971848879047611
0.005919076020936543
0.007824581895461553
0.009676766606714286
0.011464388985831731
0.01317663454716605
0.014803180649466091
0.016334258471106828
0.017760711428656446
0.02372250351735828
0.026675159899078454
0.018069166249048942
0.014202204068247144
0.02535516606756941
0.023908069298326378
0.014953089949164795
0.017765661410732096
0.01804602028268455
0.0268141813441775
0.018176295671548028
0.01802455959546091
0.01547895947811279
0.023708884981869297
0.02343001581109904
0.013521104537438251
0.01454870981981022
0.02571388828752274
0.023634246654229873
0.017306785855208878
0.01587562249804393
0.014350319253918555
0.012740489276206201
0.011056240820026363
0.009308114012790332
0.007507015135160694
0.005664148820686371
0.003790948594131189
0.0018990061775884409
1.6457695271705391E-15
0.0018943766504761201
0.0037724873907035625
0.005622823984445584
0.007434076627062378
0.009195202845305474
0.01089549459368595
0.012524643141229736
0.014072801356565552
0.015530643016463412
0.016889418781757294
0.019456042978543083
0.01466553097820011
0.03260063973828433
0.03267431570000074
0.026311376756693507
0.022349706304381014
0.029717730693738554
0.025875955898691783
0.02595876169890345
0.02485074488453416
0.02569336624400573
0.02534610089097442
0.028970771771564097
0.02216956326833135
0.027644337561986854
0.033169691374442895
0.03462461347769682
0.014827271897797294
0.018454202735862995
0.016505344286023953
0.015142585844549217
0.013689633232423518
0.012155621864994933
0.010550164881393313
0.008883293100555448
0.007165392548760904
0.005407139946452784
0.0036194365538997648
0.0018133407843697073
1.8386582914490244E-15
0.0018094180900264933
0.003603794008247042
0.0053721246444743045
0.007103590532064818
0.008787621854599425
0.010413962781398724
0.011972733741575304
0.013454491259361242
0.014850284989616195
0.016151711609939758
0.02317865362606931
0.021649402709070256
0.0012516408572373924
0.0107641955748498
0.011835244842311075
0.021510236765601504
0.01974981496928369
0.022862925110636912
0.0230882172166903
0.02297576637749872
0.0231157653885369
0.022918877878042546
0.019922089109646556
0.021260175000934845
0.01083643277732134
0.010011101116884448
3.8997714351972086E-4
0.02060832592417505
0.022999743113115336
0.015826024000829334
0.014521222122819453
0.013129576318162842
0.011659817132509869
0.010121138014665342
0.008523137976575156
0.006875761877447555
0.005189238702478442
0.0034740182182237227
0.001740706395814026
6.260651714947703E-15
0.001737379253524046
0.003460750568359988
0.005159539561488043
0.006823342980651309
0.008441992249956216
0.010005615456476257
0.01150469740099656
0.012930137348571088
0.014273304129172859
0.015526088255910595
0.015361126258774793
0.01640624433882243
0.0386922095754089
0.03094239107439683
0.030995687102245005
0.021076900430415144
0.021914167949478147
0.020748692252766748
0.020953554362781127
0.02116648845747815
0.020965040062485965
0.02077234653250168
0.021580769114356545
0.020877662459762178
0.030395767728891118
0.02979254700077254
0.037942318498850304
0.016913723018232192
0.014577443627009811
0.015249972865769564
0.013994328584078786
0.012654679837934765
0.011239413419893653
0.009757366466508832
0.008217771418262734
0.006630198648207394
0.0050044971149974925
0.0033507334073922235
0.0016791295566415503
4.000431964851588E-15
0.0016763119168760243
0.003339497508486729
0.004979345999417283
0.006585807068178434
0.008149052303014909
0.00965953519449176
0.011108049299677453
0.012485784224255241
0.013784379082913089
0.014995973114481963
0.022218695514160683
0.016576221855075023
9.38869547516838E-4
0.01107629345406334
0.011912276339121168
0.020600295483232056
0.020863265814703467
0.019855281303444286
0.01997450323592342
0.019880079878608792
0.01982296844870232
0.019552870297733914
0.020878747009694568
0.020869250128199464
0.01309929514075534
0.012355937629873501
0.002676892081049813
0.015652065523067513
0.02194455164828289
0.014762581844751514
0.01354857115845095
0.012252950983889028
0.010883816402483574
0.00944970230321081
0.007959530298467129
0.006422553345601625
0.00484829841695833
0.0032465075731359216
0.001627077802790556
1.5309733121309108E-15
0.0016247025454915987
0.0032370357671771465
0.00482709617189222
0.006385131545152728
0.007901600640543334
0.009367231488446983
0.01077307796852317
0.01211057430153938
0.013371587129261758
0.014548464866400428
0.01235113745832533
0.01888072014638477
0.028544753134479708
0.022474326713819583
0.02060406833671919
0.01675142299903215
0.018795244980212067
0.02364530224668238
0.023879920044430143
0.026835764226863252
0.023970833865885013
0.023827646226839087
0.018574128942081967
0.016078731505095735
0.018885357593065047
0.021367142726482113
0.026110438081472356
0.019303303946514208
0.0118618946845049
0.014352440193507785
0.013173533359925525
0.011915019650554831
0.010584747402742243
0.009190996056048156
0.007742424727154026
0.0062480185198761536
0.00471703290241808
0.0031589364957636894
0.0015833526258714928
1.357658165310091E-15
0.0015813671279529943
0.003151018935385939
0.004699309784058213
0.006216737382102439
0.007694000992686872
0.009122058333467551
0.010492180819404808
0.011796006812023214
0.013025592550937473
0.014173460457967111
0.020844004853124414
0.012688758563974908
0.013568312398980752
0.016783066781169323
0.022701533707954805
0.027956616152148298
0.0219160310969461
0.014614945102998066
0.014761755187378931
0.013755641156928218
0.014695473555532341
0.01448322109152881
0.022167444439402002
0.029149016449573864
0.02376814066649776
0.016622457882128624
0.015725654265875307
0.01220811603247942
0.020481322714047255
0.014010597974017408
0.012861044675939964
0.011633535736636546
0.010335712165389161
0.008975639047641561
0.007561755518895669
0.006102822496015203
0.004607868489189522
0.003086133828986667
0.0015470136525555602
4.564869324305266E-15
0.0015453766227178781
0.0030796058552986505
0.0045932559091516655
0.006077031449699782
0.007521830580308479
0.008918800579128392
0.010259392048030126
0.01153541114322157
0.01273906956868737
0.013863032028236575
0.010808510685643412
0.02052473461251629
0.01981275927032273
0.01960080427603888
0.01182620407325866
0.011563450799302688
0.016220514846948513
0.02537910594689758
0.025545715792499313
0.03976328986513041
0.025520277022248433
0.02532872927584874
0.01616650192693606
0.011445073865738021
0.011835198160070207
0.02049087614777291
0.0199007019553354
0.020695360381517886
0.010695395339250059
0.013730038049234922
0.012604699581220047
0.011402737382910188
0.010131620185262431
0.00879923533031431
0.007413839913160475
0.005984009696892479
0.004518586115970243
0.0030266216949490954
0.0015173242190138143
2.8051109790047594E-15
0.001516003412999889
0.003021354726474126
0.004506796245605726
0.005963200715941025
0.007381627315087586
0.00875337645160887
0.010070043035629389
0.011323567895695453
0.012506287027605057
0.01361097837499626
0.01909830838567778
0.011655698286267615
0.020973872535639294
0.01269844528762705
0.025424839238533427
0.03916039708083838
0.027387466462536748
0.014873936954338186
0.015071005174319207
0.01355649643645489
0.015130393911974259
0.014992874006833714
0.02785768752806717
0.03988115916619787
0.02478249689163844
0.012157186342049547
0.02080321951136894
0.011855060231127304
0.01866180809424983
0.013505294387044836
0.012399509771530171
0.011218138743399378
0.00996850937850047
0.008658364370334053
0.007295813132380228
0.005889281682093441
0.004447460615539654
0.0029792514937108756
0.001493711970467385
3.4213419414791266E-15
0.0014926825330983638
0.002975146414706223
0.004438271585382788
0.005873063161211276
0.007270706647694626
0.00862262200837924
0.009920516256841464
0.011156434250424056
0.012322807374819316
0.013412499822264437
0.010933841430167821
0.020789478701380624
0.021827324087553373
0.028865205856392635
0.014638529070634914
0.010689393351263106
0.01794562607129383
0.022279811300250175
0.02239560404366244
0.04436615449804278
0.02228472641671904
0.022058203297332348
0.018209001431477443
0.010256291608895667
0.015170464853008056
0.03003083955835546
0.021947370076592154
0.020664738989352623
0.011162085655296005
0.013332175107204584
0.012241651830630576
0.01107630343981472
0.00984334631362798
0.008550408863448346
0.007205484406090113
0.005816881820236254
0.004393174290421093
0.002943146454456161
0.0014757402795370711
5.826592459251099E-15
0.0014749835446437863
0.0029401288293654944
0.004386419477506858
0.005804959666124385
0.007187028762771792
0.008524134858665797
0.009808066870158763
0.011030944889169631
0.01218526847442906
0.013263962587796625
0.017062591514909995
0.013594605875583103
0.01559422077413187
0.011718073222697769
0.017784973755379557
0.039424009345533036
0.03109699685728352
0.017310752455995195
0.017505168349260455
0.007084489907675137
0.017552878752190026
0.017405997037252874
0.03107091478530358
0.038521160462781236
0.017087477097427632
0.011708486865022799
0.014289032344811506
0.014173475206376981
0.016576902462960445
0.013207562550506133
0.012128285123691199
0.010974681112937435
0.009753882124996225
0.008473430582413169
0.007141233191074775
0.0057655121864239305
0.004354754658461766
0.0029176602675243797
0.001463087672366119
2.0839954513960037E-15
0.001462590307407505
0.002915676929889644
0.004350315050563452
0.005757676340100154
0.00712910320722005
0.00845616198229467
0.009730694707843502
0.010944869218248568
0.012091227201869316
0.013162729950765664
0.012340258390936467
0.019600421312819357
0.020344015519133972
0.02948097417333989
0.019047542601156202
0.0036496953608614272
0.021710630259031645
0.018789868266830722
0.018938961180917993
0.03363901446774452
0.018896651728434383
0.018705236600483767
0.022037779570395852
0.004404489252356556
0.01944021906547161
0.028046521286484775
0.01960300844788352
0.01920328198375595
0.01276472735493876
0.013129271780949681
0.012057423013995485
0.010911491925413484
0.009698550779603044
0.008426082790696992
0.007101936019153627
0.005734275035346528
0.004331530647313794
0.002902348001854097
0.001455533378032638
2.70343043519728E-15
0.0014552867977796324
0.0029013647161407036
0.004329329608800495
0.005730390233523766
0.007095922300631405
0.008417521487004642
0.009687055090154856
0.010896712005368181
0.012039050719149763
0.013107045024547665
0.014872353116840634
0.016607602354935736
0.013749974319492616
0.014854075730782703
0.018278942146030493
0.02399596455253024
0.0275560997666262
0.018282831853140842
0.018455151109632417
0.013189391824591062
0.018457378474511548
0.018287325884850426
0.027110854676992025
0.021898973665977116
0.018805439544654086
0.01657676791160224
0.014755133404935516
0.01719136598865778
0.014379508193110688
0.013095955155913424
0.012027846164579976
0.010885648950794535
0.009676400843692867
0.008407551610461002
0.007086917623870579
0.0057226337778141685
0.004323103446454761
0.0028969467941662524
0.0014529477539696168
