1.0
0.9989725854527299
0.9958941397184445
0.9907760398146912
0.9836371918337681
0.9745039478168515
0.9634099899352735
0.9503961825331818
0.9355103927392276
0.9188072805050707
0.9003480590739817
0.8802002270235789
0.8584372731615425
0.8174825782923115
0.7656489547833976
0.6672422650612543
0.613251270187023
0.566656071568204
0.5006628057841999
0.462078453464427
0.4402578172930989
0.3999744449559338
0.3764077146486005
0.3807803926551944
0.36655130516190265
0.3594507818622833
0.39556510576034754
0.3873655366247796
0.36798471756719964
0.3339538200796371
0.3002006862750959
0.26683328132118783
0.23395677675898285
0.2016731299197533
0.17008068053331002
0.1392737663276274
0.10934235931995509
0.08037172439209755
0.05244210162743693
0.025628413765297165
9.925230448336329E-17
0.024379622781927547
0.047452970371682564
0.06916877240348802
0.08948212364992611
0.10835460493099805
0.12575437327165545
0.14165622109465525
0.15604160438810802
0.16889863993921184
0.18022207187652908
0.1900132079121808
0.19827982582151732
0.21186620736000564
0.23808336307489883
0.29402741380060676
0.3144426200080364
0.3325214065376092
0.3668565692209834
0.36735159421882513
0.3569375347332588
0.35652120584367447
0.3459633604826139
0.30162273282722013
0.27406055262059964
0.2472483850955096
0.19231001004843504
0.16354498556188826
0.15172847667181696
0.14055159595840266
0.12883908052317353
0.11667245240793679
0.10413347464621714
0.0913037533794379
0.0782643459278002
0.065095376703148
0.05187566279556167
0.038682351000812604
0.025590567982650064
0.012673085182489297
1.5378923899495388E-16
0.012361565328205796
0.02434774582752911
0.03589819564672806
0.04695632858088992
0.05746953627456675
0.06738938324713206
0.07667177800935271
0.08527711967004878
0.09317041956355233
0.10032139756208573
0.10670455287113971
0.11229920923996713
0.12825572743981822
0.12620569940830234
0.10478448237797232
0.10191481836247446
0.0886831693417669
0.05633686791322484
0.0616080982841563
0.06301752443570537
0.06334337103898777
0.05918190783939277
0.09287398093044022
0.10642799817856884
0.10731667927038634
0.11943368733895189
0.1169440692841817
0.09577043133222533
0.08919691902777957
0.08219714680739865
0.07482035430154843
0.06711710121238243
0.05913896231121323
0.050938221326004784
0.04256756538062851
0.034079781627452475
0.02552745768586291
0.016962687462072044
0.008436783880032644
5.555308797728509E-16
0.008298740059597088
0.016412099049192864
0.02429457209091797
0.03190271856496249
0.03919537927375616
0.04613387787015431
0.0526822056322393
0.058807188768006856
0.06447863753738951
0.06966947658610763
0.07435585599533859
0.07851724266229373
0.06398863481973512
0.06335466411503948
0.05790340198603475
0.057022121148131634
0.061128757027114684
0.09388791476596789
0.08561705470596344
0.08909856535256841
0.0814737368063806
0.08578230509361706
0.04933083989718704
0.04423467462067892
0.04397701168056688
0.05360634014310187
0.05723896718607536
0.07013989843314605
0.06548986096701266
0.060499877003651614
0.055204496560857255
0.049639640524937786
0.043842373363555356
0.037850671909973536
0.03170319158088234
0.025439031390900504
0.01909749911995579
0.0127178779754411
0.006339196069147071
6.703115474314992E-16
0.006261866202464186
0.012409475561785958
0.01840702490262455
0.024220032755731043
0.029815527373657634
0.03516222387760843
0.04023068962729713
0.04499349698177919
0.04942536269936662
0.05350327330829016
0.057206595866657
0.06051717361938
0.07606315148790245
0.09098224782007043
0.11741724074781307
0.12744439860415055
0.13659783764253103
0.10657799506613015
0.11399330005696671
0.10286767249946205
0.11366052820808283
0.10643691618026264
0.13602671673155595
0.12402534833165223
0.11365318104448609
0.08523193073499903
0.0671780279910056
0.05547984723425105
0.05187727902217917
0.04799358665120218
0.043855240091816135
0.03948997423526659
0.03492661100534897
0.03019487674906473
0.025325216019943593
0.0203486028792394
0.015296350844883077
0.010199922616161447
0.005090740693763595
0.0
0.005041516417228778
0.010003617540091327
0.014856879372912697
0.019572813786122602
0.024124030271786192
0.028484389719773493
0.03262914937775084
0.036535098216766704
0.04018068198682594
0.043546117313201044
0.04661349425376591
0.04936686681015393
0.05861296320171849
0.053692759878247745
0.02517415915869423
0.02148061542644492
0.010612858604277044
0.02979474383692175
0.029441717164167238
0.044848914159899174
0.030586707887343287
0.031149170702726953
0.011113295910340847
0.02745732191747512
0.0274907675867293
0.05584059108218237
0.06000061464436142
0.046017388331818614
0.043070478637468095
0.039883901941636754
0.03647909300014321
0.03287863137833016
0.029106096167604834
0.025185915879488513
0.021143214447610133
0.01700365428408302
0.01279327734706914
0.008538345181072594
0.004265178890456769
7.874989486193687E-16
0.0042312268559540804
0.008402948491873287
0.012490174076164415
0.01646862151045617
0.020314858443544057
0.024006437118552357
0.027522022293950586
0.030841511525970713
0.03394614715006053
0.036818619353300025
0.03944315978678753
0.04180562522719273
0.028731545742642896
0.04810315032426625
0.06447329468194281
0.06917115776654727
0.07564681043615999
0.05055130678237907
0.03663473081943535
0.02369953360147075
0.03390919961154358
0.04621668901169481
0.06855782202691069
0.06467170983727857
0.057897391959581206
0.04208316989461728
0.024631108099890293
0.03942636457364712
0.03692667386834121
0.034217760463380924
0.03131765050089753
0.028245407809627834
0.025021011314592362
0.02166522776058964
0.018199480544475354
0.014645715469341576
0.011026264246840079
0.007363706582084677
0.0036807316787428267
1.264745831975531E-15
0.0036559938856949832
0.007265056556973314
0.010805428289309192
0.014255912122851771
0.017595998694536784
0.020805986110943666
0.02386709417238708
0.02676157229694735
0.029472800534867748
0.0319853831089427
0.03428523396467611
0.0363596538651966
0.053398635684169006
0.05022404168290425
0.04012119610799356
0.07170663479550753
0.05642436154765758
0.07924414463162228
0.1041781093961618
0.11937770440386053
0.10573345356008156
0.08126325847920603
0.05994081079914815
0.07242296446383505
0.039061049807175556
0.04643896470071292
0.04911190244872568
0.03458922414218244
0.03241281085604638
0.030050316655058213
0.027517322639368593
0.024830357014183763
0.022006789021949205
0.0190647183995672
0.01602286105365737
0.012900431665655977
0.009717023953108259
0.006492489323494848
0.003246814662534267
1.2552124479489677E-15
0.0032280632073135394
0.006417712443586121
0.009549632433253543
0.012604970668225201
0.01556544948029145
0.018413474000504026
0.021132235375584875
0.023705808643463114
0.026119244705546923
0.02835865587170879
0.030411294495707678
0.032265624262946595
0.03608856048644159
0.03489759078132515
0.044365036376968814
0.041920403066634006
0.006876713903184184
0.012342411508702219
0.04600895529806062
0.06557838181735706
0.046490724217922566
0.012705125448239351
0.00521863806570515
0.03942210860069506
0.046703123070670184
0.03783183290358074
0.03951207089578476
0.03090243173086232
0.028969629458264954
0.026868828375117147
0.02461377993509597
0.022219107024005834
0.019700210362085843
0.01707317065595325
0.014354647114389326
0.011561772961429418
0.00871204859494159
0.005823233049991509
0.0029132344336073005
1.781464761594871E-15
0.0028985934652996097
0.005764848289299416
0.008581352929307659
0.01133108672355929
0.013997521750361584
0.01656472119194293
0.019017433623296415
0.021341182673568757
0.023522351538325815
0.02554826185445596
0.027407246486221667
0.02908871580949383
0.021761326535548527
0.02018060146913351
0.015288087217439328
0.03728345132965458
0.0615323791220827
0.07591619259777099
0.10880906223873313
0.11065039062930022
0.10746352401683265
0.07347893167261746
0.05845824070106679
0.03162305723624774
0.013195958988431596
0.016296400352603817
0.016556848358762907
0.028011524569113436
0.026268079742022624
0.024371076804357485
0.02233285365667897
0.020166556388833697
0.017886055366205
0.015505857279751655
0.013041013712295439
0.01050702679199806
0.00791975251950318
0.005295302366406271
0.0026499437508168975
3.750947049545912E-15
0.002638249589551007
0.005248668987356151
0.00781536335924679
0.01032277510272785
0.01275577741173489
0.015099764812143089
0.01734074013055029
0.019465397382424546
0.021461200092843198
0.023316454592682615
0.025020377865606604
0.026563159556025385
0.04304186264482466
0.047033517262592986
0.0631109416752428
0.04742002809211526
0.027112970298328105
0.017766972927540568
0.01792564995406947
0.01999945530447434
0.017001830753728363
0.020330946906335783
0.0304670573170297
0.04977110540946266
0.06283720894467477
0.04599424475292182
0.040935189506365724
0.025694737479843698
0.024102011149963746
0.022367460989532306
0.020502305557445387
0.018518518518520315
0.016428752422941124
0.014246258644904964
0.011984803983147406
0.009658584444422599
0.0072821367458831155
0.004870248084481896
0.002437864729540058
1.5484051670008405E-15
0.0024283578107908766
0.004832337001504553
0.007197272964717083
0.009508797076711584
0.01175292343993989
0.01391613295761862
0.01598545423832159
0.017948540849479094
0.019793744462760634
0.021510183461026813
0.023087806605616396
0.02451745139445725
0.02341957987588778
0.016309837045623363
0.009672622348958606
0.018580235915390583
0.010895381565927557
0.017700215282373925
0.03753757147330833
0.020166715189401618
0.03592241962812083
0.015342244800673994
0.007891760072402072
0.018130795184005996
0.008546062879363825
0.018668188507057076
0.027329978185695807
0.023806309798949557
0.02233577778846385
0.02073308876874661
0.01900855764427312
0.01717320964004493
0.015238710305111277
0.01321729184971508
0.011121676278228155
0.008964995797927615
0.006760710998605316
0.004522527309871155
0.0022643102517687953
1.5532110800917986E-15
0.0022564742107760356
0.004491279322589598
0.006690762809973558
0.00884153564420603
0.010930553364363884
0.012945194766960592
0.014873337741865356
0.016703431801370183
0.01842456687080095
0.02002653793330951
0.021499905148103057
0.022836049090255012
0.021544197696057206
0.027439965742945684
0.03754274127816804
0.0415766345457592
0.057305325965162836
0.05443531608627677
0.04303080641802767
0.07143133505486823
0.04353425448279028
0.05494513020420347
0.05756722679315387
0.038299669938556595
0.032556288813012285
0.023542615519606753
0.01662113211000763
0.02224657896333663
0.02087655087877475
0.019382415367127398
0.01777374660516885
0.01606079112866045
0.014254402945588511
0.012365975136841569
0.010407368373059394
0.008390836793721528
0.006328951709566671
0.004234523600870142
0.002120522893442599
1.0295813026606265E-15
0.0021139948823765027
0.0042084917280608295
0.006270679904201081
0.008287986175755787
0.010248151021481798
0.012139302799509907
0.01395002931600327
0.015669446367278884
0.017287262845733942
0.01879384202181388
0.02018025863917617
0.02143835148631474
0.03567741819753535
0.029954342721026324
0.02998040527030157
0.02630276233744243
0.012748148528781275
0.012834706437406496
0.009042859590501657
0.041408666249992725
0.009367588229604883
0.013356692699646903
0.013484330613278733
0.029968219707389478
0.032697252492594114
0.031143043911684903
0.0349582454901336
0.020945174511593095
0.01965873761033567
0.01825495116810474
0.01674277486949196
0.015131808464323791
0.013432231125052693
0.011654737426117705
0.009810470346248002
0.007910951711351817
0.005968010510535472
0.003993709529246716
0.0020002707528301595
1.1001666115902613E-15
0.001994788750871199
0.003971848879047018
0.00591907602093459
0.007824581895464642
0.009676766606715011
0.011464388985829414
0.013176634547166262
0.01480318064946322
0.016334258471104972
0.01776071142865548
0.019074049690994018
0.020266500465847593
0.015097573428386076
0.023226839786792207
0.012127173436890034
0.03083042216559804
0.04304343326458462
0.045632254690015764
0.040830878095631906
0.06287348427377895
0.040516514477751384
0.04465655102346083
0.041233254561025494
0.031808124394930554
0.011170282328215745
0.02585715605972081
0.018783168192017752
0.019851074618273633
0.018634751619660904
0.017306785855209377
0.015875622498044143
0.014350319253918508
0.012740489276205837
0.01105624082002849
0.009308114012786067
0.007507015135159221
0.005664148820682676
0.0037909485941324665
0.0018990061775896827
1.7569284729054037E-15
0.0018943766504781504
0.0037724873907065367
0.005622823984444242
0.007434076627065199
0.009195202845309315
0.01089549459369004
0.012524643141226595
0.014072801356563623
0.015530643016464094
0.01688941878175713
0.018141008505865707
0.01927796956448439
0.022065641533564988
0.030278309446161437
0.030884907547943794
0.045845605507002896
0.023006741290217347
0.019539697420545166
0.024056565173020215
0.02203556811206346
0.024234773119904754
0.0195234601305145
0.02338859372422262
0.04507274993696573
0.029090268220832702
0.028746489554072035
0.018133376191211217
0.01892646590499961
0.017769308106984877
0.01650534428602012
0.01514258584455156
0.013689633232426756
0.012155621864993258
0.01055016488139347
0.008883293100557348
0.007165392548761456
0.005407139946448914
0.0036194365539019965
0.0018133407843636297
2.4452420532425373E-15
0.0018094180900305463
0.003603794008240659
0.005372124644472151
0.007103590532063697
0.008787621854595749
0.010413962781394606
0.011972733741578732
0.013454491259360364
0.014850284989621373
0.016151711609943283
0.017350965245904567
0.018440884127875104
0.029288710150031417
0.032735770355105706
0.02607803657837119
0.026282606352304706
0.0239521515970533
0.03094885620737258
0.03670589352374634
0.03494659130448271
0.03684299040581064
0.030676912757475645
0.023225627644328305
0.02464894118823578
0.028929545712738942
0.03211944544136992
0.029489772441337228
0.018142812882803717
0.017035768917319307
0.015826024000829192
0.014521222122820528
0.013129576318168724
0.01165981713250983
0.010121138014669623
0.008523137976576627
0.006875761877444201
0.005189238702474947
0.003474018218220676
0.0017407063958156856
1.3685622034137573E-14
0.0017373792535231578
0.0034607505683607
0.005159539561488529
0.006823342980653015
0.00844199224995634
0.010005615456471608
0.011504697400989342
0.012930137348572616
0.01427330412917347
0.015526088255910842
0.016680950746745592
0.017730968356766835
0.010446593330989549
0.017863642960963114
0.02316688545114377
0.029833251343199724
0.021571977325479184
0.013277374315502686
0.019290760203512704
0.019244059292538543
0.01899727239627915
0.012946382311150053
0.021302739580319436
0.028452203696494715
0.021907885071524053
0.016874157168908995
0.01311863932321898
0.01747826378800347
0.01641372860142705
0.015249972865767432
0.0139943285840804
0.012654679837936512
0.011239413419893804
0.009757366466508106
0.008217771418264077
0.006630198648209106
0.005004497115001777
0.0033507334073909017
0.0016791295566465961
3.633598801669963E-15
0.001676311916870567
0.003339497508490896
0.004979345999417543
0.006585807068183976
0.00814905230301258
0.009659535194488734
0.01110804929967508
0.01248578422425849
0.013784379082912253
0.014995973114479665
0.01611325314607156
0.017129497620314803
0.021826833500787166
0.02271382655871018
0.031120888254248164
0.0173853776644462
0.020329530993917294
0.030229535588287216
0.044324855676649184
0.03519961189437218
0.04441213487271806
0.03011520876868598
0.02006159955774515
0.017427366498117148
0.02948548133445739
0.02083623066821113
0.01898711017962497
0.01691589328892428
0.015887378229220532
0.014762581844748811
0.013548571158443972
0.012252950983886584
0.010883816402482776
0.009449702303207984
0.007959530298465696
0.006422553345601369
0.004848298416962826
0.0032465075731383233
0.001627077802794539
5.5771085648575845E-15
0.0016247025454946128
0.0032370357671766027
0.004827096171890531
0.006385131545139208
0.007901600640545382
0.009367231488448625
0.010773077968524053
0.012110574301546984
0.013371587129263262
0.014548464866396157
0.015634084025901177
0.016621892237573117
0.02351291794301052
0.019588694609556666
0.012705427860208044
0.02161416046522139
0.022330496996446913
0.012665125216616068
0.008334291118305746
0.02032342906455099
0.008021948455344817
0.012947382402987923
0.02275910102278676
0.02107238832300246
0.014971088556317288
0.02032149480899584
0.024241427185654696
0.016442485557060838
0.015444371757694602
0.014352440193514185
0.01317353335992492
0.01191501965054772
0.010584747402742603
0.009190996056049724
0.007742424727150857
0.006248018519873326
0.004717032902416611
0.003158936495761517
0.0015833526258733
1.0328293903429415E-15
0.0015813671279551206
0.0031510189353917448
0.004699309784057795
0.006216737382101562
0.007694000992688727
0.009122058333467555
0.010492180819409204
0.011796006812017732
0.013025592550937404
0.014173460457965508
0.015232644520595036
0.016196732480064546
0.01007685237480347
0.014222107480627584
0.027386375474217364
0.019444725279233094
0.015300052448361016
0.02501894803730439
0.03694512691544403
0.021387509909521957
0.03653486336007197
0.024953751031286688
0.01545652191000847
0.019619704330655914
0.02793092780989721
0.013867560327213566
0.011076979816870083
0.016047675986885338
0.015075026171652232
0.014010597974017179
0.012861044675942757
0.011633535736644704
0.010335712165391045
0.008975639047644476
0.007561755518894913
0.006102822496012378
0.004607868489189157
0.0030861338289820918
0.0015470136525593064
6.26659496153562E-15
0.0015453766227197466
0.003079605855297904
0.004593255909156867
0.006077031449693004
0.007521830580311639
0.00891880057912644
0.010259392048030275
0.011535411143220655
0.012739069568689244
0.013863032028235814
0.014900460847381981
0.015845057494125715
0.02056230332291284
0.024199572646774258
0.02726756216860765
0.01750186199484163
0.027589191158681768
0.02012230016788808
0.010738090356578037
0.029305290512653598
0.011141964461333219
0.020318791219970097
0.027552831450778408
0.01774727823263633
0.027097089985119262
0.025581024858683177
0.018762157442464338
0.015723337082127847
0.014771748995777947
0.013730038049238407
0.012604699581224262
0.011402737382907929
0.010131620185265547
0.008799235330314846
0.007413839913162562
0.005984009696895754
0.004518586115972983
0.0030266216949570266
0.001517324219019918
2.672363949548499E-15
0.0015160034130010749
0.003021354726481222
0.0045067962456056656
0.005963200715944604
0.007381627315087525
0.008753376451610688
0.010070043035635056
0.011323567895697322
0.012506287027606748
0.01361097837499729
0.014630905856399276
0.015559860370932353
0.01873537949531149
0.014979980135283923
0.020433084160860995
0.019446709278228114
0.026207320983538288
0.03330969565093023
0.023179211708511473
0.03283367038039045
0.023020873688574743
0.03402436599406577
0.027347277887854734
0.019160188233158685
0.01819758887659792
0.015285173824102084
0.01955328419259451
0.015463134670326163
0.014528624515096174
0.013505294387049012
0.012399509771529616
0.011218138743395736
0.009968509378501916
0.008658364370335273
0.007295813132386718
0.005889281682086458
0.004447460615534529
0.002979251493702246
0.0014937119704645696
1.3833244388929834E-15
0.0014926825330948289
0.002975146414711541
0.004438271585391464
0.005873063161211843
0.0072707066476950626
0.008622622008379044
0.00992051625684469
0.011156434250421171
0.012322807374814186
0.013412499822263935
0.014418852180571498
0.015335722067314376
0.012427798024299583
0.03666436229257773
0.024685571863844426
0.025865381707835575
0.019281050915664132
0.017421288948136087
0.01954219329879271
0.04180704299266573
0.019558723942905816
0.01705859489275185
0.018263311649463605
0.0266113252278709
0.025150738914047503
0.03817734921149622
0.012534742138318662
0.015262205901326736
0.014341113543078349
0.013332175107210601
0.012241651830627403
0.011076303439815999
0.009843346313631192
0.00855040886344899
0.007205484406091748
0.00581688182023215
0.004393174290416933
0.0029431464544548945
0.0014757402795423083
1.2225519831057764E-14
0.001474983544648682
0.0029401288293688195
0.004386419477504286
0.005804959666127009
0.007187028762764091
0.008524134858664057
0.009808066870148853
0.011030944889169525
0.01218526847443607
0.013263962587799308
0.014260420895062458
0.015168546166192275
0.018347805969971532
0.01175520078167453
0.008166617767587349
0.009324826141535989
0.03793289886422033
0.04322871009586291
0.02285464506160214
0.025246733117407768
0.02290942777403125
0.04318985263070718
0.03809952858815966
0.007879714630588818
0.007896166084508136
0.009759226287340373
0.017454838443632575
0.015116926671635764
0.014205836626888657
0.013207562550509658
0.012128285123697017
0.010974681112930953
0.009753882124998508
0.008473430582403647
0.007141233191070878
0.005765512186421659
0.0043547546584620156
0.002917660267529029
0.001463087672361884
2.491378409429634E-15
0.001462590307406061
0.0029156769298864993
0.004350315050563171
0.005757676340101718
0.007129103207222054
0.008456161982295726
0.009730694707837235
0.010944869218245345
0.012091227201861359
0.013162729950766972
0.014152801518087633
0.01505536901860338
0.015987696730836082
0.03674999116356757
0.026267373793154563
0.028793903491171093
0.00586301298542571
0.005953101744951152
0.018359874749486388
0.01852559244090913
0.01836973639757256
0.005129530333235301
0.005168779385906313
0.028808795288028047
0.025674235702755746
0.03450643402933065
0.01636421184928795
0.015024746775894842
0.014120420498247275
0.013129271780946267
0.012057423013998224
0.010911491925410867
0.009698550779608205
0.00842608279069694
0.007101936019153159
0.005734275035351258
0.004331530647315492
0.002902348001853531
0.0014555333780326648
1.6705836398932988E-15
0.0014552867977828058
0.0029013647161389967
0.004329329608791966
0.005730390233522358
0.007095922300629769
0.008417521487003176
0.00968705509015685
0.010896712005372379
0.012039050719152025
0.013107045024557552
0.014094127177917712
0.014994228232285082
0.015219633385070524
0.010004370855471048
0.015301815025520832
0.020846856284631052
0.02582674516470082
0.026971190222964004
0.021890871500073652
0.025066599212766837
0.021779698353638615
0.025448948266564693
0.023864829698861834
0.022663864272331604
0.01701956150681489
0.014105118251497845
0.015458584987228817
0.014984078339835763
0.014083394332787822
0.013095955155907743
0.012027846164580837
0.010885648950797333
0.00967640084369278
0.008407551610459906
0.007086917623865571
0.0057226337778183076
0.004323103446452434
0.002896946794162797
0.001452947753968997
