1.0
0.9989725854527305
0.9958941397184468
0.9907760398146922
0.983637191833771
0.9745039478168527
0.9634099899352775
0.9503961825331839
0.9355103927392293
0.9188072805050714
0.9003480590739817
0.8802002270235798
0.8584372731615448
0.8351383556816385
0.8103879571087247
0.7842755166751972
0.702621446574109
0.6287261482204225
0.5541717673619034
0.4867943084042264
0.42016280973447123
0.4240259853470525
0.4289343624736437
0.4406635244220143
0.451992541853966
0.4706316808810474
0.4364366034228276
0.40218305582793473
0.3679847175672001
0.33395382007963764
0.3002006862750968
0.2668332813211878
0.23395677675898346
0.2016731299197538
0.1700806805333102
0.13927376632762767
0.1093423593199553
0.08037172439209765
0.05244210162743702
0.025628413765297193
0.0
0.02437962278192763
0.04745297037168257
0.0691687724034884
0.08948212364992618
0.10835460493099786
0.12575437327165573
0.14165622109465537
0.15604160438810843
0.1688986399392119
0.1802220718765299
0.1900132079121801
0.19827982582151818
0.20503605084075072
0.21030220480156908
0.2141046279557117
0.2586995291683721
0.29838070615555806
0.33115762997408094
0.3660448878154219
0.3883093457799532
0.3567735941088186
0.3127312136483546
0.2735621812392442
0.2281218551778833
0.18124215730475562
0.17215286420565623
0.1622888435183265
0.15172847667181696
0.14055159595840278
0.1288390805231739
0.11667245240793726
0.10413347464621711
0.09130375337943843
0.07826434592780009
0.06509537670314822
0.051875662795561654
0.03868235100081251
0.025590567982650123
0.012673085182488797
2.576805479608927E-16
0.012361565328205938
0.02434774582752919
0.03589819564672843
0.046956328580889876
0.05746953627456721
0.0673893832471318
0.07667177800935293
0.08527711967004882
0.09317041956355271
0.10032139756208636
0.10670455287113954
0.1122992092399674
0.1170895346526245
0.12106453569679974
0.12421802693751226
0.1076467493572869
0.08863959449954817
0.06856985018286897
0.03415566877106329
0.03687740328297688
0.03446663420310591
0.06891353991515398
0.0863267937238313
0.1019829968997239
0.1124671272458464
0.10745012688708834
0.10187006638129452
0.09577043133222599
0.08919691902778008
0.08219714680739845
0.07482035430154885
0.06711710121238158
0.05913896231121215
0.050938221326004514
0.04256756538062899
0.03407978162745199
0.025527457685863238
0.016962687462072076
0.008436783880032897
8.401979074151702E-16
0.008298740059596776
0.01641209904919247
0.02429457209091797
0.03190271856496253
0.03919537927375628
0.04613387787015467
0.05268220563223907
0.05880718876800687
0.06447863753739003
0.06966947658610805
0.07435585599533844
0.07851724266229358
0.08213649173906591
0.08519989796978722
0.08769722687871893
0.09287321553456458
0.10628092856601165
0.10150995874414386
0.13137606342831393
0.1268190522145148
0.12732026973862023
0.09427887058529594
0.09799330789009798
0.08504400990353166
0.08173000915047933
0.078290113554944
0.0744170322576716
0.07013989843314593
0.06548986096701295
0.06049987700365145
0.0552044965608572
0.04963964052493755
0.0438423733635556
0.03785067190997353
0.03170319158088252
0.025439031390899775
0.019097499119955594
0.012717877975441442
0.006339196069147312
2.7261967281830063E-16
0.006261866202464327
0.012409475561786653
0.018407024902625246
0.024220032755730748
0.029815527373656836
0.03516222387760988
0.04023068962729734
0.0449934969817797
0.04942536269936654
0.0535032733082905
0.05720659586665633
0.060517173619379507
0.06341940615120238
0.0659003137275897
0.06794958560916103
0.07597943851824995
0.07870268959079332
0.09913384017855968
0.07976854245207166
0.09513600265138851
0.08083996412383314
0.10013805295074045
0.07838991195216644
0.07378080749334107
0.06435864525290264
0.06174308144078382
0.05877625830867597
0.05547984723425078
0.05187727902217872
0.047993586651201396
0.04385524009181553
0.039489974235265284
0.03492661100534912
0.030194876749064428
0.02532521601994486
0.020348602879240382
0.015296350844884454
0.01019992261616133
0.005090740693764833
6.468507888552373E-16
0.0050415164172291915
0.010003617540091658
0.014856879372912177
0.019572813786123328
0.02412403027178725
0.028484389719774003
0.032629149377751396
0.036535098216768064
0.040180681986827255
0.04354611731320133
0.04661349425376642
0.04936686681015477
0.05179233096025194
0.053878089856387465
0.05561450591181634
0.0542046478356433
0.048106924929036676
0.024626704969151685
0.028271301121191895
0.012162162437878652
0.02739063081570207
0.02404308147119975
0.04776063357334199
0.05356466209058423
0.053225823454984514
0.051113022442393366
0.048704480630815346
0.04601738833181946
0.043070478637467616
0.0398839019416378
0.03647909300014402
0.03287863137833155
0.029106096167606448
0.025185915879487902
0.02114321444761157
0.017003654284082927
0.012793277347069292
0.008538345181071988
0.0042651788904571825
7.063692502185954E-16
0.004231226855953645
0.008402948491872975
0.012490174076164621
0.016468621510454872
0.02031485844354469
0.024006437118552475
0.02752202229395127
0.030841511525970398
0.03394614715006136
0.036818619353300726
0.039443159786788085
0.041805625227193374
0.04389357085926369
0.04569631281577923
0.047204979677928915
0.052790440132779004
0.0660388644958158
0.0850426269893496
0.0840770201048009
0.08998537723650712
0.08313755024587194
0.08275440757895496
0.06428136403697463
0.05061603921091906
0.04550782001718493
0.04373185834060437
0.04169996125597181
0.03942636457364915
0.03692667386834081
0.034217760463380265
0.03131765050089791
0.0282454078096275
0.025021011314592494
0.021665227760589132
0.018199480544475535
0.014645715469340802
0.011026264246840275
0.007363706582085752
0.003680731678742132
1.3915067356391554E-15
0.003655993885695061
0.0072650565569736
0.010805428289308578
0.01425591212285111
0.017595998694536163
0.020805986110944637
0.023867094172387072
0.026761572296946333
0.029472800534867706
0.03198538310894172
0.03428523396467461
0.03635965386519462
0.03819739861925859
0.03978873808653099
0.04112550566160168
0.043361752812282904
0.04432693231635508
0.027307108051756596
0.030232339352812842
0.03198677353665219
0.031052259175079294
0.028497304784536683
0.043223885047924196
0.041023651397475325
0.039862452346843685
0.03832681884539467
0.03656502344139443
0.03458922414218331
0.03241281085604725
0.03005031665505848
0.027517322639368885
0.024830357014184977
0.022006789021949507
0.019064718399568855
0.01602286105365683
0.01290043166565521
0.009717023953107154
0.006492489323495689
0.0032468146625339845
8.566356781478289E-16
0.003228063207313824
0.00641771244358722
0.009549632433255227
0.012604970668223553
0.015565449480292117
0.01841347400050352
0.021132235375584073
0.02370580864346362
0.026119244705549577
0.028358655871711325
0.030411294495708886
0.03226562426294478
0.033911383739061204
0.0353396418366445
0.03654284490786543
0.04587184806827583
0.04498592261611294
0.038977681228331444
0.028160869542675094
0.02411700577859581
0.026899738926353157
0.037432482779179696
0.04448127102261388
0.047418008856842164
0.03557022811598786
0.03421391831764602
0.03265444392710944
0.03090243173086096
0.02896962945826245
0.026868828375116352
0.024613779935094126
0.022219107024005497
0.019700210362088716
0.017073170655953058
0.014354647114388712
0.011561772961431158
0.00871204859493924
0.005823233049991342
0.0029132344336054872
1.6576577739382277E-15
0.0028985934652997914
0.00576484828929771
0.008581352929306346
0.011331086723560133
0.013997521750362495
0.016564721191941415
0.01901743362329711
0.021341182673568528
0.02352235153832405
0.025548261854454107
0.027407246486223592
0.029088715809494466
0.030583217122955052
0.0318824868580208
0.03297949530466198
0.012171956099584096
0.02362279355613252
0.049781001417215524
0.07149573309669285
0.07897984398736276
0.07230735156049324
0.05021522446648593
0.022024802303434992
0.008753675930219945
0.03221088454147357
0.030992900248934335
0.029589960921754525
0.02801152456911453
0.026268079742022492
0.024371076804357395
0.022332853656679644
0.020166556388835633
0.017886055366204454
0.015505857279753194
0.013041013712294687
0.010507026791996284
0.007919752519502684
0.005295302366408051
0.002649943750817662
2.0634466182118368E-15
0.0026382495895503617
0.005248668987355726
0.007815363359244048
0.010322775102727399
0.012755777411735187
0.01509976481214173
0.01734074013054871
0.019465397382425823
0.0214612000928464
0.023316454592683594
0.025020377865607034
0.026563159556024778
0.027936017785244488
0.029131248462035013
0.030142267814797976
0.06483385916429463
0.04961612023403077
0.01908603607153731
0.0323186200719273
0.02364210925691876
0.0326971756469169
0.018177559892692177
0.05000388487188536
0.06602206422517398
0.029522590477649203
0.028414046555177153
0.02713524842484333
0.02569473747984332
0.024102011149964336
0.02236746098953298
0.020502305557443794
0.01851851851852
0.01642875242294244
0.01424625864490362
0.01198480398314906
0.009658584444422228
0.007282136745883645
0.004870248084482256
0.002437864729539467
9.810039613649753E-16
0.0024283578107888826
0.004832337001504742
0.007197272964717693
0.009508797076711295
0.011752923439938856
0.013916132957616064
0.015985454238321477
0.01794854084947741
0.01979374446276132
0.02151018346102696
0.023087806605617923
0.024517451394460068
0.025790896774977288
0.026900909911465862
0.027841286743872554
0.017818794107927236
0.008792688557770881
0.047725807922242805
0.07738108105892341
0.06413764879219315
0.07682734873058088
0.04744759714863177
0.008610366108355704
0.019719876092379098
0.02733382113310533
0.026313585584292132
0.02513514610505434
0.023806309798951104
0.022335777788460808
0.020733088768745953
0.019008557644272686
0.01717320964004362
0.015238710305111215
0.0132172918497136
0.01112167627822737
0.008964995797927902
0.006760710998605772
0.0045225273098696344
0.002264310251768029
7.437956046596571E-16
0.002256474210777268
0.004491279322590258
0.006690762809974609
0.008841535644205267
0.01093055336436255
0.012945194766961134
0.014873337741866641
0.01670343180137082
0.018424566870803506
0.020026537933310353
0.021499905148104556
0.022836049090255228
0.02402722079094947
0.02506658629009198
0.025948265447159054
0.061537644260822665
0.043575010242055526
0.014056326985413538
0.025345496170072642
0.01532631093550607
0.024826092935246565
0.014603005484993478
0.04222339849192137
0.059330264478284364
0.025527612042647037
0.024579739426437115
0.023483658768738862
0.02224657896333552
0.020876550878773915
0.019382415367130795
0.017773746605173096
0.01606079112866131
0.014254402945589073
0.012365975136843182
0.010407368373059894
0.00839083679372098
0.006328951709568282
0.00423452360087185
0.0021205228934421615
1.7435476772414754E-15
0.002113994882376977
0.004208491728062733
0.006270679904201786
0.008287986175758091
0.010248151021482528
0.012139302799508495
0.013950029316002454
0.015669446367280668
0.01728726284573401
0.01879384202181616
0.020180258639178033
0.021438351486314327
0.022560771136896727
0.023541022581268403
0.02437350250354841
0.028540718498841332
0.01943491003792238
0.0414315714113542
0.0418152055822707
0.03703703703703597
0.04085162485506311
0.040759116548223846
0.020592845887199843
0.028904613689942547
0.02402155749156962
0.02313369846155771
0.02210599913602364
0.02094517451159398
0.019658737610333453
0.0182549511681028
0.016742774869490704
0.015131808464323642
0.013432231125050717
0.011654737426118727
0.009810470346244287
0.007910951711351427
0.005968010510535807
0.003993709529247119
0.0020002707528302727
2.414904862868821E-16
0.001994788750871402
0.003971848879048077
0.005919076020936738
0.007824581895464651
0.00967676660671533
0.01146438898583191
0.013176634547166851
0.014803180649463031
0.016334258471105128
0.017760711428657306
0.019074049690996124
0.020266500465846906
0.021331053762263765
0.022261503361029125
0.023052482754976577
0.030014240782329497
0.023667712986238907
0.02032819186369931
0.02379768924943885
0.0476060908286484
0.024203911793757884
0.02073630267893196
0.02250920629878847
0.02645568243483097
0.02275601805264542
0.02191839112726766
0.02094797567633157
0.019851074618273686
0.018634751619660595
0.01730678585520907
0.01587562249804448
0.014350319253917963
0.012740489276205632
0.011056240820027426
0.009308114012788856
0.007507015135158444
0.005664148820682439
0.0037909485941322986
0.0018990061775892857
3.0752259758374303E-15
0.0018943766504777675
0.0037724873907052725
0.005622823984445069
0.007434076627063276
0.009195202845307398
0.010895494593688895
0.012524643141228827
0.014072801356562423
0.015530643016465234
0.016889418781758942
0.0181410085058654
0.019277969564484077
0.020293580919803836
0.021181882659613037
0.021937710779731088
0.031107462844624793
0.027753958764548364
0.01900279617673061
0.019137601732657213
0.03593742583341679
0.019027834491143075
0.017765651155790246
0.02757002397489912
0.03124023341951155
0.021686860086467682
0.0208915627430157
0.019969445908413177
0.018926465904998562
0.017769308106983656
0.016505344286023023
0.015142585844551642
0.01368963323242767
0.012155621864994633
0.010550164881391965
0.008883293100557601
0.007165392548761582
0.0054071399464494735
0.003619436553902164
0.0018133407843666314
3.4832669991724763E-15
0.0018094180900317888
0.003603794008243279
0.005372124644470321
0.007103590532065437
0.008787621854599952
0.010413962781397317
0.011972733741574313
0.013454491259360874
0.014850284989620498
0.01615171160994123
0.017350965245904067
0.018440884127872342
0.01941499320140202
0.020267542438713555
0.02099354062537992
0.015889470443068338
0.019579803328732878
0.03875014959955463
0.03192368062317168
0.032328966704032465
0.03186191764990607
0.039711726118744815
0.02010977523264736
0.017507806643455245
0.02078081962269644
0.02002135236825051
0.01914012909251196
0.01814281288280426
0.01703576891731996
0.015826024000833137
0.014521222122823078
0.01312957631817028
0.011659817132507622
0.010121138014668844
0.008523137976575492
0.0068757618774436
0.0051892387024745305
0.0034740182182238636
0.001740706395815979
8.459901542645098E-15
0.0017373792535218555
0.003460750568360429
0.005159539561486809
0.006823342980653738
0.008441992249955869
0.010005615456474224
0.011504697400992104
0.012930137348571104
0.014273304129173462
0.01552608825591331
0.01668095074674146
0.017730968356764493
0.018669874950322053
0.01949209876671435
0.020192795358288607
0.028555485638453962
0.019447670370835998
0.009795879964703777
0.018463176913423904
0.022737681211088313
0.018464764986696792
0.009662375245338145
0.018889308578662473
0.027742901842903105
0.02001244902380729
0.019283377659066084
0.018436844561123995
0.017478263788005363
0.016413728601428198
0.0152499728657733
0.013994328584082364
0.01265467983793388
0.011239413419896203
0.009757366466508705
0.00821777141826108
0.006630198648205898
0.005004497115001998
0.003350733407389917
0.0016791295566437436
2.5225026553490664E-15
0.00167631191687152
0.0033394975084918834
0.00497934599941713
0.006585807068182736
0.008149052303016146
0.009659535194488204
0.011108049299680671
0.012485784224255305
0.013784379082913505
0.014995973114481606
0.016113253146071253
0.017129497620317145
0.01803861692133863
0.018835189758195932
0.01951449538903044
0.026442220300102945
0.02839807618945987
0.042793612515773974
0.02547744389265217
0.022961214306804763
0.025318582644908612
0.042077151296545164
0.02891712196124028
0.02639593583666908
0.019362052385759318
0.018658762518065194
0.017841642080429987
0.016915893288925548
0.015887378229223408
0.014762581844747907
0.013548571158449253
0.012252950983890046
0.010883816402484385
0.00944970230321186
0.007959530298466865
0.0064225533455946745
0.004848298416957144
0.0032465075731418075
0.0016270778027962026
3.3967147623170624E-17
0.0016247025454903137
0.0032370357671758472
0.004827096171889727
0.0063851315451478935
0.007901600640546604
0.009367231488448891
0.0107730779685267
0.012110574301542883
0.01337158712926021
0.01454846486640437
0.015634084025902852
0.016621892237572197
0.017505947700954996
0.018280954835407044
0.018942295914042364
0.020145392403806518
0.022077647328401524
0.007719030664614791
0.018749759949569105
0.013148584736491765
0.018745919793380524
0.008972433409796077
0.022655066621892844
0.019866873485767423
0.01881425797399129
0.01813277262054613
0.01734050777602188
0.016442485557061876
0.015444371757691528
0.014352440193512148
0.013173533359926473
0.011915019650552161
0.010584747402742758
0.009190996056043408
0.007742424727155722
0.006248018519876072
0.004717032902415786
0.0031589364957637003
0.0015833526258738424
3.1009977250319924E-15
0.0015813671279548156
0.0031510189353891604
0.004699309784057313
0.006216737382103982
0.007694000992689499
0.009122058333468332
0.010492180819409332
0.011796006812022806
0.013025592550939036
0.014173460457968474
0.015232644520593041
0.01619673248006148
0.01705990456893828
0.017816968564653014
0.018463390948433307
0.01953856768369276
0.029092394796575285
0.019904099519085502
0.022616308489990838
0.03607724899979389
0.022622863534765402
0.018672229340873592
0.02859882355099689
0.018483589771613018
0.018357012634298335
0.017693853866574894
0.01692245181840972
0.016047675986888173
0.015075026171648848
0.01401059797401952
0.012861044675943447
0.01163353573664542
0.010335712165391869
0.008975639047644722
0.0075617555188926275
0.006102822496014128
0.004607868489189826
0.0030861338289844002
0.0015470136525607206
3.1071463117993526E-15
0.00154537662271989
0.0030796058553010327
0.004593255909153125
0.0060770314496960375
0.007521830580314167
0.008918800579127369
0.010259392048028068
0.011535411143220889
0.012739069568686642
0.013863032028238362
0.014900460847380113
0.015845057494117087
0.016691100747076023
0.017433481279874156
0.0180677324533059
0.023878379716810668
0.023435811197954487
0.03179236911169089
0.018522309154427444
0.010498534155003821
0.01853638783229639
0.0325466849491258
0.022924334136655962
0.024437355429444356
0.0179808629499408
0.017332944804806634
0.01657885584873476
0.015723337082125928
0.014771748995780189
0.013730038049237166
0.012604699581224822
0.011402737382907839
0.010131620185267124
0.008799235330313501
0.007413839913159681
0.005984009696894566
0.004518586115968823
0.003026621694959199
0.0015173242190148705
1.3421925326592187E-15
0.001516003413002439
0.0030213547264752887
0.004506796245605256
0.0059632007159403175
0.007381627315089746
0.00875337645160649
0.01007004303563247
0.01132356789569534
0.012506287027605362
0.013610978374997659
0.014630905856396622
0.015559860370931922
0.01639219753331899
0.01712287190941698
0.01774746754480756
0.013351374348186899
0.02286521275933869
0.0031407791390138107
0.023300512792309307
0.043852912096892495
0.023287730757737567
0.0027353451242274184
0.02288308984161035
0.013468766278368387
0.01767843606695985
0.017042979944529156
0.016303001486828426
0.0154631346703228
0.014528624515097625
0.013505294387046935
0.012399509771529494
0.011218138743396099
0.009968509378503403
0.008658364370329645
0.007295813132389974
0.00588928168208714
0.004447460615536938
0.0029792514937058883
0.0014937119704639813
4.837763044659666E-15
0.0014926825330987326
0.0029751464147049276
0.004438271585388697
0.0058730631612069605
0.0072707066476963116
0.008622622008380505
0.009920516256842794
0.011156434250422677
0.012322807374816365
0.013412499822262548
0.014418852180572027
0.015335722067311996
0.0161575215614865
0.016879251205005948
0.017496530367336657
0.024288628125978793
0.013553559069320197
0.03431142654797938
0.019134944494100196
0.006581846282535939
0.01912842522023787
0.03386169781226333
0.012838047427079956
0.023695365909330406
0.017444063011075716
0.016818529379677892
0.016089728230585562
0.015262205901330352
0.014341113543082769
0.013332175107207373
0.012241651830629934
0.011076303439814231
0.009843346313627339
0.008550408863449708
0.007205484406093685
0.0058168818202360825
0.004393174290418658
0.002943146454463913
0.0014757402795377034
6.600516011776539E-15
0.001474983544644664
0.0029401288293758685
0.004386419477499396
0.005804959666122417
0.007187028762765899
0.008524134858665045
0.009808066870152003
0.011030944889169335
0.012185268474432
0.013263962587798862
0.014260420895065407
0.015168546166192487
0.015982787528711108
0.01669817434658969
0.017310346518444226
0.01695010324800785
0.027421885131997507
0.008654982107212666
0.0205623855447164
0.032870982549372554
0.020465693572276067
0.009218219587168165
0.02765395458765148
0.017313634782361035
0.017273506415206762
0.01665553836546139
0.015935186300044528
0.015116926671639786
0.014205836626891372
0.013207562550511306
0.012128285123690994
0.010974681112938256
0.009753882125000462
0.008473430582404861
0.007141233191073256
0.005765512186417538
0.004354754658462868
0.002917660267530422
0.0014630876723629351
8.70486425349699E-15
0.0014625903074067129
0.00291567692988616
0.0043503150505620584
0.005757676340101515
0.0071291032072257655
0.008456161982295806
0.009730694707843242
0.010944869218245237
0.012091227201863192
0.013162729950765508
0.014152801518089824
0.015055369018607377
0.0158648998259101
0.016576435438839427
0.017185621809836345
0.017669064120846796
0.011373113415869539
0.023137739166402552
0.01850084762710007
0.027142020082175783
0.018494051999707193
0.022675848512454813
0.011977360639966624
0.01732900356014084
0.017163767123394517
0.01655114246685987
0.01583666132748557
0.01502474677589685
0.014120420498245563
0.013129271780951749
0.012057423013995946
0.010911491925410471
0.009698550779605193
0.008426082790696971
0.0071019360191561
0.005734275035348545
0.004331530647313433
0.002902348001856209
0.0014555333780326312
1.70958988762756E-15
0.0014552867977851167
0.0029013647161444532
0.004329329608801672
0.0057303902335264275
0.007095922300632229
0.00841752148699709
0.009687055090155208
0.010896712005370849
0.012039050719151158
0.013107045024555751
0.014094127177919365
0.014994228232286905
0.015801815300146103
0.016511925517086214
0.017120196498020223
0.018193352797191788
0.023604312249965242
0.017046627843516567
0.018485290135738512
0.041127698061909204
0.018479541102590667
0.017289415326339937
0.022784193585500784
0.01802440963586151
0.017112952651004175
0.016503542034165736
0.01579245550940801
0.01498407833983544
0.014083394332791212
0.0130959551559108
0.012027846164584334
0.010885648950794375
0.009676400843688808
0.008407551610465172
0.007086917623867094
0.005722633777816249
0.004323103446454622
0.002896946794166331
0.0014529477539674395
