1.0
0.9989725854527295
0.9958941397184463
0.9907760398146905
0.983637191833768
0.9745039478168505
0.9634099899352756
0.9503961825331827
0.935510392739228
0.9188072805050699
0.9003480590739815
0.8802002270235784
0.7946717985446313
0.7168492409139823
0.6553391321769754
0.637996207418332
0.6194435079011705
0.6089268058431402
0.5793061017162131
0.5760340313557708
0.5448405767948218
0.5125279732431419
0.45278415787021714
0.41976664920690476
0.36904492984089626
0.3276603339714122
0.28709509299368446
0.2907617406681257
0.3088419204997919
0.3339538200796376
0.30020068627509594
0.2668332813211873
0.23395677675898321
0.20167312991975286
0.17008068053330944
0.13927376632762728
0.10934235931995469
0.08037172439209715
0.052442101627436497
0.02562841376529667
0.0
0.024379622781927422
0.047452970371682404
0.069168772403488
0.08948212364992526
0.10835460493099756
0.1257543732716559
0.14165622109465473
0.15604160438810802
0.16889863993921164
0.18022207187652872
0.19001320791218082
0.24470213920883202
0.29339674884070915
0.3342857272898957
0.33827565254282527
0.33956253276579845
0.32773413410486973
0.3291096309009126
0.30402879730968935
0.3001139973413834
0.296724440722553
0.314017976334482
0.3049245986531639
0.308005435707214
0.2964553653097409
0.2809078531528113
0.23333388011165204
0.18634739606852394
0.14055159595840183
0.1288390805231727
0.11667245240793687
0.10413347464621725
0.09130375337943747
0.07826434592779984
0.0650953767031481
0.05187566279556108
0.03868235100081189
0.025590567982649862
0.012673085182488076
2.9102723065803313E-16
0.012361565328205084
0.02434774582752842
0.035898195646728144
0.04695632858088928
0.057469536274566184
0.06738938324713124
0.076671778009352
0.08527711967004845
0.09317041956355192
0.1003213975620861
0.10670455287113922
0.09958521501036931
0.0853872659076649
0.0552935246671681
0.043045588400926836
0.04503847280502893
0.04004962725774434
0.047712418197996986
0.053551711711208524
0.06219511225473917
0.05187965878144954
0.04625172939209387
0.03662805728665888
0.04343651173071014
0.04349552804170699
0.06183030512310166
0.09099159998061872
0.09764809301678833
0.08919691902778087
0.08219714680739858
0.07482035430154835
0.06711710121238208
0.059138962311214356
0.05093822132600414
0.04256756538062707
0.034079781627451886
0.02552745768586255
0.01696268746207178
0.008436783880032486
1.0159170667036018E-15
0.008298740059596167
0.016412099049191404
0.024294572090917364
0.03190271856496201
0.03919537927375588
0.04613387787015471
0.05268220563223896
0.05880718876800714
0.06447863753738911
0.06966947658610831
0.07435585599533857
0.05618128093580497
0.055926553924038086
0.08722923441514496
0.11873036484226106
0.15014171940297855
0.1601899278110538
0.1715542207312377
0.1650902287842807
0.16172614752691244
0.16330252234815368
0.16698139363599188
0.152580977255093
0.13773048377777192
0.10000006713607254
0.06360931868326475
0.031708286374757276
0.03550909369704716
0.0654898609670128
0.06049987700365062
0.05520449656085625
0.04963964052493591
0.04384237336355516
0.03785067190997313
0.03170319158088124
0.025439031390899286
0.019097499119955914
0.01271787797544124
0.006339196069147535
9.319746521350252E-16
0.006261866202463097
0.012409475561786301
0.0184070249026242
0.024220032755730793
0.029815527373657152
0.035162223877608964
0.04023068962729583
0.04499349698177889
0.04942536269936497
0.053503273308290876
0.05720659586665707
0.10892987343855498
0.13371295142378614
0.12309978054423802
0.08528090851545814
0.05201886374248076
0.032928464870935585
0.04439205386724763
0.036000122636915814
0.05387616502178572
0.03602260295138693
0.044386663185665934
0.034004121653244235
0.054543479831642094
0.09218046959654896
0.13113364944186304
0.13863031124243397
0.10957159482679432
0.05187727902217769
0.047993586651200654
0.04385524009181579
0.039489974235265596
0.03492661100534923
0.03019487674906475
0.025325216019943003
0.020348602879242932
0.015296350844885325
0.010199922616159426
0.005090740693765661
1.8726491033118763E-15
0.005041516417228264
0.010003617540090963
0.014856879372908841
0.019572813786122346
0.02412403027178341
0.028484389719772928
0.03262914937774908
0.036535098216766364
0.04018068198682645
0.043546117313201
0.046613494253767554
0.01806827738122181
0.0477518858713364
0.04621904364141808
0.02265386797554266
0.04827293292783466
0.07559041523072547
0.09582097149105989
0.10931121228284965
0.10442171921813004
0.10817849854524061
0.09270528598427477
0.07056544183250653
0.04137416114203479
0.025340030308639228
0.05090985791178258
0.05046846217084335
0.02082464333226883
0.04307047863746988
0.039883901941634985
0.03647909300014315
0.0328786313783299
0.02910609616760685
0.02518591587948898
0.0211432144476102
0.017003654284082938
0.012793277347067217
0.008538345181072401
0.004265178890456467
1.816929909293077E-15
0.004231226855953526
0.008402948491871972
0.01249017407616542
0.01646862151045394
0.02031485844354587
0.024006437118551282
0.02752202229395182
0.030841511525970172
0.03394614715006303
0.03681861935330281
0.039443159786786294
0.08753584555130943
0.1217899709514815
0.13314584780940977
0.11705755995116467
0.07841875169876862
0.052614009231321535
0.04414902874699737
0.03523952497055686
0.0525753562293932
0.03517348806364522
0.04420672202118983
0.054087036734129186
0.08025356672115548
0.11623820924605834
0.12592102895513857
0.11085139767760885
0.07632277668247842
0.03692667386833848
0.03421776046337906
0.03131765050089675
0.02824540780962687
0.025021011314591037
0.021665227760588015
0.01819948054447564
0.01464571546934067
0.011026264246839017
0.007363706582082501
0.003680731678742363
1.266115061306977E-15
0.0036559938856949798
0.007265056556972782
0.010805428289310113
0.014255912122853228
0.017595998694535958
0.02080598611094405
0.02386709417238652
0.026761572296944678
0.029472800534866336
0.03198538310894104
0.03428523396467286
0.025192242658081534
0.02491146047001272
0.03856353989569942
0.03995164013287928
0.02983010688968456
0.027923498500482622
0.045523724915638566
0.06966131123693174
0.06342398956348
0.06880928412779937
0.04377717625980995
0.02647236334654973
0.03169250532124313
0.03828814846422646
0.033236520571130426
0.01713908053245074
0.030874933998889742
0.03241281085604657
0.03005031665505677
0.027517322639369606
0.02483035701418631
0.02200678902194918
0.019064718399567974
0.016022861053654653
0.012900431665654565
0.00971702395310821
0.0064924893234948634
0.003246814662535084
2.033358430612929E-15
0.003228063207314344
0.006417712443587861
0.009549632433255635
0.012604970668224292
0.01556544948029144
0.018413474000505633
0.021132235375583626
0.023705808643462792
0.0261192447055481
0.028358655871710405
0.03041129449570704
0.023625256521370683
0.0503072914967457
0.06253166611135577
0.08241017327144941
0.0820106976955859
0.06464098338585955
0.04530004427450459
0.03252503940781688
0.04408611487027167
0.03247459894143153
0.04526051882540854
0.064740256777506
0.08055701395035861
0.07474801850347611
0.05067972008542004
0.04013107990918848
0.01250623780243809
0.02896962945826422
0.02686882837511387
0.02461377993509348
0.022219107024003114
0.019700210362088008
0.01707317065595131
0.014354647114387959
0.011561772961432534
0.008712048594939093
0.005823233049987543
0.002913234433606574
7.133423030902721E-16
0.0028985934653006145
0.005764848289297184
0.008581352929303076
0.011331086723562898
0.013997521750357978
0.016564721191942255
0.019017433623293657
0.021341182673570196
0.023522351538324
0.0255482618544562
0.027407246486219568
0.05830611967129962
0.03954594210092256
0.04451126885666451
0.0262040463878019
0.03602145471604451
0.027843348468705585
0.028064259153669932
0.04160673991197157
0.03652202526463172
0.04108610775030421
0.028038529368066698
0.028463191034438593
0.03508338312125569
0.028623904889501957
0.049801334604514205
0.04543122362131948
0.06214374106227194
0.02626807974202493
0.024371076804361187
0.02233285365668124
0.020166556388832167
0.017886055366203083
0.015505857279754398
0.013041013712292118
0.010507026791995899
0.007919752519501295
0.0052953023664080905
0.0026499437508175866
1.2834622877716596E-15
0.002638249589544969
0.005248668987355587
0.007815363359243425
0.01032277510272862
0.01275577741173367
0.015099764812138485
0.017340740130547636
0.01946539738242426
0.021461200092844402
0.023316454592682716
0.025020377865603127
0.021473613195639063
0.024337109780920355
0.007424912830756538
0.020558599648586875
0.057971286777166314
0.056968528825811895
0.04030655444529562
0.031478090752247605
0.0331260438236606
0.031467493865335684
0.03981182662220393
0.05574201752389686
0.05500772732557429
0.014739082485516548
0.006548757296669709
0.023792121864388074
0.023620411787765014
0.02410201114996247
0.022367460989533086
0.02050230555744401
0.018518518518522438
0.016428752422940087
0.014246258644900292
0.01198480398314654
0.009658584444424013
0.007282136745882306
0.004870248084480864
0.0024378647295428403
3.57635453130342E-15
0.0024283578107921035
0.004832337001505385
0.007197272964717747
0.00950879707671312
0.011752923439938771
0.013916132957620805
0.015985454238324186
0.017948540849477737
0.01979374446275903
0.021510183461028603
0.023087806605616948
0.056366227649481286
0.054370581630314684
0.05842294214374169
0.054195213313705984
0.02232832020741817
0.0339797933188253
0.031396324168874175
0.02909354416196718
0.032867565851493294
0.028990526009515145
0.03156885020504928
0.03429899486692908
0.021200279442894498
0.05634462012602341
0.05600405504335283
0.05334131714064164
0.050302756849889774
0.022335777788461835
0.02073308876874645
0.019008557644272336
0.017173209640044953
0.015238710305112618
0.013217291849715162
0.01112167627822746
0.008964995797925679
0.0067607109986069286
0.004522527309869876
0.002264310251769392
9.509355875084203E-16
0.0022564742107755004
0.0044912793225906295
0.006690762809971086
0.008841535644204835
0.010930553364364607
0.012945194766960292
0.01487333774186535
0.01670343180137194
0.01842456687079828
0.020026537933305937
0.021499905148105736
0.022422588636810206
0.014016294156352999
0.005785374170363267
0.015673145802159658
0.03499532614983172
0.037504759481598114
0.027429831221109167
0.03055906463906042
0.022984217562214346
0.03051067396771842
0.026710478192023972
0.03598162342559121
0.033996254722056925
0.016108229395425687
0.008490965372221326
0.011371167979396957
0.023383184159824714
0.02087655087877723
0.01938241536712815
0.01777374660517461
0.016060791128659303
0.014254402945588971
0.012365975136843295
0.010407368373055007
0.00839083679372088
0.006328951709569913
0.0042345236008676625
0.002120522893440349
3.1356504139170887E-15
0.0021139948823762104
0.004208491728060038
0.006270679904201133
0.008287986175753798
0.010248151021479704
0.012139302799505102
0.013950029315997542
0.015669446367280404
0.017287262845734144
0.018793842021817303
0.020180258639176933
0.019535648806753
0.043776162426052055
0.03266317204945783
0.05327511684372192
0.01937315579259681
0.03747876803034939
0.033067484694707376
0.029182432287062694
0.04140866624999488
0.029233866827129182
0.033068216421468566
0.037631291029656115
0.0196058359380486
0.050760067707159615
0.028611030217330434
0.041123858306899096
0.012884221229271213
0.01965873761033601
0.018254951168103772
0.016742774869487144
0.015131808464323084
0.013432231125051843
0.011654737426118182
0.009810470346247631
0.007910951711350495
0.005968010510535101
0.003993709529244478
0.002000270752826445
2.512170370648348E-16
0.0019947887508707253
0.0039718488790470114
0.005919076020935094
0.0078245818954615
0.009676766606715152
0.0114643889858324
0.013176634547165458
0.01480318064946708
0.016334258471107244
0.017760711428655644
0.01907404969099471
0.03383092554378899
0.008693886036400792
0.025016942863899716
0.008106236001990553
0.03197186892662445
0.020430280638074182
0.016332091436065267
0.027223739386981683
0.014299094172416319
0.027105583573155186
0.01609762265870639
0.019546681225893738
0.031866184528956815
0.008010250714265421
0.026297885829802487
0.010934957367277513
0.035314984854515924
0.018634751619661924
0.01730678585520715
0.015875622498043848
0.014350319253919191
0.01274048927620748
0.011056240820023572
0.009308114012789328
0.007507015135159505
0.0056641488206846625
0.0037909485941282654
0.0018990061775898345
3.587373539205213E-15
0.001894376650476802
0.0037724873907042473
0.005622823984446518
0.0074340766270627355
0.009195202845302869
0.010895494593686722
0.012524643141231076
0.014072801356566737
0.01553064301646284
0.016889418781758207
0.018141008505864635
0.011609794610665145
0.025738300663836797
0.01566540421513763
0.03157847404123347
0.019022441652903514
0.03664038748577657
0.03196511530649398
0.0302585344199737
0.045620831402924306
0.030245774681804716
0.031844677415814704
0.036289426462260334
0.018719211049288354
0.029801968646623024
0.015824920135297103
0.022282764468135395
0.013736136939918566
0.01776930810698236
0.016505344286027235
0.015142585844551266
0.013689633232422725
0.012155621864995842
0.010550164881393308
0.008883293100555379
0.007165392548763508
0.0054071399464544236
0.003619436553899519
0.0018133407843710554
2.7206212893363382E-15
0.001809418090030318
0.0036037940082480945
0.005372124644468901
0.00710359053206235
0.008787621854597524
0.010413962781397529
0.011972733741572586
0.013454491259359538
0.0148502849896183
0.01615171160994002
0.01735096524590506
0.03031140546983541
0.023845837903792928
0.02320412895002108
0.019431906118005503
0.027446641671934783
0.01467564868544319
0.016946154889059217
0.021876530799536383
0.00589098354197409
0.02174239281704872
0.017098924829178623
0.014766150938186484
0.02662177183658576
0.020269206992195185
0.021931985422565737
0.025843745313402954
0.026923102138803046
0.017035768917320438
0.015826024000832373
0.014521222122821649
0.013129576318163933
0.011659817132509964
0.010121138014666768
0.008523137976578006
0.006875761877448669
0.005189238702477544
0.003474018218222317
0.001740706395813958
5.7806024179143705E-15
0.0017373792535224587
0.003460750568362233
0.0051595395614897855
0.006823342980654737
0.008441992249959621
0.010005615456471533
0.011504697400995429
0.012930137348569926
0.014273304129174243
0.015526088255910096
0.016680950746745197
0.020511223596698363
0.010043567817853646
0.027967703910983962
0.02566458974830965
0.018730705096393508
0.02931163146528223
0.028294657674673478
0.028148458138099776
0.04193866583808843
0.02805996491876779
0.028056510688369778
0.028620370531721354
0.019203628820308755
0.025601764565656392
0.030317052276655737
0.009032672654799923
0.02219673863457888
0.016413728601429096
0.01524997286577118
0.01399432858407628
0.012654679837936032
0.011239413419891415
0.009757366466511224
0.008217771418266802
0.006630198648216899
0.005004497114996228
0.0033507334073895998
0.0016791295566433663
5.544365595751529E-15
0.001676311916880089
0.003339497508477468
0.004979345999419211
0.006585807068181122
0.008149052303017278
0.009659535194490353
0.011108049299678936
0.012485784224255262
0.013784379082911784
0.014995973114484626
0.016113253146071677
0.012747215365083215
0.026423112962294694
0.01820343967229673
0.014520938422644715
0.018617319006578172
0.019462458245271364
0.018235317457782667
0.0179315949885001
0.004818172805877208
0.01788620680627364
0.01818317104878026
0.019969499871860936
0.017798940874729035
0.012724603123717726
0.017447690242204453
0.0247532232173058
0.010392648565530333
0.015887378229220483
0.014762581844749469
0.013548571158446503
0.012252950983884963
0.01088381640248784
0.009449702303209013
0.007959530298469386
0.0064225533456045425
0.004848298416959442
0.003246507573134464
0.0016270778027907015
4.909028773324743E-15
0.0016247025454927061
0.0032370357671771557
0.004827096171889521
0.006385131545144894
0.007901600640551594
0.009367231488449281
0.010773077968529707
0.012110574301544007
0.013371587129261116
0.014548464866400736
0.015634084025897825
0.025376503076664215
0.016149263869574562
0.0335349843309136
0.029501180346330654
0.024373170138120116
0.0207349849483898
0.024031243670357978
0.023914679481338845
0.031897977746924724
0.02379997137006117
0.023902580314303385
0.020210698892967765
0.024772861758054748
0.030865955883646573
0.03206368875133099
0.01873417349887602
0.024680741452374057
0.015444371757691824
0.014352440193506805
0.013173533359921346
0.011915019650559338
0.010584747402736825
0.009190996056050803
0.00774242472715733
0.006248018519874092
0.004717032902415317
0.0031589364957640056
0.001583352625868771
2.719405146868243E-15
0.0015813671279505798
0.0031510189353857665
0.004699309784054887
0.006216737382101778
0.00769400099268929
0.00912205833346814
0.010492180819401738
0.01179600681202076
0.013025592550940823
0.01417346045796242
0.015232644520584262
0.010027247766262062
0.013754318410374316
0.010086428138541943
0.01626349866428773
0.01241100168919623
0.02485494752777053
0.01606924821799612
0.018227251672125605
0.014490039827635602
0.018274902730913267
0.015948151780648626
0.02506113052187529
0.012142867492557973
0.01827450481965605
0.010901300255426714
0.011608616582220265
0.011737135142381108
0.0150750261716512
0.014010597974013907
0.012861044675944018
0.011633535736640303
0.010335712165390568
0.008975639047642458
0.007561755518894534
0.0061028224960137534
0.0046078684891936745
0.0030861338289851783
0.001547013652548624
6.678053891736394E-15
0.001545376622718508
0.0030796058552976526
0.004593255909154428
0.006077031449694521
0.0075218305803090284
0.008918800579130137
0.010259392048029354
0.011535411143222532
0.012739069568689072
0.01386303202824022
0.014900460847373023
0.0170131179434756
0.025519250345318087
0.01986192945957457
0.03871815261538571
0.025247595280600797
0.015185938661433755
0.02394331724445288
0.019637865256765464
0.019976173098163928
0.019546487335739233
0.024044915628319494
0.014875429367973257
0.025003079487112327
0.038785470692866496
0.01871081681765394
0.025129598855121404
0.014631542098641015
0.014771748995770244
0.013730038049233876
0.012604699581218633
0.011402737382908317
0.010131620185261604
0.008799235330314367
0.00741383991316172
0.005984009696889273
0.004518586115971215
0.0030266216949492385
0.0015173242190199205
2.321176111643136E-15
0.0015160034130003643
0.0030213547264793836
0.004506796245603806
0.005963200715945524
0.007381627315090603
0.008753376451607045
0.010070043035634118
0.011323567895695991
0.012506287027605539
0.013610978374998212
0.01463090585639816
0.020193101776904056
0.010202081286197751
0.02827622511971552
0.023494627981158988
0.013998403058403443
0.024978188912803408
0.014735412161430306
0.020216474660849165
0.022950253239398807
0.020253387652155164
0.014737393402879592
0.02480968393621047
0.014547607732116406
0.0226726885427465
0.030971978861691955
0.01237165307247075
0.02187855194586246
0.014528624515095958
0.013505294387045938
0.012399509771531817
0.01121813874340137
0.009968509378502098
0.008658364370336824
0.0072958131323776045
0.005889281682094857
0.004447460615538796
0.002979251493708869
0.00149371197046593
1.7537580908713823E-15
0.0014926825331024515
0.002975146414711088
0.004438271585378593
0.0058730631612082295
0.007270706647694376
0.00862262200837898
0.009920516256840867
0.011156434250424178
0.012322807374821275
0.013412499822261783
0.014418852180571807
0.007245936181407487
0.015835013079311334
0.01968753172521026
0.0291573247984193
0.021858903292500304
0.013129724757861219
0.02569876996807202
0.01704269227714062
0.015516722877545422
0.017010219687281596
0.02571714571792039
0.013235985488922204
0.021517754012983014
0.02687830363690819
0.01961896697831111
0.013117244608967966
0.0063163296133320265
0.014341113543085166
0.013332175107203
0.012241651830628851
0.011076303439813195
0.009843346313628829
0.008550408863452753
0.0072054844060890485
0.005816881820234465
0.004393174290421084
0.002943146454455126
0.001475740279540788
7.758763172456556E-15
0.0014749835446513193
0.002940128829362155
0.0043864194775127836
0.005804959666124407
0.007187028762770895
0.008524134858664033
0.00980806687015116
0.01103094488916928
0.012185268474429738
0.013263962587799836
0.014260420895057555
0.024356915754067218
0.02350285027011254
0.035937142927557036
0.014399783924902541
0.019101270632693047
0.022520351024211124
0.01581682888671576
0.02061731353107215
0.02769392417108105
0.020598062398307457
0.01592759036966615
0.02237911810773607
0.019417795321224667
0.014673098276933205
0.03501520274887362
0.024826370480173998
0.023992187664025603
0.01420583662689007
0.013207562550506001
0.012128285123686824
0.010974681112935713
0.009753882124999478
0.00847343058241249
0.007141233191079845
0.005765512186421419
0.004354754658459374
0.0029176602675238354
0.0014630876723577832
7.014399350427858E-16
0.0014625903073925757
0.002915676929893642
0.004350315050564733
0.0057576763401016836
0.007129103207222273
0.008456161982292947
0.00973069470784527
0.010944869218246372
0.012091227201863945
0.013162729950764477
0.01415280151808612
0.009521891016327905
0.007374260721994551
0.014715857428966353
0.020100776299247017
0.019627556165538067
0.016996067687762094
0.023989185500535862
0.01707184933434821
0.02161679039140731
0.017104057661697487
0.02379928099177286
0.017371812795511237
0.0195745004427568
0.021047548247216667
0.014150821475790413
0.009082441951995895
0.011473014601875811
0.014120420498241531
0.01312927178095156
0.012057423013998314
0.010911491925411375
0.00969855077960737
0.00842608279069633
0.007101936019155627
0.005734275035340369
0.004331530647310222
0.002902348001850085
0.0014555333780369413
3.354081592354671E-15
0.0014552867977823086
0.0029013647161354648
0.004329329608799405
0.005730390233525671
0.007095922300622616
0.00841752148700568
0.00968705509014945
0.010896712005361252
0.012039050719144967
0.013107045024555375
0.01409412717791978
0.0202064947880649
0.022511641454773718
0.023882109385159157
0.024058181847917342
0.020162618198721893
0.020942806789700074
0.019211161289360342
0.01902824124557745
0.0271742289750388
0.018974729582279765
0.019439086873659812
0.020785322916470034
0.020083374844710376
0.024793750378702118
0.02152444399805154
0.02047372922036667
0.01879551220378827
0.014083394332787854
0.01309595515591231
0.012027846164580096
0.010885648950797187
0.009676400843693207
0.008407551610463602
0.007086917623865633
0.00572263377781447
0.004323103446452537
0.002896946794166241
0.0014529477539653368
