1.0
0.9989725854527292
0.9958941397184476
0.990776039814691
0.9836371918337681
0.9745039478168522
0.9634099899352763
0.9503961825331809
0.9355103927392295
0.918807280505068
0.9003480590739805
0.8802002270235773
0.8584372731615432
0.77099680394871
0.7186668294582864
0.6832094631754826
0.6281013914802942
0.6085105979886428
0.5972402771372647
0.5850429841891046
0.5627920930917854
0.5214784797229548
0.47041216482462866
0.4189990723913732
0.3769010085908436
0.370966578688062
0.3469205968552145
0.340325082537089
0.3679847175672
0.3339538200796368
0.30020068627509516
0.26683328132118755
0.23395677675898335
0.20167312991975303
0.17008068053330966
0.13927376632762695
0.10934235931995515
0.08037172439209725
0.05244210162743653
0.02562841376529695
0.0
0.024379622781927502
0.04745297037168254
0.06916877240348826
0.08948212364992564
0.10835460493099736
0.1257543732716561
0.14165622109465484
0.15604160438810766
0.1688986399392121
0.18022207187652897
0.19001320791218013
0.19827982582151663
0.2598693379360729
0.2915002289434798
0.3058243519601348
0.3360561862660451
0.3319423984631623
0.3152074628985545
0.29656458875330566
0.2851473017487299
0.2893721725265909
0.3007134898041597
0.3100068838164215
0.3060672508967953
0.26909317877591604
0.2481367021739799
0.21161825041547233
0.15172847667181696
0.1405515959584019
0.1288390805231731
0.11667245240793686
0.10413347464621699
0.09130375337943765
0.07826434592779993
0.06509537670314808
0.05187566279556149
0.038682351000812396
0.02559056798265009
0.012673085182488143
1.409232436514562E-16
0.012361565328205273
0.024347745827528574
0.03589819564672833
0.046956328580889405
0.05746953627456645
0.06738938324713156
0.0766717780093518
0.08527711967004893
0.09317041956355242
0.10032139756208623
0.106704552871139
0.11229920923996616
0.08627899941986827
0.07023832372210075
0.05303878903084428
0.02529239654220544
0.025522275261755076
0.03786473710101134
0.051768785159483
0.05756102469048267
0.0495098656692652
0.03378885045866531
0.020558663016229484
0.020200511987039434
0.04747678814128756
0.06608251566213554
0.08006491178459631
0.09577043133222601
0.08919691902778121
0.08219714680739898
0.07482035430154865
0.06711710121238297
0.05913896231121415
0.05093822132600436
0.04256756538062769
0.03407978162745172
0.025527457685863095
0.01696268746207189
0.008436783880032871
9.129192279987873E-16
0.008298740059596185
0.016412099049191636
0.024294572090917906
0.03190271856496279
0.03919537927375644
0.046133877870154445
0.052682205632238736
0.058807188768006946
0.0644786375373901
0.06966947658610884
0.07435585599533773
0.07851724266229328
0.0957620975291246
0.12003184148797715
0.1356094004118746
0.16569178963470135
0.1798676587840644
0.17365992094829547
0.1637628180294674
0.158188036781229
0.16216012443392244
0.1700192250157964
0.17355886710137436
0.15517717974511855
0.12270136047523991
0.10478991021406572
0.07952621738767865
0.07013989843314547
0.06548986096701187
0.06049987700365012
0.055204496560856055
0.04963964052493582
0.04384237336355497
0.03785067190997298
0.03170319158088153
0.02543903139089984
0.019097499119955345
0.012717877975440939
0.006339196069147202
1.258815768740799E-15
0.0062618662024635395
0.012409475561785498
0.018407024902623786
0.02422003275573034
0.029815527373655688
0.03516222387760974
0.04023068962729728
0.044993496981779436
0.04942536269936519
0.05350327330829
0.0572065958666561
0.06051717361937842
0.07996097069704511
0.0702425839533617
0.04985915022702764
0.02250138930842795
0.00901381927575483
0.009058888820206584
0.011446263301213653
0.009585890559351749
0.011235315957249081
0.009087015691471407
0.008897841538586602
0.025508896106238677
0.053019907964216385
0.0725482567153253
0.08184565966224103
0.055479847234249945
0.051877279022178084
0.04799358665120045
0.04385524009181614
0.03948997423526706
0.03492661100535013
0.030194876749066728
0.025325216019944263
0.020348602879242582
0.015296350844886607
0.010199922616159995
0.00509074069376353
7.281875617471771E-16
0.005041516417228304
0.010003617540091402
0.014856879372910822
0.019572813786123324
0.024124030271784936
0.028484389719773153
0.03262914937774958
0.03653509821676557
0.040180681986826346
0.043546117313201266
0.04661349425376723
0.04936686681015495
0.020730901157540893
0.03624375700988051
0.04754177749049938
0.07460629728649175
0.10932363012937343
0.11533103223083462
0.11567017418935004
0.1152747401880141
0.11472442484164436
0.1129124383692004
0.1048474373528908
0.06699361878846935
0.03885419580387161
0.027102463467956594
0.011901901608769043
0.046017388331818766
0.04307047863746658
0.03988390194163649
0.03647909300014285
0.032878631378331705
0.029106096167606024
0.025185915879488423
0.021143214447611178
0.017003654284083587
0.01279327734706734
0.008538345181072498
0.004265178890456181
2.629544789844599E-16
0.004231226855953864
0.008402948491871245
0.012490174076165336
0.01646862151045373
0.02031485844354539
0.02400643711855281
0.02752202229395218
0.03084151152597014
0.033946147150061765
0.036818619353300296
0.03944315978678631
0.041805625227193235
0.0871893200874004
0.08344388230310938
0.07829221201228542
0.05740667731250985
0.0182363190397963
0.011818031347991713
0.009243353248643244
8.485883187813774E-5
0.009232110271479804
0.012238456137842248
0.019803048441748256
0.060736766268782584
0.08144161932537743
0.0842551398097847
0.0867245194927117
0.03942636457364676
0.03692667386833971
0.03421776046338054
0.03131765050089712
0.02824540780962649
0.025021011314592192
0.02166522776058824
0.018199480544476055
0.014645715469341352
0.011026264246838544
0.007363706582084324
0.003680731678742589
1.0787243726870763E-15
0.003655993885694649
0.007265056556972247
0.010805428289310392
0.014255912122851933
0.017595998694536066
0.020805986110943066
0.023867094172386694
0.02676157229694654
0.029472800534866377
0.0319853831089401
0.03428523396467406
0.03635965386519223
0.015141903390117943
0.007558626467866437
0.014857100562789691
0.012152382096998725
0.056937635497268387
0.07187042837979613
0.08225020994246164
0.08697139347094104
0.0815056920349107
0.0699476020651679
0.05368621327428711
0.007744897288394442
0.018402710640981305
0.01065820701104708
0.01738054689066781
0.03458922414218347
0.03241281085604684
0.030050316655057297
0.02751732263936984
0.024830357014184495
0.022006789021949837
0.019064718399568945
0.01602286105365467
0.012900431665655113
0.009717023953106984
0.006492489323495166
0.0032468146625352994
9.142747803951032E-16
0.0032280632073147094
0.006417712443588972
0.009549632433256168
0.012604970668224025
0.015565449480290735
0.01841347400050601
0.021132235375583903
0.023705808643463364
0.026119244705548317
0.028358655871712074
0.030411294495707956
0.032265624262942084
0.07494456359501635
0.07972808518868865
0.09372598765385472
0.08126685075473218
0.03937118455728215
0.02478338234844175
0.011740899192279433
0.003191140664429384
0.011905291307726568
0.02554472891359763
0.04073622440097691
0.08224369902881223
0.09385481712208602
0.07745777917230662
0.0706615724427192
0.03090243173085933
0.028969629458262414
0.026868828375114846
0.024613779935093383
0.02221910702400221
0.019700210362086527
0.01707317065595155
0.014354647114388162
0.011561772961431552
0.008712048594939984
0.005823233049989569
0.002913234433607115
2.9617137699053685E-16
0.002898593465298604
0.005764848289297995
0.008581352929304587
0.011331086723561853
0.013997521750358528
0.016564721191942317
0.019017433623294434
0.021341182673570172
0.023522351538322862
0.02554826185445466
0.0274072464862194
0.02908871580949249
0.017771491985745614
0.014977741765161928
0.03304726731373818
0.015552477589568705
0.02297374639499471
0.03818071460897262
0.055263236326798186
0.06356979143034718
0.054662499034005885
0.03677964409981879
0.0213224528792604
0.016376926349777565
0.03325381312187553
0.014034691150279425
0.016950881915867494
0.028011524569116222
0.02626807974202428
0.024371076804364664
0.02233285365668098
0.020166556388837093
0.01788605536620361
0.015505857279754839
0.013041013712292956
0.010507026791994127
0.00791975251950294
0.005295302366407245
0.0026499437508192974
1.7315932021871291E-15
0.002638249589548491
0.005248668987357079
0.007815363359243875
0.010322775102729866
0.012755777411734753
0.015099764812140194
0.01734074013054739
0.01946539738242623
0.02146120009284265
0.023316454592684305
0.02502037786560374
0.02656315955602902
0.04672033291246
0.06049348122889198
0.08394418292774844
0.07848546862154451
0.05192359697242978
0.038539851382407946
0.02054993526430417
0.011532977726816558
0.02079651839695412
0.039087589058966615
0.05231633805232965
0.07680202322219393
0.08126107513985653
0.057382739896366546
0.04169219406441403
0.025694737479842564
0.024102011149965564
0.022367460989529794
0.020502305557444627
0.018518518518521387
0.01642875242294105
0.014246258644900004
0.01198480398314734
0.009658584444421721
0.007282136745880332
0.004870248084483582
0.002437864729541378
1.7073781305582472E-15
0.0024283578107910835
0.004832337001506624
0.0071972729647178085
0.009508797076712506
0.01175292343993857
0.013916132957622838
0.015985454238321508
0.017948540849477182
0.019793744462760124
0.021510183461025748
0.023087806605616115
0.02451745139445607
0.01927917805551154
0.0070174117488340385
0.024598328772863408
0.01092257659117057
0.011105093246848358
0.016169981739330968
0.034366140134644806
0.0432571415629488
0.03393201870924666
0.015433644864312313
0.010846000913424934
0.009195592064173561
0.022393232167743565
0.00663125896480751
0.021084297753931863
0.02380630979895148
0.02233577778846751
0.020733088768745807
0.01900855764427143
0.017173209640046483
0.015238710305110783
0.013217291849714428
0.011121676278228519
0.008964995797927788
0.006760710998604752
0.004522527309870147
0.002264310251770559
1.8351235067647807E-15
0.002256474210777344
0.004491279322590538
0.006690762809973468
0.008841535644207086
0.01093055336436632
0.012945194766961609
0.014873337741865502
0.01670343180137396
0.01842456687080024
0.020026537933305902
0.021499905148103644
0.02283604909024973
0.023630449673328394
0.04302417197590292
0.0584562426711185
0.054308924400484515
0.05086196544344485
0.04568194864717966
0.029722768177175524
0.021431923666301107
0.029919944580892775
0.04581362528303931
0.050285463255144894
0.051339534476366
0.05510237521929098
0.041133094288752343
0.021263687551902045
0.022246578963336504
0.020876550878774592
0.01938241536712988
0.017773746605169807
0.016060791128661375
0.01425440294558887
0.012365975136844126
0.010407368373056053
0.008390836793717982
0.006328951709569974
0.0042345236008677935
0.0021205228934409394
3.2871385590204243E-15
0.002113994882377
0.004208491728062481
0.006270679904201281
0.0082879861757572
0.010248151021480337
0.012139302799506504
0.013950029315996792
0.01566944636727944
0.01728726284573183
0.018793842021818736
0.02018025863917395
0.021438351486311406
0.029016368260363537
0.009871137267980874
0.008287557723689535
0.010657392959597518
0.00878302747424129
0.009032908880897006
0.020748585919006902
0.0261891400439443
0.02050812547697366
0.009040896751085017
0.008754582834528088
0.012956965714178632
0.007852935089953404
0.010607553526554117
0.030151607259750534
0.02094517451159387
0.019658737610334466
0.01825495116810407
0.016742774869487387
0.015131808464327096
0.013432231125052329
0.011654737426119664
0.009810470346243575
0.007910951711349958
0.005968010510536541
0.0039937095292454485
0.0020002707528283615
1.5234774319619672E-15
0.0019947887508682187
0.003971848879048048
0.005919076020934443
0.007824581895463116
0.009676766606714888
0.011464388985831948
0.013176634547167578
0.01480318064946771
0.01633425847110654
0.017760711428656106
0.019074049690995173
0.020266500465847534
0.013617819755569738
0.0321578845171483
0.03597313908076991
0.025955282280333076
0.0394746829748937
0.044280077052411174
0.03571736658086132
0.030506583605910825
0.03581309280151231
0.04400270411867358
0.03841177095924043
0.023603834014732695
0.034136978332393215
0.03067732649103753
0.01208789386588691
0.01985107461827225
0.018634751619660658
0.017306785855208444
0.015875622498043102
0.014350319253921197
0.012740489276206067
0.011056240820026892
0.009308114012787791
0.007507015135161319
0.005664148820684146
0.0037909485941284753
0.0018990061775887481
3.768471274128714E-15
0.0018943766504771642
0.003772487390704404
0.005622823984444068
0.007434076627063923
0.00919520284530613
0.010895494593688815
0.012524643141229818
0.014072801356565707
0.015530643016465421
0.016889418781761187
0.01814100850586484
0.01927796956448333
0.03364254993412695
0.015807475159237253
0.014971139975295832
0.029331417683273863
0.013754712253242601
0.011424639667134567
0.014355124012391661
0.013012772494707179
0.014261496508805399
0.011616687901020044
0.014509585858578979
0.03043167311052354
0.01589576803378989
0.017037592024582084
0.0342533895828435
0.018926465904999107
0.017769308106982643
0.016505344286025483
0.015142585844551354
0.013689633232424786
0.012155621864995459
0.010550164881392935
0.008883293100556106
0.007165392548761505
0.005407139946450573
0.003619436553897935
0.0018133407843709324
8.983521808829895E-16
0.001809418090029688
0.0036037940082462795
0.005372124644471057
0.007103590532062328
0.008787621854595555
0.010413962781399035
0.011972733741573488
0.013454491259357644
0.014850284989618842
0.016151711609941253
0.017350965245904036
0.018440884127875392
0.004348331607419238
0.022719395215290768
0.027295740287976215
0.010151312372382197
0.025652683680274502
0.035921616772603714
0.03742159293299049
0.037138395715508844
0.03741079477684734
0.03538226680304779
0.02475491195235508
0.009615532008745289
0.026904301810607906
0.02146660296579807
0.0028963107988741474
0.01814281288280451
0.017035768917317604
0.015826024000831183
0.014521222122820802
0.01312957631816528
0.011659817132509041
0.010121138014665479
0.008523137976579656
0.006875761877446579
0.005189238702477183
0.003474018218223081
0.001740706395813973
5.3130326804565846E-15
0.0017373792535269727
0.0034607505683603343
0.005159539561488254
0.006823342980656384
0.00844199224995509
0.010005615456471146
0.01150469740099557
0.012930137348571971
0.014273304129171499
0.015526088255907667
0.016680950746745263
0.017730968356767397
0.036682718288023615
0.02369163636633294
0.01790507853533422
0.03214255195292636
0.02418243950727905
0.01652393388633556
0.0115482376801407
0.0043053854283726465
0.011488738106471785
0.016844518789773798
0.02486965578761335
0.0314473118931555
0.01765443299995322
0.02442856122482718
0.036831624645118216
0.01747826378800481
0.01641372860143111
0.015249972865771726
0.01399432858407672
0.012654679837932767
0.011239413419892378
0.009757366466511042
0.008217771418270002
0.006630198648214094
0.005004497114996573
0.003350733407389453
0.0016791295566412892
1.6559989462224249E-15
0.0016763119168755323
0.0033394975084848864
0.004979345999415344
0.006585807068180336
0.00814905230301887
0.009659535194491755
0.011108049299681023
0.012485784224256877
0.013784379082911852
0.014995973114481316
0.016113253146075663
0.017129497620320924
3.6067500849894544E-4
0.015421134727101311
0.025454258676055972
0.012947294725253019
0.016659336573298215
0.024290335805865166
0.035348264769991894
0.04035726465980453
0.035260745386637864
0.023700639348559278
0.016224463460726368
0.014071489329852757
0.02532034692768593
0.014617173884624064
4.3319919561341603E-4
0.016915893288927633
0.015887378229221677
0.014762581844750332
0.013548571158448132
0.012252950983885007
0.010883816402479984
0.009449702303207096
0.007959530298472746
0.006422553345603115
0.004848298416959371
0.0032465075731357516
0.001627077802791972
3.4027320037680517E-15
0.0016247025454937945
0.003237035767177097
0.004827096171892831
0.006385131545149497
0.007901600640549605
0.009367231488446015
0.010773077968524484
0.012110574301538819
0.013371587129262289
0.014548464866401765
0.0156340840258974
0.016621892237572343
0.03366169932207148
0.023997589980186522
0.014554446014464033
0.019458059854193195
0.030584391580897458
0.02326212210656184
0.00947943480175561
3.104220345418498E-4
0.009447009828371312
0.02358289623348405
0.03079911923384458
0.01772334658235436
0.01414588742172171
0.02311157004539377
0.03206048132634976
0.01644248555705862
0.015444371757690088
0.014352440193512754
0.013173533359921785
0.011915019650558013
0.010584747402742506
0.009190996056049608
0.0077424247271584
0.006248018519876474
0.00471703290241841
0.003158936495766836
0.001583352625868477
2.9411349866150267E-15
0.0015813671279504573
0.003151018935382641
0.004699309784056098
0.0062167373821025345
0.007694000992690013
0.009122058333466283
0.010492180819406824
0.011796006812018077
0.013025592550937543
0.014173460457963331
0.015232644520584891
0.01619673248006322
0.007085426300857461
0.015291593112452326
0.024305188050410837
0.027325719795361022
0.011940636535806631
0.013734463665316395
0.031161616977052508
0.0398190189030072
0.03104831002230412
0.013315587903468883
0.01161990115017604
0.02886885000942379
0.02410818632386645
0.016604205390990442
0.009343135952020647
0.016047675986885435
0.015075026171651363
0.01401059797401265
0.012861044675940311
0.01163353573664004
0.010335712165392018
0.008975639047644902
0.0075617555188931766
0.006102822496013879
0.004607868489192433
0.0030861338289833178
0.0015470136525494384
5.628580770555498E-15
0.0015453766227201367
0.0030796058553015197
0.004593255909152902
0.006077031449695053
0.0075218305803107
0.008918800579128213
0.010259392048027718
0.01153541114322175
0.012739069568688647
0.013863032028237169
0.014900460847375082
0.015845057494126322
0.021239201591817712
0.01561766464730462
0.013032614875539698
0.002693314102130551
0.030675691889987974
0.028270274553941706
0.009986362255023107
8.195712649693494E-4
0.010051004641359931
0.028420292496869812
0.03048508613616809
0.0013509077199088363
0.013119053595582478
0.014232967539126198
0.018591441362175647
0.015723337082129724
0.014771748995774584
0.013730038049238905
0.01260469958121768
0.011402737382907147
0.01013162018526113
0.008799235330315283
0.0074138399131621294
0.0059840096968897605
0.004518586115973405
0.0030266216949498214
0.0015173242190154063
4.94929263246536E-15
0.0015160034130019173
0.0030213547264756713
0.004506796245600856
0.005963200715948911
0.007381627315088207
0.008753376451607373
0.010070043035635502
0.011323567895695802
0.012506287027608599
0.013610978375002832
0.014630905856399621
0.015559860370933078
0.020627617145200974
0.026253259436670277
0.022157554342513177
0.039323909083223516
0.008759017185187998
0.009033235528704062
0.02692557437670068
0.035775030603298896
0.026833068764111383
0.009035384590389325
0.008751447091518252
0.039899211230572454
0.02183122055064668
0.027696701307001886
0.022661487568269474
0.015463134670323363
0.01452862451509038
0.013505294387046151
0.012399509771537413
0.011218138743394722
0.009968509378503543
0.00865836437033768
0.00729581313238002
0.005889281682094327
0.0044474606155391885
0.0029792514937041045
0.0014937119704631458
1.3073913436122346E-15
0.001492682533103729
0.002975146414710199
0.004438271585380523
0.0058730631612086024
0.007270706647691105
0.008622622008379963
0.009920516256840229
0.011156434250421742
0.01232280737481844
0.013412499822264055
0.014418852180573689
0.015335722067299943
0.007292815047857322
0.00836171713956647
0.014841654021371714
0.004673113191025779
0.02717435645248406
0.029017600281062744
0.013801799886740908
0.005155138217447263
0.013914321626805252
0.028929744763019783
0.026880772375088735
0.004562303863178583
0.015203397269283067
0.007604883192959039
0.005634832348752422
0.015262205901333844
0.014341113543085036
0.01333217510720304
0.012241651830627856
0.011076303439812635
0.009843346313628999
0.008550408863451224
0.007205484406090208
0.00581688182023427
0.004393174290417406
0.002943146454461039
0.001475740279538952
1.0751987226557657E-14
0.0014749835446490353
0.002940128829363672
0.004386419477513801
0.005804959666125283
0.007187028762769936
0.008524134858661101
0.009808066870154246
0.01103094488917645
0.01218526847442839
0.013263962587799574
0.014260420895058322
0.015168546166192438
0.027682352794043862
0.03060816111930076
0.020070500950249426
0.03813302791759287
0.012466268195116807
0.012271761240541714
0.023846112114186267
0.02900081175699125
0.02378247728224364
0.012550219009573984
0.0129533450283998
0.03717042970568675
0.01994907835394303
0.030026154827433073
0.027588745466775734
0.01511692667163739
0.014205836626892105
0.013207562550509398
0.012128285123683512
0.010974681112944716
0.009753882124997846
0.008473430582415056
0.0071412331910752445
0.005765512186423876
0.004354754658460668
0.0029176602675272086
0.0014630876723630557
8.402091898429472E-15
0.001462590307395733
0.002915676929885291
0.0043503150505621695
0.005757676340101907
0.007129103207225304
0.00845616198229456
0.009730694707846476
0.01094486921825209
0.01209122720186207
0.013162729950771106
0.014152801518089876
0.015055369018599055
0.008281233789867348
0.006315429806664521
0.01790231391117202
0.003362279263179224
0.023463151337351676
0.025317989046424356
0.01809650510980961
0.012231356163580613
0.01819207297483895
0.02504298631354239
0.023189851123729757
0.004896165955768378
0.018236769277972492
0.007508901139718455
0.01022794544650664
0.015024746775894757
0.014120420498241254
0.013129271780953572
0.01205742301399745
0.010911491925411654
0.009698550779606465
0.008426082790692437
0.007101936019159085
0.005734275035346166
0.004331530647313927
0.0029023480018543495
0.0014555333780378352
3.9380556838798324E-15
0.001455286797786341
0.0029013647161391393
0.004329329608799455
0.00573039023352369
0.007095922300625297
0.008417521487005006
0.009687055090144338
0.01089671200536649
0.012039050719145
0.013107045024556773
0.014094127177918149
0.014994228232289514
0.02215232687756429
0.02130952279300758
0.019653193769029423
0.023376686908716426
0.01877290056510728
0.018635562225364097
0.021377293675127987
0.020677134758769783
0.021311063669807718
0.018975784245803946
0.019176831276589475
0.02147644633429469
0.019594624944365802
0.019126444813447815
0.02022336093593763
0.014984078339836426
0.01408339433278929
0.013095955155909481
0.012027846164580486
0.010885648950798568
0.00967640084369335
0.008407551610461046
0.007086917623867505
0.005722633777812856
0.004323103446453051
0.0028969467941633484
0.0014529477539639568
