1.0
0.9989725854527295
0.9958941397184463
0.9907760398146913
0.9836371918337685
0.9745039478168506
0.9634099899352745
0.9503961825331828
0.935510392739229
0.9188072805050713
0.9003480590739812
0.8802002270235779
0.8584372731615424
0.816839323819744
0.737853412985435
0.6576846764110793
0.6031503208606737
0.5824040888825969
0.5701064764593101
0.5576132345656462
0.5444757148530917
0.4941254631948878
0.44359560739273324
0.394281864104194
0.355462642690854
0.3494106633169234
0.36764429552077116
0.3846269835616201
0.36798471756719975
0.333953820079637
0.3002006862750955
0.2668332813211867
0.23395677675898316
0.20167312991975356
0.17008068053331002
0.13927376632762728
0.10934235931995483
0.08037172439209718
0.052442101627436545
0.025628413765296967
0.0
0.02437962278192754
0.04745297037168271
0.0691687724034881
0.08948212364992546
0.10835460493099762
0.12575437327165576
0.14165622109465487
0.1560416043881082
0.16889863993921192
0.18022207187652844
0.19001320791218032
0.19827982582151724
0.220357488524322
0.26344116668868206
0.30682016333969897
0.33314327938177507
0.34241174235686
0.33655161869506217
0.321020908757837
0.30203219346682625
0.3136044678407563
0.32117632146268354
0.31692801661380354
0.29497275102996445
0.2609584241158015
0.21605720084670557
0.17587477611610575
0.15172847667181677
0.14055159595840222
0.1288390805231733
0.11667245240793699
0.10413347464621665
0.09130375337943758
0.07826434592780043
0.06509537670314779
0.051875662795561814
0.03868235100081242
0.02559056798265024
0.012673085182488638
1.9991679917170733E-16
0.012361565328205211
0.02434774582752857
0.03589819564672814
0.04695632858088952
0.05746953627456652
0.06738938324713162
0.0766717780093525
0.08527711967004886
0.09317041956355215
0.10032139756208613
0.10670455287113938
0.1122992092399664
0.10967826260845827
0.10352875545759879
0.08954324723892415
0.07246272334985372
0.044568705356941234
0.027910904755898414
0.03258943353462169
0.045427216063860805
0.0306436401374532
0.025161563412080153
0.043644931535156674
0.07532881500561024
0.09204879096340857
0.1007690194839676
0.09756648317399036
0.09577043133222515
0.08919691902778012
0.08219714680739867
0.07482035430154867
0.06711710121238253
0.05913896231121357
0.050938221326004764
0.042567565380627496
0.03407978162745223
0.025527457685862464
0.016962687462071843
0.00843678388003257
1.2800699446609662E-15
0.008298740059596393
0.016412099049192413
0.02429457209091761
0.031902718564962684
0.03919537927375624
0.04613387787015451
0.052682205632239264
0.058807188768005926
0.06447863753738935
0.06966947658610832
0.07435585599533794
0.07851724266229335
0.08453479587635675
0.0695334831908348
0.06997897682374545
0.08571316402764634
0.13256143327187817
0.17043113300282928
0.17485096121323196
0.1686479522267425
0.17282691947992593
0.16534439511762583
0.12206850458891769
0.07228533075266046
0.0548568332238538
0.05410614440350515
0.07409816681246771
0.07013989843314533
0.06548986096701215
0.060499877003651316
0.055204496560856894
0.04963964052493697
0.04384237336355512
0.03785067190997287
0.031703191580881654
0.02543903139090048
0.019097499119955168
0.012717877975441164
0.0063391960691476495
3.681729790783493E-16
0.006261866202463517
0.012409475561786195
0.018407024902624684
0.024220032755730248
0.029815527373656982
0.035162223877609325
0.04023068962729693
0.04499349698177926
0.04942536269936549
0.05350327330829098
0.057206595866656405
0.06051717361937965
0.07291840045473225
0.10402077947798558
0.11997821666362915
0.11648908876854007
0.07052417765480813
0.019366472274594444
0.004547902936701393
0.018518518518520218
0.004602300459618818
0.020336205134183247
0.07363302926202782
0.11849224527411881
0.12047092133557494
0.1031310718885597
0.07046659860844785
0.05547984723425163
0.0518772790221783
0.04799358665120088
0.043855240091815836
0.03948997423526616
0.03492661100534907
0.030194876749064924
0.025325216019943943
0.02034860287924145
0.015296350844884125
0.01019992261616052
0.005090740693764603
5.216179667683865E-16
0.005041516417228739
0.0100036175400918
0.014856879372910192
0.019572813786122627
0.024124030271785304
0.02848438971977291
0.03262914937775113
0.0365350982167669
0.040180681986826124
0.04354611731320169
0.04661349425376639
0.04936686681015414
0.03941924002765297
0.011922886843601625
0.027328421413742286
0.03642095933278755
0.03271847711678372
0.08596116739303089
0.10924365488932414
0.11621973129615867
0.10788034377539794
0.08256921684505279
0.02945542503368604
0.034788232901689045
0.02456216056130015
0.010485000586378409
0.0343764641822089
0.04601738833182079
0.043070478637467546
0.03988390194163611
0.03647909300014269
0.032878631378330574
0.02910609616760589
0.025185915879489477
0.021143214447612056
0.017003654284084103
0.01279327734706805
0.008538345181072401
0.004265178890456754
3.341082803804018E-16
0.004231226855954055
0.00840294849187224
0.012490174076165258
0.016468621510454022
0.02031485844354514
0.02400643711855256
0.02752202229395191
0.030841511525970807
0.03394614715006204
0.03681861935330068
0.03944315978678676
0.04180562522719249
0.06093018743601764
0.08010157677574144
0.09352181482593186
0.10278120868722251
0.09599230686072126
0.044720711251312495
0.01715434862474252
0.018545385357340488
0.017610865852436344
0.04595253722814272
0.09611897906827564
0.09931750773265113
0.0883629471093821
0.07437252038079196
0.05883220015397743
0.039426364573645525
0.03692667386834061
0.03421776046338076
0.03131765050089739
0.028245407809627227
0.02502101131459151
0.02166522776058934
0.018199480544474952
0.014645715469340083
0.011026264246839033
0.0073637065820836446
0.0036807316787434564
4.538511127397842E-16
0.0036559938856941033
0.0072650565569724644
0.010805428289309603
0.0142559121228518
0.017595998694535944
0.02080598611094515
0.023867094172386506
0.026761572296945358
0.02947280053486585
0.031985383108941286
0.0342852339646742
0.036359653865193096
0.02238396303279842
0.02208738522436073
0.018175324080240664
0.004461184257446149
0.02048913106804632
0.03430118213321393
0.06253203853597145
0.07784199236849022
0.061572358374772956
0.03267748213636707
0.019691227878437644
0.007752560942582413
0.024375574945195502
0.025769696673827162
0.022493599215238122
0.03458922414218326
0.0324128108560471
0.03005031665505808
0.02751732263937014
0.024830357014184963
0.0220067890219486
0.019064718399567904
0.016022861053656353
0.012900431665655862
0.009717023953106906
0.006492489323495549
0.00324681466253468
1.3936795488793833E-15
0.003228063207315894
0.006417712443588375
0.00954963243325629
0.012604970668224542
0.015565449480292199
0.01841347400050666
0.021132235375584927
0.023705808643465387
0.026119244705548744
0.02835865587171311
0.030411294495709187
0.03226562426294234
0.04737714252915298
0.05149933999941251
0.07402565530590154
0.08226433568858514
0.08256025167627455
0.06119968827487521
0.034563305235399557
0.02111467035322218
0.034924926845823635
0.06149843479371791
0.08088193085734245
0.08130391330744248
0.07342153820879639
0.04939792322103088
0.0446149276370504
0.030902431730861216
0.028969629458262296
0.026868828375115096
0.02461377993509271
0.02221910702400267
0.0197002103620869
0.01707317065595189
0.014354647114388311
0.011561772961430607
0.008712048594939266
0.0058232330499905826
0.002913234433606521
5.067164534756124E-16
0.0028985934652997164
0.005764848289298294
0.008581352929306533
0.011331086723563331
0.013997521750360804
0.01656472119194114
0.019017433623294878
0.02134118267356854
0.02352235153832225
0.02554826185445217
0.027407246486223016
0.029088715809492263
0.028878246661368245
0.03312951239617688
0.04249301103280155
0.022443047450921384
0.0029397380596935096
0.016871305436714407
0.0324560194850876
0.04686111366869059
0.03191819661135832
0.016532094840455695
0.0031080652917851903
0.020936135622197528
0.04116299692098675
0.031433887594310726
0.030465531036010723
0.02801152456911469
0.026268079742023265
0.02437107680436111
0.02233285365668006
0.02016655638883396
0.017886055366203083
0.015505857279754646
0.013041013712294948
0.010507026791994917
0.007919752519501621
0.00529530236640885
0.002649943750817438
2.8438271464231027E-15
0.0026382495895500347
0.005248668987356836
0.007815363359245516
0.010322775102729208
0.012755777411735897
0.01509976481213872
0.01734074013054766
0.019465397382425902
0.021461200092844072
0.023316454592685176
0.025020377865604747
0.026563159556025593
0.030569030672555293
0.03638129325356819
0.05221723096992127
0.06010005066245066
0.06409484790035752
0.05838024667735348
0.0439448158378741
0.0300244400790279
0.04403572872728726
0.05784920972619853
0.06307489103081944
0.056444199847623576
0.04700713641361744
0.03394991821224747
0.027498991791884378
0.025694737479844784
0.024102011149965276
0.02236746098953287
0.02050230555744404
0.01851851851852154
0.016428752422941357
0.0142462586449018
0.011984803983146965
0.00965858444442222
0.007282136745881025
0.004870248084480524
0.0024378647295413506
4.694502625061379E-15
0.002428357810790229
0.004832337001503438
0.007197272964720011
0.009508797076711905
0.011752923439939977
0.013916132957619436
0.01598545423831946
0.017948540849479444
0.01979374446276142
0.021510183461025272
0.023087806605617416
0.024517451394456956
0.035774408353328374
0.02518016450921312
0.031243899839145876
0.015653520166157855
0.011969074550350773
0.011335540010561751
0.017459655632807287
0.025398783393522608
0.017225689504040104
0.011161218836588344
0.011875202391805133
0.018717826277014935
0.032375443304958215
0.02791457123869485
0.03630083584461511
0.023806309798953807
0.022335777788462484
0.020733088768744953
0.019008557644271097
0.01717320964004469
0.015238710305112388
0.01321729184971368
0.011121676278226675
0.00896499579792731
0.006760710998604419
0.004522527309869188
0.00226431025176925
1.0134015047855965E-15
0.0022564742107749423
0.004491279322590918
0.006690762809974032
0.0088415356442038
0.010930553364365969
0.012945194766961769
0.014873337741865602
0.016703431801371783
0.018424566870800407
0.020026537933309444
0.021499905148107325
0.02283604909025004
0.01411408491488968
0.030158813509992364
0.015356271367248285
0.027527073974052452
0.04901134427590993
0.045315102933191284
0.0426553853806582
0.038742027514887645
0.04251602906093457
0.044651956467000334
0.04761496209224573
0.025440675097043914
0.01312942221127568
0.030346373498879396
0.011935188352536198
0.022246578963336875
0.020876550878775567
0.01938241536712803
0.01777374660517049
0.01606079112866086
0.014254402945588829
0.01236597513684311
0.010407368373056225
0.008390836793719833
0.006328951709569164
0.004234523600869621
0.0021205228934415335
2.7754392956495407E-15
0.0021139948823754823
0.004208491728062309
0.006270679904201968
0.008287986175752729
0.010248151021482022
0.012139302799508239
0.01395002931599664
0.015669446367279006
0.017287262845733457
0.018793842021815405
0.020180258639177547
0.021438351486311538
0.03576032361395489
0.04436014030710151
0.03786792089857331
0.032376653582294114
0.01187194444117778
0.012656937105880185
0.012995662557730329
0.018518518518513227
0.013033985036598476
0.012887266117184803
0.012905055535981959
0.03178731373189035
0.03656617398136983
0.045166803623242234
0.03503947972864828
0.020945174511592644
0.01965873761033513
0.018254951168103963
0.01674277486948862
0.015131808464320386
0.013432231125053214
0.011654737426118443
0.009810470346245787
0.007910951711349982
0.0059680105105351265
0.003993709529246475
0.0020002707528285336
1.7049672825118679E-15
0.0019947887508683457
0.003971848879047192
0.005919076020934681
0.007824581895460992
0.009676766606714205
0.011464388985830973
0.01317663454716569
0.01480318064946555
0.01633425847110672
0.01776071142865522
0.01907404969099443
0.020266500465846785
0.010841161801820869
0.020387223281411578
0.016385807213747768
0.020956451026409775
0.02984594806843662
0.034583328629250565
0.035421514748477094
0.0425420443394222
0.03523222993380909
0.03419556637076906
0.0285393688418832
0.022220992393077538
0.018694522663826364
0.016610287512957563
0.012305272842965627
0.01985107461827253
0.01863475161966035
0.017306785855208968
0.01587562249804352
0.014350319253920244
0.012740489276207518
0.01105624082002776
0.009308114012789092
0.007507015135159497
0.00566414882068324
0.003790948594131238
0.0018990061775906073
3.8678367537723935E-15
0.0018943766504764896
0.003772487390704743
0.005622823984445359
0.007434076627064592
0.009195202845305554
0.010895494593689242
0.012524643141226664
0.014072801356564383
0.015530643016465229
0.01688941878176004
0.01814100850586392
0.019277969564482765
0.029308520690117166
0.03760726427319693
0.018115129865297466
0.017720867220120978
0.02708379242866223
0.015673031360514192
0.018923854826971277
0.02036683823535926
0.019129848510413598
0.015713398467787392
0.027785236235902993
0.016277603866854774
0.015702151463654782
0.035215209993743876
0.027699506486740015
0.018926465904998614
0.017769308106984846
0.016505344286022745
0.015142585844551068
0.013689633232425863
0.012155621864993455
0.010550164881391216
0.0088832931005583
0.0071653925487607005
0.005407139946451056
0.0036194365538986194
0.0018133407843668832
4.352822313118222E-15
0.001809418090029689
0.0036037940082448345
0.005372124644471423
0.007103590532063918
0.008787621854597933
0.010413962781395836
0.011972733741574114
0.0134544912593613
0.014850284989619593
0.016151711609941274
0.017350965245903273
0.018440884127873824
0.01967524786675803
0.012995460580732199
0.031495904411402494
0.03207745391471334
0.015373041213189007
0.02882138204306405
0.0294117977199689
0.04002890926471195
0.02930701003877548
0.028632012522373653
0.01473277255199361
0.032052658909381804
0.03178333622910411
0.01629673766801189
0.020944115865176027
0.018142812882803765
0.017035768917319904
0.015826024000831895
0.014521222122820861
0.013129576318164296
0.011659817132509444
0.010121138014665403
0.008523137976576986
0.006875761877444807
0.005189238702475482
0.003474018218221352
0.0017407063958150035
7.495580555537734E-15
0.001737379253523201
0.003460750568359281
0.005159539561489756
0.006823342980652699
0.008441992249957812
0.010005615456472562
0.011504697400994138
0.01293013734857101
0.014273304129173357
0.015526088255911147
0.01668095074674091
0.01773096835676174
0.019222318550589246
0.021850219266674933
0.014107409648043199
0.014270830169633816
0.028344283866586086
0.017023535669233477
0.025779286573845154
0.020502317218175834
0.025885343797272586
0.01722181585387368
0.027929750584835787
0.015256014674348662
0.015270104008708235
0.019385638679046205
0.017409016937386265
0.017478263788005464
0.016413728601429464
0.0152499728657695
0.01399432858408039
0.012654679837932848
0.011239413419892812
0.009757366466511274
0.008217771418267412
0.0066301986482085636
0.005004497114998134
0.003350733407391883
0.0016791295566432058
2.4862667894530857E-15
0.0016763119168770786
0.0033394975084845946
0.004979345999418927
0.006585807068180753
0.00814905230301656
0.0096595351944947
0.011108049299676582
0.012485784224256837
0.01378437908291016
0.014995973114481056
0.01611325314607195
0.017129497620322866
0.02464569877271783
0.025490374826006575
0.02269487801968665
0.024323856284473647
0.021577972250106103
0.026812943522438126
0.02581148274030309
0.032319807754592776
0.025714901572789533
0.02679213177560544
0.022894675781100517
0.023637498713412076
0.020732201200464248
0.025505241588887027
0.024926320503553055
0.016915893288927536
0.01588737822922284
0.01476258184474944
0.013548571158451459
0.01225295098388636
0.010883816402485567
0.009449702303209448
0.007959530298468048
0.0064225533456054515
0.004848298416964398
0.003246507573136694
0.0016270778027924733
2.8179979177974286E-15
0.0016247025454939603
0.003237035767176721
0.004827096171891622
0.006385131545151143
0.007901600640548841
0.009367231488444913
0.010773077968527505
0.012110574301541072
0.013371587129261073
0.014548464866398573
0.015634084025901423
0.016621892237572627
0.010769082976227976
0.012960880188473984
0.0221852255822779
0.02492694469623834
0.023150906627429784
0.02345735051436161
0.026563791835582107
0.018773645705573865
0.026496271194821272
0.02382438575370196
0.022894352948359807
0.025225163987590334
0.022369094330548
0.014990971986426575
0.010161668047014986
0.0164424855570588
0.015444371757692298
0.014352440193512946
0.01317353335992461
0.011915019650552123
0.010584747402742477
0.009190996056051308
0.007742424727155367
0.006248018519877869
0.0047170329024150085
0.0031589364957647715
0.0015833526258724926
3.3818194675866105E-15
0.0015813671279469492
0.00315101893538975
0.0046993097840537365
0.006216737382102297
0.00769400099268918
0.009122058333467676
0.010492180819405169
0.011796006812021151
0.013025592550933588
0.014173460457963381
0.015232644520591252
0.01619673248006759
0.02406888855475255
0.023133470434200252
0.015883450863964182
0.025543252542461342
0.03505448631634119
0.02594302453463665
0.021010298962040624
0.02299058880243697
0.02087806820754053
0.02581237698599811
0.035425614956018106
0.026081329403906214
0.016679445069704736
0.02249402529510764
0.023490642045933922
0.016047675986882257
0.015075026171654984
0.01401059797401589
0.012861044675941001
0.011633535736636886
0.01033571216539156
0.00897563904764461
0.007561755518895627
0.006102822496013205
0.004607868489190762
0.0030861338289827527
0.0015470136525546354
3.490250010407446E-15
0.0015453766227168512
0.003079605855297845
0.0045932559091541834
0.006077031449698434
0.0075218305803101205
0.008918800579127462
0.01025939204802846
0.011535411143221479
0.01273906956869026
0.013863032028236924
0.014900460847375004
0.015845057494127415
0.011780867377337035
0.0258293086048011
0.01628273646506331
0.015376811995208331
0.019477066213429813
0.028642116190040062
0.022154343394298844
0.01933775775546596
0.022038205317682028
0.028741790089935482
0.0191847183185535
0.013275750432810091
0.015170376030377792
0.026220090923793044
0.01261819821522432
0.015723337082127614
0.014771748995779734
0.013730038049232389
0.012604699581217169
0.011402737382910687
0.010131620185265495
0.008799235330314494
0.007413839913161952
0.00598400969688991
0.004518586115967191
0.0030266216949495555
0.0015173242190164504
3.133756151603166E-15
0.0015160034130015992
0.003021354726478733
0.00450679624560477
0.005963200715939532
0.0073816273150887155
0.00875337645160985
0.010070043035636026
0.011323567895696714
0.012506287027606498
0.013610978374999907
0.01463090585639948
0.015559860370937172
0.019652533814321863
0.015081132181699054
0.023915198811074952
0.03007421625057959
0.031997643350757006
0.020737151602808077
0.017822134540161846
0.0185185185185227
0.017836122141889184
0.020358337272896074
0.031270611861902484
0.030353499458885762
0.024503110305288376
0.013634587863149056
0.018744874213999337
0.01546313467032956
0.01452862451509677
0.013505294387049466
0.012399509771532579
0.011218138743394225
0.009968509378500995
0.008658364370332444
0.007295813132381533
0.00588928168209288
0.004447460615534237
0.0029792514937053696
0.0014937119704678586
6.592086523688847E-15
0.0014926825331022517
0.002975146414711361
0.0044382715853837325
0.0058730631612068694
0.007270706647692352
0.008622622008381785
0.009920516256843565
0.011156434250421328
0.012322807374817805
0.013412499822261966
0.014418852180573689
0.015335722067307834
0.01608828908674155
0.021173007113437715
0.017228431051923534
0.011740899457075675
0.019898399053471974
0.027764791225105494
0.020509257471251353
0.02306546279449367
0.02056509063351827
0.027591748151556884
0.020370852381431135
0.013333233155225423
0.018171016391317518
0.020133023633823244
0.016559532345252048
0.015262205901334416
0.014341113543080784
0.013332175107209326
0.012241651830628
0.01107630343981757
0.009843346313630714
0.008550408863450508
0.007205484406091488
0.005816881820231224
0.004393174290420248
0.0029431464544565794
0.0014757402795336555
1.1264879440234021E-14
0.0014749835446475974
0.002940128829363315
0.004386419477504988
0.0058049596661275465
0.007187028762767039
0.008524134858664748
0.00980806687014867
0.011030944889174681
0.012185268474430834
0.013263962587795254
0.014260420895060548
0.01516854616619299
0.015307581764565687
0.017800481313201662
0.02102947668677525
0.027802216728140507
0.023567362872281766
0.014118712496795145
0.021739561667900118
0.021677698672620146
0.02188174964955334
0.013978163377520168
0.023314907294557548
0.026923622221360907
0.019679022111693468
0.01970834212876952
0.014926556441754035
0.015116926671637774
0.014205836626892232
0.013207562550509647
0.012128285123690918
0.010974681112937321
0.009753882124997233
0.008473430582410459
0.0071412331910765126
0.005765512186419788
0.004354754658465018
0.002917660267528098
0.001463087672363413
5.524294613406995E-16
0.0014625903074025146
0.002915676929890065
0.00435031505056349
0.0057576763401016385
0.0071291032072230915
0.00845616198229604
0.009730694707843655
0.010944869218247671
0.012091227201860913
0.013162729950765024
0.014152801518089267
0.015055369018598847
0.017193022295896553
0.020826166549916574
0.020688588319822388
0.020734215398845495
0.02598934994587299
0.023072400875234468
0.02447184312003793
0.026153264598328917
0.024570604425136096
0.022787211337681395
0.026204258211130194
0.020821728353532944
0.020452888717693588
0.02165714464665886
0.01702006501990932
0.015024746775901224
0.014120420498244994
0.013129271780949674
0.012057423013999424
0.010911491925411226
0.009698550779606747
0.008426082790693283
0.007101936019153961
0.00573427503534645
0.004331530647312225
0.002902348001853085
0.0014555333780329903
2.6288891439041174E-15
0.001455286797783591
0.0029013647161400037
0.00432932960879652
0.005730390233520187
0.00709592230062338
0.008417521487008259
0.009687055090151922
0.010896712005366441
0.012039050719148684
0.013107045024555156
0.014094127177912584
0.014994228232284385
0.015112035342177003
0.02524262504505746
0.015320367605103209
0.02007747249269884
0.024824939291785628
0.01654857539019407
0.025928051061774097
0.025680493406332872
0.025968012930196533
0.016856340739291622
0.025106546009873255
0.01989741783470651
0.015945405197265325
0.025172574130156757
0.015446421053465621
0.014984078339838258
0.01408339433278989
0.013095955155912324
0.012027846164581631
0.010885648950798387
0.009676400843692659
0.008407551610456015
0.007086917623866863
0.00572263377781341
0.004323103446453433
0.0028969467941665095
0.0014529477539648766
