1.0
0.9989725854527286
0.9958941397184468
0.9907760398146913
0.983637191833768
0.974503947816851
0.9634099899352775
0.9503961825331828
0.9355103927392284
0.9188072805050707
0.9003480590739807
0.8802002270235788
0.8584372731615431
0.8351383556816395
0.74637786331219
0.665074676161922
0.6285670668838116
0.599779067152857
0.5974769492076261
0.5762030807217186
0.5629335569904312
0.5127385231898298
0.4707787070009326
0.41076324727019614
0.37800801934160333
0.3535300645980833
0.37441111034381996
0.40218305582793434
0.3679847175671996
0.3339538200796376
0.3002006862750955
0.26683328132118783
0.23395677675898355
0.2016731299197536
0.17008068053330994
0.1392737663276274
0.10934235931995503
0.08037172439209722
0.05244210162743656
0.02562841376529689
0.0
0.024379622781927325
0.04745297037168251
0.06916877240348793
0.08948212364992562
0.10835460493099772
0.12575437327165587
0.14165622109465484
0.15604160438810766
0.16889863993921125
0.18022207187652906
0.19001320791218032
0.19827982582151674
0.2050360508407503
0.2640829988996576
0.31983705917508315
0.3321701010662054
0.33764701541299785
0.31380667188065103
0.3031930849389789
0.28432344303744006
0.2958444536270001
0.2991516623293299
0.3150572970808497
0.3011740757254484
0.28148166893876964
0.22084905042156497
0.16228884351832518
0.15172847667181705
0.14055159595840197
0.1288390805231733
0.11667245240793662
0.10413347464621714
0.09130375337943775
0.07826434592779971
0.06509537670314819
0.05187566279556137
0.038682351000812194
0.02559056798264983
0.012673085182488344
5.856373492870878E-17
0.012361565328205388
0.024347745827528838
0.03589819564672827
0.046956328580889314
0.05746953627456677
0.06738938324713134
0.07667177800935225
0.08527711967004876
0.09317041956355193
0.10032139756208598
0.10670455287113903
0.11229920923996645
0.11708953465262287
0.08958575358714964
0.04895595085960516
0.050104435648721794
0.053038387755438045
0.05312156776203732
0.06252364255385125
0.0637734754410131
0.061255128294087156
0.05072886529441897
0.0524282030920851
0.04789799410069641
0.045287233512614544
0.0832756486458225
0.10187006638129448
0.09577043133222568
0.08919691902778093
0.08219714680739827
0.07482035430154871
0.06711710121238243
0.0591389623112142
0.05093822132600451
0.04256756538062723
0.0340797816274514
0.025527457685863203
0.016962687462072256
0.008436783880033214
1.1695149020070661E-15
0.00829874005959633
0.016412099049191678
0.024294572090917153
0.03190271856496286
0.039195379273756464
0.04613387787015471
0.05268220563223885
0.058807188768007314
0.06447863753738901
0.06966947658610845
0.07435585599533806
0.07851724266229322
0.08213649173906516
0.09445280509091573
0.13401810022687985
0.15026653645234628
0.17496352289468584
0.16853961897889977
0.16237581400260642
0.1550022126456378
0.16054205389253176
0.1647039145903145
0.16778741502696878
0.13870381510732985
0.11932732983809091
0.07991035624495821
0.07441703225767225
0.07013989843314589
0.06548986096701162
0.060499877003650566
0.05520449656085539
0.04963964052493494
0.04384237336355543
0.03785067190997297
0.03170319158088165
0.0254390313908999
0.019097499119955567
0.012717877975440946
0.0063391960691470085
4.568975694047945E-16
0.00626186620246339
0.012409475561786487
0.018407024902623893
0.02422003275573097
0.02981552737365691
0.03516222387760942
0.040230689627296125
0.04499349698177905
0.0494253626993654
0.05350327330828978
0.05720659586665605
0.06051717361937942
0.06341940615120116
0.08081908367576827
0.0552396321023025
0.048132399940098006
0.05330217238699877
0.044937722800710456
0.05374562182436451
0.035775030603299666
0.05382083872880167
0.04503100442407179
0.05282674451202357
0.04946657864182547
0.059247607730540844
0.08248461099106733
0.05877625830867399
0.055479847234249306
0.051877279022177446
0.04799358665120057
0.043855240091816516
0.039489974235266304
0.03492661100535019
0.030194876749065604
0.025325216019944797
0.020348602879242363
0.01529635084488701
0.01019992261615951
0.0050907406937642195
1.869664946568395E-15
0.005041516417228361
0.010003617540090515
0.014856879372910917
0.01957281378612268
0.024124030271784835
0.028484389719773705
0.03262914937775018
0.03653509821676692
0.040180681986827144
0.04354611731320055
0.04661349425376628
0.0493668668101547
0.05179233096025092
0.026115369372305134
0.04605551963484298
0.056994139577320586
0.0943813421382639
0.10664682074579127
0.10484892062083731
0.10942646466031046
0.10367474312288052
0.10408251233369294
0.08942647017746916
0.05118329333989388
0.042049818739212735
0.024450532004303974
0.048704480630813576
0.046017388331819134
0.043070478637465916
0.039883901941637115
0.03647909300014258
0.0328786313783321
0.029106096167605223
0.025185915879487885
0.02114321444760995
0.01700365428408328
0.012793277347066517
0.008538345181071473
0.004265178890456117
1.1998098298706316E-15
0.004231226855952928
0.008402948491871913
0.012490174076164094
0.016468621510453692
0.020314858443545875
0.02400643711855159
0.027522022293951922
0.03084151152596927
0.03394614715006267
0.03681861935330056
0.03944315978678744
0.04180562522719307
0.043893570859263695
0.08817290808760489
0.0860050523291196
0.06808268130280475
0.04459643880117752
0.04322454865892201
0.05255725839660944
0.037005790667906324
0.05241592255679519
0.04299993181899733
0.044050365490606945
0.07006776233882099
0.08846918382184835
0.0875915557037348
0.04169996125597091
0.03942636457364653
0.036926673868340545
0.03421776046338063
0.031317650500897645
0.028245407809626567
0.0250210113145905
0.021665227760588313
0.018199480544474757
0.014645715469340306
0.011026264246839184
0.007363706582084192
0.003680731678743413
1.2224981014094751E-15
0.0036559938856946
0.007265056556972572
0.01080542828930977
0.01425591212285293
0.01759599869453539
0.02080598611094435
0.023867094172386714
0.026761572296945656
0.02947280053486647
0.031985383108942035
0.03428523396467445
0.03635965386519379
0.03819739861925903
0.03829620860373128
0.05386560733818176
0.04569764996711039
0.044702862211171604
0.061636827359439136
0.06375004003298233
0.07882335323221695
0.06287381360521602
0.059750310323303676
0.04288546985938047
0.04796667255126228
0.05633965340633405
0.039987800530088026
0.03656502344139441
0.034589224142182774
0.03241281085604686
0.030050316655057602
0.027517322639369263
0.02483035701418517
0.022006789021949746
0.01906471839956868
0.016022861053654903
0.012900431665654606
0.009717023953107558
0.006492489323495908
0.0032468146625339784
5.727678493681901E-16
0.0032280632073113497
0.006417712443587589
0.009549632433255384
0.012604970668225359
0.015565449480291899
0.018413474000505848
0.021132235375583362
0.0237058086434617
0.02611924470554925
0.028358655871711193
0.03041129449570826
0.03226562426294295
0.03391138373905912
0.07214417170498809
0.08984971676349622
0.07786358024853307
0.04092976549709319
0.03870191679991964
0.044116206858826786
0.035633398391226985
0.043854354635768325
0.038514142923072835
0.04083301304634166
0.07737911509841154
0.08778512079587834
0.06746335861985045
0.0326544439271111
0.030902431730859034
0.02896962945826193
0.026868828375114465
0.02461377993509296
0.022219107024002725
0.019700210362087935
0.01707317065595093
0.014354647114388115
0.01156177296143388
0.008712048594938154
0.005823233049987624
0.002913234433606004
1.592086391136952E-15
0.0028985934652999324
0.005764848289297685
0.008581352929304198
0.011331086723562226
0.013997521750360075
0.01656472119194187
0.0190174336232947
0.021341182673570026
0.02352235153832412
0.025548261854456314
0.027407246486222194
0.0290887158094954
0.03058321712295285
0.0396959538686936
0.05979739603598075
0.05933537593963948
0.04277564671535179
0.0334912369136313
0.03662814618525126
0.05422925612246959
0.03621669602322724
0.03275094378565762
0.04363413322734173
0.05918059602301735
0.058499826444613025
0.03867246191685618
0.029589960921754206
0.028011524569115164
0.026268079742024598
0.024371076804361028
0.02233285365668048
0.020166556388833877
0.01788605536620292
0.0155058572797553
0.013041013712291877
0.010507026791996731
0.007919752519503546
0.005295302366407158
0.0026499437508183937
6.02847552234327E-16
0.002638249589546099
0.005248668987355503
0.007815363359241765
0.010322775102728436
0.012755777411732984
0.015099764812140157
0.017340740130548846
0.019465397382425313
0.02146120009284616
0.023316454592683673
0.025020377865603623
0.026563159556023896
0.027936017785246545
0.03556537693395921
0.062235458705321475
0.06218850097525885
0.037262303306356666
0.0356359950338699
0.03316290604223189
0.03185511589739727
0.032890969188499125
0.035488202187620506
0.036649763561853115
0.05963337254022789
0.05767450138054518
0.03003250297987949
0.02713524842484263
0.025694737479843112
0.02410201114996379
0.022367460989532014
0.02050230555744572
0.0185185185185223
0.01642875242294123
0.014246258644897668
0.011984803983145841
0.009658584444422287
0.007282136745882906
0.004870248084481664
0.002437864729542115
1.4539707151210851E-15
0.002428357810790837
0.004832337001506217
0.007197272964717246
0.009508797076710969
0.011752923439939713
0.01391613295761869
0.015985454238324925
0.01794854084947884
0.019793744462759166
0.021510183461027402
0.02308780660561734
0.024517451394460123
0.025790896774974967
0.03544219151039736
0.04416680473174583
0.04781448601972889
0.0496906472141699
0.031191949084129082
0.03269556789104286
0.03543365011776579
0.03285988941922002
0.031530177368449076
0.04960159995673697
0.04585752795436036
0.04207961722864386
0.03560882329038796
0.025135146105056308
0.023806309798953536
0.022335777788464954
0.020733088768745266
0.019008557644273186
0.017173209640043124
0.01523871030510957
0.013217291849714647
0.011121676278227709
0.008964995797927025
0.0067607109986054315
0.004522527309871406
0.00226431025177004
1.1853818671205228E-15
0.0022564742107755186
0.0044912793225915576
0.006690762809972268
0.00884153564420602
0.010930553364366576
0.012945194766960365
0.014873337741864499
0.01670343180137194
0.018424566870798825
0.020026537933306224
0.0214999051481035
0.022836049090248677
0.024027220790951143
0.01744862440267094
0.028418848017589777
0.03651106361675887
0.025044582338225006
0.031398406524417374
0.023024438920384797
0.02785090400224719
0.02279284429019411
0.031086880775485753
0.02392521453436331
0.03449240477805397
0.025416219438875492
0.01944848560068584
0.023483658768743337
0.022246578963334776
0.020876550878772947
0.019382415367127804
0.01777374660517154
0.016060791128660223
0.014254402945590718
0.012365975136843536
0.010407368373054532
0.008390836793721318
0.006328951709568001
0.004234523600867938
0.002120522893441791
2.2292813789147147E-15
0.0021139948823768245
0.0042084917280614306
0.0062706799042004865
0.00828798617575565
0.010248151021480006
0.012139302799505097
0.013950029315998176
0.015669446367280796
0.01728726284573404
0.018793842021817844
0.020180258639175906
0.021438351486313355
0.022560771136899086
0.036040755572007595
0.0318904458656797
0.028880497842298864
0.04129370141371866
0.037793633610255464
0.04123519255316948
0.026189140043946874
0.041428120470300624
0.038003515567561603
0.040138264105427736
0.027432949745524515
0.030995800063926663
0.035399690199216675
0.022105999136023527
0.020945174511592893
0.019658737610334813
0.018254951168103797
0.016742774869488036
0.015131808464324837
0.01343223112505292
0.011654737426117917
0.009810470346246663
0.007910951711351859
0.005968010510535461
0.00399370952924795
0.002000270752827299
3.2131613293506425E-16
0.001994788750869466
0.0039718488790479005
0.005919076020934547
0.007824581895462914
0.009676766606714791
0.01146438898582943
0.013176634547165101
0.014803180649465125
0.016334258471106335
0.017760711428656442
0.019074049690995992
0.020266500465845248
0.02133105376226137
0.03015283941768047
0.017477405014332384
0.025684114499857757
0.017173563419495295
0.02304648921738062
0.014365933132679991
0.024785200051645976
0.014158671515547283
0.022527509775502066
0.01770318328821941
0.025403440769425564
0.01755270506336099
0.03100074031068748
0.02094797567633252
0.019851074618273616
0.018634751619662986
0.017306785855206196
0.015875622498043165
0.014350319253918739
0.012740489276206253
0.011056240820025659
0.009308114012788873
0.00750701513516033
0.005664148820682924
0.0037909485941286427
0.0018990061775895377
3.453839779305695E-15
0.0018943766504780073
0.003772487390705586
0.005622823984446734
0.007434076627064288
0.009195202845306177
0.010895494593689688
0.012524643141229974
0.01407280135656517
0.015530643016463447
0.016889418781759633
0.01814100850586215
0.019277969564483032
0.020293580919803343
0.025992747367931546
0.02600777625249347
0.02102006145454281
0.023066482540435303
0.03847604253013222
0.04554557855076583
0.02801729793409524
0.045552628702925486
0.03832127581475413
0.021606300708137703
0.021017953398160823
0.0254574671947258
0.02356204335233842
0.01996944590841141
0.01892646590499675
0.017769308106982375
0.016505344286024737
0.015142585844549337
0.01368963323242278
0.012155621864995308
0.01055016488139192
0.008883293100555533
0.0071653925487623876
0.005407139946452485
0.0036194365539009166
0.0018133407843707752
1.7602076158543696E-15
0.0018094180900297466
0.003603794008247143
0.005372124644469914
0.0071035905320637315
0.008787621854596573
0.010413962781400455
0.011972733741571685
0.013454491259358428
0.014850284989618216
0.016151711609939348
0.017350965245904005
0.01844088412787458
0.019414993201404003
0.03097233113582168
0.017747547343520992
0.02091685143688865
0.030761299230646827
0.012774474631046076
0.0059866423177503975
0.022305192281903658
0.0057760862925660345
0.012393893657426698
0.03184592298570288
0.019962501569930152
0.017631358401453603
0.030511467150414296
0.01914012909251122
0.01814281288280361
0.01703576891731722
0.015826024000831825
0.014521222122822995
0.013129576318166275
0.011659817132507026
0.010121138014666861
0.00852313797657855
0.0068757618774477605
0.005189238702477342
0.003474018218224385
0.0017407063958159593
4.116042519283544E-15
0.0017373792535218522
0.0034607505683606717
0.005159539561488657
0.006823342980659198
0.008441992249957982
0.010005615456472723
0.011504697400992048
0.012930137348571959
0.014273304129173221
0.015526088255907691
0.016680950746747046
0.017730968356762893
0.018669874950323708
0.011041238997258621
0.024684722022531816
0.026278864477652042
0.005673262965370523
0.03271383248087565
0.04196307832192965
0.03344910322546875
0.04177920176232088
0.03230686391407905
0.004668575047879935
0.027332728424604987
0.02503497735101549
0.010092156392636593
0.01843684456111263
0.017478263788002664
0.016413728601430252
0.015249972865770933
0.013994328584079313
0.012654679837935267
0.011239413419892149
0.00975736646651351
0.008217771418266915
0.006630198648215944
0.005004497114995488
0.0033507334073924616
0.0016791295566422862
3.245014254913537E-15
0.0016763119168759567
0.0033394975084844935
0.004979345999414534
0.006585807068182259
0.00814905230301905
0.009659535194494074
0.011108049299679896
0.012485784224254089
0.013784379082911078
0.014995973114482981
0.016113253146072162
0.01712949762032432
0.018038616921336004
0.027761703692716647
0.01706409438061497
0.008172821897882397
0.04028482524731158
0.013531666873985467
0.004645170636046819
0.019213357558057836
0.004868258647103828
0.013969055996037616
0.040475535806366134
0.006729037133772882
0.01703341855907453
0.02728212321944127
0.01784164208043218
0.01691589328892687
0.015887378229220015
0.014762581844748492
0.013548571158445159
0.012252950983884108
0.010883816402481001
0.009449702303207746
0.007959530298468132
0.00642255334560517
0.00484829841695826
0.0032465075731361055
0.0016270778027943035
4.019735404297951E-15
0.001624702545491802
0.0032370357671773157
0.004827096171892755
0.006385131545145373
0.00790160064054977
0.009367231488447014
0.010773077968527087
0.012110574301541001
0.013371587129260513
0.014548464866398235
0.015634084025902783
0.0166218922375696
0.01750594770095266
0.01263219453331573
0.02764769331876571
0.0376505577359434
0.005032747477341708
0.023452112254176045
0.03198519511930252
0.03675593325363669
0.031685000973157705
0.022952353036799978
0.005507141403041429
0.03863300294192688
0.02775116114275107
0.01321047400366063
0.01734050777602386
0.016442485557059284
0.015444371757690986
0.014352440193507017
0.01317353335992469
0.011915019650555601
0.010584747402739276
0.009190996056048792
0.007742424727151567
0.006248018519876674
0.0047170329024136225
0.0031589364957659853
0.0015833526258708052
2.952750864447043E-15
0.0015813671279505375
0.003151018935386759
0.004699309784055815
0.006216737382103774
0.0076940009926882895
0.009122058333468235
0.010492180819405835
0.011796006812019982
0.013025592550940357
0.01417346045796457
0.015232644520584548
0.016196732480064605
0.01705990456893761
0.02416277190689964
0.016607406985607837
0.004312482579576263
0.03643083087579111
0.02311846199191181
0.014310100351165147
0.014701459943231679
0.014548997711904424
0.023546704392206838
0.03563912336282014
0.005051564530508712
0.016552381247106406
0.023600255826611943
0.01692245181841171
0.01604767598688553
0.015075026171650463
0.014010597974014069
0.012861044675943036
0.011633535736642577
0.010335712165389524
0.008975639047643268
0.0075617555188954785
0.0061028224960150155
0.004607868489194593
0.0030861338289808644
0.0015470136525527758
5.768471497992851E-15
0.0015453766227188732
0.003079605855304081
0.0045932559091548435
0.006077031449697357
0.007521830580310514
0.008918800579127308
0.010259392048026702
0.011535411143218084
0.012739069568688503
0.013863032028238284
0.014900460847374139
0.015845057494125105
0.016691100747079766
0.013421424874585638
0.025390124058264314
0.043045627072079845
0.011138575056729766
0.01362086690116444
0.020045064529175063
0.03625998144536714
0.019788145845256164
0.013165750343489628
0.011689353239173129
0.04296123085289156
0.024695924364426695
0.013101821250471254
0.016578855848729434
0.015723337082128228
0.014771748995776716
0.013730038049233662
0.01260469958121563
0.01140273738290629
0.010131620185262724
0.00879923533031651
0.007413839913162466
0.005984009696889562
0.004518586115973286
0.003026621694950533
0.0015173242190154898
4.2605085205414187E-16
0.0015160034130027038
0.003021354726477121
0.004506796245604655
0.005963200715944476
0.007381627315091254
0.008753376451608778
0.010070043035633679
0.011323567895697221
0.01250628702761096
0.013610978374998584
0.014630905856398603
0.015559860370934547
0.016392197533322012
0.021870160625754715
0.017554604213736152
0.006691761619200755
0.022953360716563127
0.0290805178581742
0.022804561744914426
0.009585890559345315
0.022978547010571237
0.029216389080206802
0.021909873685400313
0.006365845608790165
0.017927884654482654
0.021901377077139007
0.01630300148683308
0.01546313467033167
0.014528624515091867
0.013505294387045721
0.012399509771533977
0.011218138743399424
0.009968509378503463
0.00865836437033842
0.007295813132384661
0.00588928168209276
0.004447460615542346
0.002979251493706496
0.001493711970465086
4.098186752546252E-15
0.0014926825331014583
0.0029751464147111375
0.004438271585383526
0.005873063161207592
0.007270706647693805
0.008622622008378572
0.009920516256840073
0.011156434250421513
0.012322807374821491
0.013412499822262792
0.014418852180571644
0.015335722067304752
0.0161575215614868
0.012198141992752088
0.019517815646470156
0.037551239143296056
0.019749882425851597
0.007687643066860184
0.015436212965785491
0.03200538244884031
0.015499997260483928
0.007704890477334164
0.020415811761796063
0.0365589351260694
0.018943893690132406
0.012393946461130062
0.016089728230585985
0.015262205901335375
0.014341113543083912
0.01333217510720594
0.01224165183063132
0.011076303439815787
0.009843346313629547
0.008550408863453075
0.007205484406087818
0.0058168818202354
0.004393174290419807
0.002943146454457082
0.0014757402795423373
7.979005013191127E-15
0.0014749835446526622
0.002940128829363271
0.004386419477509543
0.005804959666121367
0.0071870287627682486
0.008524134858659304
0.009808066870148745
0.011030944889173706
0.012185268474428882
0.013263962587805019
0.014260420895060067
0.015168546166197065
0.015982787528710286
0.022544309133054222
0.020581007784787653
0.004755839062935817
0.0164645734775396
0.028717641155716442
0.027613844803058046
0.009341438655650633
0.02767058125557218
0.02853747486933371
0.01682263002920047
0.005414165185737373
0.020791615694556537
0.022496718394500823
0.015935186300053056
0.015116926671640777
0.014205836626891856
0.013207562550507248
0.01212828512368861
0.010974681112938678
0.009753882124997063
0.008473430582415047
0.007141233191076024
0.005765512186421782
0.004354754658462334
0.0029176602675243337
0.0014630876723596591
3.052592806267501E-15
0.001462590307397456
0.002915676929890501
0.004350315050561812
0.0057576763401011154
0.007129103207223776
0.008456161982298472
0.009730694707846368
0.010944869218251555
0.012091227201861864
0.013162729950765223
0.014152801518087569
0.015055369018600552
0.015864899825913076
0.015094716265700667
0.017563508232606266
0.026449875836444217
0.026368267346766946
0.01350125815466958
0.021488857353518208
0.02487507804043387
0.02166913229605166
0.013949061150429019
0.02657476883767519
0.025311757293761217
0.01772903712533227
0.015745532195405337
0.015836661327486047
0.015024746775893215
0.014120420498244555
0.01312927178095269
0.012057423013999263
0.010911491925408493
0.009698550779606803
0.00842608279069627
0.00710193601915535
0.005734275035344564
0.004331530647310907
0.0029023480018486314
0.0014555333780368522
2.648383062353084E-15
0.0014552867977862213
0.0029013647161416703
0.004329329608801931
0.005730390233524079
0.007095922300624646
0.008417521487007333
0.00968705509014913
0.010896712005365105
0.012039050719147114
0.013107045024552944
0.014094127177923337
0.014994228232286537
0.01580181530015194
0.02036672516182751
0.020274015602117425
0.014385553840389646
0.024173930414578028
0.022788913362151254
0.02717258225130443
0.01637969360415556
0.02709051060835151
0.02238784967221679
0.024671792679045127
0.015460415586246142
0.019967046302470256
0.019723267752646188
0.015792455509405036
0.014984078339836608
0.014083394332789061
0.013095955155912779
0.01202784616457929
0.01088564895079406
0.00967640084369096
0.008407551610465257
0.007086917623867884
0.005722633777812809
0.004323103446454328
0.0028969467941654435
0.0014529477539628492
