1.0
0.9989725854527313
0.9958941397184493
0.990776039814694
0.983637191833772
0.9745039478168525
0.9634099899352794
0.950396182533183
0.9355103927392314
0.9188072805050739
0.900348059073983
0.8802002270235787
0.8584372731615467
0.789194019925575
0.6658188672398104
0.5939977167836946
0.5751870781760696
0.5995246548457622
0.6064239166060725
0.5758762293219518
0.5444757148530929
0.5123328270299456
0.4795599367503323
0.4102386450645073
0.3273159640436713
0.2878980543691868
0.3005634194983041
0.3573965649197917
0.3679847175672008
0.33395382007963786
0.30020068627509683
0.26683328132118755
0.2339567767589839
0.2016731299197541
0.17008068053331077
0.13927376632762747
0.10934235931995522
0.08037172439209751
0.05244210162743673
0.025628413765297155
7.594139464992789E-17
0.02437962278192764
0.047452970371682876
0.06916877240348819
0.08948212364992583
0.10835460493099809
0.12575437327165664
0.14165622109465512
0.15604160438810782
0.16889863993921242
0.18022207187652917
0.19001320791218038
0.1982798258215181
0.24563523831503706
0.311108728897559
0.36034957705532256
0.3636996135960162
0.33819036149632586
0.3068305817411549
0.3050568403249242
0.3020321934668264
0.2978140217905013
0.29246382843302443
0.31560988579819343
0.32631622036741376
0.31083930711170754
0.25281455049109863
0.19963239074650543
0.15172847667181769
0.14055159595840253
0.12883908052317403
0.11667245240793772
0.10413347464621718
0.0913037533794378
0.07826434592780035
0.06509537670314798
0.05187566279556221
0.03868235100081268
0.02559056798264992
0.01267308518248863
4.350939412245993E-16
0.012361565328204836
0.024347745827528685
0.035898195646728616
0.046956328580889196
0.057469536274566434
0.0673893832471321
0.07667177800935238
0.08527711967004871
0.0931704195635528
0.10032139756208625
0.10670455287113972
0.11229920923996628
0.0873401688509236
0.09178439850458253
0.05683254634425858
0.041860932238516876
0.024162964734737554
0.0460053507095693
0.046092724324530716
0.04542721606386063
0.04403281159706728
0.041940861851211916
0.019983773519361852
0.042772732229323644
0.06020607488089251
0.09840034295862686
0.07687964207042307
0.09577043133222572
0.08919691902778061
0.08219714680739897
0.07482035430154914
0.06711710121238311
0.05913896231121433
0.050938221326004285
0.04256756538062743
0.03407978162745261
0.02552745768586285
0.01696268746207204
0.008436783880032573
1.1259336762098372E-15
0.008298740059596464
0.016412099049192715
0.02429457209091749
0.03190271856496292
0.03919537927375667
0.04613387787015474
0.05268220563223952
0.05880718876800681
0.06447863753738939
0.06966947658610881
0.07435585599533784
0.07851724266229411
0.09761473321117323
0.05881747710143352
0.09843246934590558
0.12365036775047157
0.1739552114384796
0.1692315029390356
0.16922184741065277
0.16864795222674314
0.16752003484707453
0.16585149130861992
0.16653782503364828
0.11004923764850523
0.08176986299871117
0.04582692181636589
0.08460340183693894
0.07013989843314554
0.06548986096701301
0.06049987700365116
0.05520449656085719
0.04963964052493726
0.04384237336355551
0.03785067190997324
0.031703191580881626
0.02543903139090076
0.019097499119955837
0.012717877975441234
0.006339196069147379
1.4518187799495038E-15
0.0062618662024636895
0.012409475561785403
0.01840702490262364
0.02422003275573009
0.02981552737365631
0.03516222387761039
0.04023068962729765
0.04499349698177968
0.04942536269936533
0.053503273308291105
0.05720659586665659
0.06051717361937943
0.06376292500198279
0.12818824108268134
0.09321639300951387
0.07286149799992295
0.014904493094545035
0.018298116862792528
0.01846149993981398
0.018518518518516804
0.01846515556681183
0.01832688549627498
0.016336544335455276
0.07457288078068279
0.09399429745784989
0.12601150541150016
0.0644287634013111
0.055479847234251305
0.05187727902217809
0.047993586651200966
0.043855240091816204
0.03948997423526646
0.03492661100534931
0.030194876749065642
0.0253252160199442
0.02034860287924242
0.015296350844884933
0.010199922616160262
0.005090740693765129
2.8873702688311933E-16
0.005041516417228807
0.010003617540091164
0.014856879372910406
0.01957281378612296
0.024124030271785057
0.02848438971977367
0.03262914937775173
0.03653509821676621
0.040180681986826484
0.04354611731320077
0.04661349425376693
0.0493668668101546
0.04071809533870979
0.028333886381912362
0.031141933456964192
0.0518239325639204
0.08934821327305058
0.1165734720990391
0.11657671621617038
0.11621973129615928
0.11550622226739463
0.11444210073370699
0.08400899472043175
0.049026460640866756
0.025651727897335063
0.02037689735261072
0.034997591043151054
0.046017388331819876
0.043070478637467075
0.0398839019416368
0.03647909300014339
0.03287863137833048
0.029106096167605826
0.02518591587948899
0.021143214447611632
0.01700365428408414
0.012793277347068898
0.008538345181073114
0.004265178890456444
1.2700519285851373E-16
0.004231226855954427
0.008402948491872366
0.012490174076166035
0.016468621510454407
0.02031485844354615
0.024006437118551886
0.02752202229395201
0.030841511525970373
0.033946147150061154
0.03681861935330035
0.03944315978678722
0.041805625227193874
0.06952529908166007
0.09058446823876168
0.08273319433689316
0.06205338707450649
0.0422985166436302
0.018374630800375807
0.018502545887914373
0.018545385357349276
0.018491191484252933
0.018342555203886113
0.04452091360907161
0.05976051228124979
0.08327591134941467
0.08693134422159317
0.06999339078488342
0.03942636457364489
0.036926673868341094
0.03421776046338124
0.031317650500897784
0.028245407809628278
0.02502101131459231
0.021665227760589906
0.01819948054447582
0.014645715469340816
0.011026264246838668
0.007363706582083647
0.0036807316787437795
3.971705055059226E-17
0.0036559938856941033
0.007265056556972612
0.010805428289310515
0.014255912122852035
0.01759599869453608
0.02080598611094415
0.0238670941723863
0.02676157229694534
0.02947280053486658
0.03198538310894042
0.03428523396467394
0.03635965386519288
0.02496731772838046
0.034580678813619536
0.031002494877800338
0.030765535542458502
0.030257081710831715
0.0781772102099649
0.07814236861166102
0.07784199236849121
0.07727771916335904
0.07645288951153782
0.027038104028985308
0.030838972005392686
0.03568556182600248
0.04061987885775963
0.024950822537972248
0.034589224142182406
0.032412810856047004
0.030050316655057276
0.02751732263936951
0.024830357014185265
0.022006789021949764
0.019064718399568976
0.016022861053656908
0.012900431665656244
0.009717023953107322
0.006492489323495283
0.0032468146625359573
3.6563606438934625E-16
0.00322806320731747
0.006417712443589345
0.009549632433256938
0.012604970668223569
0.015565449480292037
0.018413474000507735
0.021132235375583907
0.023705808643465897
0.02611924470554839
0.028358655871712816
0.030411294495709465
0.032265624262943375
0.06548914319155735
0.08099070239818712
0.09506548524242928
0.06350173994143776
0.06557460988450022
0.020556364965140395
0.02093388077156785
0.021114670353224927
0.021095001125902152
0.020875005251434483
0.0665715297885118
0.06512373241001106
0.09400829596542476
0.07711283417075362
0.06300465810698104
0.030902431730862504
0.028969629458264052
0.02686882837511648
0.024613779935093505
0.02221910702400394
0.019700210362086388
0.017073170655950924
0.014354647114388561
0.01156177296143067
0.00871204859494013
0.0058232330499897855
0.0029132344336086254
0.0
0.0028985934652997194
0.005764848289298599
0.00858135292930488
0.011331086723563217
0.013997521750360344
0.016564721191940645
0.01901743362329412
0.021341182673571064
0.02352235153832156
0.02554826185445289
0.02740724648621997
0.029088715809492044
0.023803173635784106
0.03880977909213116
0.034565577144259924
0.03299485037953806
0.010768228145293426
0.04710649478119031
0.047091006343624994
0.04686111366869146
0.04641750062800039
0.04576222372527911
0.011299980273308434
0.03180145833027668
0.030436743022957534
0.03585154359068916
0.02313872292234162
0.02801152456911288
0.026268079742025087
0.024371076804362565
0.022332853656682354
0.020166556388835338
0.01788605536620455
0.01550585727975461
0.013041013712293192
0.010507026791995036
0.00791975251950239
0.005295302366408842
0.002649943750818288
2.2075634123498266E-15
0.0026382495895493235
0.005248668987357483
0.007815363359244668
0.010322775102731045
0.012755777411736412
0.015099764812138292
0.017340740130546425
0.019465397382425975
0.021461200092842928
0.0233164545926843
0.02502037786560437
0.026563159556029718
0.045750863145570635
0.03489070956453102
0.0610365596149955
0.06415861691236369
0.06855566721611482
0.029377401256142282
0.029800567619808493
0.030024440079028526
0.03004946051111046
0.0298773256555145
0.06791896866820399
0.062361298672734294
0.05488721424023501
0.0273162448075401
0.041409812432362025
0.025694737479845138
0.024102011149967368
0.022367460989532472
0.02050230555744409
0.01851851851852385
0.01642875242294105
0.014246258644902105
0.011984803983145973
0.00965858444442218
0.007282136745879965
0.0048702480844821155
0.0024378647295445603
1.4813434434924384E-15
0.0024283578107902187
0.004832337001505307
0.007197272964717423
0.009508797076711996
0.011752923439939306
0.013916132957622047
0.015985454238319277
0.01794854084947598
0.019793744462761876
0.0215101834610245
0.023087806605618603
0.024517451394456328
0.022334654759831846
0.041569974693772244
0.02088809802630179
0.014735262968967074
0.015120214992462752
0.02540981334313028
0.025494565632884787
0.025398783393522487
0.02512338087920277
0.02467052678821837
0.01511482331957791
0.013806247270797295
0.0228975507474472
0.042528495631446624
0.023162566338591605
0.023806309798953734
0.022335777788464312
0.02073308876874594
0.019008557644272724
0.01717320964004451
0.015238710305113937
0.013217291849714853
0.011121676278226331
0.008964995797927552
0.006760710998603437
0.004522527309868224
0.0022643102517701658
9.98375532671407E-16
0.0022564742107749882
0.004491279322589616
0.006690762809974155
0.008841535644205718
0.010930553364366992
0.01294519476696256
0.014873337741866331
0.016703431801371085
0.018424566870801375
0.020026537933310346
0.021499905148106815
0.022836049090249933
0.022853506012034498
0.010714609881542382
0.029252253369452662
0.04383199559757738
0.0528694670777084
0.038236755223070365
0.03857369944232874
0.038742027514885605
0.038742290901091304
0.03857618413203316
0.05124138888800187
0.042456096010685604
0.028862343961755688
0.012856199732434384
0.020215901497229707
0.022246578963336497
0.0208765508787766
0.019382415367127596
0.01777374660517181
0.0160607911286632
0.014254402945588975
0.012365975136844006
0.010407368373055854
0.00839083679372189
0.006328951709569603
0.004234523600869423
0.002120522893442273
4.274841817560635E-15
0.0021139948823750234
0.004208491728060941
0.0062706799042020435
0.00828798617574937
0.010248151021481843
0.012139302799508808
0.013950029315996332
0.015669446367279044
0.017287262845733113
0.018793842021816637
0.02018025863917348
0.02143835148631031
0.029094501912997995
0.025833855564804182
0.019997065187317205
0.01737993370461506
0.0177119674183849
0.018290780475070084
0.01846173102338437
0.018518518518520155
0.01846271705285563
0.018298704127857394
0.01833000684565425
0.017875725812440096
0.017614534713967827
0.020873846015555527
0.030059495120013238
0.0209451745115923
0.01965873761033496
0.018254951168104865
0.016742774869486443
0.015131808464325148
0.013432231125053448
0.011654737426119924
0.009810470346244389
0.007910951711347937
0.005968010510535721
0.003993709529245582
0.0020002707528290584
1.4649337020156057E-15
0.001994788750868101
0.0039718488790498815
0.0059190760209345905
0.007824581895462293
0.009676766606714467
0.011464388985831336
0.013176634547168277
0.014803180649468346
0.016334258471108042
0.017760711428655707
0.019074049690996797
0.020266500465848342
0.017584942734590586
0.03363733598125956
0.0352150119193169
0.04319772943359851
0.030392291125923603
0.0422408628477733
0.04246267291064189
0.04254204433941978
0.042479244176437086
0.04227564464754728
0.0288231479682535
0.04407570577391419
0.03571132570465931
0.035831368811442596
0.0182974135876897
0.019851074618271947
0.018634751619661997
0.017306785855210415
0.015875622498043106
0.014350319253921344
0.012740489276207842
0.011056240820026635
0.009308114012788218
0.007507015135159551
0.005664148820683743
0.0037909485941291544
0.0018990061775918218
1.1473132753651762E-15
0.0018943766504755204
0.003772487390703138
0.005622823984444659
0.0074340766270623556
0.009195202845304408
0.0108954945936868
0.012524643141225703
0.01407280135656627
0.015530643016465671
0.016889418781761284
0.018141008505865353
0.019277969564483285
0.030046293980332244
0.008627156944231874
0.009923271943470877
0.01874980512629954
0.027472928130842972
0.020191396412333244
0.020311911243864493
0.020366838235361204
0.020355304811787038
0.02027927933301357
0.02809309653109251
0.01821405400357832
0.01081776627441727
0.009196131770106267
0.02898190331070879
0.018926465904998257
0.01776930810698242
0.016505344286022808
0.015142585844552458
0.013689633232425056
0.012155621864994675
0.010550164881391766
0.008883293100558147
0.00716539254876084
0.005407139946450238
0.0036194365538984577
0.0018133407843705439
2.054156522681814E-15
0.0018094180900286067
0.003603794008246215
0.005372124644471583
0.007103590532062931
0.008787621854596328
0.01041396278139865
0.011972733741574574
0.013454491259358837
0.01485028498961768
0.016151711609941947
0.017350965245903054
0.01844088412787728
0.021500351688853843
0.028618675208185007
0.027251411624491764
0.0430708162874428
0.014265538029036094
0.03991700986864448
0.04003519425217408
0.04002890926470895
0.03989811275472384
0.03964382671770336
0.013585484588671374
0.04153957091494037
0.025360787267253302
0.025261451981396253
0.022034256079956575
0.01814281288280438
0.017035768917318575
0.015826024000834358
0.014521222122819847
0.013129576318164391
0.01165981713251086
0.010121138014666554
0.0085231379765786
0.006875761877444157
0.005189238702476835
0.0034740182182195676
0.0017407063958146305
6.863585195268523E-15
0.0017373792535275527
0.003460750568358624
0.005159539561489583
0.006823342980652046
0.008441992249954828
0.01000561545647395
0.01150469740099379
0.012930137348571121
0.014273304129171731
0.015526088255909268
0.016680950746741006
0.01773096835676282
0.020210277089283905
0.021031861952037507
0.021835413515515573
0.013648641191066171
0.03108153893045346
0.02039223480049791
0.020482811570783167
0.020502317218195846
0.020448722688999638
0.02032228889657191
0.030900870872765242
0.014670231244766864
0.023482737079070663
0.02323387739367962
0.017916642176138742
0.017478263788004395
0.01641372860143135
0.01524997286576918
0.013994328584076345
0.012654679837930172
0.011239413419893172
0.009757366466510299
0.008217771418268183
0.006630198648210667
0.005004497114998384
0.0033507334073898643
0.0016791295566442972
2.3516305418840525E-15
0.0016763119168780223
0.003339497508486156
0.00497934599941987
0.006585807068180407
0.008149052303017636
0.009659535194492903
0.01110804929967869
0.012485784224256448
0.013784379082912022
0.014995973114478662
0.016113253146072204
0.017129497620322197
0.024846790871143082
0.016014186504435722
0.027580404491737796
0.022058241995454326
0.012293434085314251
0.03232165182904602
0.032378593290304125
0.032319807754584706
0.032144878394717524
0.03185440869033356
0.012675559480325744
0.02033298890973832
0.02882310680467264
0.015573199020065993
0.0255242848644911
0.016915893288927085
0.015887378229223308
0.014762581844748828
0.013548571158454195
0.012252950983885683
0.01088381640248248
0.009449702303207169
0.007959530298471686
0.006422553345606519
0.004848298416965384
0.0032465075731362854
0.0016270778027903758
3.720847373867776E-15
0.0016247025454925095
0.0032370357671762133
0.004827096171892694
0.006385131545152006
0.007901600640545696
0.009367231488446022
0.010773077968528645
0.012110574301542195
0.013371587129262449
0.014548464866398042
0.015634084025896545
0.016621892237572686
0.008593428937162183
0.02302385427904604
0.024428495865622346
0.027120844839061665
0.024169923196589324
0.018601017902131537
0.01873806251506326
0.018773645705577605
0.018705834225006313
0.018534169354719354
0.023354638312532726
0.027557378353585436
0.022925531301728586
0.021964542466060232
0.007489607743273904
0.01644248555705678
0.015444371757691911
0.014352440193511595
0.013173533359920326
0.011915019650557468
0.010584747402744607
0.009190996056054486
0.007742424727157565
0.0062480185198772655
0.004717032902417846
0.0031589364957661696
0.0015833526258709604
1.0142366284683351E-15
0.0015813671279508547
0.003151018935384934
0.004699309784054607
0.00621673738210152
0.00769400099269009
0.00912205833346801
0.010492180819405087
0.011796006812019153
0.013025592550937392
0.014173460457964583
0.015232644520587072
0.016196732480067373
0.02779879049016531
0.01714711699135987
0.027001373500412203
0.019185824184057898
0.020348578614585416
0.022959455651025508
0.02303373431207538
0.022990588802434354
0.022829377724061753
0.022550323122824352
0.021088377196203777
0.020137680164996275
0.02549825873313817
0.0192239286645859
0.027872029142288784
0.016047675986882292
0.015075026171655417
0.014010597974013606
0.012861044675941576
0.011633535736635937
0.010335712165393238
0.008975639047643185
0.00756175551889375
0.006102822496014403
0.004607868489186913
0.0030861338289800808
0.0015470136525493232
5.3015366033389575E-15
0.0015453766227190204
0.003079605855297445
0.004593255909153677
0.006077031449695956
0.007521830580310635
0.008918800579126668
0.010259392048027982
0.011535411143223909
0.012739069568691874
0.013863032028238508
0.014900460847373643
0.01584505749413139
0.006916731760034469
0.027473876676907868
0.016576364571163075
0.020364698101422538
0.013273097082899433
0.019034090543433368
0.019245604663768463
0.01933775775546511
0.01931025678166277
0.019163586252596843
0.012670028452553165
0.018979507855281828
0.017308699470620643
0.028302274615100285
0.007147560685200059
0.01572333708212696
0.014771748995779386
0.013730038049235362
0.012604699581218034
0.011402737382909324
0.010131620185263682
0.00879923533031536
0.007413839913160174
0.005984009696891609
0.004518586115968573
0.003026621694948802
0.0015173242190153911
2.2655756310356016E-15
0.001516003413001697
0.00302135472647613
0.004506796245601155
0.00596320071594239
0.007381627315087997
0.0087533764516075
0.010070043035636807
0.011323567895694105
0.01250628702760595
0.013610978374998155
0.014630905856401474
0.015559860370938447
0.025805343583678857
0.024709875764043866
0.016268668904635554
0.028938457558819384
0.029191078046735524
0.01829240344310801
0.018462012633995124
0.018518518518518778
0.018462276964989196
0.018294530721330828
0.029670462553500553
0.029434919834054846
0.01593640378546745
0.024194425352347317
0.024983754852482474
0.015463134670326246
0.014528624515096174
0.013505294387049265
0.012399509771536818
0.011218138743396116
0.009968509378499312
0.008658364370331236
0.007295813132376285
0.0058892816820941656
0.004447460615536621
0.0029792514937038053
0.001493711970468919
7.091185455641403E-15
0.0014926825331027826
0.0029751464147086157
0.004438271585384393
0.005873063161208998
0.007270706647692011
0.008622622008380773
0.009920516256840373
0.011156434250419655
0.012322807374818853
0.013412499822263795
0.014418852180573106
0.015335722067306127
0.008957878862267458
0.01746609475057701
0.01820896157839896
0.014170892322851554
0.012218748959386645
0.022750806783239548
0.02296117533933162
0.023065462794495353
0.023063931902313
0.02295781424471027
0.012657634267987819
0.014999061111195885
0.01710955318997234
0.01379063042707243
0.009719867446795321
0.015262205901332928
0.01434111354308323
0.013332175107203567
0.012241651830624303
0.011076303439814628
0.009843346313628501
0.00855040886345265
0.007205484406091049
0.005816881820233865
0.004393174290419156
0.0029431464544601256
0.0014757402795391064
1.2886140557365624E-14
0.001474983544648033
0.0029401288293644306
0.004386419477508728
0.00580495966612812
0.007187028762771254
0.008524134858665164
0.009808066870152237
0.011030944889179332
0.012185268474427908
0.013263962587795294
0.014260420895059132
0.015168546166194487
0.021188460264636177
0.028631325829250896
0.02223587476911058
0.029611412178505877
0.03211575311663846
0.02138033664831785
0.021573423859056095
0.021677698672617693
0.021693245006025375
0.0216214285346582
0.03202040651534051
0.029983213809282136
0.023397215732773115
0.03012586329440878
0.020631540505355556
0.015116926671638902
0.014205836626889972
0.013207562550506641
0.012128285123685845
0.01097468111293664
0.009753882124998435
0.008473430582413644
0.007141233191075299
0.005765512186420339
0.004354754658463384
0.002917660267525601
0.0014630876723639612
7.770626571997511E-15
0.0014625903073997991
0.0029156769298874343
0.004350315050563778
0.005757676340103943
0.007129103207219885
0.008456161982297107
0.009730694707844772
0.010944869218252648
0.012091227201863375
0.013162729950765685
0.014152801518092388
0.015055369018596502
0.014559932433110554
0.002068177112310538
0.009402311061122935
0.0315509598444746
0.019586246512914064
0.02593694197421175
0.02608929421436762
0.026153264598328556
0.026128795266496307
0.02601698386518244
0.02019061690690899
0.03355751628347645
0.010054366231989671
0.003051710931380549
0.015557351715404897
0.015024746775898698
0.014120420498244619
0.013129271780948781
0.012057423013997426
0.01091149192541345
0.009698550779606413
0.008426082790693542
0.007101936019153773
0.0057342750353439635
0.00433153064731141
0.002902348001857032
0.0014555333780339956
4.689342048506536E-15
0.0014552867977833193
0.0029013647161393913
0.004329329608800011
0.005730390233524305
0.007095922300623365
0.008417521487007484
0.009687055090150401
0.010896712005366292
0.012039050719146637
0.013107045024557043
0.014094127177911187
0.01499422823228904
0.01905917453943721
0.024448786803433632
0.023253225726444015
0.039661811896158077
0.027887752044303882
0.025456693072968422
0.02560854657920562
0.025680493406335294
0.025671868754656484
0.025583264680857584
0.027373143524510524
0.040393944519147226
0.021910206854764365
0.02095440676101655
0.01871023309537363
0.014984078339837689
0.014083394332788837
0.013095955155909967
0.01202784616458002
0.01088564895079936
0.009676400843696406
0.008407551610455994
0.007086917623863814
0.005722633777814741
0.004323103446451078
0.002896946794164407
0.0014529477539639165
