1.0
0.9989725854527283
0.9958941397184468
0.9907760398146909
0.9836371918337676
0.9745039478168521
0.9634099899352762
0.9503961825331821
0.9355103927392286
0.9188072805050695
0.9003480590739805
0.8802002270235775
0.8308214308110166
0.7708790411452879
0.7096626503936972
0.6744201993988661
0.6377769080505215
0.6182443873017708
0.5974769492076266
0.5945261594374847
0.562933556990431
0.5310154352666179
0.47077870700093244
0.42917993042006397
0.38717328577154675
0.36310493813552713
0.33856072534222453
0.33975708632987567
0.3410823911908233
0.3339538200796376
0.3002006862750958
0.266833281321188
0.23395677675898358
0.20167312991975342
0.1700806805333099
0.139273766327627
0.1093423593199551
0.08037172439209722
0.05244210162743679
0.02562841376529714
1.9679433422558669E-16
0.02437962278192753
0.04745297037168258
0.06916877240348827
0.08948212364992565
0.10835460493099786
0.125754373271656
0.1416562210946548
0.15604160438810816
0.16889863993921167
0.18022207187652978
0.19001320791218004
0.22310287404536538
0.2610742044950113
0.2974881010734014
0.3109478826103275
0.32398853455576593
0.3197741738775976
0.3138066718806512
0.28605985144323426
0.28432344303743984
0.27879898756656335
0.29915166232932927
0.2973371280088888
0.29334509874434406
0.2728803105412525
0.2526401299619378
0.21340410275419427
0.1745602292958731
0.1405515959584021
0.12883908052317353
0.1166724524079367
0.10413347464621704
0.09130375337943787
0.07826434592779981
0.06509537670314847
0.05187566279556148
0.03868235100081242
0.02559056798264985
0.012673085182488325
2.7680520742733785E-16
0.012361565328205776
0.024347745827529167
0.035898195646728324
0.04695632858088941
0.05746953627456687
0.06738938324713149
0.0766717780093527
0.08527711967004879
0.09317041956355229
0.100321397562086
0.10670455287113928
0.0931974409466887
0.0777309922672405
0.06961548220591511
0.0662657095115681
0.059359830039993094
0.06354543309362441
0.05312156776203771
0.0716697228743169
0.0637734754410137
0.06994567942594924
0.05072886529441871
0.06180903586744418
0.057153306487009344
0.06306507753826393
0.06601341815166728
0.06929586992856215
0.07954082627690774
0.0891969190277816
0.08219714680739866
0.07482035430154871
0.06711710121238261
0.059138962311214606
0.05093822132600454
0.04256756538062762
0.03407978162745148
0.025527457685863
0.016962687462071864
0.008436783880033358
1.4010510620422721E-15
0.008298740059596745
0.016412099049191664
0.02429457209091765
0.03190271856496265
0.0391953792737564
0.04613387787015495
0.052682205632238445
0.05880718876800777
0.06447863753738928
0.06966947658610831
0.0743558559953382
0.09021237709182836
0.10177142910155072
0.11320395362102254
0.1292021557444095
0.14718168723543215
0.16040775992300704
0.16853961897889974
0.15033041605527267
0.15500221264563765
0.14865900554551228
0.16470391459031458
0.15357054549533963
0.1362113253599799
0.11518850772978666
0.09594176271156804
0.08698776582656724
0.07877474507886113
0.06548986096701213
0.06049987700365027
0.05520449656085575
0.04963964052493525
0.04384237336355547
0.037850671909973196
0.03170319158088179
0.025439031390899564
0.019097499119955764
0.0127178779754409
0.00633919606914728
7.849146074231213E-16
0.006261866202463079
0.012409475561786669
0.018407024902624757
0.024220032755731348
0.02981552737365697
0.03516222387760958
0.04023068962729649
0.044993496981779624
0.04942536269936569
0.053503273308289766
0.057206595866655996
0.05720920494881037
0.06329061880937026
0.07125104124251114
0.060214121375523066
0.05462076483388036
0.05956503084056755
0.04493772280071051
0.05129860576556963
0.03577503060329993
0.05132022881164994
0.04503100442407157
0.059254709336438435
0.054980477708491314
0.06110640988189372
0.07429940295949033
0.06484070655978813
0.055400782629239156
0.05187727902217797
0.047993586651201105
0.04385524009181668
0.03948997423526661
0.03492661100535033
0.0301948767490661
0.0253252160199448
0.020348602879242634
0.0152963508448869
0.01019992261615966
0.005090740693764426
2.0426086898663765E-15
0.005041516417228433
0.010003617540090775
0.014856879372910439
0.01957281378612248
0.0241240302717849
0.028484389719773916
0.03262914937774991
0.036535098216767495
0.040180681986827206
0.0435461173132001
0.04661349425376672
0.0484352189060526
0.04264364514512006
0.0345444061023822
0.04846263452729878
0.0577413701620373
0.08463999650246724
0.10664682074579164
0.10006999231102577
0.10942646466031027
0.09908838745519227
0.10408251233369248
0.08003958760662254
0.0517626976604493
0.04601250160789207
0.035579908839293746
0.03928389859234665
0.043947672519340876
0.04307047863746676
0.039883901941636435
0.036479093000142696
0.03287863137833193
0.02910609616760642
0.02518591587948826
0.021143214447609436
0.01700365428408403
0.012793277347067004
0.008538345181071846
0.00426517889045644
9.475978507234005E-16
0.004231226855953891
0.008402948491871889
0.01249017407616416
0.016468621510453876
0.020314858443545945
0.024006437118552115
0.02752202229395157
0.03084151152596942
0.03394614715006249
0.03681861935330092
0.03944315978678809
0.05256084502607384
0.07043796889488806
0.09144838507634621
0.07147123216768163
0.06315811625639656
0.051665748848967845
0.04322454865892149
0.05197035848409807
0.03700579066790718
0.05193332208605559
0.04299993181899739
0.05092569634939369
0.06425113224702622
0.0727469409410563
0.09319395231112615
0.07018600836672578
0.05205499243360918
0.03692667386834016
0.034217760463380174
0.03131765050089792
0.028245407809627077
0.025021011314591127
0.02166522776058657
0.018199480544475025
0.014645715469340672
0.011026264246839668
0.007363706582083969
0.003680731678743087
1.4284345582051768E-15
0.003655993885695372
0.0072650565569727515
0.010805428289310363
0.014255912122852477
0.017595998694536163
0.020805986110945154
0.02386709417238734
0.02676157229694659
0.029472800534866336
0.03198538310894121
0.03428523396467427
0.03519387703286424
0.040336291386510466
0.06593961224849497
0.0670769087402289
0.041795166999812026
0.03971176353156716
0.06163682735943963
0.0661096120635584
0.07882335323221701
0.06537823365732792
0.05975031032330412
0.038334971454031114
0.044099936079902535
0.07077855706692195
0.06963390174122613
0.0410414389485939
0.034372486417926854
0.032412810856047414
0.030050316655057405
0.027517322639369554
0.024830357014186177
0.02200678902194974
0.019064718399569237
0.01602286105365507
0.012900431665655177
0.009717023953107985
0.0064924893234957395
0.003246814662534869
5.130132242397629E-16
0.0032280632073119703
0.006417712443588026
0.009549632433255312
0.012604970668224637
0.015565449480291654
0.018413474000505886
0.02113223537558311
0.023705808643461116
0.026119244705548467
0.028358655871709944
0.03041129449570819
0.047824580080374046
0.05943625190176314
0.08892664715917468
0.07234270302958563
0.06861575426534776
0.04271766205218146
0.03870191679991942
0.047972310523014594
0.035633398391227894
0.04781451471211311
0.03851414292307309
0.04213343189310844
0.06821378254745576
0.07064694790266045
0.08552816412113
0.05535371674138817
0.04602395422985158
0.02896962945826216
0.026868828375114322
0.02461377993509361
0.022219107024003103
0.019700210362087456
0.017073170655950463
0.014354647114387215
0.011561772961433668
0.008712048594938427
0.005823233049987275
0.0029132344336067614
1.2540852487112374E-15
0.00289859346530116
0.005764848289297862
0.008581352929304698
0.011331086723562362
0.013997521750359787
0.016564721191943053
0.01901743362329365
0.021341182673570498
0.02352235153832537
0.025548261854457317
0.027407246486221653
0.03109186298793121
0.03912548728279548
0.07178376369047115
0.08217291819805748
0.0595948930159689
0.04394421552480844
0.033491236913632705
0.0411053845777847
0.05422925612247116
0.040602960851901355
0.0327509437856586
0.04519639406344229
0.060128649710257887
0.0816262500666653
0.06920805367598275
0.03798283641012941
0.02981462377361841
0.026268079742024043
0.02437107680436194
0.022332853656680283
0.020166556388834554
0.0178860553662034
0.015505857279755524
0.013041013712292644
0.010507026791996133
0.007919752519503368
0.005295302366406203
0.002649943750818514
5.602072336673006E-16
0.0026382495895449745
0.0052486689873555295
0.007815363359241883
0.010322775102728325
0.012755777411732809
0.015099764812141108
0.01734074013054901
0.01946539738242533
0.021461200092846903
0.023316454592682966
0.02502037786560348
0.036484178230721365
0.032530565122139914
0.055120690495885895
0.04821158900207319
0.05627881281530687
0.03444349943681564
0.03563599503386889
0.0402134919899627
0.031855115897396806
0.03999113688018456
0.035488202187620166
0.03369360471261329
0.05422811016564167
0.04387839454219083
0.04874071176582755
0.02793608006892147
0.033932750838508934
0.02410201114996406
0.022367460989531983
0.02050230555744283
0.018518518518523104
0.016428752422941856
0.014246258644899047
0.011984803983146395
0.00965858444442197
0.007282136745884541
0.004870248084481551
0.002437864729542444
1.1642355332168414E-15
0.002428357810790644
0.004832337001507162
0.007197272964718837
0.009508797076711113
0.01175292343993986
0.013916132957620514
0.01598545423832525
0.01794854084947966
0.01979374446275979
0.0215101834610273
0.023087806605616667
0.02292767288680728
0.033476726756687836
0.045152539824768315
0.06642860888624372
0.05479708740135152
0.05619914056939357
0.03119194908412783
0.027141988491878787
0.035433650117764545
0.02697145786400167
0.03153017736844899
0.0565438254326216
0.053357539749815774
0.06316142030963812
0.04027624659231422
0.03291519623022992
0.0211074939012353
0.022335777788464576
0.020733088768746532
0.019008557644271805
0.017173209640044474
0.015238710305108729
0.01321729184971493
0.011121676278229953
0.00896499579792763
0.006760710998606921
0.0045225273098714784
0.002264310251769646
9.648842272211764E-16
0.0022564742107760855
0.0044912793225900995
0.006690762809971505
0.008841535644206023
0.010930553364365946
0.01294519476696097
0.014873337741865332
0.016703431801372265
0.018424566870799176
0.020026537933306138
0.02149990514810331
0.027231786984825566
0.016106833660976864
0.02376801349092984
0.012873472342121647
0.03474567502087221
0.02184552405988692
0.03139840652441753
0.03089307833836889
0.027850904002247233
0.030656396572855137
0.031086880775485094
0.020683420108680517
0.03291945519045859
0.009686957468889328
0.02409979061193269
0.016057356854048146
0.027066753774281322
0.020876550878775164
0.019382415367129605
0.017773746605174598
0.016060791128659473
0.014254402945589054
0.012365975136844454
0.01040736837305542
0.008390836793721566
0.006328951709568308
0.004234523600868208
0.0021205228934427413
1.9097593750490437E-15
0.0021139948823764693
0.00420849172806145
0.006270679904201841
0.0082879861757568
0.010248151021480132
0.012139302799504424
0.013950029315998376
0.015669446367282167
0.017287262845734144
0.018793842021817143
0.020180258639176295
0.01625999693840915
0.030065009410665176
0.018997039197062852
0.03891187243447586
0.037927850618928276
0.05365338140241884
0.03779363361025482
0.02607050820902528
0.02618914004394788
0.026146916718434367
0.038003515567563616
0.05290769451212717
0.036253678173257746
0.035704248378735655
0.01720375143844844
0.029119863844012123
0.01588988813810789
0.019658737610334723
0.018254951168104067
0.016742774869489725
0.015131808464324928
0.01343223112505375
0.011654737426117294
0.00981047034624703
0.00791095171135175
0.005968010510535316
0.003993709529246932
0.0020002707528275743
2.550890270511926E-16
0.001994788750870305
0.003971848879048339
0.005919076020934204
0.007824581895463058
0.009676766606715232
0.011464388985830977
0.013176634547163626
0.014803180649465718
0.01633425847110805
0.017760711428656928
0.019074049690994806
0.031190225712736653
0.017663509009813012
0.037448330158904926
0.019752345405799804
0.02461786744063096
0.0058903770656397085
0.02304648921737959
0.021814782696683882
0.024785200051646854
0.021605014913342827
0.02252750977550079
0.005047855566143378
0.02447530303239377
0.021730000489911194
0.039028920092572285
0.017577754560075525
0.03257269203514355
0.01863475161966305
0.017306785855206966
0.015875622498042228
0.014350319253919334
0.012740489276206763
0.011056240820024495
0.009308114012788634
0.007507015135160814
0.005664148820684663
0.0037909485941293323
0.00189900617758797
2.638402809554521E-15
0.0018943766504783985
0.0037724873907046055
0.00562282398444724
0.007434076627064247
0.009195202845304683
0.01089549459368869
0.012524643141230637
0.014072801356567221
0.015530643016464759
0.016889418781758925
0.01814100850586324
0.015633281820455862
0.024075914164810253
0.01350023983127741
0.01886980881606872
0.025314781726557944
0.039746077526609164
0.038476042530132315
0.029585508836941735
0.028017297934094104
0.029657271776772784
0.038321275814753704
0.03848741565007797
0.024701882380596212
0.017543015543896628
0.012887334497421283
0.023388693595587953
0.015306174819520983
0.017769308106983895
0.016505344286025854
0.015142585844550114
0.013689633232423318
0.012155621864995622
0.010550164881392432
0.008883293100555356
0.007165392548764225
0.005407139946453232
0.003619436553901051
0.001813340784370903
2.5218943851052838E-15
0.0018094180900295738
0.0036037940082476374
0.00537212464446981
0.007103590532064552
0.008787621854595752
0.010413962781400714
0.011972733741572667
0.013454491259358612
0.01485028498961849
0.01615171160994036
0.01735096524590511
0.03561230629120845
0.01609905571266711
0.037565716491138455
0.02642789349994501
0.023315793951799172
0.013069784584749044
0.012774474631045581
0.014712960375326057
0.022305192281905212
0.014579907996568008
0.012393893657428942
0.014023267382584526
0.022889942095761485
0.025888768864254907
0.03572933687341135
0.015907882448198348
0.035451141286217035
0.017035768917316327
0.01582602400083135
0.014521222122822195
0.013129576318166306
0.011659817132507197
0.010121138014666936
0.008523137976577663
0.0068757618774491994
0.005189238702477993
0.003474018218227313
0.0017407063958146838
2.94870428911545E-15
0.001737379253523768
0.0034607505683611484
0.00515953956148743
0.006823342980658631
0.00844199224995733
0.010005615456471753
0.01150469740099369
0.012930137348571506
0.01427330412917126
0.015526088255907875
0.0166809507467465
0.011332710266995583
0.023635782065332126
0.012872561966275398
0.01739288560946532
0.024665074179670583
0.02392465264930328
0.0327138324808749
0.030835364592891115
0.033449103225470476
0.030821043569696744
0.03230686391408047
0.02300338651233485
0.025131510893651624
0.018287444225707054
0.014363695273321653
0.02399552819778951
0.009824708274479921
0.01641372860143075
0.015249972865771611
0.013994328584079377
0.012654679837937445
0.011239413419892933
0.00975736646651131
0.008217771418266021
0.006630198648219226
0.005004497114996246
0.003350733407390133
0.001679129556641761
2.8148837989670993E-15
0.0016763119168741564
0.0033394975084837797
0.004979345999414596
0.006585807068184109
0.008149052303016218
0.009659535194493873
0.011108049299679991
0.012485784224256448
0.013784379082912334
0.014995973114486276
0.016113253146074463
0.030927437064902367
0.015794982989253102
0.02233050350252331
0.017821887473458718
0.01555736617292517
0.021839860428521936
0.013531666873986804
0.01186927742510651
0.019213357558056036
0.011866390542435733
0.013969055996040617
0.022092109243249766
0.014461458562649363
0.01668025658501479
0.020350531125754846
0.015795021215277434
0.028982972337824344
0.015887378229220345
0.014762581844747241
0.013548571158444808
0.012252950983886204
0.010883816402482854
0.00944970230320675
0.007959530298467911
0.00642255334560457
0.0048482984169599085
0.003246507573136565
0.001627077802792249
2.680399581045474E-15
0.001624702545491105
0.003237035767177586
0.0048270961718927755
0.006385131545145897
0.007901600640551523
0.009367231488452104
0.010773077968525328
0.012110574301540842
0.013371587129262959
0.014548464866398186
0.015634084025901097
0.007923503574411022
0.02300387382886237
0.024851803899030134
0.024410806415628348
0.03057880222027501
0.01873333931345481
0.023452112254174
0.028712519417689205
0.036755933253635756
0.028624990735235247
0.022952353036801227
0.01897505886112302
0.031140963985781072
0.024875661074687465
0.02610366161666616
0.021965715352984094
0.009648664384935167
0.015444371757690428
0.0143524401935076
0.01317353335992392
0.011915019650558396
0.010584747402738086
0.009190996056046575
0.007742424727153405
0.006248018519872523
0.004717032902415587
0.0031589364957656657
0.001583352625868299
2.204586273640477E-15
0.001581367127952974
0.003151018935385487
0.004699309784057417
0.006216737382103107
0.0076940009926893
0.009122058333469909
0.010492180819405353
0.011796006812018098
0.013025592550942626
0.01417346045796404
0.01523264452058633
0.01949947564147952
0.017071111143130313
0.017182275324054395
0.016808212174230435
0.005138818516857847
0.02017995321220948
0.023118461991911927
0.013533371171044742
0.014701459943230251
0.013603502928850642
0.02354670439220751
0.019645079674472862
0.004577607302327793
0.017898045942643482
0.01764829815492752
0.017979030446602127
0.016994119657225616
0.01507502617165029
0.014010597974014598
0.012861044675941811
0.011633535736643807
0.010335712165390486
0.008975639047641095
0.0075617555188952496
0.00610282249601493
0.004607868489194845
0.0030861338289849857
0.0015470136525547009
7.565784733553009E-15
0.001545376622721155
0.0030796058553041743
0.004593255909150811
0.006077031449697191
0.007521830580309246
0.008918800579127736
0.01025939204803027
0.011535411143220304
0.012739069568689828
0.013863032028232553
0.014900460847374482
0.01903942316667414
0.013988894894837369
0.02532984333861799
0.022666695872842257
0.03379266875077275
0.024932462995644576
0.013620866901163889
0.024552793420643277
0.036259981445367455
0.024441646090800916
0.013165750343490594
0.025468925127958047
0.03375732921929396
0.021503755922138528
0.023712854735721454
0.012016178107203367
0.02116748906304536
0.014771748995773323
0.013730038049235359
0.012604699581216218
0.011402737382906794
0.010131620185261573
0.008799235330315415
0.0074138399131631815
0.005984009696887874
0.004518586115973532
0.0030266216949498266
0.0015173242190175554
1.0866638417476001E-15
0.0015160034130019542
0.0030213547264766193
0.004506796245605697
0.005963200715943053
0.0073816273150942
0.00875337645160924
0.010070043035633346
0.011323567895697093
0.01250628702761053
0.01361097837500012
0.014630905856401292
0.007929993067893732
0.02468139660884325
0.021052900069157353
0.026271593391909508
0.008141146211641123
0.010126181558185784
0.029080517858174483
0.016328273894466873
0.009585890559353502
0.016389055322171723
0.029216389080201105
0.009308108995794581
0.008814986418866095
0.027266057471916138
0.021843823797444723
0.026085398736084533
0.006117924677694415
0.014528624515087801
0.013505294387044401
0.012399509771533146
0.011218138743402727
0.009968509378504282
0.008658364370338848
0.007295813132382432
0.005889281682093986
0.004447460615544058
0.00297925149370914
0.0014937119704648205
1.96404887188818E-15
0.0014926825331026802
0.0029751464147137743
0.0044382715853831835
0.005873063161206678
0.0072707066476943695
0.00862262200837732
0.009920516256837998
0.01115643425042241
0.01232280737482156
0.013412499822261488
0.014418852180570782
0.026559539381918466
0.0051511332307000515
0.009815439074256195
0.008607147000761659
0.030646136824773487
0.030541464927813226
0.007687643066861397
0.02061121143213857
0.032005382448842455
0.02053457267421574
0.007704890477333526
0.030775908952835187
0.030064674423108926
0.0064583523385564985
0.008319404140378074
0.004862119049100985
0.02696802962718115
0.014341113543080989
0.013332175107207304
0.01224165183063051
0.011076303439814776
0.009843346313628211
0.008550408863450754
0.007205484406089616
0.005816881820235981
0.004393174290420349
0.0029431464544557072
0.0014757402795424314
4.4302084981465265E-15
0.001474983544649777
0.002940128829362053
0.004386419477513605
0.005804959666121921
0.007187028762767246
0.008524134858659898
0.00980806687014879
0.011030944889171376
0.012185268474427552
0.013263962587804294
0.014260420895062543
0.0048445735697399215
0.029038380010686
0.028555282478436993
0.03145405081853429
0.014000549168906177
0.010396211489929625
0.028717641155717382
0.018066787848958966
0.009341438655656108
0.018091049433598516
0.028537474869332287
0.011337681053629107
0.01448702346364283
0.031586763608582036
0.029877100326251644
0.028639101545240634
0.006313693039852867
0.014205836626893658
0.013207562550505014
0.012128285123687098
0.01097468111293818
0.009753882124997403
0.00847343058241636
0.007141233191077088
0.005765512186423035
0.004354754658462846
0.0029176602675242964
0.001463087672359457
1.661404575054391E-15
0.0014625903073997209
0.002915676929887847
0.004350315050561735
0.0057576763400998465
0.007129103207224228
0.008456161982296952
0.009730694707845766
0.010944869218251703
0.01209122720186187
0.01316272995076602
0.014152801518089302
0.02481357180601491
0.00908686433306805
0.020757161657196776
0.012673024247297457
0.024280734713155047
0.030708413547824213
0.013501258154667465
0.018693050201219565
0.02487507804043172
0.018673311649955022
0.013949061150432769
0.03044013466648337
0.023666777091353
0.014921004061522525
0.023580612306923838
0.010735649891173175
0.02345713441246302
0.014120420498242308
0.0131292717809502
0.012057423013998678
0.010911491925409033
0.00969855077960698
0.008426082790694548
0.007101936019159779
0.0057342750353442315
0.004331530647311503
0.0029023480018498813
0.001455533378037831
3.3453827234092374E-15
0.001455286797784273
0.002901364716140287
0.004329329608800664
0.005730390233526794
0.007095922300625341
0.008417521487006982
0.009687055090150299
0.010896712005366078
0.012039050719144942
0.013107045024554618
0.014094127177925964
0.014012911674308397
0.022258054909522366
0.033684891063423594
0.028339646256380066
0.018519810649342848
0.022970997034682045
0.022788913362150474
0.01846386509577821
0.016379693604150404
0.01846389332416095
0.02238784967221803
0.023766634398470172
0.01896911453086938
0.027216400191835487
0.0332834674569045
0.02024902322178351
0.016082210423083984
0.014083394332787443
0.013095955155913493
0.012027846164581317
0.010885648950795208
0.00967640084369268
0.008407551610466133
0.007086917623868132
0.0057226337778140905
0.004323103446452978
0.0028969467941662806
0.0014529477539603382
