1.0
0.9989725854527316
0.995894139718448
0.9722584161308573
0.9558650210355647
0.9467349325014118
0.9356448328922622
0.922635587561079
0.8986261673392215
0.85441672523412
0.8451379815144093
0.8068682562481838
0.7671522502555976
0.7437899187810271
0.7187799634668709
0.6925710109577622
0.665121773153185
0.6365576050419887
0.6162321823021513
0.558354339231729
0.5270500179667138
0.49504850213276175
0.48965522429294955
0.44729014835671127
0.41391769570940345
0.3805057541526378
0.34722100572693626
0.3149029582517467
0.28240472878262113
0.2650296350321073
0.24810788668802314
0.20785940122989283
0.1995918734239288
0.17431248524948836
0.14275619199576192
0.11199325556041538
0.08212097838160617
0.06201883323163557
0.0524421016274365
0.025628413765296693
0.0
0.024379622781927728
0.04745297037168277
0.0875370654000099
0.11671994743114829
0.13555039309990652
0.15291141516125714
0.1687763936582373
0.18871506783250072
0.22493749588298487
0.22943072389907607
0.24931373530419132
0.26780194972468885
0.27794628364896634
0.2887696354715387
0.29525925378289264
0.2997756089137392
0.3022411341736481
0.29345958114707427
0.3171758985088678
0.3144139518580385
0.3095474716879025
0.278577258319106
0.2799568911834295
0.27006804029519854
0.25806699322256677
0.244038976930542
0.22440756712298063
0.20665344104572042
0.18896149064093792
0.17303224668853398
0.16507309006162554
0.13226060071370688
0.11760184084374753
0.10456214097829883
0.09140672989498488
0.0782215282861664
0.05677250613677237
0.025590567982649803
0.012673085182488504
2.400740138881383E-16
0.01236156532820518
0.02434774582752829
0.018575219069539833
0.023644352063520748
0.033586343382842894
0.043245577885338476
0.052397059225114735
0.06930263083508717
0.07984267597685418
0.0800566373313256
0.079141494931391
0.08282025508716058
0.07930720975201927
0.06868978638721052
0.06555024654866691
0.06436126140986778
0.06610252551047954
0.07622702804407303
0.069355271409673
0.07077138036476803
0.0688464723283671
0.0737317293022036
0.0624916758423685
0.05958906697783465
0.06058499189020394
0.06461740596631717
0.07837234652153384
0.08424236312035058
0.07781902759888827
0.07551474233959028
0.07909492405129212
0.06114121020211753
0.03773670267520239
0.030242978614240513
0.023041420901122642
0.016805618664735834
0.010314709827268693
0.016962687462072277
0.008436783880033334
1.6111163756835735E-15
0.008298740059596766
0.01641209904919162
0.04185294475585896
0.05637951428771678
0.06342342620791795
0.0701545837414145
0.07652472351952985
0.07328717092391866
0.08816445663491622
0.09461561590384272
0.08140317002108953
0.07072877831651393
0.08231510017043255
0.10675148031307874
0.12149804501711556
0.13470199710984282
0.1450190938876285
0.14259767793640926
0.16132962112292448
0.16311887675265904
0.15905522925046786
0.13846299815779584
0.1383534096772625
0.12502607228491291
0.10843149065606547
0.09046840098049622
0.06335439394503277
0.05426436354433128
0.0647930574399375
0.07834372313860387
0.06901707645172324
0.05779893187762785
0.06622202245337999
0.060361663156195795
0.05440033803712948
0.04839793687701904
0.03617214292552343
0.01271787797544118
0.006339196069147208
3.411891956297201E-16
0.006261866202463326
0.012409475561786407
0.008559782524092832
0.017541552421679853
0.019928667696843812
0.02330895582705215
0.027144428983576583
0.0554265741689697
0.07888634021233386
0.07519398669615962
0.09234608032377153
0.10732051854897201
0.1006199370125912
0.07988774304182225
0.06687866755993162
0.05626937960109841
0.054098962336270304
0.06269902815080465
0.06917015536325918
0.07155006120659747
0.06914114240362744
0.06266114312016445
0.05437282085174442
0.057750122212502836
0.0701181117218335
0.08457504246200084
0.10452293851378337
0.10954243257168819
0.09454079629891259
0.07464147315580026
0.07629716193885613
0.05321463970246588
0.02611124478351125
0.02313912708244273
0.020723073948797865
0.019185069799994053
0.00963847076677821
0.010199922616158515
0.0050907406937654755
4.105079859221733E-16
0.005041516417228602
0.010003617540090654
0.031175680944858505
0.039939346860112294
0.04391559808138116
0.04779970484953648
0.05154222784972421
0.03132920221824948
0.030123340344204587
0.040313777509466346
0.04360879492680862
0.04843255888452867
0.03151019577218862
0.03211471537853384
0.037151255533132296
0.05420464783564578
0.07158934263388173
0.07573040729408975
0.08672592528693536
0.09162502083770994
0.08518483689886494
0.07301295533741917
0.06712614418299595
0.047868254969061816
0.029974916263159384
0.029561144638254985
0.032516857807947344
0.04803822208563608
0.04074863851117556
0.030153731408750634
0.019088610415143453
0.02361924844472971
0.046191345595233635
0.042616485439398354
0.039024073858472154
0.03547290955740403
0.028487762292726548
0.008538345181071045
0.004265178890454372
1.793228487119268E-15
0.004231226855953273
0.008402948491870763
0.011306469786237843
0.021029079851298163
0.02234840582839035
0.024163493851205975
0.02629185053813305
0.045105945886601696
0.06332701563765489
0.06817741995371036
0.08174337239271255
0.08949024459548524
0.09972126735995732
0.1009393658657312
0.08974841663291101
0.07305938651637295
0.05946207969044081
0.0606175465445116
0.062322722289580273
0.06138407024753667
0.062041850763094444
0.060424357084339984
0.059893985447487634
0.0744492123378583
0.09124596120499431
0.10102338728534743
0.0937698059330896
0.07880752416791718
0.07272386476219372
0.06456792727303594
0.0568996179913538
0.040439966542880505
0.026612742288278833
0.02469186073528005
0.02302185960138452
0.021718811578473576
0.012313165929161698
0.007363706582084361
0.0036807316787425244
7.937464769829238E-16
0.003655993885693603
0.0072650565569701755
0.025576546451447323
0.029687565296657347
0.03209091439384546
0.03452566555364341
0.036937267253322005
0.016676745705081698
0.00761455952033738
0.006604911089805173
0.02417844021130513
0.030438833629936102
0.024447093664264244
0.03075830436670364
0.013652353021515467
0.006131515778456498
0.0244974107691611
0.03172343569533427
0.03809576393406862
0.04546059399616791
0.037326946445070036
0.03025785790320883
0.022387603277554076
0.004583957727821907
0.014655073300692958
0.02951917521021401
0.02138762978772341
0.02707764560682178
0.021333072532997824
0.00433552651411153
0.011291982496683497
0.017915098229255678
0.03307861673349536
0.03071181999665056
0.028402228078167353
0.02621310137231076
0.02375284444603858
0.00649248932349431
0.0032468146625329246
6.111878005590104E-16
0.0032280632073151587
0.006417712443588867
0.013331891878793635
0.022027943201719725
0.02347603499832067
0.025142705026769695
0.026939200196181207
0.028209929241373582
0.03969333677460495
0.05086473636185894
0.03823333500569483
0.03782687782300354
0.05471329463180216
0.08534187230870968
0.08847717457388254
0.07885125110636285
0.06250368357109029
0.0553917993125786
0.0491294957908347
0.04216438856425979
0.04876088855686079
0.05505354633684659
0.06237469445568199
0.07830493064670566
0.08628821605954824
0.08046774448527172
0.046595373489715236
0.033003820434095166
0.03186404901720203
0.04578424243534039
0.03427487095157399
0.02324258997865835
0.026841933522203067
0.025060302749265594
0.02336459884741075
0.021817062511968056
0.013864055436724271
0.005823233049990078
0.002913234433606383
1.0467521450731397E-15
0.0028985934652989345
0.005764848289297469
0.02155777205754657
0.02138175764228358
0.0227833173430864
0.024313991606619876
0.025911636459565106
0.022264598746427437
0.017026460920714657
0.015379478729452818
0.03212818479728482
0.03298054101067192
0.027035217205268997
0.010684366614109445
0.011888636722806819
0.016713258676724515
0.020632883984489578
0.024638690765625724
0.03139399908859903
0.039241604509146835
0.03167114903324947
0.025232953610727558
0.021481915896818277
0.017459124012568803
0.010379038824793085
0.006686073552899762
0.03003285342091168
0.034167114426825275
0.03508927886348406
0.01808182808159361
0.01705589605620106
0.023261676248596843
0.02280099656597958
0.021172495519395828
0.019668644629317108
0.018361660291402983
0.020069542602548115
0.005295302366408981
0.002649943750818367
4.70132239975517E-16
0.002638249589549033
0.005248668987354413
0.014335632793930625
0.020975418282454174
0.022610974291617136
0.02432457952867931
0.026065033662174872
0.016969222162930845
0.026627450432838998
0.03112901097512329
0.030671013787206644
0.03170784769408006
0.02398054971006392
0.05134240061429459
0.06329742776177032
0.06491209651123869
0.055304074129175554
0.046872036745914704
0.03314486223039993
0.022460409974538256
0.03271503289452559
0.04634078498939307
0.05430228876680397
0.06268707330264685
0.05952156636138217
0.04708909344531324
0.02260182863189941
0.03121018539925633
0.031852535345896944
0.02701335569283699
0.026183937757871825
0.017963755286317464
0.02542551743005558
0.02364038689355392
0.021857430506045685
0.020113750273994046
0.014527437113819782
0.004870248084482881
0.0024378647295408844
3.3766709819945436E-15
0.002428357810789427
0.004832337001505047
0.018175552828843863
0.01410103674889414
0.014867136052530898
0.015860217153509236
0.017002381264962885
0.022439308496658827
0.013260002179903039
0.021788829651351285
0.03094159709139185
0.027563542233124207
0.03335991355190163
0.018725024467030085
0.01360353332212146
0.020946639229918147
0.02827827059406069
0.035981636714596046
0.041052122075749264
0.05133316884161077
0.04116397099031616
0.03633806229615223
0.02847863466645633
0.021403821041404633
0.015835156210490968
0.021454653931220563
0.031829158502593796
0.024873975306972072
0.026119562017429012
0.02175698727887801
0.011410661921170634
0.020805258805889976
0.014557574638110585
0.013303763018352144
0.012234972527548342
0.011447564836044775
0.016837626063179026
0.004522527309866544
0.0022643102517683742
9.658574058956263E-16
0.002256474210777323
0.004491279322588778
0.014605422477351748
0.018445152378158764
0.020174544550064576
0.021904254224311057
0.023603972165587343
0.0250310051625605
0.026662320234655233
0.019370468968356685
0.03277366805162391
0.02521047904614496
0.021511019771234832
0.03215217264511452
0.03640630810042937
0.040426768422445816
0.038499944187475314
0.034588893699081254
0.016498600039380012
0.006490857248977568
0.016171174892432714
0.03391228186031628
0.03707873106317355
0.03800801412097927
0.033971332242748724
0.03062790272441521
0.02176754125112935
0.02371320166000083
0.03290196930771803
0.018583449494229267
0.026190392770605357
0.02823885085287086
0.022516789389068984
0.02075136478375785
0.018945665438438553
0.017121939891368034
0.014544457593537877
0.004234523600871258
0.0021205228934394597
3.0653301970606964E-15
0.0021139948823747884
0.004208491728064304
0.015085785238908037
0.007814079139828274
0.008385839287187483
0.009302666558448512
0.010429086009845805
0.014811437163769432
0.01136751514398413
0.019158897847392206
0.0078051528301391684
0.021124151840078438
0.02288766576202635
0.026975529330304004
0.027173376347233907
0.027766225464256184
0.028664132419560284
0.03797682817567296
0.03929734187244586
0.052378280087892276
0.03910712831696006
0.037819567092451774
0.02860601468870885
0.02850325430379164
0.027778210067693883
0.0264637753708002
0.021899577264360093
0.02122916659959563
0.006940149679093637
0.0178645274887959
0.013476572730482129
0.011771440851833301
0.009062987665456311
0.007725898133942162
0.006557308245122882
0.005729570044334633
0.013823045624415982
0.003993709529245635
0.002000270752827076
3.063837094033535E-15
0.0019947887508697617
0.003971848879046554
0.01431959867167724
0.01488632231497281
0.016604617650834593
0.01828262356611344
0.01990274070262221
0.03352931930503667
0.021369251010857675
0.01895278508247196
0.0317922111653688
0.019565704616773757
0.021694944894284904
0.023256329040082332
0.023964917045291974
0.020643759612235864
0.021842510476685544
0.022027838908223917
0.017096420327087032
0.005776372480024815
0.017425609299879016
0.02154592466982755
0.020999684544586873
0.019366808436791852
0.02341894731596799
0.022216944807383024
0.020838927424472426
0.019466779603833192
0.030004892714662897
0.01914748710915487
0.018244542414352406
0.03454236978823286
0.01850648445076813
0.01681293678924711
0.015061787719973197
0.013266639525062397
0.014057793108210969
0.0037909485941307925
0.00189900617758869
1.7037412152749316E-15
0.001894376650476986
0.00377248739070451
0.01214779879523184
0.003665934784576378
0.004977276410698118
0.00646885975620287
0.007992002494843721
0.006841720820724944
0.019559585397650094
0.014665955465497186
0.016476763523981627
0.01906586821264994
0.022457490522426425
0.02200678089915627
0.024663447825006218
0.0319841463933553
0.028170705753353276
0.031807643461055135
0.028185483885960337
0.04058900735759728
0.027845667798761138
0.03138550522264332
0.028144919763748565
0.031927030318675546
0.02340410567667966
0.02177378383057863
0.023127916222510165
0.017857917375931707
0.018832397823207135
0.014216392104620971
0.021124840226078592
0.0075784465987207
0.008307083196904826
0.006770324272122959
0.00519157368906414
0.0036080560217663024
0.010930246273624832
0.0036194365539017324
0.0018133407843685626
1.967739448741217E-15
0.0018094180900301686
0.0036037940082497377
0.013586062568945418
0.010711259920228753
0.012339551869336784
0.013913183986691006
0.015421222850386093
0.03375732921930195
0.00873514133084712
0.018206289816795233
0.01810998610806923
0.024114456446476536
0.01451005242520996
0.01940570905898611
0.02451671121120142
0.01445208048731984
0.017337063632746706
0.018151644986924755
0.030628852890821207
0.015726948375453163
0.03090233918800802
0.0182654333069811
0.017411167960220224
0.01456006493746776
0.025192923226278804
0.019165861624921992
0.01381376782457911
0.025371437297887225
0.014023674408671801
0.017385936757387397
0.006837866145083562
0.03215454820193575
0.013892096451060064
0.012306828753554658
0.01066234982726756
0.008968702710102174
0.013157208679355641
0.003474018218226413
0.0017407063958147484
3.5231000949300067E-15
0.0017373792535277867
0.003460750568360701
0.009308754272797797
0.005124634266990778
0.006788401149891564
0.008398152904030903
0.009943875006102127
0.013216520684061301
0.021887888799647107
0.014655944972852617
0.024829432139564015
0.01055847102196693
0.025335631485622588
0.024032863206096985
0.013229999801785871
0.02814060591162431
0.027213766904479905
0.023187395424630903
0.014285482720840886
0.02420458206167182
0.013953899079144521
0.022792670492449395
0.02707716269315201
0.027505632195425563
0.012010698517005442
0.024529999345191175
0.024987729740113186
0.008704605819042708
0.02550303095868263
0.014992966465742351
0.020820149177145187
0.015645276017084372
0.010911115801062486
0.00947616239441387
0.007983601591778742
0.006443000552397621
0.008130052198179114
0.0033507334073873112
0.0016791295566391817
6.617269205042E-15
0.0016763119168772898
0.0033394975084831595
0.012477227844087828
0.0063998623313793
0.007916840664761792
0.009381150587274121
0.010783588760798261
0.02604708841087313
0.013805549764295265
0.014803790247690829
0.007168231150619131
0.02632807700326369
0.016907940764707717
0.015263861025473675
0.029685838766808924
0.018944485541826313
0.01790428386399105
0.021994548340521086
0.03647184273382396
0.02273483614466113
0.036471216093362305
0.022166829627925513
0.0178066717967934
0.019617881628193022
0.029971219664841946
0.014083977653952397
0.0182391169865258
0.025914602545800074
0.008484553858107204
0.014504774633531529
0.017534321527487805
0.022690179619714455
0.009407227858618644
0.007931550556302916
0.006400442340014825
0.004823623413003194
0.011906127289583235
0.003246507573133088
0.0016270778027919586
3.82367115283264E-15
0.0016247025454949882
0.0032370357671760303
0.006567074373608345
0.008328727436185183
0.009884813604615
0.01139011380500418
0.012835590516792008
0.019632962923629486
0.014900041580557967
0.014847739728258095
0.020991214597959128
0.015006950592386386
0.016462268501858675
0.0258030160610071
0.008967121543179994
0.022389015799678013
0.025322133788391946
0.017260381414947575
0.005759617825666249
0.02119862312468203
0.005814603560155448
0.017095052366749797
0.025230010563004186
0.021978222649466153
0.009290973286602486
0.02585056924582627
0.013414631862598034
0.017854730789190466
0.017745981817106755
0.014162107610072402
0.011780655057186819
0.020450306513245836
0.013633456822472955
0.012279285208998006
0.010871889243297036
0.0094211723002176
0.005442646029889983
0.0031589364957629825
0.001583352625869892
1.9707544979035772E-15
0.0015813671279492185
0.0031510189353853232
0.011048028794137613
0.0031303709593862366
0.004496527657602611
0.005853869929150959
0.007170296999345995
0.01416671093545557
0.025058416867738423
0.01700425338652083
0.017624425993604916
0.023556046509506046
0.026797452481298126
0.010237075606956652
0.0277346934568682
0.024633635619878386
0.014972575221184644
0.0233102754379129
0.031037307005632248
0.024386330723074636
0.030776810421801745
0.023256367562204977
0.014670060488161475
0.02494984310244522
0.026854087337921075
0.010831347981458555
0.028956059241531638
0.022401922280159477
0.02097769479168122
0.018723322022956044
0.02665858892836441
0.010641491153293922
0.00659524079691086
0.0053290054638902105
0.004093106808064454
0.003009459061908358
0.010355264064159011
0.0030861338289870682
0.0015470136525514821
3.157389536114E-15
0.001545376622718805
0.0030796058552979427
0.003987349361763439
0.010739526186383193
0.012171339469043686
0.013562587213293432
0.014902510829452374
0.020244470105968495
0.00318975689867894
0.009804258691259182
0.005030641910430088
0.02052961209488319
0.0043413219627986
0.025556145232040497
0.014223026282625966
0.019255573857566866
0.025324375159671817
0.016393275150798026
0.014490746732947247
0.030361225374681142
0.01475870799281133
0.01646379472948212
0.025403273846809373
0.018979507855268727
0.015146596218714614
0.025272093842847863
0.005747872815886155
0.01857556120277776
0.0030483779575570273
0.0076171562087709345
0.002678626557806627
0.019365152317936694
0.01530337725637956
0.014032418771959538
0.01272160237874549
0.01138462070868525
0.0030005206930561927
0.0030266216949477007
0.0015173242190187957
7.809134653275543E-16
0.0015160034130009283
0.0030213547264752254
0.009345664523953304
0.004318895808880214
0.0049338720721139664
0.0058025927415274545
0.006794453949822639
0.0051454599770179845
0.02727001990370641
0.024276787199212002
0.030199752142411433
0.018334039776150116
0.03554249292952487
0.016414669160832333
0.01892066448543436
0.024942385052403086
0.011547488780111631
0.020982758765969303
0.01865194821588133
0.019171781118704944
0.018357380003090135
0.02084187823160503
0.01139916222459052
0.02466604822064056
0.01779207165235015
0.017111334845586208
0.0355358099205122
0.019592487001380075
0.03130840166025905
0.025817208358855374
0.026276464525366347
0.0053465409697129665
0.007452489119802525
0.006635132017802574
0.005970005347234125
0.0055525325651733315
0.008550689778093713
0.0029792514937045734
0.0014937119704642988
2.8761552956927128E-15
0.0014926825331022615
0.0029751464147101526
0.0019682890133362577
0.011984291542845561
0.013235658690127897
0.01446963726744208
0.01567081946811715
0.01615555128602621
0.009435712827824636
6.318972340165073E-4
0.0029781253992469158
0.009018308039177117
0.005216486661087259
0.021286730744420057
0.020914359246268777
0.016497263764350494
0.025809517921068476
0.018699068119113132
0.024055938816599714
0.033681338775654546
0.02424479005010322
0.01882975524796862
0.025731722013895064
0.01629079212821854
0.021432259836521722
0.02026547629818511
0.003065933084011606
0.009766929441898033
0.002412445405107398
0.0037516845540368337
0.01151684808801578
0.014611393876503575
0.01562138078455562
0.014467942185367847
0.013299177206288435
0.012135139850996329
0.0017432670757178076
0.0029431464544597743
0.001475740279536359
7.655589355869516E-15
0.0014749835446491114
0.0029401288293623004
0.007416889595031086
0.007412457701760975
0.007906460974707843
0.008579902099879499
0.009369668604423988
0.008549721043995383
0.021660114684896835
0.02832841442305301
0.029709828701964553
0.030299855034843646
0.030087751864230856
0.01839721801614238
0.01268150722906326
0.021239454141898352
0.01160472579766422
0.019270077433684103
0.015278808693297343
0.010366480792861503
0.015450551271680461
0.019266416457296792
0.011801318896668654
0.020863931501423922
0.012507699160290948
0.018313752451972868
0.028755149226974742
0.03185176070983236
0.028557621319458087
0.028312418899295904
0.019675387131444178
0.009655547375275823
0.010374382875223034
0.009657169091549478
0.00903347035118862
0.008549945756646846
0.006541941810299211
0.002917660267532091
0.001463087672368504
3.1335926738194113E-15
0.001462590307403531
0.0029156769298958403
0.002377287991978807
0.011990210856437023
0.013001787775703069
0.01403224143818332
0.015059448309376134
0.011778973959309274
0.01455824794505829
0.01327675388715672
0.012098660978469547
0.016953145362499124
0.012646411195088992
0.01586186363222832
0.02152404421175166
0.016085905698997198
0.022756858755174622
0.020597338997821835
0.028344606841458408
0.027507656441961372
0.028352293723405905
0.020635640857209685
0.022364029390405913
0.01623190865002112
0.02104559494102595
0.01566617371098848
0.015934207058134753
0.018134104201521544
0.0157155551866601
0.016264990201997745
0.014910719825695161
0.011173741106086646
0.01457798517489021
0.013573782340815596
0.012588938138895603
0.011651790939560109
0.0031864351247422105
0.00290234800185247
0.0014555333780341144
2.8234498900221403E-15
0.0014552867977857351
0.002901364716144549
0.005320722432128203
0.010014201056888371
0.010702172172150776
0.011493717035607438
0.01234897831426076
0.010822340758396956
0.015883175462534305
0.025520166192950746
0.02540474339078152
0.02821669338174845
0.025895410511868493
0.017176026277646608
0.0151561065064156
0.018273369339881086
0.01617956095829571
0.020185388774058066
0.02429672951034331
0.015335589255891588
0.024493789074162196
0.02024886557544216
0.016647245463950192
0.018048833678242997
0.015912995093260243
0.016874261265626456
0.02526863475936582
0.025706900766584828
0.02422904806915026
0.02372348952617506
0.015300530722685982
0.010884435683284054
0.013184291101805119
0.012340753395136494
0.011535148584759666
0.010798608421054883
0.004403902450007831
0.002896946794169225
0.0014529477539707571
