1.0
0.9989725854527299
0.9958941397184479
0.9907760398146922
0.9836371918337695
0.9745039478168519
0.9634099899352779
0.9503961825331826
0.9355103927392286
0.9188072805050703
0.9003480590739817
0.8432066640970982
0.7753209061477654
0.7151634676551024
0.6906363809845276
0.673688096672742
0.6371241003124152
0.61784622723517
0.5790487693505413
0.5854767578773786
0.5448405767948222
0.5220137402379975
0.45238843806350176
0.428406801393865
0.3856382339391161
0.3609820242183548
0.31823600949235625
0.28353610337250235
0.28584095467696646
0.29722866541967874
0.30020068627509616
0.26683328132118855
0.2339567767589838
0.20167312991975372
0.17008068053330996
0.1392737663276275
0.10934235931995508
0.0803717243920976
0.05244210162743665
0.025628413765296894
4.338356838307832E-16
0.02437962278192779
0.04745297037168273
0.06916877240348812
0.08948212364992625
0.108354604930998
0.12575437327165642
0.14165622109465506
0.15604160438810805
0.16889863993921259
0.18022207187652994
0.2262059033085995
0.2776832215212889
0.319111078313658
0.32214025464035
0.31845330475686734
0.3298249111872582
0.32221145989578825
0.3308679072093199
0.2935505311565838
0.3001139973413836
0.28617291660153454
0.3159909681824372
0.3001937333891223
0.30074080308900364
0.28298445756744517
0.2799605341750638
0.27271499622204126
0.22842445677811044
0.17608479347796277
0.12883908052317344
0.1166724524079368
0.1041334746462168
0.0913037533794378
0.07826434592780027
0.06509537670314848
0.05187566279556153
0.03868235100081238
0.02559056798265001
0.012673085182488214
8.347556715789263E-16
0.012361565328205185
0.024347745827528664
0.03589819564672835
0.04695632858088957
0.057469536274567
0.06738938324713128
0.07667177800935185
0.08527711967004807
0.09317041956355293
0.10032139756208651
0.07309470017814229
0.04220402134975916
0.02098950373934288
0.033856180528174545
0.03528324107952222
0.029981887339423
0.04077325004908067
0.034849559291279836
0.06903353981206385
0.06219511225473997
0.06755876435898905
0.03255877751158498
0.036806686542590686
0.02494604401859631
0.02862516398445011
0.029520973627508527
0.01628891242541796
0.030765683269411644
0.05721465586936204
0.08219714680739865
0.07482035430154947
0.06711710121238293
0.059138962311214814
0.05093822132600377
0.042567565380627836
0.03407978162745221
0.025527457685863758
0.016962687462072
0.00843678388003336
1.6855081893692477E-15
0.008298740059596544
0.016412099049191525
0.024294572090918575
0.031902718564962844
0.03919537927375676
0.04613387787015449
0.05268220563223869
0.05880718876800765
0.0644786375373902
0.0696694765861103
0.10643563746316759
0.13849110616344248
0.16617584759226084
0.1589311128659306
0.1615012944888755
0.17212387803308948
0.16888871268881692
0.17845574625564667
0.15081445746895003
0.16172614752691192
0.14891661840059023
0.1741446750106492
0.16248205375049962
0.16313415390196476
0.1504455761091407
0.14457108380790254
0.15132774119659437
0.12475187492428864
0.09627289737489611
0.06049987700364944
0.05520449656085507
0.049639640524934935
0.04384237336355532
0.037850671909973
0.03170319158088229
0.025439031390898703
0.01909749911995513
0.012717877975441284
0.00633919606914733
1.3019724332365065E-15
0.006261866202463153
0.012409475561785645
0.018407024902623813
0.024220032755730463
0.029815527373655774
0.035162223877609124
0.04023068962729751
0.0449934969817798
0.04942536269936678
0.053503273308290016
0.033102882439818876
0.019097378480170894
0.015963904581414515
0.02845010813769345
0.02110668392168631
0.01836179782214878
0.028171664355557263
0.027566949804838925
0.05414077645973681
0.05387616502178626
0.054185693577554164
0.027556497991666755
0.028315397367895043
0.01882267116646355
0.02228418882512201
0.029832989523710707
0.015806446937840956
0.019593483716916327
0.03043424292990558
0.04799358665120037
0.04385524009181702
0.039489974235266935
0.03492661100535089
0.030194876749066343
0.02532521601994609
0.020348602879243605
0.015296350844888036
0.010199922616158642
0.00509074069376328
0.0
0.005041516417228755
0.010003617540090574
0.014856879372912867
0.019572813786122717
0.024124030271786105
0.028484389719774426
0.03262914937774941
0.03653509821676669
0.04018068198682701
0.04354611731320048
0.07214916324095216
0.07997828946217649
0.0916478881581179
0.07582769938203293
0.0851924594892437
0.09507305484784608
0.09717066653247478
0.10651377253704845
0.09050557908915566
0.10442171921812936
0.08926140270967914
0.10346699710107003
0.09262945784278163
0.08853001337531761
0.07711877889172623
0.06562801183909815
0.08054831478648879
0.07040279555395629
0.06690352026465364
0.03988390194163762
0.03647909300014219
0.03287863137833242
0.02910609616760658
0.025185915879489103
0.02114321444761173
0.017003654284083545
0.012793277347066796
0.008538345181071699
0.004265178890456099
8.892006092603794E-16
0.0042312268559526805
0.00840294849187191
0.012490174076164758
0.016468621510453817
0.020314858443546264
0.024006437118551945
0.02752202229395126
0.030841511525969253
0.03394614715006122
0.036818619353299456
0.02655396364752343
0.027466887124416372
0.027583945873662568
0.04686451297557029
0.03986551317589765
0.03341045440734928
0.03482654403160173
0.029947120286696667
0.05543058432582888
0.05257535622939518
0.05543073342424247
0.030376013341612867
0.03579715472356653
0.03581050351016997
0.04308888807904828
0.050572489112694234
0.03194268058971232
0.030417676765440573
0.026104745705414545
0.034217760463382735
0.031317650500898436
0.02824540780962728
0.025021011314592258
0.021665227760587363
0.018199480544475722
0.014645715469341349
0.011026264246839957
0.00736370658208418
0.003680731678742296
1.7084966209324498E-15
0.0036559938856943323
0.007265056556971335
0.010805428289309534
0.014255912122851731
0.01759599869453591
0.020805986110943874
0.023867094172387218
0.026761572296945695
0.02947280053486675
0.031985383108941036
0.051892597492158236
0.037648499806299876
0.036217453095634636
0.024490239678353752
0.030302272365435194
0.03896269211098168
0.04487041156005271
0.05392020066492659
0.046844809051210516
0.06342398956347944
0.045910929728275825
0.051809866610025436
0.041790110219846355
0.03475076751130213
0.02560811717610203
0.02207126410823615
0.029069073050414104
0.031088067290689483
0.04816507982658624
0.030050316655057197
0.02751732263936922
0.024830357014184515
0.022006789021949618
0.019064718399568692
0.01602286105365467
0.012900431665655656
0.009717023953107647
0.0064924893234960136
0.003246814662535098
7.179237016295266E-16
0.0032280632073138863
0.006417712443588785
0.009549632433255661
0.01260497066822678
0.015565449480290282
0.018413474000505546
0.021132235375583435
0.023705808643462993
0.02611924470554925
0.028358655871711574
0.02500022699142719
0.042548694927659766
0.05153874968342614
0.06751085820242274
0.0636655816822758
0.056092261382624416
0.049331825672358366
0.041778824316184474
0.054386262926569895
0.044086114870269914
0.05433393381575999
0.04237490392189524
0.05032229462802802
0.057843752924701494
0.06591711952437625
0.0692728888343628
0.05477227876138007
0.04516552479103456
0.024677344539057
0.026868828375115197
0.02461377993509368
0.022219107024004175
0.01970021036208844
0.01707317065595277
0.014354647114388112
0.01156177296143201
0.008712048594941285
0.005823233049987585
0.002913234433608745
1.4544457637937855E-15
0.002898593465298381
0.005764848289298109
0.008581352929304785
0.011331086723563056
0.013997521750361588
0.016564721191943015
0.019017433623293157
0.02134118267356895
0.023522351538322973
0.025548261854454184
0.036935215837585474
0.015446211382248498
0.016545621349012676
0.030155360076057156
0.021287943377883596
0.017849625876792362
0.020463084090200888
0.02539334259392028
0.018059403864500636
0.036522025264634106
0.017668221731886317
0.024855879390569324
0.0203902006689936
0.01840663237607267
0.023220900410592688
0.031816018154158604
0.018220582079960853
0.014993498508230556
0.0341150060252068
0.024371076804364906
0.02233285365668169
0.02016655638883597
0.017886055366203663
0.015505857279758024
0.013041013712291234
0.010507026791994337
0.00791975251950335
0.005295302366407467
0.0026499437508166234
3.680551348678452E-16
0.002638249589545596
0.005248668987356805
0.007815363359242149
0.010322775102727517
0.012755777411733634
0.015099764812139637
0.017340740130546192
0.019465397382427047
0.021461200092846168
0.02331645459268567
0.023369507096462846
0.0520209348118325
0.06295047131131801
0.07066838615675512
0.07416416825841222
0.0660400007924667
0.057713213563155896
0.0492569470032329
0.05092822585676216
0.03312604382366067
0.05079759645658189
0.049324179510285344
0.05784325597595484
0.06604221679670434
0.07418868162999008
0.06948932741615838
0.0630639246608146
0.05266599673057532
0.022934512490754184
0.02236746098953173
0.020502305557445238
0.018518518518519485
0.016428752422942287
0.01424625864489783
0.011984803983147422
0.009658584444419055
0.0072821367458827885
0.0048702480844833
0.0024378647295386358
2.4398408568164817E-15
0.002428357810789607
0.004832337001508589
0.007197272964718438
0.009508797076711865
0.011752923439940671
0.013916132957622644
0.015985454238323222
0.017948540849477123
0.019793744462761352
0.021510183461023968
0.026044818830287735
0.019068784495368245
0.024675866869470525
0.033007080955892644
0.03162138823087874
0.024286428040057248
0.026914631299097526
0.025285353932987285
0.019482525664101587
0.03286756585148973
0.019749472388251595
0.02550311608640221
0.027394892416188442
0.024400057249691163
0.031778786512804906
0.031871440009416836
0.02482435258810735
0.019907600853357806
0.02424148831436209
0.020733088768745602
0.019008557644271083
0.017173209640046448
0.01523871030510891
0.013217291849714662
0.01112167627822796
0.008964995797928855
0.0067607109986056214
0.004522527309873198
0.002264310251771712
2.951864951352637E-15
0.0022564742107764025
0.00449127932259158
0.0066907628099755236
0.008841535644207916
0.010930553364365748
0.012945194766962376
0.014873337741863078
0.016703431801372706
0.018424566870803388
0.02002653793330675
0.021301820216348518
0.05079229193476852
0.05648485796482014
0.057376587721236785
0.06684954949057484
0.0584579648222884
0.05342959969029949
0.044588950548288826
0.04354965278221447
0.022984217562215175
0.043307711443819855
0.04405238209883353
0.05263067190038341
0.05689686848213453
0.06488691089028134
0.054710940276799985
0.05381794766162632
0.04929809133525339
0.020799881529194087
0.01938241536712998
0.017773746605169633
0.016060791128661406
0.014254402945590694
0.012365975136843486
0.010407368373055984
0.00839083679372032
0.006328951709568158
0.004234523600870836
0.0021205228934413215
3.4746173092838545E-15
0.00211399488237568
0.004208491728061727
0.006270679904201143
0.008287986175757024
0.010248151021480361
0.012139302799507196
0.013950029315996941
0.015669446367281143
0.01728726284573153
0.018793842021816835
0.020210364597678974
0.020009690056424653
0.020541679204937838
0.02108938890905365
0.026885072900224547
0.020665624173270124
0.02904299649027198
0.027551107251763043
0.027666283946290646
0.041408666249996756
0.027773908897113238
0.027548444233646354
0.028876572850845716
0.02000985649967855
0.0256293166764457
0.018890562223219144
0.019112267835339872
0.019345879666851848
0.019688065536671316
0.01825495116810593
0.0167427748694898
0.015131808464326975
0.013432231125056017
0.011654737426118927
0.00981047034624449
0.007910951711351678
0.005968010510536476
0.003993709529248739
0.0020002707528294964
2.0150239170541455E-15
0.001994788750870521
0.003971848879046062
0.0059190760209325115
0.007824581895461723
0.009676766606712857
0.011464388985832652
0.013176634547165587
0.014803180649464778
0.016334258471107064
0.017760711428656088
0.019004000045723227
0.040291942465809846
0.03791460970723905
0.04081731716334602
0.047534612112668594
0.039407495651084534
0.039350488687935246
0.030557916016762922
0.032285272437716506
0.014299094172413937
0.031981358545659325
0.029765848936316845
0.038124316158485
0.037330673368329265
0.04483284477701775
0.03894275706946896
0.03429794020703487
0.03753150613817869
0.018463064187673243
0.017306785855208045
0.015875622498042505
0.014350319253919844
0.012740489276204936
0.011056240820024628
0.009308114012787538
0.007507015135160618
0.005664148820684569
0.003790948594128211
0.0018990061775880623
2.4769843630722585E-15
0.0018943766504778802
0.0037724873907050423
0.00562282398444566
0.0074340766270651806
0.009195202845306451
0.010895494593690859
0.012524643141229449
0.014072801356569237
0.015530643016464401
0.016889418781756656
0.0196888171914321
0.015928338292190695
0.01598403920467717
0.00947691929753352
0.017912532403608298
0.018192392415232534
0.025262691631355878
0.027004976007236784
0.028196750304602794
0.045620831402926845
0.02812282144334662
0.026992691534331967
0.02494190577144029
0.01865180288511184
0.017427241562866264
0.008818071594504788
0.016659500295978968
0.015338457988738568
0.020045144101015034
0.01650534428602589
0.015142585844551712
0.013689633232422324
0.012155621864997952
0.01055016488139371
0.008883293100557986
0.007165392548762829
0.005407139946452168
0.003619436553899487
0.001813340784369041
3.512717019597267E-15
0.0018094180900276636
0.0036037940082471426
0.005372124644468739
0.007103590532062437
0.008787621854595973
0.010413962781401217
0.011972733741575021
0.013454491259357762
0.014850284989620285
0.016151711609938196
0.01651048647695116
0.026218568533818223
0.02009354512993651
0.032217740523775316
0.02798161461831251
0.021888553971197277
0.024727099127494462
0.01786105558617859
0.02202580977568469
0.005890983541969599
0.021873701594907778
0.01757265552480584
0.023968121116824958
0.020818714226250975
0.026154844988509264
0.031480845313454874
0.01825717757821111
0.023650188441502545
0.015911731019629886
0.015826024000830132
0.014521222122821484
0.01312957631816437
0.011659817132507536
0.010121138014666362
0.008523137976580393
0.006875761877452583
0.0051892387024803565
0.003474018218225305
0.0017407063958136916
5.680836833014541E-15
0.0017373792535270004
0.003460750568359471
0.005159539561487308
0.006823342980657789
0.008441992249957609
0.010005615456471925
0.011504697400998737
0.012930137348575246
0.014273304129172682
0.015526088255910755
0.021663964051429747
0.015895648137330538
0.02246667467651843
0.009128612320697232
0.01879217500555497
0.024795770448052954
0.0216875632874749
0.0271179832111098
0.023115590644655456
0.04193866583807793
0.022949103431035657
0.02710695912238613
0.021459480342467176
0.025349704020172822
0.01921962862749825
0.00940986283844043
0.023492595047464475
0.016654085149296397
0.02211986559460967
0.015249972865768754
0.013994328584077672
0.01265467983793488
0.011239413419889984
0.009757366466512027
0.008217771418265438
0.00663019864821463
0.0050044971149975515
0.00335073340738779
0.0016791295566405697
3.0396290891117243E-15
0.0016763119168722999
0.003339497508486544
0.004979345999416809
0.00658580706817857
0.008149052303016375
0.009659535194489892
0.011108049299684246
0.012485784224255845
0.013784379082909517
0.01499597311448273
0.013725833121324822
0.016402537895431592
0.015868082587811083
0.02741625091653149
0.018980488699379974
0.017633095668310214
0.021126411520123376
0.019754683795135904
0.022578753321267443
0.004818172805872049
0.022738438175320033
0.02009239983388224
0.021338928089361487
0.01767911703432558
0.018632847647296606
0.02662766205810728
0.016021307523573933
0.015567953530188266
0.013060544400215915
0.014762581844751621
0.013548571158449544
0.012252950983889479
0.010883816402478265
0.009449702303203418
0.007959530298471457
0.0064225533456035286
0.004848298416959891
0.003246507573133365
0.0016270778027946077
1.9733685293788543E-15
0.0016247025454927788
0.00323703576717617
0.004827096171895477
0.006385131545154163
0.007901600640548883
0.009367231488449639
0.01077307796852067
0.012110574301535506
0.01337158712926233
0.014548464866399841
0.023232076615239666
0.02010779002044596
0.024573271503856485
0.012811101906114132
0.01986812233512454
0.026309732167917772
0.01782632922761259
0.025054601257752745
0.015969299099154455
0.03189797774692501
0.01578611374870422
0.02482122322983784
0.017416155854227552
0.02593688240953125
0.019559197642393653
0.013949783158831523
0.023937304980132405
0.020800267170874614
0.023375910689917172
0.014352440193512608
0.013173533359922232
0.011915019650559636
0.010584747402745861
0.009190996056047174
0.007742424727155502
0.006248018519875211
0.004717032902419361
0.0031589364957670158
0.0015833526258689763
6.6102596644182446E-15
0.0015813671279518867
0.0031510189353850717
0.004699309784057562
0.0062167373821044305
0.007694000992687558
0.00912205833346979
0.010492180819404213
0.011796006812017765
0.01302559255093738
0.014173460457970872
0.010768484403678684
0.015325825741042593
0.015990071908320996
0.022919571168758222
0.018644457831022143
0.017682571214503114
0.02539712849876957
0.025649457935209313
0.030051855534992847
0.01449003982763613
0.030220330194879116
0.02584505814459369
0.025719194965911844
0.017638446669881153
0.01896602911851229
0.02263307609617155
0.015852258098347748
0.01564379627567309
0.010148824260309724
0.014010597974012957
0.012861044675941473
0.011633535736640088
0.010335712165388151
0.008975639047644741
0.007561755518897541
0.006102822496017305
0.004607868489192765
0.003086133828986939
0.0015470136525575896
8.612469275706034E-15
0.0015453766227153448
0.0030796058553005912
0.004593255909151506
0.006077031449698716
0.007521830580310674
0.008918800579128222
0.010259392048030485
0.011535411143217007
0.01273906956869031
0.013863032028235366
0.023145628184121806
0.02215197349241147
0.018353436948673283
0.0224751611795746
0.017109865078783586
0.019977097827538638
0.01113480563150315
0.018021769580126083
0.008695912034591875
0.019976173098165656
0.008516614216672623
0.01757397362395628
0.010636476940027267
0.01930621980715828
0.017193946514823723
0.024054159534289736
0.017167329272172696
0.02213149421958304
0.022863965611509884
0.013730038049236332
0.012604699581217406
0.011402737382908222
0.01013162018526039
0.008799235330313642
0.007413839913165708
0.005984009696892036
0.0045185861159769344
0.003026621694952974
0.0015173242190149817
2.7487279633365136E-15
0.0015160034130015088
0.003021354726476546
0.0045067962456039395
0.005963200715944616
0.007381627315087313
0.008753376451606794
0.010070043035631164
0.011323567895700378
0.01250628702761265
0.013610978375004265
0.008583344221422597
0.01677114411661925
0.017428054053159798
0.023865484051415486
0.02435025619152735
0.01949881871179673
0.028672397423205834
0.027549273455409227
0.03408744610928123
0.022950253239399313
0.03410598231111321
0.027548562548373765
0.02882773577462719
0.02009282988207388
0.025541179013301347
0.02444009224153916
0.018529637119691696
0.01692845627874196
0.008407061144770132
0.013505294387048
0.012399509771534204
0.011218138743396458
0.009968509378499154
0.008658364370335509
0.007295813132380066
0.005889281682094606
0.0044474606155439425
0.0029792514937087393
0.0014937119704636717
4.0172161677790096E-15
0.0014926825330988662
0.002975146414709043
0.004438271585380901
0.005873063161208511
0.007270706647694079
0.00862262200837724
0.009920516256842298
0.011156434250424256
0.012322807374818712
0.013412499822266907
0.02119632956532416
0.021015274015849645
0.017368441933156335
0.03121421487371503
0.02386888590084036
0.01914047230950125
0.010350176616128892
0.010538335156571684
0.004103180209242911
0.015516722877544535
0.004175622670337017
0.010412494453095366
0.010902621087407733
0.01988196078246982
0.025418751209257982
0.03202253310593521
0.018810568074354828
0.020581206867966977
0.020528383964609532
0.013332175107204731
0.01224165183063278
0.011076303439821212
0.009843346313626503
0.008550408863451878
0.007205484406091383
0.005816881820235668
0.004393174290417366
0.002943146454458345
0.00147574027954321
7.285115426056728E-15
0.0014749835446465594
0.0029401288293632306
0.004386419477512825
0.005804959666124088
0.007187028762771833
0.008524134858659877
0.009808066870154643
0.011030944889173123
0.012185268474426796
0.013263962587801143
0.009147233816554634
0.01715299185730883
0.02580959267283287
0.02796284978068771
0.03467816983612443
0.027500345963388954
0.02965877131159301
0.026279979341384513
0.031529113290869326
0.027693924171082487
0.03138355641299148
0.026149819717118945
0.029622901170344374
0.028331232498059248
0.035855158630006635
0.028529658459922932
0.027346320236197243
0.01716450665640341
0.009731275199437861
0.013207562550506695
0.012128285123683857
0.010974681112938742
0.009753882125001383
0.008473430582418801
0.007141233191076197
0.00576551218641929
0.004354754658465238
0.0029176602675271275
0.0014630876723647351
5.053139527496279E-15
0.0014625903074010392
0.0029156769298888667
0.004350315050563664
0.005757676340102379
0.007129103207224883
0.008456161982296942
0.00973069470784842
0.010944869218248107
0.012091227201863914
0.013162729950771035
0.017730806366548953
0.018833319690729017
0.027208959510905784
0.033798821270569775
0.03590890454389201
0.02849751370182503
0.0196693515429759
0.014567662674701205
0.012395313795306602
0.02161679039140748
0.012662569258504853
0.014967845372394447
0.02036319177180514
0.029337532679281353
0.03707167866711929
0.03369233190684329
0.028706816337135763
0.018467687366851136
0.01681000236245889
0.013129271780952547
0.012057423013996585
0.010911491925413403
0.009698550779604315
0.008426082790690714
0.007101936019157468
0.005734275035347247
0.0043315306473130765
0.0029023480018538312
0.0014555333780391028
9.108806095936509E-15
0.001455286797782314
0.0029013647161394876
0.0043293296087995505
0.005730390233525074
0.007095922300626466
0.00841752148700588
0.009687055090150585
0.01089671200536772
0.012039050719146268
0.013107045024553756
0.012544185331821224
0.01735990541405058
0.03189865533750247
0.031361142505174196
0.0408318840653775
0.032954751718192
0.027349860111452066
0.02221973029672361
0.023367068086050456
0.02717422897503561
0.02311526429332942
0.021927128057394933
0.02699331896977525
0.0330340841506584
0.040944999860617455
0.03181022754647047
0.0320734973346019
0.017487689160842198
0.013491489311093957
0.01309595515591269
0.012027846164577343
0.010885648950797052
0.009676400843691414
0.008407551610462185
0.007086917623866815
0.0057226337778118995
0.0043231034464539546
0.0028969467941637756
0.0014529477539608293
