1.0
0.9989725854527304
0.9958941397184463
0.9907760398146908
0.9836371918337675
0.9745039478168523
0.9634099899352769
0.9503961825331807
0.9355103927392292
0.9188072805050702
0.9003480590739803
0.8802002270235773
0.8584372731615431
0.8351383556816385
0.736703220401144
0.6015482437507881
0.5288684391229468
0.5825344003506385
0.5888969081666202
0.576315246625951
0.5444757148530921
0.5128710406137259
0.46251890763244785
0.3945142789616092
0.2810089846090784
0.29234787155875586
0.3637202395018422
0.4021830558279344
0.36798471756719897
0.33395382007963703
0.30020068627509566
0.2668332813211873
0.2339567767589833
0.2016731299197531
0.17008068053330985
0.13927376632762697
0.10934235931995522
0.08037172439209717
0.0524421016274364
0.0256284137652971
1.21412768586788E-16
0.024379622781927103
0.04745297037168263
0.0691687724034881
0.08948212364992568
0.10835460493099752
0.12575437327165576
0.14165622109465514
0.1560416043881073
0.16889863993921217
0.18022207187652906
0.19001320791218065
0.19827982582151665
0.20503605084075077
0.2790260649808093
0.36905659014681685
0.4091326802961823
0.3410057263182319
0.3154768095534161
0.3014168767765493
0.30203219346682625
0.2939404071982312
0.2997758884491346
0.3152545982349948
0.37112783158404083
0.32508506627864653
0.23837212607174452
0.16228884351832543
0.1517284766718171
0.1405515959584022
0.1288390805231733
0.11667245240793704
0.10413347464621649
0.09130375337943697
0.0782643459277999
0.06509537670314836
0.051875662795561724
0.0386823510008124
0.025590567982649567
0.01267308518248863
3.665292579967375E-16
0.01236156532820496
0.024347745827528522
0.03589819564672789
0.04695632858088942
0.05746953627456596
0.06738938324713142
0.07667177800935157
0.08527711967004845
0.09317041956355188
0.10032139756208619
0.10670455287113927
0.11229920923996585
0.11708953465262188
0.06503014608487052
0.03818402221728222
0.027239705861811233
0.045611518179961806
0.051741789356698896
0.05881264715603326
0.045427216063860715
0.057208850746588116
0.04916489438325319
0.044726976818114585
0.026596555697317927
0.04036017302395105
0.055966882577093334
0.10187006638129416
0.0957704313322255
0.08919691902778065
0.08219714680739805
0.07482035430154851
0.06711710121238253
0.05913896231121396
0.050938221326004646
0.04256756538062695
0.03407978162745232
0.025527457685862655
0.016962687462071763
0.008436783880032281
1.0441479795679578E-15
0.00829874005959617
0.0164120990491924
0.024294572090917486
0.03190271856496246
0.03919537927375589
0.04613387787015418
0.052682205632239236
0.058807188768006106
0.06447863753738947
0.06966947658610843
0.07435585599533741
0.07851724266229312
0.08213649173906548
0.13069037675535275
0.13103438434207967
0.1458266947995698
0.1293094661656723
0.14309429801708873
0.15306872975408364
0.16864795222674214
0.15101586158145877
0.13788330935831603
0.11916222631550867
0.12716095332038543
0.11042992265612213
0.11935151925946397
0.0744170322576717
0.07013989843314515
0.06548986096701231
0.06049987700365072
0.05520449656085672
0.04963964052493602
0.043842373363554954
0.037850671909972614
0.03170319158088096
0.02543903139090028
0.01909749911995554
0.012717877975441253
0.00633919606914756
1.1303517968080923E-15
0.0062618662024638665
0.012409475561785678
0.018407024902624303
0.024220032755730186
0.029815527373656336
0.03516222387760942
0.0402306896272969
0.044993496981779464
0.04942536269936586
0.05350327330829023
0.05720659586665609
0.06051717361937878
0.0634194061512008
0.040200550492992225
0.08182418313638769
0.07388546950083599
0.0737236217519593
0.047058396434766836
0.0379600537676431
0.01851851851851975
0.03789594369269396
0.04816185553781167
0.07677467225909664
0.08000005646995137
0.08801493279111751
0.03996083316872955
0.058776258308675375
0.055479847234250194
0.051877279022178535
0.047993586651200855
0.04385524009181632
0.03948997423526544
0.03492661100534883
0.03019487674906494
0.025325216019943926
0.0203486028792417
0.015296350844884449
0.010199922616159748
0.005090740693764008
3.2134374235957707E-16
0.005041516417228133
0.010003617540090695
0.014856879372911391
0.01957281378612288
0.024124030271785928
0.028484389719772858
0.03262914937775105
0.036535098216766336
0.040180681986826845
0.04354611731320071
0.046613494253766125
0.04936686681015448
0.05179233096025097
0.0696004113261051
0.010032680386813122
0.026572731895223183
0.05123696219423523
0.06729324734737756
0.08873172907441185
0.11621973129615856
0.08748111436711076
0.06514944065379666
0.05047267907302835
0.025155411945774683
0.004240545595713007
0.06282531515668659
0.04870448063081494
0.04601738833181863
0.04307047863746704
0.039883901941636456
0.036479093000143674
0.032878631378331816
0.029106096167604217
0.025185915879489047
0.02114321444761143
0.017003654284084034
0.012793277347068557
0.008538345181072302
0.004265178890456076
0.0
0.004231226855952695
0.008402948491872689
0.012490174076164859
0.016468621510453137
0.020314858443545126
0.02400643711855106
0.02752202229395117
0.030841511525969742
0.033946147150061515
0.03681861935330121
0.03944315978678684
0.041805625227192805
0.043893570859264104
0.04230850208690282
0.10285286012341134
0.09374079201044562
0.09187622860807794
0.06828649424743523
0.037951865628608875
0.018545385357341494
0.03798232792998411
0.06893328928609427
0.09084457612304274
0.09053419612908309
0.10043493980310426
0.04292258704449471
0.041699961255971064
0.03942636457364392
0.036926673868341565
0.034217760463379744
0.03131765050089647
0.028245407809627
0.0250210113145909
0.021665227760588813
0.018199480544475073
0.014645715469340542
0.011026264246838302
0.00736370658208259
0.0036807316787439183
6.033608607740997E-16
0.003655993885694228
0.007265056556972776
0.010805428289308713
0.014255912122851449
0.017595998694535382
0.020805986110944922
0.023867094172386968
0.026761572296945514
0.029472800534867512
0.031985383108941855
0.03428523396467398
0.03635965386519366
0.03819739861925839
0.03605153835727516
0.013335491346479387
0.026657343060516685
0.04593633614599783
0.048560944794287804
0.0504866890867054
0.07784199236849042
0.04984183208526372
0.04831426531097258
0.04464391235263999
0.02717577035976304
0.011805680703711042
0.0335182620728561
0.03656502344139425
0.034589224142182455
0.03241281085604745
0.03005031665505743
0.027517322639369013
0.024830357014184613
0.02200678902194904
0.019064718399568553
0.016022861053655812
0.01290043166565645
0.009717023953107981
0.006492489323494971
0.0032468146625349798
5.177024887509198E-16
0.0032280632073136456
0.006417712443587846
0.009549632433256069
0.012604970668224708
0.015565449480291055
0.01841347400050581
0.02113223537558375
0.02370580864346357
0.02611924470554791
0.02835865587171084
0.03041129449570883
0.03226562426294491
0.03391138373905948
0.0443318285357164
0.06431722668627383
0.04122556485418357
0.057981434730867566
0.06844575275735111
0.037813571263800624
0.021114670353222453
0.03774737505176482
0.06780011405918115
0.054694739684485794
0.035955357169303634
0.05840469895843897
0.04398432199826443
0.0326544439271094
0.030902431730861962
0.02896962945826325
0.026868828375115412
0.024613779935094907
0.02221910702400477
0.019700210362086867
0.01707317065595192
0.014354647114387817
0.01156177296142974
0.008712048594938812
0.00582323304999078
0.0029132344336065684
1.0816157769694405E-15
0.002898593465299526
0.0057648482892988075
0.008581352929305315
0.01133108672356233
0.013997521750360354
0.01656472119194085
0.019017433623294208
0.021341182673567702
0.02352235153832171
0.025548261854453903
0.027407246486223502
0.029088715809494233
0.030583217122955295
0.028303462960896766
0.02309500457647421
0.04860575474289094
0.02992065546322874
0.039133246644154386
0.034766346344235165
0.04686111366868883
0.034578533924855395
0.03834118699285845
0.029925280971689422
0.050628216389549764
0.026104763294617382
0.028158801774070746
0.029589960921754796
0.028011524569113582
0.02626807974202572
0.024371076804360983
0.022332853656680734
0.02016655638883342
0.01788605536620343
0.015505857279753576
0.013041013712294096
0.010507026791994944
0.007919752519500525
0.005295302366407581
0.0026499437508171646
2.9160785234014938E-15
0.0026382495895498717
0.005248668987356457
0.007815363359244905
0.01032277510272918
0.01275577741173428
0.015099764812138655
0.017340740130548135
0.019465397382425302
0.021461200092846355
0.023316454592683535
0.02502037786560661
0.026563159556024802
0.027936017785248703
0.038110373574699874
0.03439360408592141
0.02536048595793236
0.036892793238818736
0.050518865467288704
0.032529815082452125
0.030024440079028134
0.0323558763408129
0.04962165699383859
0.03759255317730072
0.026073849042900613
0.03400108005562245
0.03650971510437722
0.02713524842484117
0.02569473747984462
0.02410201114996427
0.022367460989533024
0.02050230555744325
0.018518518518522254
0.01642875242294208
0.014246258644902293
0.011984803983146696
0.00965858444442228
0.007282136745881679
0.004870248084480703
0.0024378647295419257
2.4745294097896176E-15
0.0024283578107886614
0.004832337001505938
0.007197272964717504
0.009508797076712275
0.011752923439939328
0.01391613295762131
0.015985454238319062
0.017948540849478663
0.019793744462761324
0.021510183461023652
0.02308780660561817
0.024517451394458767
0.025790896774972757
0.02675612966280909
0.033533344152701754
0.04592290887939555
0.03461544818035199
0.02203704169225782
0.030483129260315312
0.02539878339352418
0.030427303104401435
0.02130669214053337
0.03433382488766579
0.04309729051887352
0.0325201703474963
0.02630491676713756
0.02513514610505684
0.023806309798953405
0.022335777788463036
0.020733088768744197
0.019008557644271985
0.017173209640043024
0.015238710305111878
0.013217291849713136
0.011121676278226338
0.008964995797926778
0.006760710998604326
0.004522527309869444
0.002264310251768563
1.630415593082982E-15
0.0022564742107754315
0.004491279322589575
0.006690762809975088
0.008841535644205298
0.010930553364367232
0.012945194766962055
0.01487333774186482
0.016703431801371772
0.01842456687080061
0.020026537933308476
0.021499905148105198
0.022836049090249697
0.024027220790949322
0.026977615300402887
0.037895081623861945
0.0268986837339311
0.04427110245587628
0.03989452897663453
0.02792601955583784
0.038742027514888554
0.02792499874824146
0.039748553747994735
0.04405922542826772
0.027484258727567625
0.03847921355878538
0.025655792691003383
0.02348365876874232
0.022246578963336813
0.020876550878775
0.019382415367126652
0.01777374660516897
0.01606079112866246
0.014254402945588433
0.012365975136843359
0.01040736837305647
0.00839083679371895
0.006328951709567188
0.004234523600871215
0.002120522893441878
1.8203157012815096E-15
0.0021139948823741444
0.004208491728060366
0.006270679904201703
0.008287986175749523
0.01024815102148086
0.01213930279950774
0.013950029315996908
0.01566944636727944
0.01728726284573232
0.01879384202181699
0.020180258639176947
0.021438351486310972
0.02256077113689669
0.02354297607231761
0.018260860848970602
0.019637624768428695
0.018845658277304136
0.012887197744844559
0.029216385342339446
0.01851851851851232
0.02919993651941332
0.01266051867832607
0.017204900022031788
0.01951654729289084
0.01611326760985571
0.02313561815186604
0.02210599913602601
0.020945174511593792
0.01965873761033806
0.018254951168103082
0.016742774869490065
0.01513180846432329
0.013432231125050638
0.011654737426118602
0.0098104703462454
0.0079109517113504
0.0059680105105370685
0.003993709529245391
0.002000270752827088
1.3484386888393295E-15
0.001994788750868281
0.003971848879046992
0.0059190760209351925
0.007824581895462354
0.009676766606713516
0.011464388985826787
0.013176634547167505
0.01480318064946603
0.01633425847110674
0.017760711428655658
0.019074049690995378
0.020266500465846164
0.021331053762262242
0.0232360687520672
0.03807404969232807
0.03531301771641618
0.03607616870984379
0.0377699339837009
0.0320582545902803
0.042542044339421894
0.0322154464606155
0.03757140228262883
0.035363012466189954
0.035284095094013014
0.03706956489012513
0.023589407707620615
0.020947975676329354
0.019851074618271704
0.018634751619660647
0.01730678585520886
0.015875622498042842
0.014350319253918125
0.012740489276205838
0.01105624082002638
0.00930811401278729
0.007507015135162743
0.005664148820682809
0.0037909485941293518
0.0018990061775901938
5.941809917681826E-16
0.0018943766504773431
0.003772487390703964
0.005622823984445265
0.007434076627063306
0.00919520284530503
0.010895494593690115
0.012524643141225976
0.014072801356564392
0.015530643016463824
0.01688941878175895
0.01814100850586358
0.01927796956448184
0.020293580919803347
0.021174904444219756
0.011641081776330118
0.026715978092922133
0.019075881354951304
0.01273245912282562
0.027708393017234136
0.020366838235356736
0.02762701595810797
0.01309619085873126
0.020337666259335436
0.02686818086354236
0.012979732841579054
0.02077912470063295
0.019969445908412372
0.018926465904999936
0.017769308106983225
0.01650534428602121
0.015142585844547281
0.013689633232425443
0.012155621864993632
0.01055016488139093
0.008883293100556479
0.007165392548761459
0.005407139946450638
0.0036194365539002275
0.0018133407843663938
3.890592516689127E-15
0.0018094180900268112
0.0036037940082447777
0.005372124644473598
0.007103590532063459
0.008787621854598119
0.010413962781397957
0.011972733741574055
0.013454491259360261
0.014850284989619992
0.016151711609939647
0.017350965245903547
0.018440884127874365
0.019414993201403174
0.026042126694851106
0.023647998078075112
0.02225737003902809
0.02708848519782194
0.03166675887173248
0.03627362221663654
0.04002890926471195
0.03629241289915542
0.03130810923204012
0.026281648756969932
0.02022815096791486
0.021274927033636405
0.026192534083086288
0.019140129092508514
0.01814281288280445
0.017035768917317538
0.015826024000833352
0.014521222122818887
0.013129576318164202
0.011659817132507064
0.010121138014665682
0.008523137976574103
0.006875761877444619
0.0051892387024760475
0.003474018218222284
0.0017407063958154567
8.599546700420037E-15
0.001737379253524663
0.0034607505683600923
0.0051595395614889095
0.0068233429806549015
0.008441992249958003
0.010005615456472584
0.01150469740099197
0.012930137348571142
0.014273304129174257
0.015526088255910609
0.016680950746742328
0.01773096835676573
0.018669874950325384
0.017709673535680825
0.025723363855853127
0.02597712380670557
0.027627483510366833
0.023732999526375944
0.022096701636047537
0.02050231721817799
0.021906196147955276
0.0242842205709371
0.027485642190284938
0.026064516355733855
0.02721760237781309
0.017118688631938567
0.018436844561119235
0.01747826378800266
0.016413728601429665
0.01524997286576407
0.013994328584082663
0.012654679837931723
0.011239413419896312
0.009757366466512705
0.008217771418265797
0.006630198648211452
0.0050044971149960675
0.00335073340739402
0.0016791295566422667
2.385967933140343E-15
0.0016763119168746758
0.003339497508487678
0.004979345999415958
0.006585807068180547
0.00814905230301783
0.009659535194495248
0.01110804929967785
0.012485784224255624
0.013784379082912428
0.014995973114481365
0.016113253146069817
0.01712949762032
0.01803861692133725
0.024213919128808273
0.008836798542726834
0.02026953398313576
0.016658249028149094
0.02521867038372509
0.033088049810502076
0.03231980775459173
0.03291622546359344
0.024939731913154222
0.01647655958602496
0.02160170412038474
0.008124958580230537
0.023406492472776177
0.017841642080429355
0.01691589328892717
0.015887378229221608
0.014762581844750766
0.013548571158447563
0.01225295098388775
0.010883816402484212
0.00944970230320591
0.007959530298463854
0.006422553345606874
0.004848298416963271
0.003246507573134754
0.0016270778027956299
3.844992953395877E-15
0.0016247025454929095
0.0032370357671764375
0.004827096171891023
0.00638513154515004
0.007901600640545865
0.00936723148844619
0.01077307796852599
0.01211057430153811
0.013371587129261146
0.01454846486639517
0.01563408402590086
0.016621892237572215
0.01750594770095543
0.015987390907316795
0.030096991553254716
0.023036422662747878
0.021937275540764304
0.029910781039988846
0.015734303804194123
0.018773645705575156
0.015677104065754472
0.029901931907822428
0.021471183827539837
0.02186299884538827
0.029411426397846694
0.016429632581750203
0.017340507776017845
0.016442485557057688
0.01544437175769152
0.01435244019351131
0.013173533359924185
0.0119150196505517
0.01058474740274451
0.00919099605605341
0.007742424727152284
0.0062480185198764485
0.004717032902416782
0.0031589364957639414
0.0015833526258715632
4.225600907647637E-15
0.0015813671279511358
0.003151018935387189
0.0046993097840559795
0.006216737382102682
0.00769400099268928
0.009122058333469435
0.010492180819407546
0.01179600681201837
0.01302559255093687
0.014173460457965427
0.01523264452059012
0.016196732480064886
0.017059904568935906
0.017487260160069035
0.012469120376187161
0.02682839192371315
0.024436423163763182
0.020854086212783975
0.02442897635437842
0.022990588802436138
0.024193830994298463
0.020767753991793265
0.02525193220329129
0.02667922312662989
0.014123727631247522
0.0163820756448611
0.01692245181841172
0.016047675986882573
0.015075026171656363
0.01401059797401805
0.012861044675941779
0.011633535736638292
0.010335712165392362
0.008975639047641905
0.00756175551889624
0.006102822496014193
0.004607868489190398
0.003086133828977883
0.0015470136525582874
3.3775584115708712E-15
0.0015453766227175444
0.0030796058552982845
0.004593255909154553
0.006077031449699703
0.007521830580309091
0.008918800579126198
0.01025939204802667
0.011535411143221139
0.012739069568690507
0.013863032028236104
0.014900460847374546
0.015845057494128203
0.01669110074708309
0.021428276070362115
0.021865499659564726
0.011756314927936785
0.01711334415609886
0.024907110240618886
0.018994586407591472
0.01933775775547121
0.019161113508208826
0.02448441451699412
0.016763710989260987
0.012297509500957428
0.0209382374467814
0.02239092163665605
0.016578855848728577
0.01572333708212816
0.014771748995782243
0.013730038049230531
0.01260469958121831
0.011402737382907709
0.010131620185262862
0.008799235330315602
0.007413839913162988
0.0059840096968899826
0.004518586115968221
0.003026621694945308
0.001517324219017664
2.527564177459689E-15
0.0015160034130009253
0.0030213547264804326
0.0045067962456042335
0.005963200715942879
0.007381627315091799
0.008753376451609047
0.010070043035632031
0.011323567895694853
0.012506287027607213
0.013610978374998686
0.014630905856398426
0.015559860370936469
0.016392197533317266
0.01108211983876711
0.02549391319971654
0.02283344109810157
0.029641320920224094
0.02343843018134605
0.01624673144041153
0.018518518518519603
0.016093133970253002
0.023751411248865876
0.02951872570674463
0.022114446074307296
0.026523425968786422
0.010396569258274549
0.016303001486832537
0.015463134670326787
0.01452862451509503
0.013505294387049664
0.01239950977152922
0.011218138743391856
0.009968509378501909
0.008658364370333892
0.007295813132380309
0.0058892816820936885
0.0044474606155363704
0.0029792514937023997
0.0014937119704657572
3.803391232942885E-15
0.0014926825331014258
0.002975146414709061
0.004438271585386745
0.005873063161206064
0.0072707066476945656
0.008622622008383384
0.00992051625684282
0.011156434250421232
0.012322807374817573
0.013412499822262633
0.014418852180572357
0.01533572206730267
0.016157521561481175
0.025732039255069228
0.016046669612329766
0.023838008896744915
0.012612298479155582
0.018156730979612557
0.02415589309567599
0.023065462794497275
0.024211799464331406
0.01804552091760661
0.012464275764751932
0.02471263389854483
0.015281857274862835
0.02579838701075185
0.016089728230585198
0.015262205901334253
0.014341113543081981
0.013332175107204813
0.01224165183062706
0.011076303439817465
0.009843346313627955
0.008550408863457117
0.007205484406094291
0.005816881820234184
0.004393174290421167
0.0029431464544586606
0.0014757402795364497
9.865952717224232E-15
0.0014749835446521403
0.0029401288293652377
0.004386419477505985
0.0058049596661272915
0.007187028762767534
0.008524134858660017
0.00980806687014994
0.011030944889170438
0.01218526847443076
0.013263962587798127
0.014260420895058423
0.01516854616619222
0.015982787528710688
0.00869747472601132
0.027145760788936706
0.0115399086925657
0.024825410873542692
0.028806368408783357
0.013102714634081419
0.02167769867262151
0.013114223628482741
0.02893097304650365
0.024345938610988233
0.010344034750638609
0.026466822547012374
0.008946567934157462
0.015935186300046054
0.015116926671634962
0.014205836626891016
0.013207562550507373
0.012128285123693013
0.010974681112938856
0.009753882124994695
0.008473430582413673
0.007141233191075969
0.005765512186421691
0.0043547546584654165
0.002917660267524637
0.001463087672365924
2.5792460750022393E-15
0.0014625903074056057
0.0029156769298902293
0.004350315050559349
0.00575767634010144
0.007129103207221397
0.008456161982301412
0.009730694707843818
0.010944869218248342
0.012091227201863146
0.01316272995077019
0.014152801518089815
0.015055369018599517
0.01586489982590954
0.022952625136271065
0.011758473161381506
0.02626416274396702
0.014525572874190826
0.0208896604256928
0.022895119920277963
0.02615326459833021
0.022781567653265732
0.021209968163123438
0.014862128388701807
0.02585067803862192
0.012124733721610707
0.021959827562543707
0.0158366613274849
0.01502474677590313
0.014120420498244666
0.013129271780949602
0.01205742301399682
0.010911491925415776
0.009698550779603509
0.008426082790694076
0.007101936019153811
0.005734275035347227
0.004331530647312488
0.002902348001853977
0.0014555333780364712
4.53999256733758E-15
0.0014552867977826905
0.0029013647161429523
0.0043293296087919845
0.00573039023352584
0.007095922300623538
0.008417521487010837
0.009687055090155196
0.010896712005367307
0.012039050719146419
0.013107045024552235
0.01409412717791143
0.014994228232282221
0.015801815300150124
0.013760810749163232
0.019785151253477185
0.015785461936968698
0.019271635456510273
0.02753453942074672
0.016797948574254793
0.02568049340633507
0.01695156088070438
0.02728739331399251
0.018934430483155882
0.017230497942368216
0.01872186320954167
0.015002953163287203
0.015792455509407183
0.014984078339835569
0.014083394332789061
0.013095955155912206
0.0120278461645782
0.01088564895079606
0.0096764008436903
0.00840755161045963
0.007086917623863761
0.0057226337778133966
0.004323103446447194
0.0028969467941652523
0.001452947753962898
