1.0
0.9989725854527269
0.9958941397184461
0.9907760398146878
0.9836371918337661
0.9745039478168491
0.9634099899352729
0.9503961825331799
0.9355103927392261
0.9188072805050685
0.9003480590739769
0.8802002270235755
0.8584372731615406
0.8351383556816369
0.8103879571087218
0.6735297192890742
0.5919327832414503
0.5550407638896612
0.5894308258125563
0.6035291511103291
0.5629335569904306
0.5399579014641575
0.46335420067779837
0.36735730072516704
0.3418980279139052
0.36054355529063115
0.4364366034228257
0.40218305582793373
0.36798471756719914
0.3339538200796361
0.3002006862750951
0.2668332813211863
0.23395677675898272
0.2016731299197524
0.17008068053330938
0.13927376632762703
0.1093423593199547
0.08037172439209696
0.05244210162743618
0.025628413765297058
0.0
0.02437962278192723
0.04745297037168244
0.0691687724034877
0.08948212364992536
0.10835460493099733
0.12575437327165565
0.14165622109465412
0.1560416043881074
0.1688986399392114
0.18022207187652833
0.1900132079121801
0.19827982582151638
0.20503605084074977
0.21030220480156922
0.3205426945582184
0.3648839042057749
0.36893950648504115
0.3132146694734963
0.27844833052370316
0.2843234430374391
0.2712851838330884
0.2973075146327744
0.34335174048164807
0.33269420028867763
0.2858793644836772
0.1721528642056552
0.16228884351832493
0.15172847667181605
0.14055159595840194
0.1288390805231729
0.11667245240793647
0.10413347464621646
0.09130375337943746
0.07826434592779974
0.06509537670314763
0.051875662795561266
0.03868235100081199
0.025590567982649744
0.012673085182488207
2.3431770271981274E-16
0.012361565328204916
0.0243477458275285
0.03589819564672797
0.046956328580889085
0.05746953627456653
0.06738938324713134
0.07667177800935157
0.08527711967004799
0.09317041956355177
0.10032139756208612
0.10670455287113897
0.11229920923996563
0.11708953465262266
0.1210645356967995
0.030170156184856283
0.036478075103238757
0.046488932166539834
0.07457515569554528
0.06990079335018724
0.06377347544101289
0.06764013896266693
0.0730683614162675
0.04563433706899573
0.03601767885239906
0.023223795748280956
0.10745012688708859
0.10187006638129394
0.09577043133222542
0.08919691902778024
0.08219714680739797
0.07482035430154806
0.06711710121238186
0.05913896231121344
0.05093822132600413
0.04256756538062756
0.034079781627451504
0.025527457685862825
0.016962687462071527
0.008436783880032765
6.40097378390658E-16
0.008298740059596008
0.016412099049192167
0.02429457209091772
0.03190271856496241
0.03919537927375662
0.046133877870154376
0.05268220563223841
0.05880718876800646
0.06447863753738922
0.06966947658610824
0.07435585599533778
0.07851724266229322
0.08213649173906556
0.08519989796978726
0.17287299690964594
0.1699573808091079
0.1615951892857945
0.13789968557635626
0.14765831501993706
0.15500221264563713
0.1461270618905352
0.13262095163067283
0.15178926958686617
0.1574384023247628
0.1633180985070956
0.07829011355494146
0.07441703225767159
0.0701398984331455
0.06548986096701222
0.06049987700365021
0.05520449656085588
0.049639640524935545
0.04384237336355494
0.037850671909972565
0.031703191580881376
0.025439031390899685
0.019097499119955036
0.012717877975440538
0.0063391960691470154
8.612468858888736E-16
0.006261866202463454
0.012409475561785711
0.018407024902623394
0.024220032755730397
0.02981552737365603
0.03516222387760967
0.040230689627296964
0.04499349698177944
0.04942536269936566
0.05350327330828966
0.05720659586665572
0.06051717361937871
0.06341940615120048
0.06590031372758677
0.01792597429469341
0.03167663420036742
0.0370732269652454
0.06159982362520305
0.02885491299457718
0.03577503060329884
0.028574856391313068
0.06111073877096447
0.03753835189647125
0.03264293226981864
0.017838033145145163
0.06174308144078825
0.058776258308674084
0.055479847234249195
0.051877279022178265
0.04799358665120058
0.043855240091816586
0.03948997423526586
0.03492661100534979
0.03019487674906541
0.02532521601994502
0.020348602879241524
0.015296350844886168
0.010199922616159922
0.005090740693763961
8.398051119581755E-16
0.005041516417228494
0.010003617540090085
0.01485687937291097
0.019572813786122696
0.024124030271785456
0.0284843897197728
0.032629149377750764
0.03653509821676649
0.04018068198682638
0.043546117313200856
0.04661349425376735
0.049366866810155015
0.051792330960251605
0.05387808985638856
0.10889636724555378
0.07460629728648836
0.07595196085437257
0.06233009566032418
0.1030655131773073
0.10942646466030918
0.10222109134974972
0.060319083288982375
0.07321314976338611
0.06897066513126635
0.10224388383417933
0.051113022442390105
0.048704480630813354
0.04601738833181825
0.04307047863746573
0.03988390194163666
0.03647909300014439
0.032878631378331184
0.02910609616760433
0.025185915879488027
0.021143214447610362
0.017003654284083656
0.012793277347067429
0.008538345181071752
0.004265178890456163
4.709916859556708E-16
0.004231226855952943
0.008402948491872148
0.012490174076164222
0.016468621510453856
0.020314858443544668
0.02400643711855203
0.027522022293951325
0.03084151152596902
0.03394614715006121
0.03681861935329991
0.03944315978678708
0.04180562522719306
0.043893570859263445
0.04569631281577808
0.01820298467027927
0.04751354601578697
0.044136998650685696
0.05077852658318591
0.025686430263232213
0.03700579066790763
0.025706626292162103
0.05014450974210644
0.04399235270490991
0.04851719066618122
0.019111690558504178
0.04373185834060481
0.0416999612559721
0.039426364573646906
0.03692667386834103
0.034217760463380695
0.0313176505008982
0.028245407809626585
0.025021011314591866
0.021665227760587925
0.018199480544474952
0.014645715469340605
0.011026264246839642
0.007363706582084299
0.003680731678743147
6.834590974235812E-16
0.003655993885694589
0.007265056556972654
0.010805428289308631
0.014255912122851438
0.01759599869453618
0.02080598611094439
0.023867094172386284
0.026761572296946524
0.029472800534866953
0.0319853831089412
0.03428523396467449
0.03635965386519452
0.03819739861925919
0.0397887380865306
0.061571907031458054
0.043591939913074654
0.05182123112902572
0.04855625371584362
0.07394925065784813
0.07882335323221655
0.07331486823921808
0.04860264561514287
0.04991069605175402
0.0421242679454843
0.05664439243116344
0.03832681884539416
0.03656502344139439
0.034589224142182774
0.03241281085604665
0.03005031665505822
0.02751732263936946
0.0248303570141844
0.02200678902194999
0.01906471839956793
0.016022861053655385
0.012900431665654447
0.009717023953107036
0.006492489323495028
0.003246814662534795
7.718048758231218E-16
0.0032280632073132267
0.006417712443587285
0.009549632433255394
0.01260497066822425
0.015565449480291144
0.018413474000506823
0.02113223537558262
0.023705808643462563
0.026119244705548984
0.02835865587170993
0.03041129449570807
0.032265624262944506
0.033911383739058644
0.0353396418366453
0.03006773806806307
0.04748669713713297
0.04144686661494392
0.035842700789354635
0.027303823879886006
0.0356333983912245
0.02735912115443406
0.035059395825814285
0.041976912666791336
0.0467610727629618
0.031778209443309356
0.0342139183176445
0.03265444392711025
0.030902431730861622
0.02896962945826242
0.026868828375116182
0.024613779935095052
0.022219107024004824
0.01970021036208815
0.017073170655951528
0.014354647114387695
0.011561772961433096
0.00871204859493899
0.005823233049988614
0.002913234433606819
7.443966002232688E-16
0.002898593465298682
0.005764848289298023
0.008581352929303369
0.011331086723561637
0.013997521750359912
0.016564721191941315
0.019017433623294385
0.021341182673569922
0.023522351538322675
0.02554826185445414
0.02740724648622311
0.029088715809494896
0.03058321712295392
0.0318824868580181
0.029646195748431355
0.026733605090684686
0.021857544701008168
0.04468119745009213
0.051140970741803383
0.05422925612246802
0.05063439156204302
0.04414516804633401
0.01968346958323533
0.02482743371281386
0.027008049270212484
0.03099290024893417
0.02958996092175605
0.028011524569113953
0.026268079742026353
0.024371076804359324
0.022332853656682413
0.020166556388833586
0.01788605536620271
0.015505857279753333
0.013041013712290925
0.010507026791996091
0.007919752519500119
0.005295302366407664
0.002649943750817192
2.9845395696937148E-15
0.002638249589548107
0.0052486689873563145
0.007815363359242395
0.010322775102727997
0.012755777411732786
0.015099764812140528
0.017340740130547254
0.019465397382425014
0.021461200092845998
0.023316454592683472
0.025020377865605466
0.026563159556024066
0.02793601778524622
0.029131248462035762
0.040963120425963506
0.04435951709603241
0.05379599327936204
0.026524594604195012
0.029879147248287836
0.03185511589739694
0.029949136182133497
0.026531007187282987
0.05434863771079103
0.044637834270379345
0.04172139830779672
0.02841404655518094
0.02713524842484331
0.025694737479843327
0.024102011149964984
0.022367460989532968
0.020502305557445488
0.01851851851852136
0.016428752422941263
0.014246258644899949
0.01198480398314814
0.009658584444422502
0.007282136745881773
0.004870248084481378
0.0024378647295430498
3.4513851701854264E-15
0.0024283578107870364
0.004832337001506292
0.007197272964716868
0.009508797076711626
0.011752923439938353
0.013916132957620942
0.015985454238321834
0.01794854084947745
0.01979374446276038
0.021510183461024963
0.023087806605617555
0.02451745139445919
0.025790896774975206
0.02690090991146305
0.017674672864742284
0.011845589525240917
0.004802672603225182
0.03152172133917461
0.03329290157689392
0.035433650117767085
0.032912188624680906
0.030906265286555087
0.005180818509033546
0.011086265684197466
0.017371936320745237
0.0263135855842942
0.025135146105056527
0.02380630979895309
0.022335777788464104
0.020733088768745446
0.019008557644272252
0.01717320964004227
0.01523871030511092
0.013217291849713866
0.011121676278227735
0.00896499579792713
0.0067607109986039604
0.004522527309868826
0.002264310251769041
1.5889991371956128E-15
0.0022564742107767885
0.004491279322593018
0.006690762809975404
0.008841535644206542
0.010930553364365773
0.01294519476696238
0.014873337741865517
0.016703431801372768
0.018424566870800983
0.02002653793330847
0.021499905148105115
0.022836049090250023
0.024027220790949506
0.025066586290092587
0.04260409100683283
0.04450594734428135
0.04676925057750501
0.02853342082623368
0.03244986549374489
0.0278509040022474
0.0325016753447281
0.028460577958943772
0.0450703026283817
0.043742257221199156
0.042133580633368375
0.024579739426437777
0.023483658768740232
0.02224657896333509
0.020876550878772954
0.019382415367128102
0.01777374660517005
0.016060791128661562
0.01425440294559089
0.012365975136843522
0.010407368373054211
0.008390836793719105
0.006328951709565657
0.004234523600871046
0.0021205228934423207
2.8172716004928348E-15
0.0021139948823740654
0.004208491728061064
0.006270679904201002
0.008287986175754207
0.010248151021481446
0.012139302799504514
0.013950029315996338
0.01566944636728049
0.0172872628457321
0.01879384202181843
0.02018025863917382
0.021438351486312318
0.022560771136895606
0.023541022581267234
0.017167081218336162
0.01129929332701358
0.01929820252206702
0.02579482065323647
0.020748593279384265
0.02618914004394527
0.020507835906947804
0.02594900182585022
0.020738640873503206
0.012379608955109292
0.01716379698356317
0.02313369846155873
0.022105999136025723
0.020945174511593386
0.019658737610335954
0.0182549511681027
0.016742774869488254
0.015131808464323713
0.013432231125051411
0.011654737426118543
0.009810470346243843
0.007910951711349831
0.005968010510534334
0.003993709529244649
0.0020002707528273956
1.0209456479708071E-15
0.0019947887508698866
0.003971848879046453
0.005919076020935529
0.00782458189546349
0.009676766606714635
0.011464388985827722
0.013176634547166591
0.014803180649467057
0.016334258471106734
0.017760711428656394
0.019074049690995184
0.0202665004658461
0.021331053762262898
0.02226150336102982
0.035757683059033755
0.029272333603194152
0.020293711808417145
0.020182439832285754
0.03364166963009283
0.024785200051649123
0.03364483402300209
0.019479025079053844
0.01866630600771416
0.027099241020028975
0.03454278625273892
0.021918391127267543
0.020947975676329673
0.01985107461827277
0.018634751619660057
0.017306785855208565
0.015875622498043848
0.014350319253917778
0.01274048927620491
0.011056240820024316
0.009308114012785496
0.007507015135160608
0.005664148820682474
0.0037909485941277532
0.001899006177590667
3.842724541995279E-15
0.0018943766504774804
0.00377248739070537
0.005622823984445409
0.0074340766270630555
0.009195202845306673
0.010895494593689048
0.012524643141228942
0.014072801356564009
0.015530643016464268
0.016889418781758196
0.018141008505864073
0.019277969564482494
0.020293580919802517
0.021181882659610907
0.017218515146243615
0.027014915895922458
0.03379705004479682
0.03428684332081378
0.013927792585580493
0.02801729793409592
0.013828016822956007
0.03484717703158729
0.034176397659918985
0.028605383583409097
0.017319328954960595
0.0208915627430143
0.01996944590841072
0.01892646590499852
0.017769308106985057
0.016505344286024515
0.015142585844546575
0.013689633232425417
0.012155621864994795
0.010550164881391544
0.008883293100555122
0.007165392548763058
0.005407139946450308
0.003619436553899894
0.0018133407843714036
6.838098476243298E-16
0.0018094180900298626
0.0036037940082443336
0.0053721246444707466
0.00710359053206255
0.008787621854596356
0.010413962781400679
0.011972733741573085
0.013454491259357899
0.014850284989620648
0.016151711609940066
0.017350965245902624
0.018440884127873484
0.01941499320140431
0.0202675424387164
0.025747864495537745
0.009521966833539786
0.01533553385236852
0.014348196477301489
0.0326636222924174
0.022305192281900532
0.03261132307364994
0.014893018128522626
0.015776756350043962
0.008473728507065246
0.02461030198261583
0.02002135236824761
0.019140129092511813
0.01814281288280157
0.017035768917317437
0.01582602400083216
0.014521222122821968
0.01312957631816725
0.01165981713250449
0.01012113801466624
0.008523137976574634
0.006875761877446481
0.005189238702476593
0.0034740182182221974
0.001740706395815525
5.1849555304354E-15
0.0017373792535213101
0.003460750568359394
0.005159539561485587
0.006823342980653656
0.008441992249954176
0.010005615456471518
0.01150469740098758
0.012930137348570571
0.014273304129173082
0.015526088255911721
0.01668095074674395
0.01773096835676415
0.018669874950326255
0.019492098766715465
0.018977970216193307
0.03610871275098792
0.02977297790658583
0.042348581210782145
0.012022394383095134
0.03344910322546738
0.012018616816460112
0.04245808756700113
0.02895314811388926
0.03598793685794231
0.019292326340584764
0.019283377659066268
0.018436844561116338
0.017478263788004253
0.01641372860142884
0.015249972865766216
0.013994328584080756
0.012654679837934559
0.011239413419893108
0.009757366466510087
0.008217771418262064
0.006630198648214907
0.005004497114997169
0.0033507334073918996
0.001679129556641862
2.9552641285327916E-15
0.0016763119168749514
0.0033394975084885493
0.004979345999415531
0.006585807068181228
0.00814905230301804
0.009659535194493127
0.011108049299681731
0.012485784224253298
0.013784379082911174
0.014995973114479703
0.016113253146071087
0.017129497620318988
0.01803861692133831
0.01883518975819838
0.018912428036094248
0.012083384692543664
0.018026742234070782
0.02772118535439425
0.029764204530192396
0.01921335755805908
0.02967570894236511
0.02821365257430503
0.017966482168863738
0.013000603334340933
0.018463377838964096
0.018658762518072504
0.01784164208043494
0.016915893288926065
0.015887378229220515
0.014762581844746821
0.013548571158447563
0.012252950983887545
0.01088381640248085
0.009449702303209063
0.007959530298469108
0.0064225533456076815
0.0048482984169625635
0.0032465075731368358
0.0016270778027968583
4.593270967645429E-15
0.0016247025454887802
0.0032370357671773816
0.0048270961718892514
0.006385131545149469
0.007901600640545174
0.009367231488444745
0.010773077968523493
0.012110574301538508
0.013371587129259274
0.01454846486639699
0.015634084025900368
0.016621892237570473
0.01750594770095331
0.018280954835404453
0.021009296518052972
0.0271266665913448
0.022645455780661565
0.03713665919155355
0.0128604002302851
0.03675593325363345
0.012901784669643037
0.036490849524514514
0.022647152850451616
0.025558164151348928
0.02111760907444966
0.018132772620542626
0.01734050777602008
0.01644248555706101
0.015444371757691594
0.014352440193508106
0.013173533359925608
0.011915019650552597
0.010584747402741382
0.009190996056049304
0.007742424727152444
0.006248018519874838
0.004717032902414804
0.003158936495763907
0.0015833526258734424
3.498613276553484E-15
0.0015813671279527098
0.0031510189353877852
0.004699309784056418
0.006216737382103674
0.007694000992689505
0.0091220583334721
0.010492180819405237
0.011796006812017371
0.013025592550938892
0.014173460457964417
0.01523264452058914
0.016196732480060993
0.017059904568937547
0.017816968564660855
0.017166228196501453
0.020923697876915302
0.01575805564873316
0.031003611358582095
0.026100065104834584
0.01470145994323131
0.026012022173311073
0.03083379522089235
0.015555548419612193
0.02165961064830313
0.01713468246269649
0.017693853866573295
0.016922451818412152
0.01604767598688357
0.015075026171652722
0.01401059797401613
0.012861044675940781
0.01163353573663962
0.010335712165389714
0.00897563904764597
0.007561755518893365
0.006102822496013685
0.004607868489193317
0.003086133828978854
0.0015470136525542635
3.4700120198675674E-15
0.001545376622719194
0.0030796058553004125
0.0045932559091549875
0.006077031449699061
0.007521830580310128
0.008918800579126073
0.010259392048024783
0.01153541114322166
0.012739069568692083
0.013863032028241627
0.014900460847373209
0.015845057494123935
0.01669110074708014
0.017433481279874485
0.020679228120747746
0.013350108849720274
0.02280541310959404
0.021454460201753917
0.015002185692658963
0.036259981445366345
0.015065012710400057
0.020743753340149666
0.02252348486383254
0.01279598158564637
0.020471663248740377
0.017332944804805933
0.01657885584872935
0.01572333708212804
0.0147717489957789
0.013730038049234188
0.012604699581216341
0.011402737382909043
0.010131620185260459
0.008799235330313718
0.007413839913161514
0.0059840096968902376
0.004518586115967309
0.003026621694946422
0.0015173242190183347
1.8144559940104756E-15
0.0015160034130016632
0.0030213547264784893
0.0045067962456047375
0.005963200715940526
0.00738162731508888
0.008753376451605203
0.010070043035635723
0.01132356789569257
0.012506287027607003
0.013610978374997147
0.014630905856402008
0.015559860370934665
0.0163921975333179
0.01712287190941142
0.017113185886424746
0.024570179566221442
0.01783291668570298
0.024387414167943804
0.023151287805334462
0.009585890559344815
0.023096046391277304
0.023972908573467754
0.018496686190658324
0.024390197899857618
0.017112712891465112
0.017042979944526596
0.016303001486830986
0.01546313467032751
0.014528624515096351
0.013505294387045064
0.012399509771529727
0.011218138743397934
0.009968509378502476
0.008658364370334458
0.007295813132387145
0.005889281682091276
0.004447460615537468
0.0029792514937037654
0.0014937119704638141
3.9610725335617305E-15
0.0014926825331029007
0.002975146414710324
0.004438271585382322
0.005873063161206659
0.007270706647693161
0.008622622008380414
0.00992051625684099
0.011156434250420899
0.012322807374818332
0.013412499822261987
0.014418852180571602
0.015335722067305067
0.0161575215614842
0.01687925120500315
0.018657971708445728
0.015338588043323104
0.014685591034355574
0.017136124646538034
0.017568515773661687
0.03200538244884296
0.01762998808928438
0.01738303742722744
0.013866436104162693
0.01586307389491767
0.018413038559421707
0.016818529379673982
0.0160897282305849
0.015262205901334529
0.014341113543082684
0.013332175107203657
0.012241651830629321
0.011076303439811497
0.009843346313629013
0.008550408863453518
0.007205484406092918
0.0058168818202341726
0.004393174290421245
0.0029431464544593037
0.0014757402795403116
5.148919307850752E-15
0.0014749835446529074
0.002940128829365936
0.0043864194775088865
0.005804959666124356
0.0071870287627683665
0.008524134858661402
0.009808066870150076
0.011030944889171895
0.012185268474426388
0.013263962587799449
0.01426042089505676
0.01516854616619325
0.015982787528709737
0.016698174346588417
0.01711292473527916
0.019623116177968056
0.026447556128617
0.01738760519441928
0.021639959361619863
0.009341438655653456
0.021617008099791845
0.0171723960638449
0.02675534125331479
0.019016891532228023
0.017115627073582107
0.01665553836546697
0.015935186300045624
0.015116926671637375
0.014205836626892508
0.013207562550507295
0.012128285123690928
0.010974681112943334
0.009753882124995016
0.008473430582415184
0.007141233191072946
0.00576551218641937
0.004354754658461045
0.002917660267529104
0.0014630876723617098
1.5806301302232336E-15
0.0014625903073959565
0.002915676929888033
0.004350315050559337
0.00575767634009943
0.007129103207219765
0.008456161982295048
0.00973069470784934
0.010944869218249057
0.01209122720186423
0.013162729950769123
0.014152801518090062
0.015055369018596452
0.01586489982591023
0.016576435438841915
0.017300199365975343
0.01853413296656811
0.010641564207852216
0.020574829636319233
0.019668695412237935
0.024875078040432864
0.019709720796916783
0.020544912306403495
0.01132548099762988
0.018565064638622765
0.0172320960180935
0.016551142466860416
0.015836661327486904
0.015024746775895473
0.01412042049824179
0.013129271780950717
0.01205742301399727
0.010911491925411592
0.009698550779602112
0.00842608279069544
0.0071019360191583525
0.005734275035344153
0.0043315306473169415
0.002902348001855033
0.0014555333780368112
2.0496953297113812E-15
0.0014552867977863043
0.002901364716141167
0.0043293296087947705
0.005730390233523695
0.007095922300625961
0.008417521487009064
0.009687055090150385
0.010896712005368113
0.012039050719149449
0.013107045024553487
0.01409412717791469
0.014994228232287276
0.015801815300148826
0.016511925517084913
0.017115516301982877
0.017044407708764128
0.023505739604430878
0.017170802834348697
0.02088372227441061
0.016379693604155726
0.02086349691855042
0.01735790068033861
0.02272798540457599
0.017205715489431953
0.01711188332396289
0.016503542034163755
0.015792455509405105
0.014984078339834424
0.014083394332789297
0.013095955155907802
0.012027846164580733
0.010885648950794372
0.00967640084369069
0.008407551610462383
0.007086917623862972
0.005722633777811265
0.004323103446449907
0.002896946794166219
0.001452947753962304
