1.0
0.998972585452729
0.9958941397184463
0.99077603981469
0.9836371918337683
0.9745039478168513
0.9634099899352747
0.9503961825331828
0.9355103927392274
0.9188072805050691
0.9003480590739816
0.8802002270235781
0.858437273161543
0.8351383556816369
0.764178566730559
0.7105710944713337
0.6007673189856461
0.5823801826020905
0.5449289301199846
0.5605233959374901
0.5112597124300445
0.4976807621034948
0.4197385293717889
0.39427613799070016
0.35014262783766825
0.39758174160701637
0.3904414824740957
0.40218305582793445
0.3679847175671996
0.33395382007963664
0.3002006862750954
0.26683328132118717
0.23395677675898327
0.2016731299197535
0.17008068053331016
0.13927376632762697
0.10934235931995538
0.08037172439209736
0.05244210162743625
0.025628413765296846
3.1709181488313165E-16
0.02437962278192755
0.04745297037168259
0.06916877240348814
0.08948212364992582
0.10835460493099759
0.12575437327165545
0.14165622109465506
0.15604160438810769
0.16889863993921161
0.18022207187652853
0.19001320791218018
0.19827982582151607
0.2050360508407501
0.2553495133906134
0.28329894042172565
0.35916711711762256
0.343707060227329
0.34177084286221
0.29589748909798125
0.3070774429793623
0.2868947835816446
0.32347870617693597
0.31850189371949267
0.3278790701442902
0.24855391738975297
0.2165973124438141
0.16228884351832548
0.15172847667181671
0.1405515959584024
0.12883908052317353
0.11667245240793654
0.10413347464621647
0.09130375337943764
0.07826434592779986
0.06509537670314863
0.05187566279556153
0.0386823510008126
0.025590567982650175
0.01267308518248844
6.941722393599E-16
0.01236156532820511
0.024347745827528206
0.03589819564672811
0.046956328580889856
0.05746953627456666
0.0673893832471311
0.07667177800935189
0.08527711967004745
0.0931704195635523
0.10032139756208588
0.10670455287113877
0.11229920923996564
0.11708953465262203
0.07877477429237101
0.06414240047233818
0.02482981018091479
0.05377919145066151
0.06799136485686486
0.0955773479998611
0.08421273648014772
0.09545298910400854
0.06832827460146712
0.05347802211673228
0.024618162436329038
0.0552710720054832
0.06625143434907269
0.1018700663812948
0.09577043133222475
0.08919691902778035
0.08219714680739833
0.07482035430154846
0.0671171012123812
0.05913896231121313
0.05093822132600476
0.042567565380628204
0.034079781627452774
0.025527457685862336
0.01696268746207163
0.008436783880032626
8.490586935437411E-16
0.0082987400595961
0.01641209904919271
0.024294572090918197
0.031902718564962615
0.039195379273756215
0.04613387787015535
0.05268220563223923
0.058807188768007314
0.0644786375373899
0.06966947658610859
0.07435585599533825
0.0785172426622933
0.08213649173906615
0.12424659653900376
0.1351586240591174
0.17321807365544906
0.13661080765747172
0.1070321899381461
0.07830540905914736
0.08453194957028133
0.07500800286869219
0.09888759617986562
0.12601328443798543
0.16122544287318272
0.12566289066274713
0.11607337194831167
0.07441703225767192
0.07013989843314612
0.06548986096701254
0.06049987700365089
0.05520449656085631
0.04963964052493631
0.043842373363554794
0.03785067190997266
0.03170319158088281
0.02543903139090011
0.019097499119955858
0.012717877975441189
0.006339196069147296
1.019327167473435E-15
0.006261866202463633
0.012409475561785444
0.018407024902624164
0.024220032755730318
0.029815527373656045
0.03516222387760954
0.040230689627296666
0.044993496981779464
0.049425362699367516
0.053503273308290696
0.05720659586665533
0.06051717361937879
0.06341940615120042
0.032959499586516984
0.03508709355257055
0.03436090202788196
0.07517502517051904
0.1033855161514046
0.12501120609802813
0.12995819643629947
0.12580176865906503
0.10545511246359476
0.07774533618224808
0.0366565599981927
0.03525806353436896
0.03051634721516141
0.058776258308674736
0.05547984723424938
0.05187727902217861
0.04799358665120118
0.043855240091815996
0.03948997423526517
0.03492661100534969
0.030194876749065083
0.025325216019944252
0.020348602879240216
0.015296350844885469
0.01019992261616062
0.005090740693764169
3.358540372212892E-16
0.005041516417228652
0.010003617540091776
0.014856879372912695
0.01957281378612272
0.02412403027178691
0.02848438971977445
0.03262914937775073
0.03653509821676837
0.040180681986827144
0.043546117313200086
0.046613494253768005
0.0493668668101537
0.051792330960251806
0.08317360995784336
0.07358799642646856
0.07389267006026509
0.02590274153098208
0.036112830901891116
0.06035945911226996
0.07099825906045634
0.06133127410922558
0.038307793839431434
0.020805503185576238
0.066477097897239
0.06762862749543783
0.07873185459623509
0.04870448063081502
0.046017388331818926
0.04307047863746671
0.039883901941637066
0.03647909300014394
0.032878631378331066
0.029106096167605247
0.025185915879489564
0.02114321444761088
0.017003654284083406
0.012793277347068912
0.008538345181072281
0.004265178890455548
1.915666651553832E-15
0.004231226855950886
0.008402948491873202
0.012490174076164755
0.016468621510455316
0.02031485844354456
0.024006437118553565
0.027522022293951745
0.03084151152596992
0.03394614715006125
0.03681861935330196
0.03944315978678666
0.0418056252271929
0.04389357085926453
0.024376468603748477
0.042768763477968576
0.05789578471313992
0.09733390292128642
0.11626464739763609
0.1240018531834659
0.13121227120965354
0.12300253921018231
0.11502272393200866
0.09732799110110188
0.059327510776224834
0.04407579110222583
0.02409830665695616
0.04169996125597131
0.03942636457364764
0.036926673868340795
0.034217760463381146
0.031317650500898575
0.028245407809626283
0.025021011314591116
0.02166522776058863
0.01819948054447563
0.01464571546934207
0.01102626424683885
0.00736370658208496
0.0036807316787434755
6.392433191535791E-16
0.003655993885695149
0.007265056556971805
0.010805428289310363
0.014255912122851553
0.017595998694534917
0.02080598611094425
0.023867094172387155
0.02676157229694537
0.029472800534869427
0.0319853831089401
0.034285233964673985
0.03635965386519285
0.03819739861925811
0.05745757443817001
0.03474213664239295
0.022773050034298765
0.023887466366316296
0.052980636270740754
0.06332057079208488
0.06454170457061752
0.0625849957072301
0.052159533196590044
0.024747388926399636
0.02069714404576235
0.03131766363593443
0.0542275958165071
0.03656502344139399
0.034589224142182344
0.032412810856047275
0.030050316655056693
0.02751732263936884
0.024830357014183513
0.02200678902194988
0.019064718399567068
0.016022861053656846
0.012900431665654775
0.009717023953107683
0.006492489323494911
0.0032468146625336887
1.7185885705948925E-15
0.003228063207313968
0.006417712443588049
0.00954963243325617
0.01260497066822649
0.015565449480291552
0.01841347400050734
0.021132235375583477
0.023705808643464592
0.026119244705547967
0.028358655871712362
0.030411294495709822
0.032265624262941946
0.03391138373906138
0.02462860936968626
0.050114539517114975
0.0577597926191149
0.07635317413689348
0.06672985267246127
0.05931622099509598
0.05993110039221208
0.057465686971946546
0.06361393142980236
0.0733597251745454
0.05609307182439487
0.0503169427199255
0.02496302338237791
0.032654443927109866
0.030902431730858736
0.028969629458262848
0.0268688283751152
0.024613779935095028
0.02221910702400656
0.019700210362087318
0.017073170655952662
0.014354647114386877
0.011561772961431733
0.0087120485949395
0.005823233049990695
0.002913234433608162
2.6102395406952054E-15
0.002898593465299288
0.005764848289296864
0.00858135292930501
0.011331086723562298
0.013997521750361817
0.016564721191939445
0.019017433623296106
0.021341182673566498
0.023522351538321582
0.025548261854453094
0.027407246486224394
0.029088715809493442
0.03058321712295354
0.03833771510663798
0.016207509734853694
0.024450520148014184
0.026345342187276615
0.0348959285046085
0.04012641681283312
0.041882119265069344
0.04022701895128294
0.03481472486268348
0.026639682953465586
0.026217211576386304
0.015248372180837307
0.035955274405404615
0.02958996092175512
0.028011524569113325
0.026268079742023314
0.024371076804361867
0.022332853656681306
0.020166556388832704
0.01788605536620357
0.01550585727975504
0.013041013712291766
0.010507026791995529
0.007919752519502202
0.005295302366408008
0.002649943750816072
1.8389415822919217E-15
0.0026382495895481517
0.005248668987355064
0.007815363359243873
0.010322775102727475
0.01275577741173207
0.015099764812140147
0.017340740130546973
0.019465397382425535
0.021461200092845766
0.02331645459268268
0.02502037786560742
0.026563159556024535
0.027936017785245487
0.027399427516763372
0.04634484376190461
0.03422758207086825
0.035192642342930104
0.029341802425046432
0.036361451799560476
0.03222832158582542
0.037177279627762606
0.029437930091090688
0.03282497963016302
0.03160962272008288
0.04506942543805782
0.02785075181922988
0.027135248424842023
0.025694737479844666
0.024102011149965866
0.022367460989532132
0.02050230555744418
0.018518518518523288
0.016428752422941423
0.014246258644900924
0.011984803983148795
0.009658584444419254
0.007282136745884864
0.0048702480844797615
0.0024378647295395495
2.6705498927542392E-15
0.0024283578107896836
0.00483233700150565
0.007197272964715538
0.009508797076711623
0.011752923439939847
0.013916132957622753
0.015985454238321484
0.01794854084947683
0.01979374446275979
0.021510183461026115
0.023087806605617996
0.024517451394460592
0.025790896774974488
0.025045027852735956
0.01525249409829168
0.04214387406221193
0.03438956887370034
0.03902011584773738
0.04948456997395814
0.048203183601853127
0.049406337834294774
0.03887227310923161
0.034756102044391904
0.04342907352951087
0.016001758320050366
0.0236074469164732
0.025135146105056575
0.023806309798948273
0.02233577778846519
0.020733088768745654
0.019008557644273973
0.01717320964004275
0.015238710305109931
0.013217291849713042
0.011121676278227948
0.008964995797926813
0.006760710998606613
0.004522527309871151
0.0022643102517721724
8.659026215195872E-16
0.0022564742107745337
0.004491279322590931
0.006690762809974243
0.00884153564420677
0.010930553364365984
0.012945194766961824
0.014873337741865859
0.016703431801372973
0.01842456687080181
0.020026537933306
0.02149990514810371
0.022836049090251845
0.024027220790949027
0.029953861250164807
0.032969815479939456
0.013589400724943195
0.024929708721414673
0.029828170158174166
0.053458981631269845
0.04395064856419397
0.053338155771765663
0.02917621210947947
0.025434820715691885
0.012340833008329347
0.030999629902977024
0.03019499008278749
0.02348365876874043
0.022246578963336944
0.0208765508787739
0.01938241536712871
0.01777374660517347
0.016060791128658866
0.01425440294558932
0.012365975136843618
0.010407368373055037
0.00839083679372182
0.0063289517095663165
0.004234523600869929
0.0021205228934417777
1.37214812369092E-15
0.002113994882376369
0.004208491728062384
0.006270679904202523
0.008287986175756485
0.010248151021478651
0.012139302799507272
0.01395002931599863
0.015669446367281337
0.017287262845733578
0.01879384202181528
0.02018025863917809
0.021438351486315663
0.022560771136895745
0.018279106393419002
0.02360652310680559
0.04546740534128375
0.02920964149900002
0.03299142554927084
0.029611212907930264
0.018518518518514323
0.028878305979512773
0.03317019164136284
0.028042821789083572
0.044531595992509644
0.024777461969023543
0.017787339575998363
0.022105999136025505
0.02094517451159294
0.019658737610333953
0.018254951168103474
0.016742774869491137
0.015131808464323084
0.01343223112504724
0.011654737426120098
0.00981047034624736
0.007910951711351798
0.005968010510536665
0.003993709529246598
0.0020002707528293017
1.5478325858400626E-15
0.0019947887508678973
0.0039718488790449905
0.005919076020935235
0.007824581895466929
0.009676766606716077
0.011464388985830236
0.013176634547166322
0.014803180649466037
0.01633425847110807
0.01776071142865753
0.019074049690995486
0.020266500465850223
0.021331053762261992
0.03051612568041587
0.018111025749540887
0.009299281744728556
0.030846525149635498
0.011309985879146531
0.03744469198824249
0.04094774732482809
0.03694659502276884
0.01064410494134958
0.03107815249053238
0.010432563438946703
0.016598283940170037
0.03037143621788126
0.020947975676332633
0.01985107461827371
0.018634751619662836
0.01730678585520912
0.015875622498042224
0.01435031925391985
0.012740489276204478
0.011056240820025222
0.00930811401278781
0.007507015135158815
0.005664148820683087
0.003790948594131761
0.0018990061775921246
1.805528950727649E-15
0.0018943766504802536
0.0037724873907064088
0.005622823984445325
0.007434076627064404
0.00919520284530529
0.010895494593690208
0.012524643141229802
0.01407280135656503
0.015530643016462923
0.016889418781760368
0.018141008505866762
0.019277969564482415
0.020293580919802497
0.016593430059247755
0.03103265273167777
0.028003015595416667
0.014605984286978102
0.04706033897398112
0.01859858903868298
0.01514642191706884
0.018864843504061368
0.04774669019885998
0.014350939822572826
0.025622324441783674
0.03149285027915698
0.016546673822630375
0.01996944590841091
0.0189264659049982
0.017769308106985376
0.016505344286022933
0.01514258584454877
0.013689633232426024
0.012155621864995081
0.010550164881389231
0.008883293100556761
0.007165392548762378
0.005407139946449817
0.003619436553901049
0.0018133407843643522
3.0738010517427178E-15
0.0018094180900320447
0.0036037940082462878
0.0053721246444736765
0.007103590532065345
0.00878762185460198
0.010413962781399277
0.011972733741573736
0.013454491259359325
0.014850284989619888
0.016151711609941544
0.01735096524590625
0.018440884127871825
0.019414993201402952
0.02841378435429573
0.009938172310578594
0.027137683604933523
0.029325716688139675
0.008163991596973726
0.022506579985807684
0.03970607682014223
0.022293511578583836
0.007970134794988383
0.028672213287020003
0.029052416291513845
0.009610365884819025
0.02788503017597661
0.01914012909251049
0.018142812882804307
0.017035768917321014
0.015826024000831305
0.01452122212282533
0.013129576318168322
0.011659817132503175
0.010121138014666032
0.008523137976574289
0.006875761877449286
0.005189238702475946
0.003474018218224538
0.0017407063958161646
7.518178796047145E-15
0.0017373792535251727
0.003460750568358392
0.005159539561485791
0.0068233429806531755
0.008441992249956426
0.01000561545647734
0.011504697400993464
0.012930137348571298
0.014273304129172748
0.015526088255911218
0.0166809507467395
0.017730968356767574
0.01866987495031696
0.016500183184732564
0.03082648473802515
0.005995235842467011
0.022716491305868468
0.048715380737927194
0.023180447392428433
0.006959324113351879
0.02304914150504704
0.04814217505475633
0.023736968754268364
0.004409227238289719
0.030189939708340382
0.016500467571451603
0.018436844561121876
0.017478263788006182
0.01641372860142797
0.015249972865763399
0.013994328584082541
0.01265467983793385
0.011239413419890269
0.00975736646651024
0.008217771418262722
0.0066301986482122195
0.005004497114995915
0.003350733407388899
0.0016791295566400072
2.9387897233751475E-15
0.0016763119168744733
0.003339497508491403
0.004979345999415816
0.006585807068180136
0.008149052303021261
0.009659535194485593
0.011108049299676258
0.012485784224256464
0.013784379082916557
0.014995973114480478
0.016113253146076426
0.017129497620321926
0.018038616921336178
0.02416333399423603
0.011424170716285062
0.040037531705051574
0.013652939415976879
0.011570886863697272
0.023130221839774357
0.04168523246357408
0.023353467290297244
0.012398157035560697
0.012041194950053001
0.04031351593048664
0.012171154614928154
0.02342956430861882
0.017841642080432034
0.016915893288923116
0.015887378229220088
0.014762581844751385
0.013548571158449329
0.012252950983891063
0.01088381640248702
0.009449702303206188
0.007959530298465972
0.006422553345605443
0.0048482984169606344
0.0032465075731335663
0.0016270778027950793
4.415495814667409E-15
0.0016247025454909669
0.0032370357671759353
0.004827096171890692
0.0063851315451517185
0.0079016006405505
0.009367231488446506
0.010773077968523165
0.012110574301538732
0.013371587129258717
0.01454846486639485
0.015634084025904882
0.01662189223756742
0.017505947700950174
0.016579957387283815
0.023002706319214705
0.0024890080605102726
0.036107753993294536
0.031069980126395415
0.0133837231654826
0.010762554382264013
0.013138771992177315
0.030034426942647824
0.03697450487871206
0.0028027743124214607
0.021734546722747237
0.01662726153956316
0.017340507776021703
0.016442485557062392
0.015444371757692157
0.014352440193509612
0.013173533359926961
0.011915019650551329
0.010584747402744014
0.009190996056049741
0.007742424727147834
0.0062480185198767225
0.004717032902417002
0.0031589364957617647
0.0015833526258766755
1.5468209985308907E-15
0.0015813671279566615
0.003151018935386683
0.00469930978405667
0.0062167373821046075
0.0076940009926886
0.009122058333469178
0.010492180819404968
0.011796006812007646
0.013025592550941937
0.014173460457974341
0.0152326445205946
0.016196732480062145
0.017059904568938807
0.01943956090580081
0.0190443924048105
0.03381190097911598
0.008458029064636639
0.024644277202735383
0.02912198676199879
0.04132170431926149
0.029079811167762135
0.024868351557953784
0.009546005284636741
0.03227331162498871
0.02008216276436504
0.018842175874637816
0.016922451818413006
0.01604767598688722
0.015075026171655619
0.014010597974014546
0.012861044675939255
0.011633535736640553
0.010335712165393465
0.008975639047641981
0.007561755518895903
0.0061028224960193896
0.004607868489191518
0.003086133828983401
0.0015470136525627897
5.008135560550402E-15
0.0015453766227148645
0.0030796058552967913
0.0045932559091527705
0.006077031449697585
0.007521830580312167
0.008918800579126807
0.01025939204802748
0.011535411143221824
0.012739069568692998
0.013863032028241858
0.014900460847378906
0.0158450574941234
0.016691100747082264
0.017217167611560474
0.013178639282200017
0.01268558100414646
0.04147407908962955
0.015142977847184401
0.015603024449206363
0.011491015198371863
0.015989343971674834
0.01501033928835047
0.04115804996143155
0.014290388133581142
0.01216980944191773
0.01737678949510067
0.016578855848727436
0.01572333708212804
0.01477174899577826
0.013730038049228153
0.012604699581223252
0.011402737382909662
0.010131620185261866
0.008799235330312356
0.007413839913164136
0.005984009696895766
0.004518586115967627
0.0030266216949536733
0.001517324219015962
2.945498629761234E-15
0.001516003412999412
0.0030213547264759293
0.004506796245602612
0.005963200715941192
0.007381627315087649
0.008753376451606175
0.010070043035633063
0.01132356789569369
0.012506287027606589
0.01361097837499741
0.014630905856401807
0.01555986037093188
0.016392197533318064
0.016687866887056455
0.025772211191213305
0.016133747294830268
0.014235245523059688
0.02002852021093488
0.018534860643161392
0.01605127985738768
0.01809027883804997
0.019414235746931557
0.013935430001579147
0.014482765727644712
0.026228266939587148
0.016558674853476774
0.01630300148683019
0.015463134670325613
0.014528624515094447
0.013505294387048918
0.012399509771524608
0.011218138743397945
0.009968509378496759
0.008658364370330268
0.007295813132389363
0.00588928168209005
0.004447460615535505
0.0029792514937038253
0.001493711970465638
5.1651872539874224E-15
0.0014926825330977328
0.0029751464147031153
0.0044382715853859955
0.005873063161201213
0.007270706647694216
0.008622622008381218
0.009920516256841969
0.01115643425042472
0.012322807374819802
0.013412499822262157
0.014418852180571592
0.015335722067304715
0.01615752156148107
0.018413632130403066
0.008091502722120475
0.02679708154811693
0.029531369638366715
0.02526762687611174
0.03258745386386177
0.035917054694368095
0.032924797408311605
0.025918351505528316
0.028296456107829156
0.0276489263754726
0.008003404138773429
0.018587222802342807
0.016089728230585475
0.015262205901328534
0.014341113543077526
0.01333217510719984
0.012241651830634453
0.011076303439813423
0.009843346313631245
0.00855040886345477
0.007205484406092511
0.005816881820235559
0.004393174290417541
0.0029431464544552094
0.0014757402795350404
9.633676054013439E-15
0.001474983544645435
0.00294012882936907
0.004386419477505996
0.005804959666127583
0.007187028762764854
0.008524134858663638
0.009808066870147063
0.011030944889163697
0.012185268474433894
0.013263962587797171
0.014260420895059654
0.015168546166191474
0.01598278752871164
0.017015803890339725
0.026113661406488225
0.007658925522023403
0.013767572492515047
0.007210683750438017
0.001161918951169486
0.008835415063480186
0.0016336614004094062
0.0068421177295998545
0.014601991883027623
0.00802638717549552
0.025627500957936984
0.017234231197371528
0.015935186300048514
0.01511692667164153
0.014205836626893542
0.013207562550504393
0.012128285123694859
0.010974681112942614
0.009753882124999001
0.008473430582414428
0.007141233191070358
0.00576551218642414
0.004354754658460977
0.0029176602675253516
0.0014630876723668482
7.220121143344493E-15
0.0014625903074040364
0.0029156769298906426
0.004350315050565621
0.005757676340101421
0.0071291032072230195
0.008456161982297853
0.009730694707846172
0.01094486921824467
0.012091227201871108
0.01316272995077314
0.014152801518090858
0.015055369018596805
0.01586489982590968
0.019211357297160104
0.010803031415987796
0.028100029164198015
0.022176912842276058
0.029792983721569497
0.03641609982241275
0.041077986745595776
0.03623520670770575
0.029481959268593688
0.022576203784546493
0.027392107553680642
0.011616782563695912
0.01923169541174075
0.015836661327486498
0.015024746775895232
0.014120420498248852
0.013129271780953322
0.012057423013998496
0.01091149192540924
0.009698550779599219
0.008426082790694006
0.007101936019154722
0.0057342750353410596
0.004331530647312403
0.0029023480018567187
0.0014555333780354128
2.20629173980061E-15
0.0014552867977827989
0.0029013647161391207
0.004329329608795334
0.005730390233523994
0.007095922300624929
0.008417521487007886
0.009687055090156174
0.010896712005368809
0.012039050719149031
0.013107045024553012
0.014094127177915802
0.014994228232283715
0.015801815300149777
0.01855006402344119
0.01977753846062544
0.016204057144086875
0.025033619420936216
0.0158807250667795
0.02114241249496745
0.020798287998572137
0.021633730872475374
0.016729107100534307
0.025396211582048838
0.01741973837200235
0.01872118886458773
0.018736558504684107
0.01579245550940797
0.014984078339834544
0.014083394332790024
0.013095955155913235
0.0120278461645795
0.010885648950798433
0.009676400843691188
0.008407551610463077
0.007086917623865116
0.0057226337778122135
0.004323103446451731
0.002896946794163533
0.001452947753967042
