1.0
0.9989725854527292
0.9958941397184474
0.9907760398146921
0.9836371918337685
0.9745039478168535
0.9634099899352776
0.950396182533182
0.9355103927392271
0.9188072805050695
0.900348059073981
0.8802002270235783
0.8584372731615412
0.835138355681639
0.7372311406448144
0.6835173613122316
0.6293732489720792
0.6193287687331693
0.589857492247906
0.5595429460066637
0.5289077850309587
0.49651520394385257
0.4640274542953642
0.4312581537318784
0.3801027248599361
0.3720334230636535
0.3657582750532274
0.4021830558279344
0.3679847175672003
0.33395382007963653
0.3002006862750955
0.26683328132118783
0.23395677675898355
0.20167312991975322
0.1700806805333102
0.13927376632762714
0.10934235931995476
0.08037172439209735
0.052442101627436344
0.025628413765296856
6.015868819810783E-17
0.024379622781927787
0.04745297037168244
0.06916877240348825
0.0894821236499265
0.10835460493099765
0.1257543732716558
0.14165622109465512
0.15604160438810832
0.16889863993921192
0.1802220718765289
0.19001320791218038
0.19827982582151632
0.20503605084075058
0.27493671615332593
0.30585472000599023
0.32964225198624936
0.31256509851144043
0.31171933324625506
0.30951389484806585
0.3029306043516586
0.30143742071040963
0.2956885278521596
0.2888569182715262
0.2983906409930649
0.26956332085522683
0.23289513762855277
0.1622888435183259
0.15172847667181658
0.14055159595840247
0.12883908052317383
0.1166724524079365
0.10413347464621732
0.0913037533794381
0.07826434592779975
0.06509537670314822
0.051875662795561966
0.03868235100081239
0.025590567982650234
0.012673085182488528
2.2082661865208518E-16
0.012361565328204139
0.024347745827527644
0.03589819564672838
0.046956328580889536
0.0574695362745663
0.06738938324713106
0.07667177800935238
0.08527711967004789
0.0931704195635523
0.10032139756208605
0.10670455287113835
0.1122992092399661
0.11708953465262192
0.09896821709005252
0.0841879769313676
0.09719839183278005
0.09607684513607075
0.09072243133248889
0.09134989084424129
0.09789132681255233
0.09084876068083325
0.08976634403259177
0.0953025433746424
0.09816277688716725
0.08334723653177696
0.09645745536026669
0.10187006638129371
0.09577043133222447
0.08919691902777994
0.08219714680739919
0.07482035430154849
0.06711710121238183
0.05913896231121303
0.050938221326003986
0.04256756538062805
0.03407978162745332
0.025527457685862412
0.01696268746207191
0.008436783880032023
7.020778342523863E-16
0.008298740059596235
0.016412099049192698
0.02429457209091818
0.031902718564963614
0.03919537927375741
0.04613387787015452
0.05268220563223901
0.05880718876800697
0.06447863753739082
0.06966947658610909
0.07435585599533817
0.07851724266229308
0.08213649173906663
0.11795156699792898
0.14434985318238439
0.1495776716982877
0.13523741434120531
0.13430556892420473
0.133714406372064
0.12199469729193621
0.13101159570118975
0.1289244239195673
0.12725690797513406
0.13863402844780404
0.1331683626843365
0.10554586108361591
0.0744170322576711
0.07013989843314611
0.06548986096701277
0.06049987700365134
0.05520449656085713
0.04963964052493768
0.043842373363555294
0.03785067190997291
0.031703191580882
0.02543903139090057
0.019097499119956538
0.012717877975441615
0.006339196069147371
1.07194495376789E-15
0.006261866202463792
0.012409475561784426
0.01840702490262282
0.024220032755729086
0.029815527373655105
0.03516222387760997
0.04023068962729786
0.04499349698177926
0.04942536269936613
0.053503273308290356
0.057206595866656496
0.06051717361937855
0.06341940615120012
0.09811248921912556
0.08629715968574686
0.09627597934246201
0.08585429340175184
0.07492268051620363
0.07518312486205006
0.07619240326245943
0.07454912978592701
0.07365818916843765
0.08415083588659703
0.09429840256556113
0.08577794927324413
0.09797247211595285
0.05877625830867535
0.05547984723424993
0.051877279022178535
0.04799358665120181
0.0438552400918162
0.0394899742352654
0.03492661100534829
0.030194876749063626
0.02532521601994307
0.02034860287924062
0.015296350844883093
0.010199922616160142
0.005090740693766533
1.1793194772946728E-16
0.005041516417228466
0.010003617540091865
0.014856879372913427
0.019572813786123144
0.02412403027178669
0.028484389719774194
0.03262914937775187
0.036535098216766544
0.04018068198682668
0.04354611731320012
0.04661349425376841
0.04936686681015454
0.05179233096025124
0.05020293620853631
0.0700628227687291
0.06123909562955591
0.05583311383312629
0.06027090388653954
0.060436841341083715
0.05989155457287785
0.05975293586847762
0.058908259239526785
0.05271517436975932
0.05515985938278656
0.06271495875464321
0.0423107100967003
0.04870448063081655
0.046017388331820154
0.04307047863746849
0.039883901941637295
0.036479093000143833
0.032878631378330886
0.029106096167606114
0.025185915879490563
0.021143214447610453
0.017003654284082466
0.012793277347069764
0.008538345181072845
0.004265178890457184
0.0
0.004231226855952375
0.008402948491871854
0.012490174076165374
0.016468621510455063
0.02031485844354507
0.02400643711855235
0.027522022293952494
0.030841511525969312
0.03394614715005957
0.036818619353299824
0.039443159786786565
0.04180562522719359
0.043893570859263376
0.0897393483980791
0.0741160817186428
0.0661082871929396
0.05355102284239723
0.042914553446039665
0.04293205522444959
0.03859535406320048
0.04205037860393588
0.041162341111239564
0.05057148416306729
0.062276297936425556
0.07155702650012508
0.08708835884764027
0.0416999612559708
0.03942636457364595
0.03692667386833994
0.034217760463380355
0.031317650500896285
0.028245407809626876
0.02502101131459137
0.021665227760588785
0.018199480544475614
0.014645715469342194
0.011026264246839779
0.0073637065820832725
0.003680731678740205
7.21217417388789E-16
0.003655993885694972
0.007265056556972975
0.010805428289310444
0.014255912122851312
0.017595998694535542
0.020805986110943232
0.02386709417238712
0.026761572296945712
0.02947280053486766
0.03198538310894083
0.034285233964675546
0.036359653865193346
0.03819739861925846
0.00594781631420002
0.025372675872557364
0.037934405384852606
0.05369748906475896
0.07021917161690884
0.0709446550276866
0.08923323478708484
0.07160506298005592
0.07154454085606841
0.055411458761960096
0.0395633904793407
0.023111808942096135
0.0010584359983437566
0.03656502344139361
0.03458922414218262
0.032412810856047324
0.030050316655057707
0.02751732263936904
0.024830357014184987
0.022006789021949504
0.019064718399568546
0.016022861053657807
0.012900431665654574
0.009717023953107891
0.006492489323494557
0.003246814662534277
1.2231508186745092E-15
0.0032280632073159125
0.006417712443589014
0.009549632433255033
0.01260497066822403
0.015565449480291246
0.018413474000505286
0.021132235375582946
0.023705808643463937
0.026119244705548984
0.028358655871710717
0.030411294495708136
0.032265624262945346
0.033911383739060344
0.06744226257908391
0.05048722328416459
0.028195401004385712
0.01358228792423312
0.015507764718932634
0.015313576651762481
0.02355090585027845
0.015067341756915346
0.015060326361906575
0.010828823769922261
0.024931550640439646
0.04727731681364576
0.06345246026380476
0.032654443927109846
0.03090243173086418
0.028969629458264715
0.02686882837511587
0.024613779935094417
0.022219107024004595
0.019700210362086072
0.017073170655954036
0.014354647114387803
0.011561772961432343
0.008712048594939438
0.005823233049990803
0.0029132344336078564
1.3021536826097175E-15
0.0028985934652999063
0.0057648482892999195
0.008581352929305274
0.011331086723561546
0.01399752175036015
0.01656472119193972
0.019017433623296744
0.021341182673573104
0.023522351538321645
0.025548261854457147
0.027407246486220428
0.02908871580949604
0.03058321712295622
0.019702158753955236
0.029416028197836265
0.053028484422702936
0.06961122748122615
0.08648140944570747
0.0868339116994373
0.10024222705599603
0.08687094215649568
0.08655841693074987
0.06986031081464264
0.05354380488590043
0.031199093405457283
0.022008436123386245
0.029589960921754723
0.028011524569112784
0.026268079742022752
0.0243710768043614
0.022332853656680838
0.02016655638883366
0.017886055366205533
0.01550585727975292
0.013041013712295104
0.010507026791997418
0.007919752519505724
0.0052953023664101175
0.0026499437508163202
2.1620083073621632E-15
0.0026382495895499033
0.005248668987356481
0.007815363359244088
0.010322775102729142
0.01275577741173599
0.015099764812140702
0.01734074013054682
0.019465397382425313
0.021461200092844322
0.023316454592680197
0.025020377865606392
0.026563159556027022
0.027936017785245737
0.040925769841559226
0.026345827683443422
0.01496412144810174
0.01883339127147072
0.022842430290240197
0.02274162998591202
0.03779494721789476
0.023032061141504537
0.023410777110882672
0.020601174566262006
0.016229339195895972
0.02388065028536158
0.03735965602479866
0.02713524842483976
0.02569473747984367
0.02410201114996439
0.022367460989533718
0.020502305557443985
0.0185185185185218
0.016428752422942724
0.014246258644902969
0.011984803983148246
0.0096585844444207
0.007282136745882873
0.004870248084481016
0.0024378647295400058
5.489733466843969E-16
0.0024283578107898037
0.0048323370015059324
0.007197272964716645
0.009508797076712705
0.01175292343993901
0.01391613295762363
0.01598545423832466
0.01794854084947841
0.019793744462759246
0.021510183461025803
0.023087806605616563
0.02451745139446139
0.025790896774973492
0.02826809940667811
0.037921332738529934
0.04777701431108073
0.06152633018147486
0.07516090737688243
0.07513635805218503
0.07572994939927745
0.07455709962996346
0.07400598793989417
0.06007332618198818
0.04618804516113601
0.03792111159372301
0.02829745369391828
0.02513514610505486
0.023806309798949637
0.022335777788467726
0.020733088768747226
0.019008557644273172
0.017173209640045258
0.015238710305111255
0.01321729184970987
0.01112167627822769
0.008964995797927262
0.006760710998606811
0.004522527309869388
0.002264310251770275
6.383731806743207E-17
0.0022564742107769238
0.0044912793225905644
0.006690762809972814
0.00884153564420344
0.010930553364365882
0.012945194766960643
0.014873337741864216
0.016703431801371012
0.01842456687079697
0.02002653793330821
0.0214999051481049
0.022836049090249205
0.024027220790948593
0.023919885941797586
0.015617932570286102
0.026625476504000576
0.034650447301872285
0.029395631442508882
0.0294222634197315
0.04030035020831402
0.02946108257981493
0.02946220929717659
0.035169253261086705
0.02720605935914065
0.015967321247644734
0.023158337775381836
0.023483658768740742
0.022246578963337354
0.020876550878775466
0.019382415367128012
0.017773746605171285
0.016060791128661746
0.014254402945589268
0.012365975136841838
0.010407368373056239
0.008390836793721485
0.006328951709567325
0.004234523600868277
0.0021205228934405374
2.237913407374747E-15
0.0021139948823780536
0.0042084917280635755
0.006270679904201211
0.008287986175756525
0.010248151021480705
0.012139302799508719
0.013950029316000026
0.0156694463672805
0.017287262845736163
0.018793842021815263
0.020180258639175802
0.02143835148631274
0.022560771136898354
0.023981864430448988
0.032146299031841324
0.02900954569382099
0.037497098490450825
0.04765393336891714
0.04750028977595239
0.03703703703703166
0.04679278589176443
0.046240803562647245
0.03556741089821544
0.027307370554510157
0.030691456478822265
0.02266194113320588
0.02210599913602496
0.02094517451159399
0.01965873761033486
0.018254951168104477
0.01674277486949102
0.015131808464327585
0.013432231125049432
0.011654737426120021
0.009810470346248283
0.00791095171135158
0.005968010510534934
0.003993709529247452
0.002000270752830667
1.1450102592257417E-15
0.0019947887508689585
0.003971848879046443
0.0059190760209348854
0.00782458189546576
0.009676766606713847
0.011464388985832855
0.013176634547164893
0.014803180649467562
0.0163342584711045
0.01776071142865532
0.01907404969099659
0.020266500465850504
0.021331053762262873
0.025283478532784013
0.022273249613795988
0.026589431410954236
0.0351741584838307
0.02753180153940287
0.027646038890645083
0.03202413569987704
0.02753938693463919
0.027314010162309197
0.034749323981841405
0.02596134932483554
0.023154617761264176
0.026021130388367182
0.020947975676330576
0.019851074618273037
0.018634751619662184
0.01730678585520828
0.01587562249804182
0.014350319253919235
0.012740489276203845
0.011056240820026531
0.009308114012787826
0.007507015135159867
0.005664148820681201
0.0037909485941311914
0.001899006177592611
2.427728685202885E-15
0.001894376650477643
0.003772487390705429
0.005622823984445641
0.007434076627061987
0.009195202845306259
0.010895494593690335
0.012524643141226118
0.014072801356564957
0.015530643016464342
0.016889418781760472
0.018141008505867622
0.019277969564480954
0.020293580919800373
0.014965119090172478
0.019411757112583364
0.022450987855688782
0.01823918609136412
0.02622624005677808
0.026284220496357497
0.021240437530906174
0.026011057117011845
0.025678888590964018
0.017740970512999228
0.023037684071956954
0.018050171275116027
0.014034263016008608
0.019969445908413277
0.018926465904998194
0.017769308106982785
0.016505344286018863
0.015142585844550777
0.013689633232424827
0.012155621864993582
0.010550164881389395
0.008883293100554395
0.007165392548761424
0.005407139946447
0.0036194365539012232
0.0018133407843685093
1.1675366619087622E-15
0.0018094180900330818
0.0036037940082443726
0.0053721246444754615
0.007103590532064062
0.008787621854598469
0.010413962781397697
0.011972733741576968
0.01345449125935818
0.014850284989616703
0.01615171160994194
0.01735096524590301
0.018440884127875996
0.01941499320140619
0.02799315126185535
0.02672377827524551
0.017504908261162282
0.02691292659626774
0.022775140735946147
0.022928340747644757
0.02172964931373842
0.022826241403448827
0.022571079829032843
0.026209466390102805
0.016454681978212437
0.026822029492993445
0.027804187535260948
0.019140129092511084
0.01814281288280584
0.0170357689173232
0.015826024000830843
0.014521222122819758
0.013129576318168386
0.011659817132508245
0.010121138014665562
0.008523137976574417
0.006875761877446452
0.00518923870247455
0.0034740182182206674
0.0017407063958146125
7.80306040288214E-15
0.0017373792535252679
0.0034607505683613405
0.005159539561486463
0.00682334298064633
0.008441992249958216
0.01000561545647325
0.0115046974009979
0.012930137348571024
0.01427330412916896
0.01552608825591041
0.01668095074674206
0.017730968356762047
0.018669874950321994
0.014533843923063287
0.01543710956425379
0.028961684329945874
0.019832093883148282
0.02183240841190474
0.0220079208952562
0.023138183632394463
0.02195543579056317
0.021728022285928777
0.02013388761168167
0.02927992730100443
0.01602815732075262
0.01540016656250075
0.018436844561122177
0.01747826378800501
0.01641372860142848
0.015249972865770914
0.013994328584081816
0.012654679837932833
0.011239413419890825
0.009757366466506014
0.008217771418262384
0.0066301986482114345
0.005004497115000658
0.003350733407390305
0.0016791295566437735
3.635886320051945E-15
0.0016763119168759194
0.0033394975084895142
0.004979345999419111
0.006585807068180324
0.008149052303018982
0.009659535194486478
0.011108049299678206
0.01248578422425652
0.013784379082916624
0.014995973114479958
0.01611325314607886
0.01712949762032402
0.01803861692133472
0.023848668644862264
0.024937961094317944
0.010772640611211122
0.019896870101979713
0.02140852300628466
0.02162953029865309
0.023282359705091595
0.021686065851744096
0.021522233143581204
0.019673139817666625
0.010868443201123804
0.02437634309823023
0.022761941782139496
0.017841642080431815
0.016915893288922026
0.01588737822921656
0.01476258184474942
0.013548571158449514
0.012252950983886332
0.01088381640248478
0.009449702303210355
0.007959530298470317
0.0064225533456042355
0.004848298416960142
0.003246507573134101
0.001627077802792163
8.061100590814311E-15
0.00162470254549125
0.0032370357671751638
0.0048270961718917225
0.006385131545148035
0.007901600640548442
0.009367231488443909
0.01077307796852161
0.012110574301545413
0.01337158712925948
0.014548464866398799
0.01563408402590068
0.016621892237572492
0.01750594770094884
0.020423259585480254
0.02117830070499742
0.02752710045239839
0.020633782370719486
0.017534220932395924
0.01764937832763494
0.013636049182550075
0.01750697829380365
0.017250506134766665
0.020449896879016022
0.026907720421551606
0.02171378662220513
0.021057992332331705
0.01734050777601888
0.01644248555705912
0.015444371757696527
0.014352440193509298
0.01317353335992093
0.011915019650553398
0.010584747402744173
0.009190996056046681
0.007742424727152339
0.006248018519874977
0.004717032902417213
0.0031589364957609377
0.0015833526258716834
6.497118665730412E-15
0.0015813671279533155
0.0031510189353868533
0.0046993097840568356
0.006216737382101452
0.007694000992690052
0.009122058333464602
0.010492180819399349
0.011796006812012134
0.013025592550939592
0.01417346045796587
0.01523264452058611
0.01619673248006345
0.017059904568938185
0.016169603135564335
0.01977812448629342
0.015332864617574618
0.019575625982751216
0.025846670800106133
0.026092353620845127
0.032591653641139876
0.026224067124618243
0.026111043189246532
0.019642857238478702
0.015854598140841746
0.01918240984843071
0.015191599143143249
0.016922451818413235
0.016047675986885824
0.015075026171651124
0.014010597974021422
0.012861044675937561
0.011633535736639437
0.010335712165391303
0.008975639047645723
0.007561755518893378
0.006102822496015831
0.0046078684891859255
0.003086133828983243
0.001547013652552549
6.369249714123963E-15
0.0015453766227203104
0.00307960585529628
0.004593255909151794
0.006077031449693589
0.00752183058031188
0.00891880057912638
0.010259392048026984
0.011535411143219326
0.01273906956869156
0.013863032028243846
0.01490046084737834
0.01584505749412871
0.01669110074707623
0.02236081844833548
0.02280207011549766
0.02046933168310399
0.01838824446077143
0.015953981895873916
0.016149009507830436
0.024134749035180654
0.016265846922790282
0.016190828891026684
0.018374966060162305
0.019897788349537197
0.022611864061006775
0.022201078471950197
0.01657885584873059
0.015723337082126088
0.014771748995774155
0.013730038049232953
0.012604699581223688
0.011402737382905757
0.010131620185261711
0.00879923533031653
0.0074138399131563676
0.005984009696895642
0.004518586115969758
0.003026621694952525
0.0015173242190158387
5.34049722213884E-16
0.001516003413000737
0.003021354726476557
0.004506796245605762
0.005963200715945131
0.007381627315089233
0.008753376451609488
0.010070043035637466
0.011323567895694366
0.01250628702760564
0.013610978374996896
0.014630905856401687
0.015559860370936075
0.01639219753332138
0.012903169066425982
0.01711021013086964
0.018272084063678296
0.019061835388135693
0.029465738824776173
0.029633515744380615
0.03245655939105565
0.029658918283792888
0.029518067163375166
0.018872099609867164
0.018273360907511294
0.017157733732622842
0.01308810321848162
0.016303001486831198
0.015463134670323982
0.014528624515101188
0.013505294387051928
0.012399509771529387
0.011218138743400023
0.009968509378502714
0.008658364370336477
0.007295813132390198
0.005889281682094558
0.00444746061554141
0.0029792514937010245
0.0014937119704667716
3.9522508239513294E-16
0.0014926825331003132
0.0029751464147102923
0.004438271585384863
0.005873063161208182
0.007270706647691449
0.008622622008377212
0.009920516256840243
0.011156434250417444
0.012322807374814561
0.0134124998222685
0.01441885218057089
0.015335722067308646
0.016157521561485148
0.019868137144671397
0.020170337824652496
0.018136990130335616
0.020169993464808567
0.02270883283329722
0.022895115695830744
0.037333690272526435
0.023048746829900154
0.023015991640982832
0.02035460108112305
0.01823089885976918
0.019817836211764014
0.01934089417202654
0.016089728230587828
0.015262205901327352
0.014341113543074413
0.01333217510720071
0.012241651830621888
0.011076303439813171
0.00984334631363351
0.00855040886345251
0.007205484406095431
0.005816881820237355
0.0043931742904202604
0.0029431464544578878
0.0014757402795377375
7.813481512072181E-15
0.001474983544646443
0.002940128829366906
0.004386419477508185
0.005804959666126313
0.007187028762762252
0.008524134858663981
0.009808066870150662
0.011030944889172382
0.01218526847443022
0.01326396258779789
0.01426042089505942
0.015168546166193618
0.015982787528712794
0.015251164739833673
0.018730231847163954
0.016999195880923412
0.01595775136846062
0.028289819109598553
0.02838212032047158
0.017784545208320148
0.028312027011684223
0.028150538612252616
0.015796662445225637
0.016846170577488568
0.01897501962815202
0.015591188227313304
0.015935186300047366
0.01511692667163964
0.014205836626893627
0.013207562550510595
0.01212828512369431
0.010974681112937892
0.009753882124999209
0.008473430582409595
0.007141233191072885
0.005765512186423976
0.004354754658462018
0.0029176602675246538
0.0014630876723668656
9.425231208186189E-15
0.0014625903074056118
0.00291567692988691
0.004350315050562705
0.005757676340100659
0.007129103207221087
0.008456161982293748
0.00973069470784215
0.010944869218245312
0.012091227201865711
0.013162729950769409
0.014152801518089618
0.015055369018596831
0.015864899825909037
0.01700029743634994
0.018720420364161883
0.01886851769999548
0.020751595322734937
0.026083823048343852
0.02620910466978613
0.03262759048679648
0.026223674278495677
0.026112555352807976
0.02059149140726542
0.018803823907098612
0.01877532269749667
0.016790853618769072
0.01583666132748587
0.015024746775893673
0.014120420498241587
0.013129271780946764
0.01205742301399479
0.010911491925409146
0.009698550779606175
0.008426082790695769
0.007101936019155195
0.005734275035343836
0.004331530647315367
0.0029023480018570006
0.0014555333780331507
3.0986850209549883E-15
0.0014552867977808358
0.002901364716141263
0.0043293296087991385
0.005730390233527577
0.007095922300625069
0.0084175214870042
0.009687055090154287
0.010896712005367681
0.012039050719150811
0.01310704502455373
0.01409412717791874
0.014994228232289792
0.01580181530015154
0.016484619495424836
0.01966742048644632
0.017009633429332528
0.01682105970476714
0.02612746989360239
0.026238296039969862
0.013290451868802051
0.026220995761834218
0.026092828557254838
0.017113904180512184
0.01719585146976396
0.019604427427408096
0.01649921140880318
0.015792455509407652
0.014984078339835725
0.014083394332789708
0.01309595515591183
0.012027846164579184
0.010885648950797796
0.009676400843692498
0.008407551610463505
0.007086917623865371
0.005722633777818409
0.004323103446450011
0.0028969467941638294
0.0014529477539686566
