1.0
0.998972585452729
0.9958941397184475
0.9907760398146921
0.9836371918337689
0.9745039478168528
0.9634099899352777
0.9503961825331837
0.935510392739229
0.9188072805050713
0.9003480590739813
0.8524358039486466
0.8029133224561689
0.7796199111177905
0.7548754667322728
0.728769430945333
0.7013958141725104
0.672852788302075
0.6432422623917893
0.6126694433835196
0.5812423839336756
0.549071519524538
0.5162691970833287
0.48294919739597125
0.4492262536671598
0.4152155686596528
0.38103233296693567
0.346791247181424
0.31260605111414747
0.30627274452174574
0.30020068627509633
0.26683328132118805
0.2339567767589837
0.20167312991975328
0.17008068053330982
0.13927376632762734
0.10934235931995483
0.08037172439209735
0.05244210162743644
0.025628413765296808
0.0
0.024379622781927582
0.0474529703716825
0.06916877240348791
0.08948212364992617
0.10835460493099756
0.12575437327165573
0.14165622109465476
0.15604160438810782
0.16889863993921134
0.18022207187652925
0.21753857168255186
0.25328913553392024
0.2600232884183764
0.2652671482331891
0.2690470500386904
0.2713951485004146
0.2723491877904549
0.271952248156582
0.27025247050803375
0.2673027605098628
0.2631604738010246
0.2578870840615345
0.2515478357555794
0.2442113834746598
0.235949419902545
0.22683629452907436
0.21694862536342055
0.20636490605697194
0.1678827780233143
0.12883908052317325
0.11667245240793687
0.10413347464621657
0.09130375337943797
0.07826434592780003
0.0650953767031481
0.051875662795561855
0.038682351000812215
0.02559056798264974
0.012673085182488287
1.870391750021487E-16
0.012361565328205218
0.02434774582752847
0.03589819564672849
0.046956328580889585
0.05746953627456669
0.06738938324713181
0.07667177800935204
0.08527711967004761
0.09317041956355253
0.10032139756208636
0.0800361615717241
0.058992297398224106
0.06379633989812313
0.06779386084571962
0.07097670843898385
0.07334226912093778
0.07489309829344336
0.07563666670995714
0.07558515996483513
0.07475530363405936
0.07316820399154333
0.07084920512207514
0.06782777329280137
0.06413743326753575
0.05981580586102482
0.05490484638845676
0.04945149706160202
0.04350924653527541
0.06308696765271894
0.08219714680739817
0.07482035430154864
0.0671171012123823
0.05913896231121355
0.050938221326004396
0.04256756538062821
0.034079781627452316
0.025527457685862964
0.016962687462070875
0.008436783880032925
1.1746472178988662E-15
0.008298740059596006
0.016412099049191508
0.02429457209091796
0.031902718564962636
0.039195379273756256
0.046133877870154355
0.052682205632238605
0.05880718876800728
0.06447863753738978
0.06966947658610965
0.10068744417679194
0.1307941976366823
0.13435373773608913
0.13735888844478736
0.13979928512315434
0.14166808560243327
0.14296195535177533
0.14368103502759025
0.14382889035766425
0.1434124445794348
0.14244189387098294
0.14093060640291513
0.13889500581241934
0.1363544400672577
0.1333310368564875
0.12984954682651095
0.1259371761882717
0.12162341047198601
0.09144946381632331
0.06049987700364978
0.055204496560855826
0.04963964052493543
0.04384237336355547
0.03785067190997234
0.03170319158088135
0.02543903139089871
0.01909749911995525
0.012717877975441202
0.006339196069146882
5.919607395809218E-16
0.006261866202462673
0.012409475561785952
0.018407024902625135
0.024220032755729957
0.02981552737365584
0.03516222387761014
0.040230689627296715
0.04499349698178
0.04942536269936756
0.053503273308289134
0.03422197560137736
0.016807216575701178
0.0189391533338421
0.020937774931617307
0.02268814499229225
0.02412431974907356
0.025208089996514468
0.025918301152753762
0.02624546914093181
0.026189140043946253
0.0257568390803274
0.024964168701300346
0.02383605964574215
0.022409591444177986
0.020739363227969466
0.018907270595589495
0.017039585331459932
0.015333393798145334
0.030182144495084377
0.0479935866512
0.043855240091816926
0.03948997423526703
0.03492661100534966
0.030194876749065878
0.025325216019946816
0.0203486028792424
0.015296350844887275
0.010199922616159242
0.005090740693765875
2.4295654580480535E-16
0.005041516417229266
0.01000361754009138
0.014856879372913268
0.019572813786123102
0.02412403027178766
0.028484389719773687
0.03262914937775233
0.036535098216766926
0.04018068198682571
0.043546117313201106
0.07106400243449598
0.09693674955384084
0.09926162525178514
0.10125107355166396
0.1028951462604619
0.10418617240006252
0.10511877347668679
0.10568986819989665
0.10589866616537572
0.10574665026952805
0.10523754783749707
0.1043772906338107
0.1031739640975265
0.10163774630977644
0.0997808373692052
0.0976173800277165
0.09516337263444341
0.09243657566131658
0.06702519063602597
0.03988390194163827
0.03647909300014255
0.03287863137833322
0.029106096167607086
0.025185915879488555
0.021143214447609922
0.017003654284084235
0.012793277347067764
0.008538345181071558
0.00426517889045751
1.7601333901185098E-15
0.004231226855953549
0.008402948491873126
0.012490174076163835
0.01646862151045408
0.020314858443546715
0.02400643711855204
0.02752202229395225
0.030841511525969843
0.033946147150059384
0.036818619353296764
0.023257620244046887
0.016542165041246316
0.01656689782746989
0.016823828459138424
0.01720643745228595
0.01762440302546125
0.018008315353717393
0.018309234574930642
0.01849633854205059
0.018554540802781443
0.01848285848193264
0.018293732570354503
0.018013237131469417
0.017681917764913496
0.01735568432931901
0.01710563386680775
0.01701501157892586
0.017171397877201882
0.0225098548648184
0.034217760463384476
0.0313176505008999
0.028245407809626866
0.025021011314592344
0.021665227760587435
0.018199480544474726
0.01464571546934099
0.011026264246839371
0.007363706582085315
0.0036807316787424234
2.2686134002003665E-15
0.0036559938856952708
0.0072650565569713004
0.010805428289310378
0.014255912122850965
0.017595998694536572
0.02080598611094458
0.02386709417238776
0.026761572296946534
0.029472800534867675
0.03198538310894113
0.05636876096724664
0.07756935280426444
0.0792678746423999
0.08072745494704564
0.08193942554665772
0.08289683493391421
0.0835944653573168
0.08402884320815977
0.08419824214573089
0.08410267861840731
0.083743899626128
0.08312536273985564
0.08225220855330036
0.08113122589787633
0.07977081030945685
0.07818091640093404
0.07637300497435259
0.074359985907633
0.0539117628100438
0.030050316655056284
0.0275173226393668
0.02483035701418408
0.02200678902194865
0.019064718399567433
0.01602286105365632
0.012900431665655548
0.009717023953106451
0.006492489323495327
0.0032468146625345327
1.0999254727502803E-15
0.003228063207313766
0.006417712443588425
0.009549632433255129
0.012604970668223997
0.015565449480290842
0.018413474000505893
0.02113223537558282
0.02370580864346209
0.026119244705550833
0.028358655871708275
0.021908998309976384
0.01859156544591284
0.018419684588085742
0.018406031145970225
0.018496222421532666
0.018640489884504095
0.01879696165736088
0.01893317499021666
0.019026429640134887
0.019063574652221194
0.019040638477211363
0.018962518160196763
0.018842784532047126
0.018703527554144422
0.01857503702184798
0.018494984258448997
0.018506681249645565
0.01865604940539299
0.0220314819823746
0.026868828375120862
0.024613779935095847
0.022219107024007107
0.01970021036208972
0.017073170655951514
0.01435464711438739
0.011561772961430825
0.008712048594940701
0.00582323304998871
0.0029132344336090707
3.899209135003372E-16
0.0028985934652993946
0.005764848289298777
0.008581352929305196
0.01133108672356305
0.013997521750361456
0.016564721191942217
0.019017433623293726
0.021341182673571532
0.02352235153832164
0.025548261854457625
0.046778305464239174
0.06265772306867647
0.06398205444918646
0.06512157673462814
0.06606854640521165
0.06681663922159063
0.06736096343151475
0.06769806887364158
0.06782595137977762
0.06774405207596734
0.06745325136423633
0.06695585753590493
0.06625559013073995
0.06535755831872228
0.06426823474939466
0.06299542549295951
0.061548236894316224
0.05993704038260116
0.04499349756645409
0.024371076804357038
0.022332853656682687
0.02016655638883244
0.017886055366202188
0.015505857279752202
0.013041013712289629
0.010507026791996504
0.007919752519502861
0.005295302366408892
0.0026499437508162166
2.166909930291195E-15
0.0026382495895481074
0.005248668987355603
0.007815363359244504
0.010322775102729024
0.012755777411734889
0.015099764812140535
0.017340740130545092
0.01946539738242345
0.021461200092845696
0.023316454592681828
0.022729898753074653
0.018044471355800513
0.018098801915757287
0.018243851476110615
0.018438379242986296
0.018646221470130005
0.018837570219539915
0.01898937492278415
0.01908525360682301
0.01911520967855882
0.019075339893872348
0.01896762988085085
0.018799869371733103
0.018585669030935878
0.018344509967318432
0.01810169391538159
0.017887984430196843
0.017738656633375476
0.022940847107752033
0.022367460989534474
0.020502305557440273
0.018518518518521775
0.016428752422944125
0.01424625864490404
0.011984803983148423
0.009658584444422637
0.007282136745885667
0.004870248084483092
0.002437864729543964
9.673016730192417E-16
0.0024283578107854834
0.004832337001505342
0.007197272964718034
0.009508797076710797
0.01175292343993722
0.013916132957620979
0.01598545423832229
0.017948540849477244
0.019793744462759194
0.021510183461023225
0.03951978281288925
0.049619419531940885
0.050705554500575935
0.05164078706527514
0.05241795026645791
0.053031130540471885
0.053475673103421335
0.053748185895503814
0.05384654128272654
0.05376987495827861
0.05351858171050491
0.053094307936717655
0.05249994099008199
0.05173959565937571
0.05081859830871937
0.049743469457482044
0.04852190587245245
0.047162763590788144
0.038087126659071116
0.02073308876874198
0.01900855764427223
0.017173209640040234
0.015238710305111435
0.013217291849711547
0.011121676278225568
0.008964995797925621
0.006760710998608722
0.004522527309869119
0.002264310251770089
1.2375983140645332E-15
0.0022564742107776723
0.004491279322589102
0.006690762809976275
0.00884153564420731
0.010930553364366175
0.01294519476696223
0.014873337741864187
0.01670343180137092
0.01842456687080307
0.020026537933307057
0.02352208399503848
0.01630669821133832
0.01670561594432294
0.01712652522200363
0.017535370528616638
0.017904450627160565
0.0182120700487261
0.018441960761766442
0.018582694428508885
0.018627191756321642
0.018572371236793894
0.018418949361757482
0.018171393213752565
0.017838023340432815
0.017431262027343627
0.01696801163651553
0.01647011928302926
0.01596482363199513
0.02363396833871535
0.01938241536712989
0.017773746605173998
0.016060791128664948
0.014254402945589184
0.012365975136845434
0.010407368373053396
0.008390836793721055
0.006328951709567286
0.004234523600871489
0.002120522893439779
1.5105319664284438E-15
0.0021139948823765587
0.004208491728060649
0.0062706799042009
0.008287986175757383
0.010248151021481485
0.012139302799507867
0.013950029315996976
0.01566944636728142
0.01728726284573109
0.018793842021818698
0.03356474177895033
0.037809758650439645
0.03874994405074542
0.03956078211674021
0.04023545483377668
0.040768306626427574
0.04115483595783549
0.041391689428326994
0.04147665685286443
0.041408666249995355
0.04118777806440189
0.04081517829566109
0.04029317053996833
0.03962516729452993
0.03881568125169507
0.03787031775545313
0.03679577014724121
0.03559982044894993
0.032355678849302294
0.01825495116810065
0.01674277486948741
0.01513180846432492
0.01343223112505225
0.01165473742611685
0.009810470346243385
0.007910951711348639
0.005968010510535483
0.003993709529246067
0.0020002707528294253
1.996387491722106E-15
0.001994788750869774
0.003971848879048906
0.005919076020936345
0.007824581895462755
0.009676766606716337
0.011464388985834208
0.013176634547166851
0.014803180649467337
0.016334258471109177
0.017760711428654746
0.023796271303823106
0.015049660167600464
0.015802052272183398
0.016500326878949638
0.017123021711700995
0.01765373992015993
0.018080124811051916
0.018393111027931938
0.01858639498343372
0.018656071698994102
0.01860039802679089
0.018419655729575848
0.018116100121966856
0.017693991210923875
0.017159715616631106
0.016522020430145303
0.01579239603758273
0.014985664665445023
0.023778197554643818
0.017306785855207937
0.01587562249804521
0.014350319253918713
0.012740489276206347
0.011056240820026007
0.009308114012790301
0.007507015135159678
0.005664148820685903
0.0037909485941298106
0.0018990061775879604
2.1437751602525625E-15
0.0018943766504748117
0.0037724873907042647
0.005622823984443503
0.007434076627063173
0.009195202845304873
0.010895494593691041
0.012524643141229726
0.014072801356566701
0.015530643016466538
0.016889418781758647
0.028502165161939305
0.027407326223059903
0.028279473498598738
0.029033978238118475
0.02966444735975626
0.030165568443498502
0.03053308446892965
0.030763776513486187
0.030855451087000833
0.030806929834960604
0.03061804012543363
0.030289605647298788
0.02982343666813992
0.029222320094117883
0.028490010006426196
0.027631219996343416
0.026651619491795727
0.025557837528347283
0.027469280724417233
0.016505344286025306
0.015142585844549594
0.013689633232428116
0.012155621864998281
0.010550164881389946
0.008883293100555113
0.007165392548761378
0.005407139946447921
0.003619436553898129
0.001813340784369831
8.251724238143795E-16
0.0018094180900292544
0.003603794008247291
0.005372124644469143
0.007103590532064849
0.008787621854595522
0.010413962781401793
0.011972733741574842
0.013454491259358641
0.014850284989618184
0.016151711609936757
0.023501412998971117
0.015529499678579995
0.016484307386244363
0.017333184598132028
0.018067679323898845
0.018681095496512933
0.019168216515434572
0.019525130356891466
0.01974911587328457
0.019838566509770898
0.01979293720243597
0.01961270591179972
0.019299344829104285
0.01885529876104139
0.018283970177996732
0.017589712392274737
0.016777834855294455
0.015854628439619312
0.02336224645725386
0.0158260240008353
0.01452122212282566
0.013129576318169545
0.011659817132508814
0.010121138014667286
0.00852313797657639
0.006875761877448185
0.005189238702479878
0.003474018218227335
0.0017407063958140797
2.27165275897671E-15
0.0017373792535255541
0.003460750568360371
0.005159539561488094
0.006823342980652931
0.008441992249953904
0.010005615456473037
0.011504697400997518
0.012930137348574122
0.014273304129175426
0.015526088255911504
0.02420423385333543
0.019291982579373403
0.02016105882702589
0.020915863815855702
0.02155115154035229
0.02206252468482197
0.02244643314897693
0.022700175479354885
0.02282190047617328
0.022810607243274245
0.022666142564328622
0.022389194882100966
0.021981284418985114
0.02144474915743044
0.02078272652842746
0.019999130752893713
0.01909862585566362
0.01808659443223365
0.023343843210180987
0.015249972865776729
0.013994328584076553
0.01265467983793256
0.011239413419892466
0.009757366466514216
0.008217771418264316
0.006630198648218311
0.005004497115003424
0.003350733407392793
0.0016791295566428196
2.283859132987484E-15
0.0016763119168700334
0.0033394975084905217
0.004979345999416791
0.006585807068180753
0.008149052303013802
0.009659535194492957
0.011108049299686059
0.012485784224257524
0.013784379082909727
0.014995973114480438
0.02270215569234677
0.017693289713606754
0.018648149362121634
0.019490375303975346
0.020215280821663694
0.020818912979403977
0.021298077155314937
0.02165035722554437
0.021874131388904264
0.021968583686254307
0.021933711350190208
0.02177032822716735
0.021480064657602382
0.02106536440165105
0.020529479494449245
0.019876464365135058
0.019111171265024887
0.018239250214038324
0.022463154511025107
0.01476258184474727
0.0135485711584467
0.012252950983882634
0.010883816402477525
0.009449702303205876
0.007959530298470435
0.006422553345598748
0.00484829841695959
0.0032465075731330354
0.0016270778027890037
3.236384378501436E-15
0.0016247025454864165
0.0032370357671770216
0.004827096171889677
0.0063851315451517255
0.007901600640546232
0.0093672314884485
0.010773077968523776
0.012110574301539584
0.013371587129262542
0.014548464866402199
0.020707285507257714
0.01520193647177338
0.016045431442169095
0.016785217534208363
0.017416084947793533
0.01793375876940222
0.018334869458421398
0.018616941165016058
0.018778390866181185
0.018818534686476016
0.018737599956119448
0.01853674322769076
0.018218076055843663
0.01778470220311751
0.01724077248427592
0.016591567302513197
0.015843623043090834
0.015004928556471711
0.020043867713312125
0.014352440193510696
0.013173533359922494
0.011915019650560688
0.010584747402746184
0.009190996056047047
0.007742424727152451
0.006248018519868304
0.004717032902418589
0.003158936495764422
0.0015833526258709413
6.6605539138877115E-15
0.0015813671279553882
0.003151018935382418
0.004699309784056418
0.0062167373821055685
0.007694000992690433
0.00912205833346985
0.010492180819399457
0.011796006812015388
0.013025592550941732
0.014173460457967187
0.021505941211414966
0.0204894246968441
0.021341533391440858
0.022095809592961094
0.022746827623614338
0.023290116842137283
0.023722132761543856
0.024040241501443658
0.024242712865376263
0.024328719157690245
0.024298338128955252
0.024152559405538173
0.023893294580305594
0.023523391936608126
0.023046657653366328
0.022467886403115072
0.02179290563723792
0.021028639716390227
0.02119580725800413
0.014010597974016409
0.012861044675941562
0.011633535736640539
0.010335712165390776
0.008975639047641449
0.007561755518893654
0.00610282249601723
0.004607868489190654
0.0030861338289861935
0.0015470136525542605
1.722269692401147E-15
0.0015453766227215412
0.0030796058553023225
0.004593255909147616
0.006077031449697088
0.0075218305803088584
0.008918800579122884
0.010259392048030773
0.01153541114321808
0.012739069568688302
0.013863032028236395
0.01815019562003466
0.015962358693798053
0.016662462709017157
0.017291544835754156
0.017840673299112722
0.01830280841821085
0.018672567219364857
0.018946063582075744
0.019120804456004555
0.0191956288976618
0.019170681588166046
0.019047416393326966
0.018828628752638348
0.018518518518511322
0.018122787493056645
0.017648778345629328
0.017105663561062336
0.01650469371249257
0.017721719628484366
0.013730038049234318
0.012604699581219956
0.011402737382907454
0.010131620185258252
0.008799235330314202
0.007413839913161364
0.005984009696890634
0.0045185861159705715
0.003026621694956962
0.0015173242190174914
1.8097341501910092E-15
0.0015160034130013433
0.003021354726476399
0.004506796245606507
0.005963200715938594
0.007381627315089404
0.00875337645160629
0.01007004303563545
0.011323567895696081
0.012506287027604741
0.013610978374994288
0.020054972403274356
0.02289959422261245
0.023627145067826393
0.024274417310093475
0.024834953490378626
0.025303454500883543
0.025675726604645777
0.0259486452127982
0.02612013162628101
0.026189140043951536
0.026155653079140525
0.026020684839889528
0.025786291351720298
0.025455588768209324
0.025032780445164715
0.024523194551828265
0.023933334426775622
0.023270944266735087
0.01971163927002663
0.013505294387043303
0.012399509771533302
0.011218138743395072
0.009968509378500124
0.008658364370330898
0.007295813132382322
0.0058892816820921845
0.004447460615539836
0.0029792514937077236
0.0014937119704643335
4.4534025653079615E-15
0.0014926825330957624
0.002975146414708515
0.004438271585384711
0.005873063161203833
0.007270706647695522
0.008622622008378274
0.009920516256845147
0.011156434250419928
0.01232280737482123
0.013412499822264286
0.016689859426926815
0.01910996242195542
0.01968511971938623
0.020210478219185403
0.020676167142018777
0.02107416777597636
0.021398172544549347
0.021643472252369567
0.021806871297947058
0.02188662894540135
0.021882424413844945
0.021795343861389257
0.021627887883193166
0.02138399862871057
0.02106910582900768
0.020690190620203903
0.020255864640113377
0.01977645885264262
0.016520308366925654
0.013332175107206011
0.01224165183062875
0.01107630343981726
0.009843346313626681
0.008550408863446591
0.007205484406099508
0.005816881820242488
0.004393174290422306
0.0029431464544609153
0.0014757402795442967
7.140101649096185E-15
0.0014749835446412449
0.0029401288293646475
0.004386419477510356
0.005804959666127591
0.007187028762769459
0.008524134858661502
0.009808066870152203
0.011030944889174742
0.012185268474426105
0.013263962587797778
0.018539744802107787
0.024257993719886968
0.024871193119150106
0.025419159891899586
0.025894702798404976
0.026291875412429333
0.02660593310655632
0.02683330021015712
0.02697154678336014
0.027019374279764356
0.026976609460051218
0.026844206138693226
0.026624254611672026
0.026319998861137353
0.025935861800239886
0.025477478824015017
0.024951739646947097
0.02436683764185127
0.018214912025380618
0.013207562550505487
0.012128285123690677
0.010974681112938624
0.00975388212500214
0.008473430582416144
0.007141233191074168
0.005765512186414938
0.0043547546584621335
0.0029176602675233293
0.0014630876723623868
1.3813574358909197E-15
0.0014625903074039837
0.002915676929888965
0.004350315050564645
0.0057576763401021875
0.007129103207222839
0.00845616198230251
0.009730694707840465
0.010944869218247019
0.012091227201864254
0.013162729950770417
0.016362038557628612
0.02214636927797987
0.02267484317467725
0.023157990670568774
0.023586578495532667
0.023952934961789654
0.024250886906548013
0.02447570235620489
0.0246240428670245
0.024693927255458648
0.024684707208133577
0.024597054649146178
0.02443296044506385
0.02419574381810571
0.023890071520111043
0.023521985192871072
0.02309893416731163
0.02262980893996014
0.016429672751327326
0.01312927178095018
0.012057423013994968
0.01091149192541132
0.009698550779604697
0.008426082790696085
0.007101936019154804
0.005734275035350194
0.004331530647308396
0.0029023480018567694
0.0014555333780403837
1.0304621558235812E-14
0.0014552867977836277
0.0029013647161470458
0.004329329608802366
0.005730390233524434
0.0070959223006307045
0.008417521487003294
0.009687055090154816
0.010896712005370615
0.012039050719148355
0.013107045024552892
0.017219901492904113
0.024201028488764032
0.024723522181911997
0.02519241033733959
0.02559979548114712
0.02593909116162715
0.026204992113598252
0.02639344798719683
0.026501642921078403
0.0265279821313436
0.026472086089282584
0.02633479257424004
0.02611816675844325
0.025825519381293936
0.025461432875555603
0.025031794872082208
0.02454383764383556
0.024006180499469378
0.016982918749991097
0.013095955155912567
0.012027846164578682
0.010885648950795893
0.009676400843692506
0.008407551610459418
0.007086917623864187
0.005722633777811252
0.00432310344645245
0.0028969467941657003
0.0014529477539582476
