1.0
0.9989725854527273
0.9958941397184441
0.9907760398146886
0.9836371918337666
0.974503947816851
0.9634099899352752
0.9503961825331803
0.9169931277761936
0.8632894307789223
0.8356058860678749
0.806276078935618
0.7754052937149314
0.7431171089666041
0.7187523827913822
0.7019146017101505
0.6660231940773728
0.6383154742387448
0.626106716103349
0.6219258223006429
0.5812423839336736
0.558327346606953
0.49983068740747333
0.4505741046778161
0.41605390755618543
0.39009866976047436
0.34734463274685584
0.3122638622618047
0.2864479464213771
0.26102912062081557
0.23610848490632722
0.211768065686389
0.21545831173419577
0.20167312991975284
0.17008068053330877
0.13927376632762684
0.10934235931995434
0.08037172439209701
0.05244210162743599
0.02562841376529645
9.554865252871272E-17
0.02437962278192744
0.04745297037168174
0.06916877240348795
0.08948212364992603
0.10835460493099708
0.12575437327165545
0.14165622109465398
0.17451501272625242
0.2235171631236434
0.24357447319476289
0.26156948189279644
0.2773102057117818
0.290610073267109
0.2923710118702805
0.28742621182942363
0.2936154481148913
0.28920531151161627
0.2793844273514851
0.2610442751710293
0.2673027605098621
0.2539563311677954
0.2639739756056054
0.2646896632413246
0.26259329179757335
0.25111928433986663
0.24976370264696499
0.24423617309948029
0.228087369913701
0.21026038894574214
0.19093792233124227
0.17035809795998866
0.12255054678266551
0.09130375337943734
0.07826434592779945
0.06509537670314783
0.051875662795561335
0.03868235100081228
0.025590567982649807
0.012673085182488119
5.631291616502144E-16
0.012361565328204191
0.024347745827527426
0.03589819564672818
0.0469563285808895
0.05746953627456625
0.06738938324713026
0.07667177800935222
0.066910076122986
0.043350664183012456
0.045413067145657626
0.04995357463911003
0.05719333349780634
0.06672165645118669
0.07927148988605047
0.08253468879784921
0.09316508640728066
0.10209216981258297
0.09069786970187602
0.08483740663302414
0.07475530363405858
0.08242130089959421
0.08751931464110281
0.09867638753706548
0.08959748660765939
0.07750976261343007
0.07557060633429859
0.06355567887385008
0.0521782897202333
0.0422117408448305
0.03450794089787811
0.029799023773637454
0.0488437395065936
0.05913896231121341
0.05093822132600284
0.04256756538062768
0.034079781627452656
0.025527457685861957
0.016962687462070223
0.008436783880031837
5.589821276701424E-16
0.008298740059595721
0.016412099049191352
0.02429457209091855
0.03190271856496304
0.03919537927375724
0.046133877870153724
0.05268220563223749
0.0770057192625701
0.11450578207785554
0.12626785439407293
0.1349643947437719
0.14006198341697387
0.14132073782757515
0.1309839962049253
0.12783251321130717
0.12115293584301721
0.11168200180456034
0.12479090056589827
0.13494264273024942
0.14341244457943422
0.13356823678433974
0.12126621483014946
0.10567465881950543
0.11219756547028954
0.11763213063332088
0.11821663396864326
0.12810442852258577
0.1272494173477234
0.12281970573292796
0.11477215996284228
0.10345281615563627
0.0677074605283468
0.043842373363554975
0.037850671909972614
0.03170319158088196
0.025439031390898762
0.0190974991199554
0.012717877975441164
0.006339196069147388
1.2144008613656385E-15
0.006261866202462176
0.012409475561783494
0.018407024902622988
0.024220032755727868
0.02981552737365384
0.035162223877610595
0.040230689627297485
0.02702505760629823
0.02410463370608433
0.032985415270769994
0.04329492374608733
0.05342159359181251
0.06209762611212035
0.06406737807300134
0.05874498822021273
0.06354876677992448
0.056838727747048304
0.04747134472639993
0.03527481862245309
0.026189140043944664
0.03476362778068969
0.045516318982826
0.05277545147636624
0.05990472251197087
0.055827042463482454
0.06110493113870024
0.061005844126817685
0.05374229078758454
0.04465040202365461
0.03477100682756537
0.025532531855623885
0.021688831717889673
0.03492661100534873
0.030194876749064306
0.02532521601994423
0.020348602879242148
0.015296350844882876
0.010199922616159443
0.005090740693766046
3.1108911856974494E-16
0.005041516417228109
0.010003617540090385
0.014856879372914179
0.01957281378612381
0.02412403027178683
0.028484389719774718
0.03262914937775229
0.05421264696209382
0.08289774472169141
0.08965451779122724
0.09113781259596986
0.08751783022057266
0.08040304030870293
0.06871933711264074
0.07264308150079501
0.07199087454956463
0.08693855990723354
0.09150444082416123
0.09769652675677733
0.10574665026952716
0.09705715351699443
0.09129282010746098
0.08800681807271218
0.071560459445431
0.06983694106668802
0.0640228983923822
0.07276193711298665
0.07942005216393902
0.08357175470579332
0.08294044026866484
0.07682958553624109
0.050352862978211774
0.02910609616760777
0.0251859158794893
0.02114321444761049
0.017003654284084627
0.012793277347068572
0.008538345181072339
0.004265178890457473
1.172801620442167E-15
0.0042312268559535505
0.008402948491871802
0.012490174076165404
0.01646862151045399
0.020314858443544366
0.02400643711855092
0.027522022293950635
0.013514668640050147
0.02870483695926759
0.03829011308671385
0.04621083457366919
0.05056248970271273
0.050292284454050394
0.038967679608758694
0.031049863165901016
0.023601980628202627
0.008915375379756011
0.01734234249276701
0.026020691576827393
0.018554540802784205
0.025973733232618486
0.017421573410866854
0.009736246878959222
0.01999436105237215
0.02734015843137683
0.03469860051103693
0.047226727200521616
0.0488358095270198
0.045790033116205706
0.038717968058814056
0.02931139910605826
0.011157214395635632
0.025021011314591224
0.02166522776058684
0.018199480544474428
0.014645715469342338
0.01102626424683888
0.007363706582082524
0.0036807316787399336
6.459812613821825E-16
0.003655993885695886
0.0072650565569736
0.010805428289309043
0.014255912122850718
0.017595998694535698
0.02080598611094345
0.023867094172387655
0.043679080771809355
0.06306301022167102
0.06517239417484555
0.06058107444324984
0.052669527248719684
0.048582028979176566
0.05678332636628206
0.0671736200758547
0.07768190558357525
0.09260483421697228
0.08876123300672102
0.07702321370408818
0.08410267861840619
0.07659829121696714
0.088254397057446
0.09164416362928166
0.0779761304136526
0.06781729216332459
0.05735351904365186
0.04600144945410204
0.04745480620100112
0.05463712693207506
0.059779493037735706
0.05840089161473551
0.04147469120490832
0.0220067890219492
0.019064718399568248
0.016022861053656485
0.012900431665654449
0.009717023953106882
0.0064924893234948496
0.0032468146625351576
1.3806483570765448E-15
0.0032280632073136556
0.006417712443586839
0.009549632433253012
0.012604970668222835
0.01556544948028748
0.018413474000504585
0.021132235375582033
0.007254878073218345
0.029482990140805816
0.03819612899627883
0.042125271425476285
0.03974216976539937
0.03236349693341381
0.01671634879493323
0.014051710098103298
0.02132662418826089
0.03882336619138985
0.038361111713448505
0.026187530536017137
0.01906357465222189
0.02621532512039554
0.03941493504113222
0.04027222804281622
0.023664849071312586
0.015545862217249405
0.01606679824111744
0.029615046126744173
0.03717134155445679
0.040579060009110456
0.03754752776694146
0.029115557268772747
0.006074951214804184
0.01970021036208916
0.017073170655954543
0.014354647114388738
0.011561772961431254
0.008712048594937367
0.00582323304998961
0.002913234433605917
0.0
0.0028985934653015257
0.005764848289296847
0.008581352929304127
0.011331086723561668
0.013997521750358212
0.016564721191944253
0.019017433623292897
0.0372698705975642
0.04710495954789525
0.04471987242796628
0.03668501259592558
0.033475891850097875
0.041701661935302434
0.058122125967860566
0.06781653319094379
0.06908944789218276
0.06542220224254644
0.06646511009067674
0.06193111834092464
0.06774405207596766
0.061592506445139125
0.06475917923889107
0.06263553542957927
0.06692945354302533
0.06677867713053916
0.05720458399004544
0.04146367553727552
0.03173688141317432
0.032327846967741186
0.040047786665084295
0.0431465112583109
0.03575590710356002
0.01788605536620378
0.015505857279757285
0.013041013712293438
0.01050702679199637
0.007919752519505815
0.0052953023664100715
0.0026499437508194167
1.4791231494661454E-15
0.0026382495895458224
0.005248668987356161
0.007815363359241191
0.010322775102727192
0.012755777411732354
0.015099764812138336
0.017340740130544617
0.0041128497425140745
0.027367316471502576
0.0346381417304017
0.034277395486958746
0.027077291269217332
0.02206189351747554
0.023494848334283086
0.030511145148008848
0.03678095231865313
0.04369643295794398
0.0485467747357602
0.02720297708618389
0.01911520967855829
0.02722205813325328
0.048428520267372384
0.04302251242263834
0.03719626846302182
0.0321919110764934
0.025006436351403375
0.021803450992631337
0.02481739857982595
0.032277875402137376
0.03343732877740956
0.026494329413967243
0.0035367223263903717
0.0164287524229419
0.014246258644902143
0.011984803983149984
0.009658584444418092
0.0072821367458836056
0.004870248084481773
0.002437864729536947
8.725905206198273E-16
0.002428357810790147
0.004832337001508006
0.007197272964719709
0.009508797076711532
0.011752923439939557
0.013916132957621825
0.015985454238326507
0.0326730000438255
0.033552724620910426
0.02721927252552277
0.021499252218924767
0.029537763809530267
0.0382652119602603
0.045676428755059215
0.052164117606333237
0.04338081785549391
0.03500299582085438
0.030050419527861215
0.049336384118916284
0.053769874958279895
0.049042682150980406
0.028539346418529173
0.03388845335458744
0.04091302590970361
0.04926395590679394
0.042854339523211785
0.036862232508160425
0.02953165477190804
0.019885938516553854
0.023440902564313294
0.030260706363825537
0.03149675765363813
0.015238710305109773
0.013217291849713712
0.011121676278227272
0.008964995797926518
0.0067607109986060265
0.0045225273098703275
0.002264310251769083
2.0182949932955045E-15
0.002256474210776716
0.0044912793225901715
0.00669076280997268
0.008841535644204911
0.010930553364365353
0.01294519476696131
0.014873337741861116
0.002656883961576799
0.023892256220167343
0.0294456178371756
0.02526103701539033
0.01805132197160863
0.024101965091175653
0.02886671991246595
0.037957342618471404
0.03346320547302689
0.03151346678911794
0.03685233135290888
0.027673639540437216
0.018627191756325982
0.027678482445014262
0.03587197035706865
0.03079978291884703
0.03250794451151347
0.03794164806339087
0.02865075739503571
0.024756551413927855
0.017080224239400234
0.023257944947267843
0.02804067854331332
0.022848168975901383
0.0024439576460742025
0.014254402945589918
0.012365975136843425
0.010407368373054527
0.008390836793721145
0.006328951709567146
0.0042345236008696045
0.002120522893438984
1.8893500228167926E-15
0.002113994882376524
0.004208491728064809
0.006270679904201044
0.0082879861757573
0.010248151021482852
0.012139302799507978
0.01395002931599804
0.028990553780962457
0.022689806265064425
0.01458437813765085
0.01951860012912329
0.028770121675884806
0.02710611828164634
0.02769370790722912
0.027785609729681124
0.028327039281570095
0.02885188558383302
0.025485427178430282
0.038238322127520596
0.04140866624999334
0.037977274334687776
0.026248665055113224
0.02839847831494833
0.02798388193352623
0.0250821036067468
0.025936102808317915
0.024663305644282787
0.02817695649360177
0.02036212722217998
0.012914747165986996
0.020318046063959275
0.027995852361714233
0.013432231125052227
0.01165473742611674
0.009810470346245001
0.007910951711349317
0.005968010510535934
0.003993709529246019
0.002000270752830394
1.4086910319440606E-15
0.0019947887508706616
0.003971848879047534
0.005919076020935485
0.00782458189546354
0.009676766606712394
0.011464388985835735
0.01317663454716485
0.002252588072693144
0.02010089817714495
0.02376595968846997
0.016759210924050853
0.015959233176007916
0.02615192223613433
0.023407536039306766
0.0332921866051058
0.025279317144770063
0.029440480977757498
0.016994414603211817
0.027683172916843968
0.018656071698993935
0.02767956149166647
0.016332730450897424
0.029653764960199197
0.02502004964650557
0.03216327948620483
0.022015900314418173
0.025961962272298363
0.016149730766472935
0.015038007115748337
0.022343763460209085
0.01909175927845617
0.0022825927942586115
0.012740489276206721
0.011056240820025058
0.009308114012789795
0.007507015135159364
0.005664148820685608
0.003790948594126941
0.0018990061775884203
1.8131058963509337E-15
0.001894376650474698
0.0037724873907045617
0.00562282398444532
0.007434076627061783
0.009195202845303533
0.010895494593690717
0.01252464314122834
0.025810411863950236
0.015722749044188616
0.01312144840752578
0.02367046795723565
0.024122092569308654
0.015902813279155572
0.024480765660639565
0.016287186608321836
0.0250355875196206
0.017632945608727548
0.0340736655695947
0.028446261048437855
0.030806929834962905
0.028219887668013314
0.033953813484256704
0.016831827960081956
0.024243284867953376
0.016582451993105665
0.02509774791758719
0.015557996900079122
0.022832331498102872
0.024427660375820403
0.014433964157465942
0.014682301167749198
0.024920208887958307
0.012155621864993266
0.010550164881388897
0.008883293100553124
0.007165392548761373
0.005407139946446199
0.0036194365538979446
0.0018133407843697366
1.3643754929571941E-15
0.0018094180900308026
0.003603794008244444
0.00537212464446758
0.007103590532061539
0.008787621854595112
0.010413962781400806
0.011972733741578319
0.002569579179869646
0.01658674267803166
0.018118231274218674
0.009976627719494577
0.017252620731087402
0.022624841278540347
0.01509715781087942
0.023783734527641785
0.0276835298868792
0.028206634279165647
0.01981243202997959
0.02744609882347158
0.0198385665097734
0.027438093749755307
0.02041860096782033
0.027582237018382888
0.028162795745097398
0.022794976048788
0.014607857924570927
0.02144023208491914
0.017427857696380073
0.008854393824288787
0.016718729626769072
0.015705097831486155
0.0027741521798174996
0.011659817132510802
0.010121138014662561
0.008523137976575175
0.006875761877442975
0.005189238702475411
0.003474018218224538
0.0017407063958148805
1.202725870717683E-15
0.0017373792535255786
0.0034607505683598035
0.005159539561483409
0.006823342980651483
0.00844199224995469
0.01000561545647197
0.011504697401002214
0.022925519903228334
0.013679902181432108
0.01916096428793739
0.02568632146868686
0.018220686120267185
0.02107359063420869
0.026428467461173957
0.01978882167544277
0.013200186196752613
0.02249840054914723
0.02296174454197617
0.020284910021455778
0.022810607243271552
0.020108395015819923
0.022106395526105747
0.02364303877606733
0.012168452062612151
0.019871323712859983
0.025918503015961387
0.022752217844748516
0.017571655908063373
0.025637224930804427
0.020632215650284558
0.013793177407225422
0.0220999129817418
0.011239413419888626
0.009757366466503015
0.008217771418264429
0.006630198648212206
0.005004497115001718
0.0033507334073877826
0.001679129556643815
6.21988486857988E-16
0.001676311916869922
0.0033394975084886343
0.0049793459994257475
0.00658580706818166
0.008149052303014485
0.009659535194491331
0.011108049299686118
0.0034137524050338146
0.013576078814348932
0.01249400007095615
0.006906748102423861
0.017088602237541436
0.014197544347501494
0.017695838524900108
0.019635223237994912
0.029090431429688694
0.014469679279159918
0.027686988358373694
0.027046789798412383
0.021968583686253703
0.027034391258959515
0.027749505174075435
0.01323887042969438
0.02866018114735602
0.019673194959448945
0.018777034005616967
0.01243516332453087
0.016691037908992575
0.0069828415498706066
0.011061221735323484
0.012846214765337769
0.003749868513757608
0.010883816402489048
0.00944970230320941
0.007959530298471773
0.0064225533455998535
0.004848298416955449
0.00324650757313219
0.0016270778027920973
1.2061950013822274E-15
0.0016247025454900698
0.003237035767176467
0.004827096171887649
0.006385131545155994
0.00790160064054239
0.009367231488445779
0.010773077968519838
0.02022855850134088
0.014628690091347487
0.024086132220749255
0.024199171479504913
0.018300787557946764
0.02848406632628943
0.01881011431304803
0.017902017687353448
0.018188097754204248
0.031265596308740914
0.01406189115470556
0.01471677818104676
0.018818534686479788
0.01462404632723244
0.01444599348500669
0.031130803199626102
0.019731317778420514
0.017604665726988683
0.017094899764903533
0.0290038852425592
0.019160975241052907
0.02348047621253835
0.02485970880276809
0.014975086713100948
0.019447179707519763
0.010584747402742995
0.009190996056044724
0.007742424727161332
0.006248018519870226
0.004717032902419912
0.0031589364957632063
0.0015833526258696505
5.627872122576803E-16
0.0015813671279547373
0.0031510189353845777
0.004699309784061988
0.006216737382101793
0.007694000992686483
0.009122058333464585
0.010492180819392816
0.004659538920491099
0.011162648060241087
0.006642953103832139
0.008704580930569162
0.013738132846541585
0.005230680555630416
0.02357378346881617
0.02026276123944403
0.019834959055314613
0.012662651800217596
0.02283821059531634
0.026414236793867573
0.024328719157689704
0.026394056925476212
0.022324349909375315
0.013710657733841721
0.018422888009164282
0.020120956058346278
0.023936202798210876
0.00486295076315621
0.012673053141618549
0.009390863834723632
0.005137141106065191
0.01063695902195412
0.0050977845382329
0.01033571216539173
0.008975639047643603
0.007561755518893384
0.00610282249601526
0.004607868489186586
0.0030861338289876294
0.001547013652554111
6.16102088337117E-15
0.0015453766227203976
0.0030796058552990118
0.004593255909146581
0.006077031449696353
0.0075218305803119966
0.008918800579127723
0.010259392048034657
0.01766621517811865
0.01558847169323179
0.025971230634849067
0.020415758735554786
0.023212403174882903
0.027864974755701936
0.010855276916850813
0.01971933917993505
0.02945638865364032
0.02141259832460506
0.02451245906503817
0.013137841145148377
0.019195628897663842
0.013152385266319566
0.02485827900489638
0.020280358939342113
0.02983431328603766
0.020602970202867315
0.011245767109266589
0.026951525052189687
0.02407584083601225
0.019460216890292373
0.0259437048494557
0.015656317650040767
0.016919964809547976
0.010131620185259366
0.008799235330317129
0.007413839913158175
0.005984009696892084
0.004518586115971322
0.003026621694947891
0.0015173242190135365
2.830413585424394E-15
0.0015160034130023868
0.0030213547264750893
0.004506796245606434
0.005963200715941434
0.0073816273150958955
0.008753376451609436
0.010070043035635055
0.006219172417603119
0.009672667865433353
0.0015018839576627487
0.011650137434024073
0.007538311469336848
0.009967773398064986
0.02244266480523206
0.015881860192640217
0.007229905455644169
0.02280626957211876
0.012601413474391537
0.025376221331798544
0.026189140043947436
0.025343353501335084
0.012326900738277772
0.02300792127222928
0.007102331427261627
0.014806031747808354
0.021598746876463588
0.011309383081254952
0.006269026321336558
0.01220000326048974
0.002224982965788901
0.009507448167165143
0.00673810363970118
0.009968509378501402
0.00865836437033314
0.007295813132388776
0.005889281682099205
0.004447460615536552
0.002979251493704033
0.0014937119704671981
3.819283704148848E-15
0.001492682533101526
0.002975146414708962
0.004438271585380483
0.00587306316121038
0.007270706647690284
0.008622622008375963
0.009920516256843726
0.015217149513158173
0.01534411951271285
0.024747855191650934
0.016486798859846354
0.025842777707667252
0.020889895342109093
0.017681662221829698
0.026807890868962545
0.02675708653190611
0.014775457728662365
0.02526217595671344
0.01509431015794698
0.021886628945402362
0.015167854003801256
0.025014264726586296
0.01528954947196274
0.02586814081530494
0.02736562253868035
0.018684060438815646
0.019521191556752335
0.025777509615791425
0.015811843467829025
0.02400784105512662
0.015047717687943942
0.014503987199904601
0.009843346313623292
0.00855040886343935
0.007205484406097695
0.005816881820236124
0.00439317429042621
0.0029431464544608025
0.0014757402795387289
2.456052770460696E-15
0.00147498354464367
0.0029401288293580538
0.004386419477509708
0.0058049596661297964
0.007187028762765829
0.008524134858661034
0.009808066870154173
0.00802765001684824
0.009691209220404097
0.006958251008950954
0.013547302349510298
0.006030882644960945
0.015878872335064576
0.015390000133443271
0.006733918317593025
0.014779272312319586
0.01920773718508134
0.014871133959451064
0.023741785685823524
0.02701937427976244
0.023691965615701263
0.015170755301195712
0.018612741303484105
0.015579094025258911
0.006463639103841982
0.014465155489317998
0.016370968722089107
0.007473855350481478
0.013772289289370998
0.008651298595744022
0.009987863447302844
0.008610946893298936
0.009753882125000932
0.008473430582413469
0.007141233191080188
0.0057655121864142195
0.004354754658464947
0.0029176602675253516
0.0014630876723602238
8.51792632302761E-15
0.0014625903074007884
0.0029156769298862096
0.004350315050558347
0.005757676340096541
0.007129103207219611
0.00845616198229946
0.009730694707843969
0.012880581500975579
0.013885231079030218
0.020919090031969133
0.014385700928481255
0.023381095156177454
0.015204008369060086
0.020501650693481647
0.02687250002625602
0.01804693406802014
0.020932968889944052
0.019489807241057967
0.018295217848067927
0.024693927255456466
0.0183763459451185
0.019294027642385095
0.02096474127968888
0.01759688369746245
0.026130780322065304
0.020106762327544016
0.014980279953504472
0.02228308378489768
0.014214636437854445
0.01964221709736646
0.013337493299986498
0.012203278476232373
0.009698550779603464
0.00842608279069428
0.007101936019155433
0.005734275035346118
0.0043315306473123575
0.0029023480018577886
0.0014555333780372024
4.278835415528316E-15
0.0014552867977756458
0.0029013647161445656
0.004329329608804379
0.0057303902335228305
0.007095922300633349
0.008417521487005187
0.009687055090154714
0.010035132149854313
0.01121477089699534
0.013661629071122278
0.014078167401084533
0.01458831843588082
0.016464777974643838
0.01453131903472025
0.01538426728075047
0.018165602075206563
0.016309839497172244
0.018246380903499018
0.021389186659335375
0.026527982131341974
0.021321093168978747
0.018267191424281556
0.016699219787463814
0.018016261173414143
0.01705607011371814
0.015390430841104011
0.01613510150149669
0.016347140647462968
0.0140824979183119
0.01525980063816429
0.011785697088629137
0.010670181065585971
0.009676400843690916
0.008407551610461595
0.007086917623864137
0.005722633777817797
0.004323103446452083
0.0028969467941677273
0.0014529477539611702
