1.0
0.9989725854527282
0.9958941397184452
0.9907760398146895
0.9836371918337674
0.9745039478168499
0.9634099899352747
0.9503961825331814
0.9355103927392282
0.8727553592881854
0.8174915077162206
0.7882089947654544
0.7390351144067001
0.7345689308038087
0.7007758625657671
0.6932375947325615
0.6749890888037697
0.6641563842032501
0.6249936841540235
0.6127598986416314
0.5629335569904305
0.5491827870988011
0.4981573756349773
0.47472967960362095
0.42462216441012446
0.38256005319542535
0.33092282245327703
0.3064663788066862
0.25365325747809364
0.24579610817907768
0.22159116218324895
0.22356145486748283
0.23395677675898327
0.20167312991975317
0.1700806805333091
0.13927376632762697
0.10934235931995466
0.08037172439209755
0.05244210162743623
0.025628413765296374
4.687854084228168E-16
0.02437962278192816
0.047452970371682265
0.06916877240348818
0.08948212364992647
0.10835460493099783
0.12575437327165637
0.14165622109465506
0.156041604388108
0.209142657997784
0.25422979922165384
0.2718569556516288
0.3060144330588222
0.29252798350338155
0.3057298828134981
0.2912130658277843
0.28633644525262797
0.27621449888398697
0.2880417137724109
0.26956868795884964
0.28432344303743873
0.262433657971949
0.27364929953642897
0.2543215160754114
0.25570243352975963
0.25300923702158035
0.2609470986953167
0.24265194265448786
0.2518655564886764
0.2144739293676083
0.19515681889473288
0.15126780310947582
0.1041334746462163
0.09130375337943812
0.07826434592780025
0.06509537670314827
0.051875662795562064
0.038682351000812513
0.025590567982650282
0.012673085182488887
7.559505892056998E-16
0.012361565328204217
0.02434774582752745
0.03589819564672881
0.0469563285808896
0.0574695362745663
0.06738938324713084
0.07667177800935235
0.08527711967004652
0.06944886613813168
0.06266760632693727
0.05901933835929562
0.07530303631559754
0.09575997041554106
0.09079520696460912
0.09714900648846131
0.09534731329232633
0.08373422801908155
0.06671899013603427
0.07886447913164445
0.0637734754410131
0.07660444538974695
0.06280622022467075
0.07858945328622413
0.09202226385628497
0.09477887837585687
0.09052099553575438
0.0960978632274236
0.07734918802485759
0.05447379075865806
0.05896239922837487
0.0589128992203273
0.0671171012123821
0.05913896231121378
0.05093822132600271
0.04256756538062817
0.034079781627453086
0.025527457685862606
0.016962687462070462
0.008436783880031256
1.267975521941159E-15
0.00829874005959596
0.016412099049191973
0.024294572090918648
0.03190271856496337
0.03919537927375762
0.046133877870153765
0.05268220563223847
0.05880718876800636
0.08132334088011857
0.10594161335928032
0.11238116276360656
0.13870994807363402
0.11962032588551938
0.12493696278871318
0.11098296295184341
0.11355253428410603
0.12804443473826013
0.15029211626866687
0.14075414040436826
0.15500221264563793
0.13929374390021868
0.14693851213294892
0.12242618347477593
0.1035880178048692
0.09746618581865506
0.10840304410301145
0.10186755787909797
0.11918125091299064
0.09262267518682897
0.08620076173693643
0.0663794281858528
0.049639640524937356
0.043842373363555225
0.037850671909972586
0.03170319158088198
0.025439031390899227
0.019097499119955872
0.012717877975441822
0.006339196069148182
1.0572093894033951E-15
0.0062618662024628785
0.012409475561784362
0.018407024902623775
0.02422003275572842
0.0298155273736556
0.03516222387761028
0.040230689627297436
0.04499349698177998
0.043330374624286544
0.052048054516232845
0.04868297430655253
0.07680825177388134
0.09410332315737771
0.08720518474133462
0.08673186922582148
0.07918181247374087
0.052193229049596834
0.03625921438694867
0.03806782592910524
0.035775030603297946
0.03779126542306513
0.036009919683735445
0.05118208456226696
0.07778785496288997
0.08500194789519028
0.08508669829024838
0.09130285645818959
0.07408627584222147
0.04740010808048426
0.04855383819432236
0.03746216747704253
0.03948997423526592
0.03492661100534877
0.030194876749064563
0.02532521601994417
0.02034860287924247
0.015296350844883044
0.010199922616159757
0.0050907406937670185
0.0
0.005041516417228816
0.010003617540091334
0.014856879372911932
0.019572813786122936
0.024124030271785654
0.028484389719772813
0.03262914937775081
0.036535098216767536
0.04808089371578463
0.04560569600380482
0.04740938765725242
0.056861835869668136
0.03540823879491783
0.03604893534993544
0.03268416502633571
0.042995583380413226
0.07337887630079444
0.09922145287162495
0.09962544201450413
0.10942646466030845
0.09888052370676537
0.09723900549167844
0.07072888498829116
0.04044378372306619
0.03064303280534642
0.028849812660647227
0.025768412602078516
0.04541343841429258
0.04213149747028104
0.03967912139465768
0.048245220302155105
0.03287863137833078
0.02910609616760785
0.025185915879489727
0.02114321444761056
0.01700365428408484
0.012793277347069067
0.008538345181072948
0.004265178890457429
3.3067970981927437E-16
0.004231226855954569
0.008402948491872186
0.012490174076166398
0.016468621510454664
0.020314858443545438
0.024006437118552004
0.027522022293952685
0.030841511525970006
0.020166489614671754
0.036137449607887874
0.042726097036507975
0.05835890963615082
0.06955568042634654
0.06754566844116652
0.06823080702730795
0.061934602297007646
0.04042033430317448
0.034037607736613094
0.034809633686470796
0.03700579066791301
0.03481774910239967
0.03395948545801208
0.039604834050655006
0.059902345176645916
0.06534943466889948
0.06386050049360105
0.06376926040767046
0.05395500563681549
0.0407069449061231
0.03184488931862616
0.013459585854721581
0.028245407809627258
0.025021011314591845
0.02166522776058887
0.018199480544475552
0.014645715469341599
0.011026264246839565
0.007363706582083739
0.0036807316787420114
1.7005833157509245E-15
0.0036559938856950023
0.007265056556972633
0.010805428289309787
0.014255912122851357
0.017595998694536142
0.02080598611094398
0.02386709417238758
0.026761572296944192
0.055173850057549635
0.04079299753987857
0.04174272818214058
0.02531001850459001
0.031598580745526926
0.040776357500305574
0.05391570116153834
0.049306650180035785
0.0508812406670168
0.06540127374504115
0.07465640581340952
0.07882335323221501
0.07412559547329406
0.06400066886786542
0.05006394212553029
0.05117714813163051
0.05730997484676091
0.04514475746969922
0.03710452642876062
0.02643476961465113
0.04227265271933312
0.042744580556108545
0.057174044083140786
0.024830357014183225
0.02200678902194732
0.019064718399567804
0.016022861053657116
0.012900431665656222
0.009717023953107015
0.006492489323495124
0.003246814662536095
9.842036819642162E-16
0.0032280632073160903
0.0064177124435885165
0.009549632433254891
0.012604970668224287
0.015565449480289628
0.018413474000506604
0.021132235375582797
0.023705808643463343
0.005702651699482098
0.019306339485693574
0.03000248781594093
0.037300328802301774
0.035232159714517056
0.04147018893463924
0.042827498973470754
0.04039743604992867
0.03050748114611305
0.032279954235997076
0.03495021026356752
0.035633398391227006
0.03493670256849341
0.03218622933542274
0.0299034223178666
0.038171281743728934
0.03932059902586018
0.03735653642924611
0.029397566618243748
0.03375119399503038
0.02643155779932377
0.015466768947242021
0.01034820972139757
0.0222191070240066
0.019700210362089472
0.017073170655952465
0.01435464711438884
0.011561772961429814
0.008712048594940448
0.005823233049990333
0.0029132344336090547
5.585002827932377E-16
0.0028985934653008995
0.00576484828929668
0.008581352929306158
0.011331086723562176
0.013997521750359702
0.0165647211919413
0.019017433623293216
0.021341182673575612
0.056036736806783685
0.042393770367277706
0.03702641719689531
0.03168258034714512
0.05262756006373293
0.05686105553636529
0.06647116919176428
0.058169754112245155
0.04256767269658205
0.04252788302081494
0.05566704868351441
0.05422925612247193
0.05524388665481238
0.041675433834448036
0.041917021190855004
0.057765190920713375
0.06573189999977132
0.05656322556314433
0.05346942095299609
0.03148094305100112
0.03363565361264196
0.039844049359340675
0.052939166574162366
0.02016655638883205
0.017886055366203385
0.015505857279753834
0.013041013712293518
0.010507026791994828
0.007919752519502755
0.005295302366412075
0.0026499437508186166
2.2533067440177717E-15
0.0026382495895495043
0.00524866898735624
0.007815363359243316
0.010322775102729085
0.01275577741173443
0.0150997648121373
0.017340740130543025
0.01946539738242336
0.020718021878603866
0.010609941825671064
0.021666535822685334
0.024866801098913253
0.005890046253218145
0.015165492622313061
0.01427195763004844
0.02021758782135546
0.02600823191949063
0.030264045621022945
0.03358466261252513
0.03185511589739462
0.03353078562943231
0.03014842644046182
0.026052290720819864
0.01880701221896494
0.0110479123743656
0.012217720527322647
0.0028684780816431873
0.02435983283602025
0.023553600554103597
0.012740966536272819
0.023255546125977133
0.01851851851851916
0.016428752422943876
0.014246258644904116
0.011984803983149129
0.009658584444420143
0.007282136745882929
0.004870248084483401
0.002437864729541234
2.898642498790036E-15
0.002428357810789589
0.004832337001506053
0.007197272964719068
0.0095087970767123
0.011752923439939313
0.013916132957620321
0.01598545423832408
0.017948540849475402
0.03896766542672979
0.02729157790558086
0.01959623413389439
0.025149321278455747
0.0478681927256967
0.04508731198423261
0.05022787039624132
0.04694812469235072
0.03142815802763597
0.03053069746505035
0.0405134456906389
0.03543365011776659
0.040182241955451004
0.030177244756998966
0.030436761594921397
0.04531788060660897
0.0470524105858807
0.0419526860598196
0.045185166610754994
0.022908874960390603
0.01573417101542124
0.022580103540734222
0.03220170255800778
0.017173209640045296
0.015238710305111597
0.013217291849714078
0.011121676278224578
0.008964995797926433
0.006760710998606646
0.0045225273098691105
0.002264310251769738
1.7043248430814628E-15
0.0022564742107765525
0.0044912793225901065
0.006690762809974453
0.008841535644205133
0.010930553364365984
0.012945194766962232
0.014873337741863498
0.01670343180137052
0.026094318059613476
0.021726094361464977
0.03190668989503044
0.026797620709255274
0.012886291034593624
0.01587327064882151
0.014938867972830245
0.01661214355773833
0.029975486063506078
0.027515077637196277
0.030890974670878216
0.027850904002250737
0.0308123571279676
0.027357528524595092
0.03040804251969791
0.017166014040036825
0.017335396669272647
0.018131125142120598
0.014592324415527883
0.02760441522376686
0.033105836637369025
0.023972086904544034
0.025814858025221283
0.01606079112866286
0.014254402945589197
0.012365975136842216
0.010407368373054393
0.008390836793720954
0.006328951709569091
0.004234523600871551
0.0021205228934404003
2.900967488402687E-15
0.002113994882377374
0.00420849172806239
0.006270679904201035
0.008287986175754903
0.010248151021482868
0.012139302799507154
0.013950029315996452
0.015669446367282156
0.014698230034305771
0.013732518347203224
0.0070759899171805515
0.016369017244794098
0.030894669753055902
0.024505873217501188
0.02537110327318476
0.03261285406821429
0.020240246433856225
0.025942291362547668
0.029319229444322574
0.026189140043941798
0.029097863814482518
0.025791781991808663
0.019820613479027333
0.03167330719453038
0.02311774159659969
0.02227340978261212
0.02844273346271028
0.01580766453173914
0.006893124196399512
0.013915635211110573
0.010803742454231696
0.015131808464324681
0.01343223112505094
0.011654737426118403
0.009810470346245175
0.007910951711348575
0.005968010510533171
0.0039937095292444024
0.002000270752829313
2.2738766758709076E-15
0.0019947887508703285
0.003971848879049584
0.005919076020937206
0.007824581895463542
0.009676766606715109
0.011464388985836502
0.013176634547166634
0.014803180649467264
0.02208808435710728
0.02591355640647548
0.03024744732738299
0.028125689516935486
0.017592433332385644
0.0260029498360662
0.028033632601938602
0.020469683611761224
0.0335289269867366
0.024621708787845576
0.027509509032474958
0.02478520005164866
0.02742084592182688
0.024520888725021426
0.033481992590897285
0.020465378492255125
0.028534589373467648
0.026290496653545978
0.017277762388664734
0.027504491594425487
0.027654691362763103
0.024873027397496954
0.019734653335640482
0.014350319253917948
0.012740489276206534
0.011056240820025657
0.009308114012791087
0.007507015135159384
0.005664148820685982
0.003790948594129728
0.0018990061775903517
2.2545632191254486E-15
0.0018943766504751411
0.003772487390704206
0.005622823984444663
0.007434076627058955
0.009195202845303728
0.010895494593689463
0.012524643141225903
0.014072801356564855
0.016265524667268105
0.017785516041669537
0.01277921605985001
0.01531578493927379
0.02477497952996188
0.01840142493254061
0.019916674207592876
0.027020795691116963
0.0212199389599043
0.022959191388081886
0.022960523145039734
0.02801729793409608
0.02286723849983111
0.02279585242746491
0.02164857469204578
0.026682470739554147
0.020697506581461727
0.018735497315640195
0.025368005905104723
0.014941049406228438
0.015082052964572538
0.018499509189841504
0.019614645951910804
0.013689633232426017
0.012155621864995105
0.010550164881387531
0.008883293100555719
0.0071653925487605834
0.005407139946445316
0.0036194365538974914
0.001813340784367265
3.232314635672919E-15
0.001809418090030377
0.003603794008247137
0.0053721246444694256
0.00710359053206305
0.008787621854597012
0.010413962781401496
0.011972733741577648
0.013454491259361634
0.011890892054922093
0.018404355732891686
0.01695616610943218
0.02442816445751189
0.012831215258728018
0.02284118776134607
0.025465396696697108
0.01884302309522021
0.02800736988840569
0.024428106856792055
0.023938347623792818
0.022305192281895547
0.023849917049825024
0.024530769202174986
0.02718812202808935
0.0187700645057913
0.024308035546393072
0.021777405553621527
0.01160805755576529
0.02422696081896657
0.01475221915099654
0.01620251752010424
0.008670498506415584
0.013129576318164598
0.011659817132514414
0.01012113801466496
0.008523137976574174
0.006875761877443857
0.005189238702476701
0.0034740182182244964
0.0017407063958146903
2.5012448938386432E-15
0.0017373792535244016
0.0034607505683579834
0.005159539561486249
0.006823342980652159
0.008441992249954284
0.010005615456472852
0.01150469740100414
0.012930137348570573
0.02393740142828229
0.01726096136878071
0.02135956212853347
0.01087218579376784
0.02795133040459061
0.019758222114241393
0.025248863169390953
0.022360787943275437
0.026087214993736448
0.01938431112765604
0.02126318199448376
0.03344910322547652
0.02126249359399594
0.0191945661752679
0.026280642875718727
0.021706220387766473
0.025497948237122876
0.01951349273328765
0.027858105652538177
0.00930514712102812
0.0221744845203239
0.015913807806965382
0.023588910175127445
0.01265467983793298
0.011239413419890173
0.009757366466506464
0.008217771418266292
0.006630198648211794
0.005004497114999631
0.003350733407389278
0.0016791295566452977
2.621033841495774E-15
0.0016763119168764344
0.0033394975084857746
0.004979345999425858
0.0065858070681804205
0.008149052303013287
0.009659535194491795
0.011108049299684666
0.012485784224257822
0.005159210447138928
0.01581478587831126
0.014701547442272946
0.027544841095397978
0.009299305273512462
0.019401168201683354
0.015479858671458138
0.021208398480372218
0.015618291471315202
0.02794248295500134
0.020548400175671087
0.0192133575580531
0.020469247741616937
0.028162118751545367
0.014938097441288416
0.021635573730754826
0.014600871626519343
0.02005852039155935
0.010092954377022303
0.028901122890568696
0.01567381065665614
0.017708023619756836
0.00757050297553931
0.012252950983885333
0.010883816402488273
0.009449702303205909
0.007959530298472333
0.006422553345601984
0.0048482984169554415
0.0032465075731320583
0.001627077802790974
1.7038136296891242E-15
0.0016247025454945547
0.00323703576717759
0.0048270961718885185
0.006385131545157405
0.007901600640546702
0.009367231488447047
0.010773077968524619
0.012110574301542689
0.018204796803287845
0.010468978821539743
0.020389907174268515
0.002571020870360437
0.023399825813918303
0.01584325231852674
0.024750435634431498
0.01609145561564312
0.026098600182426948
0.015556329547697605
0.02186322515910175
0.036755933253645484
0.021884068683999464
0.015363319045836855
0.025884514618590218
0.015760201262185723
0.024432743599042534
0.014906430873805658
0.02177976534593042
0.002020888826046219
0.01880372795150149
0.00850690588145193
0.015007917321075292
0.01191501965055905
0.01058474740274356
0.00919099605604928
0.007742424727159424
0.006248018519869681
0.004717032902420986
0.003158936495763213
0.0015833526258678722
2.9569572562454894E-15
0.0015813671279520413
0.003151018935385896
0.004699309784062245
0.00621673738210293
0.007694000992688586
0.009122058333467485
0.010492180819393643
0.011796006812018946
0.014805177068158908
0.023002454234878417
0.016792046407566433
0.032054969909826724
0.01630298978102547
0.026274970302972378
0.01381230107286077
0.022394502301751936
0.019287026938367972
0.031732756231707945
0.017760860670931806
0.014701459943217707
0.0177038113074423
0.0318568114541899
0.020346217141933406
0.02193687610604513
0.014117623822162915
0.027200401682096604
0.01755634542027013
0.03177740148145508
0.016329752345384578
0.023656574060065307
0.01694304130843806
0.011633535736635415
0.010335712165391593
0.008975639047642097
0.007561755518894502
0.006102822496014667
0.004607868489186943
0.0030861338289893837
0.0015470136525517473
1.8822552854461285E-15
0.0015453766227181574
0.0030796058552975594
0.004593255909146411
0.006077031449699291
0.0075218305803083285
0.00891880057912548
0.010259392048036593
0.011535411143211792
0.00717407783927562
0.004309311642343713
0.014575615325314914
0.008180688846665514
0.013944687802038343
0.009115806818789832
0.022655779463347302
0.01894163761839496
0.020895578871191815
0.011614651832256384
0.022370591788342175
0.03625998144535967
0.022370742473184737
0.011417154653890723
0.02029312109739106
0.01989778834953058
0.022606738767278586
0.008195647899702273
0.012868615284790571
0.00997250744091894
0.015023966465668517
0.004785017518284303
0.006680641424528224
0.011402737382912817
0.010131620185261786
0.008799235330318159
0.0074138399131598925
0.005984009696891584
0.004518586115971103
0.003026621694948834
0.0015173242190136954
3.685642895101327E-15
0.0015160034130037208
0.003021354726475256
0.0045067962456060385
0.005963200715937039
0.007381627315095766
0.008753376451611729
0.010070043035633575
0.011323567895696978
0.019971063782876015
0.021159184685224063
0.013368213059371822
0.02552908716797832
0.02127518005054563
0.028759243626967516
0.015324936786208792
0.012524990405603249
0.032072225260508395
0.0322462066683548
0.016178986536809443
0.009585890559352148
0.016160346618822506
0.032152877445579195
0.032704626826583115
0.011112677925912466
0.015375241251905397
0.028364907517496398
0.021537242700036475
0.022872737696934018
0.012363900408031724
0.01909216420335989
0.020082810154516222
0.011218138743396328
0.00996850937850147
0.00865836437033131
0.007295813132386139
0.005889281682100964
0.0044474606155374225
0.0029792514937038886
0.0014937119704681212
3.983033815079568E-15
0.0014926825330985481
0.00297514641470905
0.004438271585380067
0.005873063161210256
0.007270706647689988
0.008622622008377882
0.009920516256842603
0.01115643425042067
0.011718800997999624
0.010330032744527455
0.020392662961378993
0.016670867734255756
0.013320834601486892
0.007012693359023444
0.024169563012953657
0.029889131175827872
0.01022950726625276
0.00868335869279352
0.021777406109958538
0.03200538244884547
0.02174711701840376
0.008659108756989959
0.00921512159745352
0.030911801113770055
0.02457220854832257
0.007671379572357916
0.014116910538937428
0.0180607646593973
0.021675105393135708
0.012355593317003172
0.013572233954803893
0.011076303439821557
0.009843346313630411
0.00855040886344004
0.007205484406099379
0.005816881820235596
0.004393174290422648
0.002943146454460864
0.0014757402795384498
4.380227196370973E-15
0.0014749835446421645
0.0029401288293602087
0.004386419477509307
0.0058049596661298546
0.007187028762768738
0.008524134858664016
0.009808066870154562
0.01103094488917389
0.018253265862284835
0.01241515256987176
0.00870903605679494
0.01141724256659282
0.020791357022008603
0.02375580025165272
0.017335329426797573
0.012138958579265342
0.03456441234521698
0.028221319592797653
0.016306142245286783
0.0093414386556497
0.016331169067381923
0.027910441968606
0.034218616795740786
0.013943279724355013
0.017983771462195857
0.022769003796840836
0.02038394916379581
0.009763042060799339
0.007857388049523904
0.011390433451861543
0.01715854210265078
0.01097468111293833
0.009753882125001553
0.008473430582408733
0.007141233191080116
0.0057655121864099
0.0043547546584635196
0.0029176602675262454
0.0014630876723669042
1.1446408832256883E-14
0.0014625903074002712
0.002915676929890702
0.0043503150505597304
0.0057576763401029326
0.007129103207221293
0.008456161982301633
0.009730694707844186
0.010944869218242035
0.015876674325309495
0.01667497855526514
0.021596389087207714
0.021044135574976055
0.017203663546018003
0.01259135848813617
0.02669798720985671
0.036353710457954276
0.006813363788849585
0.012069559504123318
0.02010063125277524
0.024875078040432905
0.020049234528290525
0.012418428215307316
0.008063255372008474
0.03639825872652705
0.026740992616103663
0.01339291152759461
0.017557473502939527
0.020910233936739592
0.02020246156229168
0.017187488624792087
0.01586156154033355
0.01091149192541632
0.009698550779603295
0.008426082790693781
0.007101936019154175
0.005734275035345546
0.004331530647309369
0.002902348001857446
0.0014555333780361182
8.912529672177354E-15
0.0014552867977772955
0.002901364716145094
0.004329329608808614
0.00573039023351993
0.007095922300628585
0.0084175214870056
0.009687055090153832
0.010896712005367699
0.015166334331804551
0.014018931108511108
0.010373534902773094
0.01430662507745868
0.018682752360678154
0.017943678916265606
0.02358597720298759
0.02937466743063208
0.024704782146862374
0.020655716257226113
0.017907712251762575
0.016379693604163047
0.017959164456492014
0.020228119842220737
0.023590563581337275
0.030670456570774492
0.024293553173927417
0.01726263714271604
0.01846721031193257
0.016286550446911272
0.012611514686232403
0.015437718589392148
0.015104375925632175
0.010885648950799933
0.00967640084369619
0.008407551610459788
0.0070869176238664575
0.00572263377781535
0.004323103446447034
0.0028969467941679307
0.0014529477539624855
