1.0
0.9989725854527329
0.9958941397184481
0.9907760398146912
0.9836371918337693
0.974503947816854
0.9448921765451997
0.9041216004198817
0.8524818609246338
0.7809180628534512
0.7447185644996637
0.7431056895656882
0.7311345187759901
0.7444622375246992
0.745759293675877
0.6922882277285412
0.6473573403747354
0.6472191597951871
0.6366423270038517
0.6154150231255875
0.5842941199065835
0.5524482883791481
0.5110502577684961
0.4592369571862469
0.3972633121362167
0.379799117415805
0.37227556960593283
0.3178027130039725
0.251859886737053
0.20959979981360974
0.16415773020521138
0.14411097447126328
0.15631051620315028
0.15587068968138093
0.1515848000023993
0.13927376632762767
0.10934235931995497
0.08037172439209746
0.05244210162743646
0.025628413765297155
1.693478876663349E-16
0.02437962278192774
0.04745297037168276
0.06916877240348834
0.08948212364992743
0.1083546049309982
0.14423146110206447
0.18701137113991817
0.23090428074418493
0.2889051794526618
0.3105977273187967
0.3027997266331883
0.29629793351283495
0.27254097863724097
0.27260265009845436
0.3003263650723104
0.3139506944858635
0.28441447696371835
0.2624132935416701
0.2516476669084325
0.2481419964589962
0.24346029089820725
0.24608940704740248
0.26071639142342784
0.28330511929866975
0.26517907083391923
0.23327417280477472
0.21857828722228362
0.2322280372969486
0.23600234304620774
0.23893915063222862
0.22022083039137788
0.17001487222032646
0.13537107848133587
0.09667570939455908
0.06509537670314852
0.051875662795561404
0.03868235100081252
0.02559056798264948
0.012673085182489333
5.375368956133185E-16
0.012361565328205124
0.02434774582752849
0.035898195646728345
0.04695632858089005
0.05746953627456684
0.0490155415928256
0.034076774425423846
0.05096862521251563
0.08425113799546027
0.10077356226282197
0.08393444264575503
0.07594572929797341
0.07944712239794817
0.06571215818377261
0.0658788025699975
0.08753565804001333
0.12143014399354585
0.1381900135898759
0.14019296967686307
0.1401552667342134
0.1394074915750983
0.13706741526694202
0.1205440279308556
0.0869264750675939
0.06182087011937613
0.05481454177888653
0.06859761460922813
0.06600885053043042
0.07922161690252737
0.0991341986074053
0.08544875245891112
0.049982742308046606
0.01947116583348266
0.03267367314938814
0.04256756538062781
0.0340797816274522
0.025527457685862405
0.016962687462071194
0.008436783880032845
8.874262807421555E-17
0.008298740059595886
0.016412099049191813
0.024294572090919002
0.031902718564962726
0.03919537927375594
0.0643423020843015
0.09251144521362263
0.097095671939913
0.11593109036431233
0.1105864301916017
0.10678006864207927
0.10786509813160734
0.11837817057730336
0.13625694155702128
0.14892573092368086
0.13950286392535433
0.10893929179227116
0.08053274351174676
0.07309865938424803
0.07196155758544334
0.07037272964899056
0.07497695908973351
0.10116892220992994
0.12895443296540332
0.13899561553222484
0.12709119727619636
0.11770154338624113
0.10175820738808385
0.08628780514124552
0.08172493496909666
0.08788382588098344
0.07530561139941563
0.08096942211021463
0.05590660334692174
0.03170319158088207
0.025439031390898773
0.019097499119953842
0.012717877975441166
0.006339196069146462
1.563242349863227E-15
0.006261866202463073
0.01240947556178788
0.01840702490262545
0.024220032755731466
0.029815527373656482
0.017180828647420626
0.010121415857716353
0.04505771213063975
0.06808119690998528
0.07036133180472036
0.045587228063744226
0.027294575079267393
0.035518750334977756
0.03187297193580684
0.06007150584026264
0.08700642078656538
0.11663191974918348
0.12445934335168757
0.12122273647485463
0.12112952868628621
0.1205936357904397
0.12334414612051328
0.1155914804139829
0.08627304104787346
0.060262686864255774
0.030795676312337834
0.03170609502190489
0.023192714661771096
0.03440094181864873
0.05805765809315679
0.05798955638460759
0.040969812426036305
0.009694690451987037
0.01240865760829541
0.02532521601994658
0.02034860287924386
0.015296350844885134
0.010199922616159202
0.0050907406937636766
0.0
0.005041516417228863
0.010003617540090647
0.014856879372914014
0.019572813786122294
0.024124030271789186
0.04617791261642133
0.06306547610528557
0.03934856926655715
0.042788949157472604
0.04354774237516094
0.07145803238743746
0.11221835783904303
0.12222454142546169
0.08840385703134529
0.08295845291260277
0.0517031099797246
0.026337364089643597
0.011790356802189433
0.02197635343544027
0.022684175279022206
0.023176691929694418
0.014257430693044216
0.02178338601101644
0.04505739064069266
0.0762417122009154
0.08300899331771705
0.11742151152223669
0.11081515401611335
0.07324133331082046
0.04378040171663951
0.03786727421753238
0.032668538933131756
0.055934199046300134
0.042642239788601814
0.0211432144476113
0.017003654284084912
0.012793277347067795
0.008538345181072342
0.004265178890456449
1.1476272889174623E-15
0.0042312268559528835
0.008402948491872357
0.012490174076165862
0.016468621510455115
0.020314858443545813
0.006660655836174203
0.009676361347053545
0.030326708221355442
0.034194967252608385
0.029741668820178258
0.005938461862697996
0.019064702160472475
0.015236779769853338
0.0278245926912053
0.0585544471667837
0.07357007330250702
0.09123174468556185
0.08962075906107385
0.08398258177989001
0.08352380235807237
0.08278873659906409
0.0873146827190905
0.08851287654101139
0.0716798557697911
0.057974195003392924
0.02748265928627368
0.013237008180632
0.015627956724984883
0.005254450871261997
0.025906783814186377
0.028997703884599914
0.025973948075654646
0.009745010382760814
0.004597865757568348
0.018199480544475097
0.014645715469344327
0.0110262642468393
0.00736370658208404
0.0036807316787421727
1.6240276446257282E-15
0.003655993885694672
0.0072650565569733145
0.010805428289308708
0.014255912122850265
0.01759599869453567
0.03774533314586814
0.04278816897937009
0.03540223249539507
0.03436617099544134
0.039411477905757754
0.06284212953921861
0.07828527291096897
0.06842347836013354
0.05768054957980909
0.03685692634671508
0.025813027549219752
0.024358542771879273
0.05534283562066034
0.06311332143301904
0.06352003962745374
0.0637190127393902
0.056616442662106296
0.02663767004464137
0.02840148975864275
0.032511668760695216
0.05408200931946696
0.05704023446743764
0.06824451230568879
0.05519444435209741
0.03451517846770132
0.030600977472208368
0.03813160376510967
0.03708350098191793
0.03568536794601622
0.016022861053655236
0.012900431665656546
0.009717023953107444
0.006492489323495073
0.0032468146625332607
2.5277316703959844E-15
0.0032280632073113783
0.006417712443586583
0.009549632433253751
0.01260497066822435
0.015565449480289312
0.0019378786013769511
0.010802373674458127
0.016310580212437416
0.028913111051650266
0.026935782607579294
0.016221964665164054
0.007889647635547968
0.025240749503826584
0.025904061882417888
0.05262286139928881
0.05214460090528841
0.05151923392956538
0.03975546601726672
0.032486192616848784
0.0318878082731848
0.031191392106424447
0.03725549126077714
0.04854894503737523
0.04974863824969097
0.05170500329092611
0.02567261307319296
0.02696443504900585
0.012346547767122469
0.01908509158690704
0.027715488975055616
0.03141722139135561
0.012211828833233055
0.01189332622890058
9.554725829912809E-4
0.014354647114392098
0.011561772961428463
0.00871204859493656
0.005823233049992134
0.002913234433608276
1.80656602700271E-15
0.0028985934652982865
0.005764848289299411
0.008581352929306625
0.011331086723557962
0.01399752175036244
0.032520816755677244
0.02648798896857973
0.03834120676942453
0.014118393072297933
0.028885795369891318
0.0355904350652266
0.05742749476757628
0.04507728777987692
0.038898243367242326
0.017856333623032593
0.04748803546207575
0.0419861511931292
0.06393282305416145
0.07006172798997957
0.07005102391600959
0.06981951777625976
0.06351671694956214
0.042247343456536565
0.04838862553969753
0.01835229999029182
0.03716280870079955
0.048887119561482034
0.06024042303613678
0.03718253914469242
0.032843672085211585
0.010503461158851563
0.03546574399591923
0.022066871853127903
0.03106606669088142
0.013041013712291522
0.010507026791996344
0.007919752519502391
0.005295302366407139
0.0026499437508215825
1.2751062423713662E-15
0.00263824958955065
0.0052486689873555556
0.007815363359240376
0.010322775102727623
0.012755777411728914
2.82840539586662E-4
0.014945010218463842
0.006690413429321014
0.035070392191543606
0.023521488864148878
0.024749793788645776
0.01724973674004283
0.0164336597304328
0.024218724199583874
0.04411740889304116
0.027566959594484543
0.022323278525003216
0.008296683118509325
0.013289696445516195
0.01377977259427397
0.014208984040297624
0.00959518304605157
0.021724292674407897
0.025279065495181847
0.0428586125006172
0.023872089656363133
0.010923463950045979
0.014768001083097606
0.024332997517918346
0.01952978390636671
0.0340335605955075
0.009259259259259333
0.016521284922665126
7.03811281213389E-4
0.011984803983153098
0.009658584444422191
0.007282136745882993
0.0048702480844851305
0.0024378647295422704
5.101331782594689E-15
0.002428357810786047
0.00483233700150898
0.0071972729647138325
0.009508797076708618
0.011752923439942418
0.028673198230078634
0.014694447597171647
0.024127355307195023
0.021348991020514515
0.04266819733530281
0.0496532321733799
0.05892810702099669
0.052499293855371984
0.03187800064602573
0.025867495980413855
0.04510964136405767
0.03624326385921309
0.045176677387058196
0.04918101472300534
0.04889355676408926
0.04844381415461033
0.04384407065653437
0.03519281452170655
0.04368422066419585
0.026646402466379334
0.03152956253629159
0.04952589837759007
0.05419435453109788
0.050589725087680004
0.042194470185719014
0.025117595437216988
0.018641199123886714
0.012235435918566722
0.027506635986524825
0.011121676278224421
0.008964995797926957
0.006760710998608054
0.004522527309874638
0.0022643102517687337
1.2857757750122894E-15
0.002256474210775629
0.004491279322589865
0.006690762809975999
0.008841535644206798
0.010930553364362348
0.0011363971885920237
0.019420029094143514
0.018076761681976656
0.02398217286697884
0.002211718469675126
0.015201835223280427
0.012142428301544416
0.016758905590310808
0.02093733450058555
0.033256847269597704
0.017281938006176837
0.028742719711891945
0.030483314881193647
0.03826095805036666
0.03848208647587266
0.03856023671702334
0.031017517486815433
0.029505796604852502
0.01833729853798842
0.03188153484726273
0.020235776707765534
0.0208556222443298
0.016656138438999574
0.011338620315136614
0.004964843576288027
0.018353818838321777
0.020927475566685137
0.02047604577071723
0.0012142925932811376
0.010407368373052707
0.008390836793721754
0.006328951709568055
0.004234523600875216
0.002120522893438427
2.1087938374660772E-15
0.002113994882374017
0.0042084917280675455
0.006270679904201805
0.008287986175755397
0.01024815102148429
0.02549777378839839
0.009798108531782278
0.010900750329654312
0.025778250808429607
0.029139483829978427
0.04207471583169555
0.027957477670335257
0.02795431188503275
0.03065614450798957
0.027709760272041674
0.025972338512533333
0.020533367569365912
0.020749485452531177
0.01878681668911356
0.01851851851852062
0.01814011965149259
0.02007352783881549
0.019524443655091667
0.023855556508027564
0.027282438059851782
0.030519433305627047
0.02406906316006098
0.02208258149357117
0.0381842217820054
0.02262763059121459
0.022747586408388035
0.011611980168789966
0.009693851914518275
0.024479977422298144
0.009810470346242254
0.007910951711349467
0.005968010510536509
0.0039937095292448465
0.0020002707528271844
4.49718514728325E-15
0.0019947887508714084
0.003971848879046998
0.0059190760209398615
0.007824581895464996
0.009676766606718292
0.0011257601990978712
0.021704618443427002
0.02320821952237737
0.013358944094027691
0.019848775016660155
0.007809141338555171
0.0303343382114018
0.024507025498604854
0.015692608363379965
0.024490444256843453
0.03109453121597483
0.03282868656433851
0.030238785452070465
0.03895296965484607
0.038912947123242635
0.03871795239663292
0.029709552592964573
0.03258251223823067
0.03216712115488431
0.023985763471192134
0.014930788439750781
0.022511537210977175
0.03228275932334601
0.009334972907022183
0.02201747187842402
0.018082219021226226
0.022165833327977117
0.021784730414599322
9.705748897893989E-4
0.00930811401279269
0.007507015135160056
0.00566414882068742
0.0037909485941295894
0.0018990061775862003
1.3752884622645037E-15
0.0018943766504774375
0.003772487390707421
0.005622823984445014
0.007434076627066432
0.009195202845305036
0.022674720895126753
0.01029080228283906
0.015610249444721837
0.010054015779992357
0.012592948677473398
0.032642095455775205
0.008394972845733982
0.023242304810508846
0.029088771909877697
0.021562081649017004
0.013554379686167631
0.016260050465623354
0.02393356064564741
0.015332433198454913
0.01556391135442058
0.015656299605182854
0.024475186810389557
0.01664240884536304
0.014049477782226868
0.020494055548344887
0.02871072611782855
0.024859742890417535
0.007134750239008453
0.033510154162121615
0.01550279917491601
0.004886918744295888
0.016332963776447447
0.010550257818585184
0.02173786136748488
0.008883293100561043
0.007165392548763412
0.0054071399464485
0.0036194365538999023
0.0018133407843631
3.1579860384111803E-15
0.0018094180900260013
0.003603794008250941
0.005372124644466588
0.007103590532064677
0.008787621854596311
5.144834633662955E-4
0.02088498670184243
0.01633270391204297
0.029248498851622978
0.01830802055715899
0.007149507722542265
0.042056277206010226
0.014698626623052428
0.012983272980352028
0.025011066462552876
0.034670994558804714
0.0256157602857666
0.01671992303019052
0.02572508800115254
0.025634218978912878
0.025408853313270308
0.01623329079761932
0.024939527967761815
0.034101050658848865
0.0256041234444322
0.01326292509907795
0.01499848475677312
0.045145872245696446
0.004094176037617906
0.014395119769441335
0.030860360522393264
0.013621591034319347
0.019979219553063962
1.8958362417633822E-4
0.008523137976573137
0.00687576187744297
0.0051892387024783816
0.0034740182182323573
0.0017407063958170422
4.1400125199762556E-16
0.0017373792535309263
0.003460750568355665
0.005159539561484724
0.006823342980659277
0.008441992249950321
0.020046303241811624
0.010607001220989664
0.014845308342572387
0.005467878421352898
0.02365684470171475
0.034372652596306036
0.013466670185034606
0.02591718788745632
0.02609963828132436
0.012857298093050251
0.023352505421239164
0.020797242105447783
0.028575092158671864
0.02216862821626682
0.022219128333449207
0.022133428272788216
0.028378226410605754
0.020872375809497856
0.024277712092856854
0.011869547713266843
0.02559508077107189
0.02499880753859998
0.015748635876009002
0.03269343887418256
0.024391398666209044
0.007504802994123374
0.013198037701853313
0.010416512184117028
0.019156225039854497
0.008217771418256394
0.006630198648206358
0.005004497114996908
0.0033507334073926264
0.0016791295566461347
4.5818860689113506E-15
0.0016763119168670749
0.0033394975084984485
0.004979345999423314
0.006585807068179289
0.00814905230300645
5.405803777618376E-4
0.0173314857257807
0.013128657516176239
0.02796349683078551
0.0062406664220449465
0.011106028076738527
0.04960231926920181
0.015053426473298239
0.01764654550960321
0.029745076824744577
0.02249981358582585
0.020816611501086907
0.021338954468188526
0.022305585359198982
0.022441882627993178
0.02245007455393766
0.02203103196467534
0.02096966249781033
0.020697703232172553
0.03014413818183765
0.018655861085094667
0.01386443322073905
0.04722169457451007
0.015291049744962976
0.008734605349155235
0.025423388037225013
0.015472601952331116
0.015812872735637955
9.945095576307298E-4
0.007959530298467622
0.006422553345595917
0.004848298416947224
0.003246507573131304
0.0016270778027919588
4.709043063114337E-15
0.0016247025454866019
0.003237035767180036
0.004827096171888432
0.006385131545145182
0.007901600640548316
0.01753359768001331
0.00986988282627283
0.008424952848710837
0.008016409103495126
0.02177436177252738
0.020890125135130257
0.017984591267463997
0.02505258529081223
0.022744903630998226
0.007113188751819337
0.02903040123512848
0.017590345814712586
0.01753081081596434
0.015215182152647994
0.015171621504036515
0.015003800921747768
0.016687559668822308
0.01704200058263578
0.029162722632009613
0.006859446898469462
0.02225306172133462
0.025951686752016385
0.016774835365068658
0.016703306599336366
0.020442656735102958
0.006903963758790432
0.006323105589623693
0.00970187160472442
0.016673913278033716
0.00774242472715398
0.006248018519868757
0.0047170329024205405
0.0031589364957565246
0.0015833526258710192
1.3722560316907396E-14
0.0015813671279598699
0.003151018935388955
0.004699309784064875
0.006216737382104887
0.007694000992683814
0.0019359131652580814
0.012619511891746605
0.020536585735903317
0.02185462598756215
0.013644682946379414
0.02337686527617693
0.026317247754772767
0.00944650119719317
0.023866870941258302
0.03057728659833999
0.009169926454366211
0.02585658137189694
0.031379985677646154
0.02738469601975497
0.02745214744971529
0.027396175663319415
0.03153939532604525
0.026260523433158964
0.009804224179023591
0.030298490088823352
0.024573163546842833
0.010159876173095723
0.02160599839473772
0.023423577742687635
0.013456955423905534
0.02234716864805668
0.021331205724182394
0.01130409456007216
0.002490317172466317
0.007561755518888666
0.006102822496015724
0.004607868489184363
0.003086133828985364
0.001547013652566258
6.20315922663462E-15
0.0015453766227122804
0.003079605855299203
0.004593255909148824
0.006077031449704303
0.007521830580312268
0.01510040908345865
0.009922842039478717
0.002162986238677371
0.003858150360050204
0.021060677098962068
0.008239883167624437
0.011965648411923527
0.02320431467142185
0.019500326695512753
0.00796869245336134
0.027139427499817136
0.010040845916400948
0.008824923213279528
0.018333587452244414
0.018563600110570806
0.018695463449527515
0.009488712109149278
0.009719796542917769
0.026572731895219377
0.00838855938850973
0.019020312121500717
0.02069393152676422
0.011746445028213343
0.008939229435199512
0.022921530619500134
0.004405733475065807
0.0026079695872640316
0.0103374125492552
0.014265017582336165
0.007413839913161028
0.0059840096968979736
0.004518586115972829
0.003026621694942983
0.0015173242190154553
1.8032804268804704E-15
0.0015160034130018791
0.0030213547264763647
0.004506796245602365
0.005963200715941233
0.007381627315087715
0.003597221217608607
0.009748248763169706
0.01904608765228028
0.02283762082306083
0.016047684247997514
0.01927848410096567
0.028237630118145337
0.01681971219820581
0.026747351617159427
0.02659078832917187
0.022597868321636745
0.028476342768450468
0.026919654316458843
0.020548848637757827
0.020415692923561386
0.020189851424851593
0.0263034665586014
0.028405063887982886
0.02381523754471004
0.02590409938241578
0.026784438229576175
0.018063879720786515
0.031394786305787674
0.018719154637728698
0.019309862775598357
0.02124423981446431
0.016600164218949564
0.009720508608631424
0.004230616218462447
0.007295813132380545
0.005889281682091568
0.004447460615540114
0.0029792514937080103
0.0014937119704647452
1.7520686060207754E-16
0.0014926825330960044
0.0029751464147004473
0.00443827158538015
0.005873063161216631
0.00727070664769245
0.012735877174901277
0.011594503890287391
0.007899293004395725
0.010160269458159333
0.02723303897885628
0.010844540382087457
0.008411281989396134
0.017527116885420146
0.016592158818674426
0.011785538256576111
0.018723724654550404
0.012209658443369143
0.02398933926497448
0.0323308818043769
0.03251124558049677
0.032578222425241984
0.02455157874618116
0.012696360905736365
0.017618823573304025
0.012271278355788827
0.016286178852017514
0.020563879462690744
0.00606498391216487
0.009843018911717323
0.026868801112505416
0.012747801084426162
0.010303112568047007
0.012234678605879616
0.011925140816995418
0.007205484406092458
0.005816881820238294
0.00439317429041495
0.0029431464544589082
0.001475740279533781
1.9217066295419976E-15
0.0014749835446432327
0.0029401288293549725
0.00438641947750314
0.005804959666129743
0.007187028762763509
0.005467697713091422
0.010795002158195762
0.010339439370778108
0.012029757121898325
0.027932529827471415
0.022690454702557955
0.031452421445773794
0.01818765232394757
0.025149518000833492
0.021224697907779727
0.028691291803874808
0.025308896134741177
0.011183240853071567
0.0019074289537108732
0.0018285436626421742
0.0016774259493113767
0.010487212717180724
0.02495916922696593
0.02851122066284354
0.020661975686015688
0.024582967740559625
0.01641884741080454
0.028769044322947225
0.023880025724640954
0.028553937930628624
0.008117922360298745
0.009224523697628828
0.011544124372224119
0.006163133851860839
0.0071412331910769514
0.005765512186414935
0.004354754658464797
0.0029176602675289754
0.0014630876723614507
9.682397879451723E-15
0.001462590307408437
0.0029156769298933046
0.004350315050558058
0.005757676340100074
0.007129103207227598
0.010445439091111512
0.013256327635989839
0.01447870104180548
0.01774450341856106
0.019085951066228877
0.004073182765192107
0.006445109461739667
0.029049022303321983
0.01611575768042579
0.01520051286844845
0.010396367410728599
0.01776592716449384
0.027996514732930484
0.03487036296267427
0.03485420078701102
0.034725992778795824
0.027774429351983983
0.01805461291190803
0.010601225282354075
0.015535316586418569
0.016424596196790812
0.027972622519106826
0.00921600102785659
0.006340369070025599
0.015655449476355165
0.01819278137108719
0.015215006953568198
0.013494669205209631
0.009664126985418874
0.007101936019151768
0.005734275035355328
0.004331530647312446
0.002902348001846969
0.0014555333780325848
3.815058032648945E-15
0.0014552867977758895
0.0029013647161564046
0.004329329608804589
0.00573039023352227
0.007095922300637399
0.007502135499002879
0.012905280765207116
0.012160799758896218
0.01076459740151421
0.021782658478390848
0.021547169607064872
0.01758964797585956
0.008784518417929151
0.020524578288867147
0.01780986350025554
0.02140307579069062
0.021122539287892834
0.016265918112394882
0.021373635334348544
0.021650551928475387
0.0218589840444565
0.017066089747906438
0.020882730517381026
0.02017233413681409
0.01752046057075223
0.019768667229630166
0.012030545888364112
0.01598061408025285
0.018848763345163697
0.017838096412638317
0.014043121771339895
0.013843706255552393
0.01331658471880037
0.00824594910122862
0.007086917623866628
0.005722633777810777
0.004323103446454197
0.002896946794176458
0.001452947753960217
