1.0
0.9989725854527298
0.9958941397184472
0.9907760398146923
0.9836371918337706
0.9745039478168525
0.9634099899352749
0.9503961825331834
0.9355103927392265
0.9188072805050703
0.8726538464538129
0.8155334328464141
0.7846148296663673
0.7706186755172298
0.7367248342974092
0.6940936314630197
0.6199671391014931
0.5423532661021705
0.4409695351613178
0.42015967262892046
0.3777770369542685
0.36146782442218633
0.3248572381786033
0.36910500069468216
0.38252751466060214
0.38476941135349324
0.363869521998251
0.33873937629245093
0.29540673981383647
0.2702613242360372
0.27321597402804804
0.26683328132118733
0.2339567767589832
0.20167312991975375
0.17008068053330969
0.13927376632762736
0.1093423593199552
0.08037172439209737
0.0524421016274366
0.02562841376529625
2.323346833549117E-16
0.024379622781927637
0.04745297037168265
0.06916877240348805
0.08948212364992657
0.10835460493099777
0.12575437327165603
0.14165622109465523
0.15604160438810838
0.1688986399392126
0.20623439983230682
0.25231099238058724
0.2687547619099154
0.2662049673424848
0.2798216420155475
0.28583736893493566
0.289045178147094
0.32821265698524565
0.3637610529496381
0.3556870211449544
0.3591925304451861
0.3415237601037236
0.33514309303291184
0.29310092724035847
0.2468045848305711
0.2477827831327263
0.23971505937203583
0.22157550415652477
0.21996574851406553
0.20100113624425633
0.15334304860542677
0.11667245240793644
0.104133474646217
0.09130375337943847
0.07826434592780017
0.06509537670314855
0.051875662795561814
0.038682351000812486
0.025590567982650386
0.012673085182489146
1.8530511096351216E-16
0.012361565328204644
0.024347745827527533
0.0358981956467285
0.046956328580889814
0.05746953627456679
0.06738938324713076
0.0766717780093524
0.08527711967004753
0.0931704195635526
0.08049900281483556
0.057308186852028604
0.06143106899399636
0.07447126835926483
0.07348357951898565
0.08493392398031754
0.1280680032824924
0.1661713273723462
0.1353958632422641
0.1381649770036881
0.10775012573486162
0.13866611308510743
0.13576856350903843
0.1583565368284894
0.11489225901211171
0.07689479882016119
0.06736379462336188
0.06705998978940347
0.05479650842385201
0.047865572945371276
0.0663520775378453
0.07482035430154822
0.06711710121238182
0.059138962311212864
0.050938221326003855
0.04256756538062938
0.03407978162745381
0.025527457685862006
0.016962687462070754
0.008436783880031983
1.474163305418579E-16
0.008298740059595957
0.0164120990491927
0.02429457209091856
0.031902718564962775
0.039195379273757026
0.04613387787015377
0.05268220563223834
0.05880718876800596
0.06447863753739008
0.08782742496461547
0.12573568886022796
0.1341915999983376
0.129379581769182
0.13779296877841243
0.1398459592812895
0.12268481448931365
0.08998365118674424
0.0624693021675987
0.06265208438416793
0.14286104167123806
0.06351079218891503
0.06259732386410999
0.08836280553108054
0.12508027606051358
0.13317468271435962
0.12777968120892144
0.11861768032518517
0.12197020449798174
0.11361536055094867
0.07611507872245145
0.05520449656085602
0.04963964052493683
0.043842373363555266
0.03785067190997375
0.031703191580882376
0.025439031390899824
0.019097499119955955
0.01271787797544169
0.006339196069147935
5.497302491491656E-17
0.006261866202464895
0.012409475561782962
0.018407024902622478
0.024220032755729388
0.029815527373655185
0.03516222387761109
0.04023068962729776
0.044993496981779436
0.049425362699365864
0.05116567479822286
0.044628895147901866
0.055216515375638535
0.0639045696725025
0.06303744488294462
0.07179614935792819
0.05262412985211169
0.07446764230125316
0.08345168373059585
0.08139985323158412
0.10408075843190712
0.07791372231679833
0.07856588718925853
0.07374088476283551
0.06007909694912922
0.07453041375006611
0.06328603391763522
0.06487801218254312
0.056295730100559375
0.04560965951708292
0.04977970801343315
0.04385524009181551
0.03948997423526571
0.03492661100534968
0.030194876749064025
0.02532521601994327
0.020348602879238432
0.015296350844884534
0.010199922616161051
0.00509074069376583
1.0150290215245633E-15
0.005041516417227692
0.010003617540092206
0.014856879372914822
0.019572813786124733
0.024124030271787753
0.02848438971977338
0.032629149377751944
0.036535098216767675
0.04018068198682564
0.05085106032248741
0.08207259669198957
0.08399713222124223
0.08033629163859668
0.08489098838819632
0.07838415593199505
0.09342749947915974
0.05855795472287159
0.06829115812866612
0.09215509588705993
0.11584679806985736
0.0924170118774405
0.0682877091877278
0.053780378580873776
0.08393187652080378
0.06950861818182405
0.07888756643172398
0.07375805546309118
0.0760467578721225
0.07455813709175381
0.044312985646736566
0.036479093000142536
0.03287863137832987
0.02910609616760672
0.025185915879491347
0.021143214447611133
0.01700365428408382
0.01279327734707106
0.008538345181073137
0.004265178890456866
1.3770473241585393E-15
0.00423122685595048
0.008402948491872645
0.012490174076164528
0.016468621510455077
0.02031485844354173
0.024006437118552285
0.02752202229394968
0.030841511525968913
0.03394614715005805
0.04801133461682267
0.047318069098729265
0.05749186204939146
0.06726123327759416
0.06115385756288673
0.06521234811954392
0.07657164254555825
0.05775650518397897
0.04293395508792023
0.05331388544766595
0.07087147404843265
0.05420907362874
0.04177152405007482
0.0530440099903976
0.07174628593927283
0.059930494562633004
0.06010029165945047
0.067095927462355
0.056992266314747554
0.04717068073882313
0.04749711970454883
0.03131765050089652
0.02824540780962725
0.02502101131459097
0.02166522776058752
0.018199480544475333
0.01464571546934237
0.01102626424683853
0.007363706582083943
0.003680731678739186
7.382398605802377E-16
0.0036559938856955227
0.007265056556974377
0.010805428289307731
0.014255912122850812
0.017595998694535687
0.02080598611094364
0.02386709417238872
0.026761572296945983
0.029472800534868303
0.027948187742333916
0.051732262440543526
0.04773643709544776
0.046716731487380675
0.05102698603913483
0.04634586485599909
0.03976153650999969
0.06296507256742782
0.07290180089684924
0.06821857475483226
0.08137864474044623
0.06701165230258874
0.0733945212968492
0.06577660876476087
0.04286487187989839
0.047986043540204054
0.047165747745109045
0.04165244245031276
0.04141434276515747
0.04581556264499883
0.02336520563528054
0.027517322639370942
0.02483035701418714
0.022006789021950284
0.019064718399569167
0.016022861053657324
0.012900431665655488
0.009717023953108646
0.006492489323495461
0.0032468146625352335
1.2152729371271344E-15
0.0032280632073134734
0.006417712443587067
0.009549632433251872
0.012604970668222294
0.015565449480287971
0.01841347400050232
0.021132235375583088
0.02370580864346099
0.026119244705546354
0.04506465161632549
0.04480898360142134
0.052506479512563535
0.06318080514108908
0.05127626714102531
0.040122059427467736
0.03284018990384875
0.02969433660492157
0.029399084375699037
0.03712056582096632
0.05987891794624326
0.036436500072005135
0.03018474356782357
0.03345040963560177
0.033488427481606256
0.04173697450164849
0.04937699858679879
0.06175076984156205
0.0508952442697838
0.04370092576297404
0.04388812192687826
0.024613779935096076
0.02221910702400079
0.01970021036208541
0.017073170655956278
0.014354647114390813
0.01156177296143284
0.008712048594939896
0.005823233049990839
0.0029132344336082095
5.714153614412431E-16
0.002898593465301801
0.0057648482892958
0.008581352929302611
0.011331086723561522
0.01399752175036006
0.016564721191942015
0.019017433623297865
0.02134118267357358
0.023522351538325426
0.012182408553789938
0.027769246138508757
0.019609353522836985
0.0205576743822501
0.03185721910662885
0.03878401382613449
0.04578385276867696
0.055462389698669706
0.04637386923861989
0.04268158353871945
0.04426971746628548
0.04210029290602853
0.04323193897855422
0.05227023279346951
0.044185937880009594
0.03506838997341923
0.03035899327305502
0.016718555470233508
0.015448781192497147
0.0233109696821784
0.009571997050747278
0.022332853656684064
0.020166556388833447
0.017886055366207156
0.015505857279757573
0.01304101371228901
0.0105070267919958
0.007919752519503711
0.005295302366408073
0.0026499437508169747
3.102217319842306E-15
0.0026382495895465145
0.0052486689873570596
0.0078153633592431
0.010322775102726525
0.012755777411736032
0.015099764812139396
0.017340740130543594
0.0194653973824244
0.021461200092845318
0.03929106503907101
0.03895860077037941
0.043175366912635724
0.05277094547479494
0.038335621116262916
0.03752601193247796
0.032921341896820215
0.043211422342796624
0.048814648836916455
0.04324885710905828
0.026409246403281655
0.04393785342928991
0.04888468882463548
0.041789145504548285
0.03221946531685202
0.03378725533854534
0.03653406820143883
0.05047918565737502
0.04101919534225542
0.037401354092846985
0.037450670284311975
0.02050230555744608
0.018518518518516578
0.01642875242294267
0.014246258644901418
0.011984803983149994
0.00965858444441944
0.007282136745887587
0.004870248084481445
0.002437864729539914
1.1062084389449392E-16
0.002428357810789793
0.00483233700150661
0.007197272964719614
0.009508797076710523
0.011752923439938999
0.013916132957624996
0.015985454238321744
0.017948540849477692
0.019793744462759638
0.0077970055836313204
0.012355995498161012
0.012260540790444233
0.005824732121981269
0.027117258734863994
0.03731672568900222
0.04599284266434647
0.03758365388705808
0.01824326786414527
0.014880781774545583
0.014680666562102668
0.014483597466643126
0.01929867305957135
0.037620163929374624
0.04579320881683391
0.03970462737690095
0.027088552620510832
0.00691103031616915
0.01455150939661882
0.011196396128854985
0.008955275553329914
0.019008557644270264
0.017173209640046917
0.015238710305109166
0.013217291849716038
0.011121676278229433
0.008964995797926523
0.00676071099860588
0.004522527309871126
0.00226431025177002
4.117571306196138E-15
0.0022564742107757376
0.004491279322587054
0.00669076280997436
0.008841535644204191
0.010930553364363929
0.012945194766961904
0.014873337741864456
0.01670343180136963
0.018424566870800182
0.031307167080595825
0.03176337619441169
0.031923270562129256
0.03854464296937736
0.028849507904809158
0.03333559009482747
0.05173727565920138
0.042688487992916226
0.03726105438200866
0.046939090961248625
0.05752179682387355
0.04633774730601311
0.03811686270474283
0.043356705635714754
0.05357501341898039
0.03721541294597439
0.028060721214831913
0.0358784743714784
0.02958709087089752
0.0301000985061543
0.02914438322539107
0.017773746605172103
0.0160607911286611
0.014254402945586853
0.012365975136842311
0.010407368373057923
0.008390836793722227
0.006328951709567672
0.0042345236008695985
0.002120522893441139
1.8824264686252134E-15
0.002113994882377583
0.0042084917280624965
0.006270679904203647
0.008287986175758455
0.010248151021482379
0.012139302799510502
0.013950029316001433
0.015669446367280963
0.01728726284573232
0.013059911127161677
0.014090394923344133
0.02396479322374529
0.01620395724639976
0.02686843172049837
0.03073383775827957
0.015809299724418562
0.018752627484373608
0.029733896514908643
0.020409676277872293
0.0185185185185224
0.020843226439198653
0.02848266089456501
0.017421305625565448
0.010510699095131444
0.026039436916796194
0.026624851975913594
0.017927866368761335
0.025778431407667324
0.01567996573931535
0.01418133048628862
0.016742774869492622
0.015131808464325809
0.013432231125051328
0.011654737426118188
0.00981047034624443
0.00791095171134876
0.005968010510531864
0.003993709529249675
0.002000270752830807
1.2914454426527414E-15
0.001994788750868969
0.003971848879046769
0.00591907602093529
0.007824581895467506
0.00967676660671328
0.011464388985832833
0.013176634547163387
0.014803180649463574
0.01633425847110652
0.02279929252550986
0.02449079153076033
0.020284072763770547
0.023630326441003983
0.02650956452741275
0.04164121429138589
0.03823158002283392
0.028316515527435793
0.043377152622230915
0.023425506040204574
0.02688122539183785
0.02304165469208527
0.042372919860622166
0.026421268845961764
0.033996851894386296
0.03851557121952472
0.02656694214830219
0.02128658178015539
0.018025295874451237
0.022935134661993175
0.020879077471978334
0.01587562249804115
0.014350319253917906
0.012740489276204659
0.011056240820027043
0.009308114012788856
0.007507015135159301
0.005664148820687691
0.003790948594128482
0.0018990061775895147
2.042838317499862E-15
0.0018943766504743791
0.003772487390703945
0.005622823984446029
0.007434076627060216
0.00919520284530537
0.010895494593691026
0.012524643141225955
0.014072801356567882
0.015530643016464342
0.016273884725448468
0.020280557828688064
0.030010128358927968
0.023625547314314977
0.023540494503742994
0.016769825264215804
0.026082554566749575
0.02916216141977074
0.022754870837835207
0.029649136705921297
0.03284815352571474
0.029787109312382543
0.024738894079885908
0.02914213061213855
0.027343653965353966
0.019467722656341238
0.022736914234524487
0.024299697429511352
0.030299090624598148
0.021173123824883153
0.016526647508063822
0.015142585844553991
0.013689633232424251
0.012155621864998325
0.010550164881389282
0.008883293100552792
0.007165392548760326
0.005407139946445696
0.003619436553897551
0.0018133407843675614
1.4397267796689632E-15
0.001809418090030614
0.0036037940082403017
0.005372124644467707
0.007103590532061028
0.008787621854596145
0.010413962781396464
0.011972733741577929
0.013454491259360836
0.014850284989620967
0.016463871666333063
0.018051346960532063
0.009993555401017281
0.0138228299304586
0.026830024596347937
0.023426664607221353
0.018364824575990462
0.035398145626520085
0.021173914419426444
0.015633170102022195
0.039441976916890845
0.015616443846169921
0.02012661077380914
0.03628354306299635
0.019199704565881517
0.025235260717901813
0.02670387028048446
0.013440717386329112
0.008570590197251836
0.016832204038837964
0.015624225833955997
0.014521222122819545
0.013129576318171408
0.011659817132510271
0.01012113801466553
0.008523137976577135
0.006875761877445137
0.005189238702476936
0.0034740182182218
0.0017407063958166014
1.057103875934912E-14
0.00173737925351601
0.003460750568359917
0.005159539561477052
0.0068233429806541035
0.008441992249953574
0.010005615456471034
0.011504697401000963
0.012930137348570856
0.014273304129174198
0.016015417058718028
0.022552986459853538
0.02858827732995764
0.025026176891098394
0.01786349482063237
0.014251946321727705
0.024720908793978015
0.00967023517638367
0.026215801100461362
0.02340912213947902
0.02512370525342804
0.022941061974374014
0.02518149106864696
0.009154310369657267
0.025001000705825196
0.011534185412000507
0.017161077141876042
0.024686565824690598
0.027512943613587016
0.022497649359299314
0.015460733480025966
0.01399432858407855
0.01265467983793274
0.011239413419889013
0.009757366466510787
0.00821777141826395
0.006630198648213353
0.005004497114998864
0.003350733407386372
0.0016791295566432362
1.6277169753759675E-15
0.0016763119168749922
0.0033394975084902064
0.004979345999432096
0.006585807068180202
0.008149052303013922
0.009659535194485685
0.011108049299676466
0.012485784224260159
0.01378437908290654
0.015260529913567931
0.013722698346560905
0.0088338934674273
0.01690373355286667
0.02423651226510999
0.025633723819084676
0.017741381395971926
0.025389590274340255
0.022715775643273192
0.03196815492521369
0.03742556333421186
0.03233146185589253
0.02274349336487852
0.023907158507317863
0.01855407547027355
0.02231231260866477
0.023475115293648385
0.018178448681316375
0.010190640144642616
0.01322003845014966
0.01571523143003416
0.013548571158448798
0.012252950983888202
0.010883816402486847
0.009449702303211288
0.007959530298473292
0.006422553345605387
0.004848298416956966
0.0032465075731421393
0.0016270778027894141
1.9303911748949146E-15
0.0016247025454928785
0.0032370357671748567
0.004827096171887257
0.006385131545151827
0.00790160064054206
0.009367231488448136
0.010773077968523196
0.012110574301542746
0.013371587129266652
0.012899052930263926
0.021100252070754052
0.02121208588691528
0.021046648405312687
0.016251100564379804
0.031046591789255364
0.024863269080452464
0.02004132060038373
0.022967724202104793
0.010203444735788117
0.041856766484982766
0.010381345879718068
0.023761393500129322
0.0199341420270574
0.023057037853128317
0.03389183501195914
0.0167205683750455
0.019894096023004335
0.019269638088707255
0.020445021025160152
0.011835808716654659
0.013173533359920036
0.011915019650550253
0.010584747402746971
0.009190996056043602
0.007742424727157511
0.006248018519878364
0.004717032902418928
0.0031589364957648053
0.0015833526258712451
4.8536322214405684E-15
0.001581367127949117
0.003151018935393627
0.004699309784059932
0.006216737382102955
0.007694000992686308
0.009122058333465645
0.010492180819396589
0.011796006812016542
0.013025592550940455
0.01777751615600183
0.012990561967482928
0.016681575117160584
0.023835675988114
0.017715700877284257
0.012376702925952231
0.027712228759785705
0.018905633784801545
0.016299723125213238
0.01776854822134452
0.01761845868995572
0.0169507067938576
0.01639891061831614
0.018157944316313727
0.02685599464438727
0.01651284547652629
0.016559498555967545
0.024785131173498065
0.0182591167006576
0.013286305271710487
0.01847996067881576
0.012861044675943175
0.011633535736641856
0.010335712165390792
0.008975639047641855
0.00756175551889236
0.006102822496016815
0.004607868489190987
0.0030861338289864234
0.0015470136525520732
7.28322405400595E-15
0.0015453766227249705
0.0030796058552964925
0.0045932559091447205
0.006077031449699207
0.007521830580314175
0.008918800579125185
0.010259392048037127
0.011535411143216025
0.012739069568693341
0.008639947940069056
0.017935612653432666
0.011285981426875749
0.013167191186451672
0.021442637221690198
0.028286257462124587
0.018697995884242053
0.02911681302858332
0.027787725420129025
0.03309970758209747
0.019076052332927057
0.03328046780584058
0.027326614829946246
0.03084332481684451
0.021480615426439094
0.024828323088184952
0.02239155406547905
0.011564387789056996
0.009657912344851785
0.017266681728671726
0.007829685548333609
0.012604699581229655
0.0114027373829129
0.010131620185260775
0.008799235330312407
0.007413839913160068
0.005984009696890915
0.004518586115973449
0.0030266216949680924
0.0015173242190167488
0.0
0.001516003413003005
0.0030213547264754774
0.004506796245602681
0.005963200715939062
0.007381627315093742
0.008753376451606574
0.010070043035632083
0.011323567895697868
0.01250628702760149
0.020034566393557867
0.014883786308775479
0.023554852965012404
0.027485236352563537
0.011446004972010792
0.022155910332484454
0.007875415789395697
0.008437336489341076
0.012663914375952266
0.011558581331574029
0.011879925256562346
0.011961341974665928
0.012364489062636892
0.010791474640755673
0.009025518234388238
0.019687804686941097
0.01120250815940085
0.027648752211887777
0.024544876744970127
0.015382105819748774
0.020287896286377536
0.012399509771518038
0.011218138743400597
0.009968509378502969
0.008658364370329234
0.007295813132390885
0.005889281682097547
0.004447460615541653
0.002979251493713052
0.0014937119704650074
6.5973386697824955E-15
0.001492682533094347
0.002975146414707345
0.004438271585388442
0.005873063161207765
0.007270706647688894
0.008622622008376562
0.009920516256842241
0.01115643425042487
0.01232280737481892
0.007581376606540783
0.015744868258616745
0.00933894624541665
0.005116946710394998
0.02678090686088085
0.025443154945498873
0.030184988070609275
0.0345735625281562
0.026086138027013758
0.018466181387525187
0.042013076600689724
0.018219283915286717
0.0258280788952021
0.03320587379103117
0.028910842019008665
0.027817090829106564
0.027270842325210754
0.004878784933833072
0.010789151175344026
0.015590388019513573
0.008311795135192548
0.012241651830626863
0.011076303439817655
0.009843346313629925
0.008550408863439822
0.007205484406092864
0.005816881820235691
0.004393174290422848
0.002943146454451573
0.001475740279538045
8.614886590032532E-15
0.0014749835446351567
0.002940128829370782
0.004386419477501
0.005804959666124917
0.007187028762767674
0.00852413485866567
0.009808066870152603
0.011030944889170967
0.012185268474439417
0.020086088160697606
0.016735867950732595
0.026825358424944996
0.026443422247365993
0.014845306193344903
0.021299171257899756
0.021290559923363296
0.024306536300653388
0.02245963962485475
0.01780994296839085
0.024664029791540764
0.01736718680269948
0.02394438952584294
0.02376650310422662
0.02072409512207027
0.024552254390340957
0.016021462161505063
0.02578184138370039
0.026937004445356905
0.01696680190844984
0.01968840426304191
0.012128285123686654
0.010974681112932582
0.009753882125010906
0.008473430582412149
0.007141233191071622
0.005765512186419451
0.004354754658463598
0.00291766026752442
0.0014630876723701095
1.5021488955265268E-14
0.0014625903074038326
0.0029156769298917993
0.004350315050562107
0.005757676340103419
0.007129103207221783
0.008456161982294503
0.009730694707841558
0.01094486921823321
0.012091227201864249
0.011754456105392464
0.015912332183110934
0.01779234279694141
0.010657624754724999
0.027877871390077493
0.021586044818193068
0.024058599921797652
0.023962572906331282
0.012393616321815439
0.02892367507689145
0.016456943414923028
0.02935715299297045
0.01149858962860149
0.024703219927932975
0.025117240400181144
0.017702390625084777
0.027580973775959885
0.012315981326398284
0.01943555947216801
0.016156796967951914
0.013033956004908916
0.012057423013995665
0.010911491925411035
0.00969855077960468
0.008426082790695958
0.007101936019156325
0.005734275035351783
0.004331530647311912
0.002902348001860515
0.0014555333780359083
5.319286308710267E-15
0.001455286797777014
0.0029013647161377646
0.0043293296087949075
0.005730390233527741
0.007095922300631382
0.008417521487007563
0.009687055090156948
0.010896712005369739
0.012039050719151371
0.017560283774682557
0.0171029980590438
0.025438843952439616
0.020964511429008084
0.02272463023962032
0.0261547106706887
0.021092563249944615
0.022059105554919717
0.027613514819373547
0.027234628823159305
0.02734364359258171
0.027990549297205545
0.02611286160062724
0.02311512301232641
0.02270117915497023
0.02291294582402734
0.023735143876020395
0.019627288787443367
0.02458270768211758
0.016966799445248912
0.016574041151503287
0.012027846164574344
0.010885648950797076
0.009676400843696727
0.008407551610466696
0.007086917623864111
0.005722633777819433
0.00432310344644981
0.0028969467941641885
0.0014529477539608137
