1.0
0.9989725854527274
0.995894139718444
0.99077603981469
0.9836371918337657
0.9745039478168492
0.9634099899352738
0.9503961825331796
0.9355103927392258
0.9188072805050681
0.9003480590739785
0.8618387747113394
0.8308846343033359
0.7891706082187459
0.7375087159466873
0.6849858869801527
0.6209648487159445
0.5746343145402302
0.5456285595585518
0.5424714910443685
0.5297403472987344
0.4798063918134277
0.4209307152066033
0.3880447495836242
0.3727972255273158
0.37636434204324254
0.3666904892622969
0.3573786239404501
0.3414758838671383
0.3165543984965662
0.3002006862750952
0.2668332813211867
0.23395677675898266
0.20167312991975303
0.17008068053330969
0.13927376632762686
0.10934235931995478
0.08037172439209737
0.05244210162743634
0.02562841376529667
1.3280079043567819E-17
0.024379622781927648
0.04745297037168213
0.06916877240348797
0.08948212364992617
0.10835460493099738
0.12575437327165567
0.14165622109465484
0.1560416043881075
0.1688986399392122
0.1802220718765292
0.20558307685606939
0.222508330173892
0.2470630121341263
0.2715328553832717
0.29394682377544445
0.3312004569451149
0.34683276529956136
0.34458509534184933
0.321341761783639
0.30168956076934045
0.31290815912845416
0.3269490811733555
0.3208628528464007
0.29801814829091045
0.25409729778378337
0.22813713754520404
0.20209245454723512
0.17371681323984242
0.15392262253539038
0.12883908052317342
0.11667245240793632
0.10413347464621707
0.09130375337943812
0.07826434592779982
0.06509537670314833
0.05187566279556199
0.03868235100081228
0.025590567982650192
0.012673085182488511
2.2483928798703002E-17
0.01236156532820484
0.024347745827527228
0.03589819564672855
0.046956328580889245
0.057469536274565865
0.0673893832471307
0.07667177800935217
0.08527711967004752
0.09317041956355221
0.10032139756208543
0.0990136521143043
0.09868052457033366
0.0911238385232864
0.10027665208294287
0.11954156247362557
0.09478307187711814
0.09274674674543631
0.09563413824049759
0.11314273964100147
0.12648943006993887
0.11321501193571058
0.09518516593078795
0.09219461374299096
0.09350682148930192
0.11804290133467714
0.09553807943414777
0.08215169135725059
0.08693314151279166
0.08554871157535329
0.08219714680739927
0.07482035430154794
0.0671171012123814
0.05913896231121284
0.05093822132600384
0.04256756538062896
0.03407978162745293
0.025527457685862266
0.016962687462070893
0.008436783880031247
1.5701799119686945E-15
0.008298740059596021
0.016412099049192812
0.024294572090918256
0.03190271856496301
0.03919537927375733
0.046133877870154175
0.05268220563223882
0.05880718876800657
0.0644786375373909
0.06966947658610916
0.07736431856151443
0.0883011038928226
0.10791215079567104
0.10717001700896214
0.10683166358952902
0.13534402188728997
0.1389275635235084
0.13490020218539317
0.13037874350693243
0.12196438333068796
0.1273140799623563
0.12849356204561152
0.1295317427216055
0.12440500625053996
0.09411939415843171
0.09481120820969169
0.09674398870260957
0.07638211250693057
0.06505253770772276
0.06049987700365096
0.05520449656085691
0.049639640524937474
0.04384237336355508
0.037850671909973
0.03170319158088296
0.025439031390899945
0.019097499119956562
0.012717877975441211
0.006339196069147253
6.987914099853423E-16
0.0062618662024641674
0.012409475561783454
0.018407024902622394
0.024220032755729055
0.029815527373655667
0.03516222387761046
0.04023068962729799
0.04499349698178019
0.04942536269936641
0.053503273308290814
0.06655834668288449
0.06976222867854166
0.0710927830428063
0.07759170663287425
0.09754347023807466
0.06763522936456834
0.07045736022492782
0.07136072505399293
0.10442887919661227
0.12392834129448936
0.10379117579797087
0.06957324401739015
0.06795794806931445
0.06348867088365213
0.09271864258837759
0.0736617688059335
0.0707671145241006
0.06814192841195398
0.06399904578811101
0.04799358665120072
0.04385524009181533
0.039489974235264395
0.03492661100534948
0.03019487674906446
0.025325216019942975
0.020348602879240167
0.015296350844884062
0.010199922616160682
0.005090740693765453
3.394427558648051E-16
0.005041516417228337
0.010003617540091705
0.014856879372911774
0.01957281378612318
0.024124030271785987
0.028484389719773774
0.03262914937775065
0.036535098216767134
0.04018068198682699
0.04354611731320076
0.03480667876702194
0.04119630007498461
0.05723117615015429
0.05350194608217333
0.04507990589612545
0.07389267006026841
0.06476937109729489
0.06469400153889031
0.04103070753556155
0.032928366386180116
0.03983039124823479
0.06408008383436155
0.06317562276802502
0.07261611418777719
0.04338337283399098
0.05069068825634177
0.05061091144868917
0.034487463846324125
0.0286727010647598
0.03988390194163785
0.036479093000143216
0.032878631378330456
0.02910609616760662
0.02518591587949067
0.021143214447611122
0.01700365428408302
0.01279327734706903
0.008538345181073081
0.004265178890456581
1.3369131621873396E-15
0.0042312268559539035
0.008402948491872843
0.012490174076165057
0.01646862151045565
0.020314858443544477
0.024006437118552538
0.0275220222939512
0.03084151152596957
0.033946147150060516
0.0368186193533005
0.05644790922461856
0.06238577867074542
0.06829808686559674
0.05031182997214959
0.060618795898186424
0.03205458004341505
0.041231983754655026
0.037748817302793294
0.07048086183606664
0.08843343458353589
0.06954148542351803
0.03649898306935354
0.039922001978308023
0.03054283574326114
0.05807779592327546
0.04725288844016668
0.06726795060963874
0.06064184705393027
0.054045051457931675
0.03421776046337974
0.0313176505008963
0.028245407809626772
0.025021011314591304
0.021665227760588657
0.01819948054447573
0.01464571546934134
0.0110262642468392
0.00736370658208368
0.0036807316787417273
9.262621482733911E-16
0.0036559938856959738
0.007265056556972234
0.010805428289309416
0.014255912122851168
0.017595998694535844
0.020805986110943385
0.023867094172387516
0.026761572296946694
0.02947280053486781
0.03198538310894038
0.018362382182015607
0.01559829404423902
0.024939999976325504
0.044917779235763546
0.03995943403222998
0.06374636542714081
0.04984704219527155
0.05726219321708297
0.03543456749361485
0.02440922734946076
0.03570339718253415
0.056375671655019735
0.04816788262750663
0.06163094051442838
0.03867284151971364
0.04382796687752316
0.020600221753914422
0.01376069328551619
0.018893504121725985
0.030050316655058553
0.027517322639370467
0.02483035701418484
0.02200678902194964
0.019064718399567842
0.016022861053658525
0.012900431665655195
0.009717023953108424
0.006492489323494538
0.0032468146625356338
1.5047603061321759E-15
0.0032280632073153712
0.006417712443587596
0.009549632433255215
0.012604970668224488
0.015565449480289584
0.01841347400050573
0.02113223537558384
0.023705808643464325
0.026119244705546427
0.02835865587171168
0.04417574345118707
0.051709740130421344
0.05984271411637778
0.04416933187614239
0.05970145144107386
0.03628980429612186
0.04089171073669012
0.03359285394914537
0.04014327795347761
0.043946114007619184
0.03972626924550489
0.03432559928731624
0.04181238951854186
0.03757379968976666
0.06104185725886447
0.04546426425759977
0.05781422601693093
0.04902850755812953
0.040863135530882666
0.026868828375112855
0.024613779935093637
0.022219107024002604
0.019700210362085076
0.017073170655954595
0.014354647114387595
0.011561772961430563
0.008712048594939103
0.005823233049990623
0.002913234433608022
1.5192801788336964E-15
0.0028985934653009294
0.005764848289297254
0.008581352929305553
0.01133108672356155
0.013997521750359853
0.01656472119193807
0.019017433623296203
0.021341182673571647
0.023522351538323574
0.025548261854455176
0.025844984710474687
0.018284401481677745
0.007759919251725678
0.03020460524651981
0.02025692988801469
0.03267154620728486
0.023117950327201806
0.03136999722015664
0.03459221956975551
0.037493785777666086
0.0342883062192765
0.030038879402815046
0.021641710372498693
0.02932403868304282
0.016745939459528736
0.026550591533237133
0.0077115855135209575
0.020377242642379563
0.02797106850191061
0.02437107680436359
0.022332853656682077
0.020166556388835074
0.0178860553662064
0.01550585727975588
0.013041013712294875
0.010507026791996091
0.00791975251950515
0.0052953023664112945
0.0026499437508170427
1.2857746602262924E-15
0.002638249589548744
0.005248668987356737
0.007815363359246895
0.010322775102730343
0.012755777411736023
0.015099764812138814
0.017340740130543673
0.01946539738242589
0.021461200092843753
0.02331645459268385
0.02840594698946083
0.037176590935112365
0.047121658147704096
0.0507895836430108
0.061860404570271976
0.04179604459834217
0.045758752301470224
0.04371625841693675
0.03824511700940035
0.03852266083849602
0.03840670044969092
0.04366996638105445
0.045047055457077025
0.04123193120947013
0.06035443903246546
0.05053466554061705
0.04478017142278944
0.034088482576273095
0.024639247244305152
0.022367460989533766
0.02050230555744435
0.018518518518520682
0.016428752422941666
0.014246258644903427
0.011984803983148683
0.009658584444420451
0.007282136745881433
0.004870248084481806
0.0024378647295418
3.695093909480021E-15
0.0024283578107911433
0.004832337001506598
0.007197272964715591
0.00950879707671163
0.011752923439937472
0.01391613295762391
0.015985454238323458
0.01794854084947521
0.019793744462758816
0.02151018346102465
0.03307624341210998
0.02683666161504881
0.013402754466384281
0.005946010065142919
0.006845615483633151
0.023452902676063248
0.024441520443583754
0.018405130119438493
0.019426979351509454
0.024474268391584644
0.019094234627909955
0.018497488264331903
0.02540973130516979
0.025040813760575598
0.009467916242295437
0.006843607758443473
0.01448546463228446
0.02777166926748963
0.033774451864461666
0.020733088768747538
0.019008557644273248
0.017173209640043742
0.015238710305110838
0.013217291849712768
0.011121676278226963
0.008964995797925344
0.006760710998606794
0.004522527309869352
0.0022643102517711493
2.553896348432338E-15
0.0022564742107752424
0.004491279322590792
0.006690762809974433
0.008841535644205688
0.010930553364368573
0.01294519476696164
0.014873337741866437
0.01670343180137236
0.01842456687080185
0.020026537933307918
0.012309376487668866
0.02243953596549994
0.03471911312018529
0.04028041640868694
0.042087039510390646
0.028283496375425446
0.02574887708937107
0.03530598475562523
0.041158196314466974
0.05257696367405183
0.04110057944243082
0.03485204788023438
0.024080830336217596
0.02639752219462811
0.039211898010961053
0.03711004402224007
0.03296934500556572
0.019969011388842176
0.009415210300135724
0.01938241536713085
0.017773746605173515
0.01606079112866141
0.014254402945589757
0.012365975136842363
0.010407368373055661
0.008390836793722631
0.006328951709567188
0.004234523600871228
0.0021205228934420063
1.5196970021058003E-15
0.0021139948823750304
0.0042084917280606855
0.006270679904202144
0.008287986175756337
0.010248151021480453
0.012139302799508589
0.013950029315997948
0.015669446367281462
0.017287262845734126
0.018793842021814743
0.03340123498639405
0.028677801171168162
0.01704641319263417
0.025457270077083295
0.01879549500890131
0.03227825532584053
0.03261371053107418
0.020441076544641494
0.013032870128501668
6.182476537992966E-15
0.012994998631033613
0.02034924269489425
0.03271775956562598
0.03192400663125135
0.018773225123106096
0.027953875767104508
0.017089717448086343
0.028258681077840485
0.03253804255926667
0.018254951168103564
0.01674277486948986
0.015131808464326995
0.013432231125049699
0.011654737426118408
0.009810470346248414
0.007910951711351057
0.005968010510534945
0.003993709529249312
0.002000270752830044
0.0
0.00199478875086753
0.003971848879045643
0.005919076020936247
0.007824581895465133
0.009676766606714998
0.011464388985832862
0.013176634547165706
0.01480318064946777
0.016334258471108427
0.017760711428656817
0.008602292119941082
0.01391838945661178
0.027396561930738667
0.015915499586762923
0.029267301490008422
0.018806140772483906
0.026897594063413337
0.03480613152708524
0.037505622883291664
0.04678952477321359
0.03746735668710211
0.034996249209674556
0.02826030428576956
0.019493602600742746
0.029557291953177932
0.012616112221988104
0.026778735071371934
0.013602092808646469
0.010668985368099983
0.017306785855207497
0.01587562249804306
0.014350319253920113
0.012740489276205458
0.011056240820028146
0.009308114012787546
0.0075070151351609845
0.005664148820682723
0.003790948594129641
0.0018990061775902049
1.84125074431469E-15
0.001894376650478302
0.003772487390704212
0.005622823984445172
0.00743407662706331
0.009195202845306437
0.010895494593690326
0.012524643141226921
0.014072801356564822
0.01553064301646393
0.016889418781761034
0.027431443147262133
0.02468122294621388
0.01586062740603334
0.033356519742597686
0.012654402543848996
0.022305776746196694
0.02740845656280731
0.014361678112117532
0.009899855812495757
0.01935174239647819
0.009757721012035226
0.0140720308820473
0.026493644100154753
0.02111961922914108
0.011726425482010834
0.03272146316362105
0.015493289503883092
0.023474446943102776
0.025456812344764507
0.01650534428601975
0.01514258584455245
0.01368963323242528
0.01215562186499335
0.01055016488138992
0.008883293100555259
0.007165392548760045
0.005407139946450076
0.0036194365538990084
0.0018133407843691181
4.206544879557336E-15
0.001809418090034906
0.003603794008241648
0.0053721246444725645
0.007103590532063127
0.008787621854598826
0.010413962781395926
0.01197273374157736
0.01345449125935919
0.01485028498961647
0.016151711609942606
0.01773771989238563
0.015360039016327575
0.025461927108877014
0.015656888415628168
0.03211886437814821
0.025248413584201473
0.03550621015244377
0.02960834015949074
0.039889634983704916
0.026973857511006276
0.039980216581320546
0.028731696575675862
0.03511842524532115
0.025146536428014333
0.03174231496311079
0.01804071662372895
0.02530273137363144
0.015999876587819283
0.019340920884145893
0.015826024000831256
0.014521222122819666
0.013129576318165635
0.011659817132507525
0.010121138014665096
0.00852313797657548
0.006875761877446594
0.00518923870247297
0.0034740182182182084
0.0017407063958139355
7.327263681877599E-15
0.001737379253525911
0.0034607505683613704
0.005159539561485263
0.00682334298065061
0.008441992249955297
0.010005615456472838
0.01150469740099884
0.012930137348570955
0.014273304129172422
0.015526088255907643
0.01776239529484016
0.018719741715007475
0.0149941148362931
0.022062091255144817
0.014624261223432572
0.01858099016362448
0.017037270764167608
0.024401072442095446
0.003260934506480187
0.023126511415881096
0.0031408307963107147
0.025499585433924783
0.0170758165102955
0.01912739813011519
0.015703605298090426
0.019458177685768508
0.015328051224432615
0.017824214123228814
0.015478116889969482
0.015249972865768211
0.013994328584079282
0.012654679837929695
0.011239413419889703
0.009757366466508805
0.008217771418266073
0.006630198648210882
0.005004497114995777
0.0033507334073859273
0.0016791295566402045
2.785546271443281E-15
0.001676311916874729
0.0033394975084906566
0.00497934599942042
0.0065858070681813026
0.00814905230302156
0.009659535194485902
0.011108049299677635
0.012485784224258063
0.013784379082913998
0.0149959731144786
0.022728562962816386
0.017353482527396276
0.023766143931297074
0.02551503114548471
0.023473988505593745
0.01879551510947255
0.023641546701297173
0.007556238825779271
0.038182611740741085
0.0236955339607305
0.03796015262481185
0.007116286897971172
0.022669895611822158
0.018301093645000755
0.022141909466111016
0.025507677282405546
0.023158314119541838
0.01726138128343556
0.02307816080848199
0.014762581844752286
0.01354857115845184
0.012252950983889932
0.01088381640248432
0.009449702303208915
0.007959530298471745
0.006422553345606539
0.0048482984169612685
0.0032465075731347723
0.0016270778027943746
7.188750580525268E-15
0.0016247025454940653
0.003237035767176124
0.004827096171893696
0.00638513154515168
0.007901600640543311
0.009367231488445272
0.01077307796852288
0.012110574301546396
0.013371587129262867
0.014548464866399624
0.009113144561713055
0.016795073345516415
0.018817169369811922
0.012908782049173192
0.018269572242995538
0.02307860552375401
0.023842149140018448
0.04096359388108826
0.008809095797300093
0.011382209642694334
0.00907142448358764
0.0412262423552893
0.024188460654271656
0.023076756229431335
0.01765325432463458
0.014627944597916331
0.019785632727939307
0.017192694563743085
0.008271650036518786
0.014352440193510311
0.013173533359924092
0.011915019650551346
0.010584747402741509
0.009190996056048048
0.007742424727155289
0.006248018519872466
0.00471703290241995
0.0031589364957613974
0.0015833526258692426
3.6247348459391176E-15
0.0015813671279555957
0.003151018935384389
0.004699309784058109
0.0062167373821006445
0.007694000992688952
0.00912205833346719
0.010492180819399023
0.01179600681201038
0.013025592550938414
0.014173460457967036
0.0222941567900496
0.015058986091349234
0.01863254944662653
0.018530722762827065
0.022744603598833457
0.025675173671729067
0.018134394018042586
0.0227289332696604
0.025782464275673864
0.03513235557750686
0.025526415437991615
0.023496803348981615
0.0181815081890015
0.027063884681362754
0.024127040518295412
0.01633065308876922
0.017335971073549738
0.014110047870658381
0.021574176954787264
0.014010597974016664
0.012861044675935636
0.011633535736638943
0.010335712165393744
0.008975639047643742
0.007561755518894085
0.006102822496018231
0.004607868489191057
0.0030861338289848456
0.0015470136525535798
4.633568310585942E-15
0.0015453766227193433
0.003079605855296394
0.004593255909150918
0.00607703144969551
0.007521830580310529
0.008918800579127315
0.010259392048029364
0.011535411143217012
0.012739069568692403
0.013863032028240248
0.009919473224346
0.02007799807113098
0.02406654885649869
0.027415854352429513
0.007862642916360501
0.0175705547405399
0.02184788703326287
0.032777653274845234
0.01834741339201116
0.01091127231329636
0.018511966275382062
0.031726491787191634
0.0214641622040738
0.01642285148518287
0.006417683888355537
0.02916720705983782
0.024770361887662917
0.02084429794678395
0.011030186222985662
0.013730038049232646
0.012604699581222373
0.011402737382907528
0.010131620185259801
0.0087992353303156
0.007413839913162381
0.00598400969689531
0.004518586115971793
0.0030266216949547484
0.001517324219013695
1.8036104820819874E-15
0.0015160034130023378
0.0030213547264771982
0.004506796245602661
0.005963200715942989
0.007381627315090133
0.00875337645160148
0.010070043035634668
0.01132356789569216
0.012506287027603013
0.01361097837499803
0.018049597655755843
0.009640075020243947
0.010235767190486513
0.0021647494728568714
0.03183623347013965
0.032909112422019084
0.016468310440533093
0.03015821859096762
0.027758768684581738
0.033206498969184726
0.02803512852672486
0.03015636015038052
0.01603701859707382
0.03256377951692223
0.032094482152734624
0.0021953268397759892
0.008728420551847004
0.008678174802165591
0.016903666660313243
0.013505294387053116
0.012399509771532136
0.011218138743400283
0.009968509378499772
0.008658364370333887
0.007295813132388475
0.005889281682092769
0.004447460615539474
0.0029792514937024683
0.0014937119704671277
3.9362854133189255E-15
0.0014926825330959282
0.0029751464147044337
0.0044382715853838635
0.0058730631612044755
0.00727070664769149
0.008622622008377604
0.009920516256841802
0.011156434250419948
0.012322807374817243
0.013412499822268635
0.014322567055856252
0.022894810860001488
0.0264158250184041
0.033670075779176065
0.013294528664221494
0.00835663921517677
0.024523345613170405
0.01041489504258583
0.018780873756501254
0.025183619427167493
0.01860834202640695
0.009851273875404713
0.025244788159995105
0.008815157955658987
0.01498408130662141
0.033557368453613824
0.026353977897367185
0.02303909351176751
0.014921359747951975
0.013332175107206416
0.012241651830627287
0.01107630343981457
0.009843346313632028
0.008550408863451075
0.007205484406093855
0.005816881820235281
0.004393174290421274
0.002943146454456866
0.0014757402795378698
7.923515533784646E-15
0.001474983544645097
0.0029401288293650595
0.004386419477505787
0.005804959666128545
0.007187028762767449
0.008524134858662196
0.00980806687014848
0.011030944889171551
0.012185268474431877
0.013263962587796826
0.013677161132824373
0.008606525986792382
0.00661016019570506
0.014393310927114798
0.02716431909807609
0.023103483505875006
0.00814162829241315
0.02656121873186843
0.034347315169678184
0.018527973321439857
0.034300940104941974
0.02626347642492893
0.007576752531776989
0.02189749602820295
0.025818463075781683
0.016099790809734556
0.007779241138355586
0.009644699801782243
0.013181928305030191
0.01320756255050583
0.012128285123693405
0.010974681112936827
0.009753882125000973
0.008473430582409442
0.0071412331910683195
0.005765512186422458
0.004354754658461584
0.0029176602675261734
0.001463087672366902
7.826345057579985E-15
0.0014625903074054498
0.002915676929886691
0.004350315050566406
0.005757676340100331
0.007129103207221976
0.008456161982297938
0.009730694707844318
0.010944869218244791
0.012091227201864344
0.01316272995077072
0.015499193097260803
0.021837273088299032
0.023971795391211033
0.029776188200367523
0.021363706865442988
0.01819262901856319
0.029006685211817602
0.01669665135739159
0.008968626933723944
0.02639441647142859
0.008913522312207692
0.017111455487718488
0.02863210658981326
0.018910321446518236
0.021396643409126143
0.028846998680817575
0.023034806890028757
0.021092995209333287
0.015277461627154295
0.013129271780949043
0.012057423013996014
0.010911491925410388
0.009698550779606338
0.008426082790694248
0.007101936019157238
0.005734275035340344
0.004331530647313381
0.0029023480018607077
0.0014555333780358962
6.023287486826463E-15
0.0014552867977824695
0.002901364716138268
0.004329329608794982
0.005730390233522315
0.007095922300625008
0.008417521487008073
0.00968705509015503
0.010896712005370332
0.012039050719150816
0.013107045024550778
0.013359805107411278
0.015226864112802711
0.015324612748644743
0.022908549808483163
0.019126498730203254
0.01885374545063359
0.015373036920980113
0.021344144759873118
0.023448604058838366
0.015413869844427597
0.022990351754608524
0.0211770688296828
0.0166648065141553
0.01921729437618932
0.019099210466826947
0.023796093878575397
0.01690603310091335
0.016621439274803702
0.013789607117678786
0.013095955155910386
0.012027846164576635
0.010885648950799137
0.009676400843690165
0.008407551610464947
0.007086917623865683
0.005722633777817347
0.004323103446446566
0.0028969467941634694
0.001452947753963365
