1.0
0.9989725854527289
0.9958941397184466
0.9907760398146899
0.9836371918337673
0.9745039478168531
0.9634099899352745
0.9503961825331825
0.9355103927392294
0.854373335007909
0.7999038072596039
0.7713767129871771
0.7529340946470484
0.7130774480512156
0.678942905222731
0.7221577925279362
0.7041678282012215
0.6498892294596672
0.5846357881298454
0.5455712142063629
0.49893714824986124
0.48360903749291717
0.46091460034081877
0.46410361915543213
0.4554417090200092
0.41337754064087584
0.32568515947443827
0.3086502416225125
0.29095457161920135
0.24080209870612626
0.2129737698006306
0.20716490130986048
0.23395677675898324
0.20167312991975386
0.1700806805333093
0.1392737663276264
0.1093423593199541
0.08037172439209715
0.052442101627436254
0.025628413765296704
0.0
0.02437962278192789
0.04745297037168222
0.06916877240348852
0.08948212364992694
0.10835460493099718
0.1257543732716555
0.14165622109465445
0.1560416043881083
0.22550159770368786
0.25879783209718255
0.26970074740973077
0.2516019337473902
0.2678690772098622
0.2882706551018841
0.25312101812222665
0.24636218420826977
0.26339417890343975
0.2968463080910579
0.3031070119180829
0.30458309057577165
0.2937436653378541
0.27827196996155174
0.23618804832665885
0.2134678448350279
0.21258344640292445
0.22795216828541562
0.1969792532390469
0.17602851578427828
0.20057554863180183
0.1902260916710528
0.16595638329812665
0.10413347464621642
0.09130375337943833
0.07826434592779971
0.06509537670314836
0.051875662795562306
0.038682351000811785
0.02559056798264964
0.012673085182488128
1.3812428215929751E-16
0.01236156532820406
0.024347745827526957
0.03589819564672795
0.04695632858088926
0.05746953627456663
0.06738938324713085
0.07667177800935208
0.08527711967004713
0.07334271425535058
0.09803383994409098
0.11244158987344464
0.18714065955559284
0.18636521835020817
0.16986887499818096
0.12196974300165964
0.12473657904275576
0.13902194886248737
0.1300004934492686
0.12344479526766765
0.11538300489513564
0.1223170380257334
0.1278231096463591
0.13485571274495067
0.11676545347166227
0.1131468575816672
0.161821794739758
0.17578475202028626
0.1798253175026048
0.10571320306104713
0.0937564579473163
0.07061741872409048
0.06711710121238165
0.05913896231121203
0.05093822132600263
0.04256756538062865
0.034079781627451976
0.025527457685862634
0.01696268746207049
0.00843678388003169
2.5958166263129245E-16
0.00829874005959581
0.01641209904919101
0.02429457209091776
0.031902718564962365
0.03919537927375598
0.04613387787015425
0.05268220563223792
0.05880718876800584
0.0896556831444442
0.07695426314658886
0.07133555028243815
0.007291299981391619
0.020036873558181786
0.040410665066503
0.0899631513434762
0.09449812249789503
0.07336954632683011
0.09248513668692268
0.10143728312889522
0.11659709866520672
0.09956268252446115
0.08870968119244517
0.07109216296558646
0.09385056464423666
0.086870307551134
0.04206025909510123
0.03587349728458444
0.03509829652309846
0.05611935758268305
0.05618951208630959
0.07077227866077
0.04963964052493733
0.04384237336355535
0.03785067190997296
0.031703191580881994
0.02543903139089816
0.019097499119955487
0.01271787797543979
0.00633919606914721
6.478738905695439E-16
0.006261866202464415
0.012409475561785
0.018407024902623734
0.024220032755730397
0.029815527373657575
0.035162223877609665
0.040230689627296756
0.044993496981779214
0.06643534543005976
0.0641203755079755
0.0619786209779333
0.10564090684232139
0.07996381335669955
0.07177520282389181
0.04840287830758774
0.045197465657580996
0.07060340842008715
0.06630214912704328
0.05747979398481857
0.009585890559351783
0.05562513387439858
0.06262327066709997
0.0645906070217086
0.03716345616885894
0.040192150066936716
0.05275362319183285
0.05736996803393763
0.0810476012316306
0.046991641855084816
0.0507734145202808
0.06259347018991925
0.039489974235267206
0.034926611005349606
0.030194876749065732
0.02532521601994516
0.020348602879242998
0.015296350844885665
0.010199922616158758
0.0050907406937650635
5.352444846137254E-18
0.005041516417227848
0.010003617540090878
0.014856879372911892
0.019572813786122342
0.02412403027178672
0.02848438971977313
0.03262914937775059
0.03653509821676671
0.03447279019866904
0.04976875511661883
0.06236844104532387
0.08396358164427897
0.07477086631943825
0.09056147911152465
0.08950641804023299
0.10310336707514867
0.09240287114404838
0.08271200855909865
0.09236855634184846
0.14504910771134685
0.09244912194500948
0.0828667047455713
0.09312909487888328
0.10177520110411002
0.0880431925943866
0.09042725460108324
0.07056634821847603
0.08210162860515424
0.0641893020893887
0.054247873631741675
0.02653442402137535
0.032878631378332045
0.02910609616760825
0.02518591587948756
0.021143214447611178
0.01700365428408238
0.01279327734706889
0.008538345181072134
0.004265178890457297
4.901344828189236E-16
0.0042312268559535245
0.008402948491871618
0.012490174076166337
0.016468621510455368
0.020314858443544775
0.024006437118550807
0.02752202229394979
0.030841511525969256
0.04695996025216733
0.017479043938580973
0.02163114808251602
0.013725107663256029
0.050257518557579546
0.04481179875440385
0.050058112488223734
0.026949092520291616
0.009425528113231937
0.034160823852684874
0.031598005137242494
0.07883063514553236
0.03220624287681544
0.03519323441694646
0.010447623250895273
0.031006165405784266
0.05526633393133596
0.054033728336938015
0.059261037786161604
0.02637492438275422
0.025823401091914746
0.016037507477489926
0.0398088154336086
0.028245407809626998
0.025021011314592046
0.02166522776058641
0.0181994805444753
0.014645715469341923
0.01102626424683842
0.0073637065820836645
0.0036807316787425375
5.434886796724292E-16
0.003655993885694889
0.007265056556972264
0.010805428289308392
0.014255912122850586
0.01759599869453498
0.020805986110943142
0.023867094172389376
0.026761572296944692
0.02508598461179129
0.051736947943733125
0.047799851304243905
0.040741990302522846
0.021309053333399462
0.046966097445473184
0.05276563411873617
0.06201106376567228
0.0733901929694595
0.05967651505633795
0.0687719096228066
0.08108043561400634
0.06772615957676095
0.057592187517702634
0.07056944378355148
0.056100237652331755
0.04529128356395829
0.03527944504098662
0.009795402174096043
0.02785040054238013
0.039462951565809895
0.04562095998009229
0.028040925811044313
0.02483035701418498
0.022006789021950246
0.019064718399568047
0.016022861053657307
0.012900431665654894
0.009717023953107725
0.006492489323494569
0.003246814662534687
1.8107585630881417E-15
0.0032280632073130523
0.006417712443587901
0.009549632433254601
0.012604970668223924
0.01556544948028857
0.018413474000505296
0.021132235375582422
0.023705808643463416
0.02207314534577935
0.02689163884586188
0.032844508078407095
0.04781576342764172
0.06286372577147722
0.06294782640397474
0.06593392177851749
0.04137948999273368
0.02471754545585936
0.04263246322473323
0.037569547595963336
0.07985765271777502
0.03713750659201704
0.0419405615025314
0.02426914870955842
0.039757139557543904
0.06353786834854795
0.057724890723957534
0.057209099034647666
0.044567971798164026
0.030452373995982746
0.027959870535746965
0.017723035545614538
0.02221910702400311
0.019700210362086926
0.0170731706559543
0.014354647114387649
0.011561772961431129
0.008712048594940392
0.005823233049991101
0.002913234433606802
5.383437936698752E-16
0.002898593465299696
0.00576484828929607
0.008581352929305902
0.011331086723561356
0.013997521750360828
0.01656472119193901
0.019017433623293854
0.021341182673572184
0.03262032708392391
0.025517502114259863
0.029698932217782636
0.031397331170902223
0.02827078287330309
0.028318563613003417
0.01426324757070687
0.039305944617468135
0.052311284153974624
0.038526090289692005
0.04757627205467744
0.025047310194373583
0.04778168851024604
0.03900439516538918
0.05243431939494703
0.04203341980139906
0.018524234622992245
0.034792270958850215
0.030971786016786493
0.037115998132760744
0.033418461156389065
0.024093428006398264
0.03231422828052525
0.020166556388835265
0.017886055366206313
0.015505857279754742
0.013041013712294382
0.010507026791996816
0.007919752519506003
0.005295302366411225
0.0026499437508206857
1.2847866344783578E-15
0.002638249589547069
0.005248668987356737
0.007815363359241698
0.010322775102727853
0.012755777411733496
0.01509976481213899
0.017340740130545984
0.019465397382423734
0.01854527404434791
0.02088518998219167
0.013390363797653383
0.015158879638377311
0.029063129978212716
0.01496568345363509
0.0317869322756773
0.011481761117401687
0.015778965575080506
0.02177358286894943
0.017754424576997312
0.027384995567693835
0.017749322367485523
0.021322000650555093
0.01647199006116975
0.008177126272063712
0.027328677813057475
0.01201630689218336
0.026248713545097602
0.010641611463813807
0.009342914270539278
0.01624680288379721
0.021182077902995398
0.018518518518522053
0.016428752422943282
0.014246258644905155
0.011984803983151824
0.00965858444442005
0.00728213674588166
0.004870248084482549
0.002437864729541263
1.295955371663152E-15
0.002428357810786406
0.004832337001507818
0.007197272964718555
0.009508797076710046
0.011752923439939295
0.013916132957618633
0.01598545423832431
0.017948540849475548
0.026521871582416173
0.032983401753212294
0.03791767849739666
0.03656468218078252
0.02918379492557937
0.0423400897980888
0.03551040102828327
0.05391065525789097
0.047852112860301055
0.04192141264918108
0.050871509838865306
0.05920329921402979
0.05053732671838307
0.041218154219276916
0.046266839841944594
0.05278685185054276
0.03498709979117393
0.039200161462591074
0.028133387142083358
0.031942115139819635
0.034991183106325305
0.034509826170250835
0.02298063210589857
0.01717320964004586
0.015238710305111475
0.01321729184971475
0.011121676278224607
0.008964995797925061
0.006760710998604919
0.004522527309869476
0.002264310251769395
1.919904380625944E-15
0.0022564742107778666
0.004491279322585273
0.006690762809975275
0.008841535644204581
0.01093055336436432
0.012945194766962551
0.014873337741862466
0.016703431801371
0.025678719961300833
0.006266987144397756
0.01661632160948278
0.023774305243522642
0.02185529021028419
0.031939596380626205
0.026841907526012596
0.02244940698758849
0.031631404222841636
0.03145152324446161
0.02994923215460769
0.016993998070664425
0.03010003576363146
0.03195403481414046
0.03229239103696874
0.02420228073240327
0.028666936851485417
0.033014789806396556
0.021349103448595762
0.024566922258104418
0.018899277118274528
0.008854534901060954
0.025762011179803316
0.016060791128661298
0.014254402945587084
0.012365975136844039
0.010407368373054659
0.008390836793720172
0.006328951709569424
0.004234523600869884
0.0021205228934412365
2.060796006126448E-15
0.0021139948823755343
0.004208491728065621
0.006270679904201324
0.00828798617575644
0.01024815102148261
0.012139302799507878
0.0139500293159997
0.015669446367281594
0.013518755901460748
0.028117021911485112
0.020554494222170736
0.020373198208791403
0.023301622265559385
0.018406445529782486
0.01976903520893971
0.02944512600867895
0.020586639277046542
0.020707246566674928
0.029390940624144865
0.026189140043946665
0.029033007617039776
0.02012679408744243
0.01956277296119078
0.02692338880183196
0.018063705649841187
0.018015091501771576
0.02125558138724236
0.02225583723525539
0.02002330177484997
0.023628500668428164
0.011598303716782919
0.015131808464325224
0.013432231125052294
0.011654737426118816
0.009810470346244292
0.007910951711349652
0.005968010510531806
0.003993709529249437
0.002000270752832283
7.206985950020801E-16
0.001994788750869073
0.003971848879046788
0.005919076020938168
0.00782458189546276
0.009676766606713098
0.011464388985836857
0.013176634547165486
0.014803180649465732
0.02173663471179507
0.01668440118911349
0.017267495620859948
0.01527059385794285
0.025603567563647206
0.02397276759127053
0.02784948206271508
0.026256833002704982
0.027262888759876265
0.028092651739700242
0.02266401787076973
0.026556999929609516
0.02226865599640101
0.02735025188487283
0.02600069428306038
0.025272471912955112
0.025907332491527352
0.022008686724269942
0.026610224872125054
0.014596142264502416
0.014401971724625186
0.017330915879505707
0.01899612045260797
0.014350319253917757
0.01274048927620444
0.011056240820028797
0.009308114012794523
0.007507015135158323
0.005664148820683079
0.003790948594129127
0.0018990061775892059
2.4421832479773488E-15
0.0018943766504759029
0.0037724873907055397
0.0056228239844447565
0.0074340766270635135
0.009195202845304623
0.010895494593688526
0.012524643141229561
0.014072801356561162
0.014544153376457095
0.017830145718537808
0.028419666258053596
0.025166984649982075
0.017511930837442895
0.023469748278309104
0.025185704935106263
0.024507681192447395
0.028719911366448525
0.025518477129667358
0.03217922897823044
0.04737981253685152
0.03229165058173095
0.025681036444190338
0.029304979704738467
0.02514604167148831
0.02663706344365364
0.02289649304750919
0.020239158931535904
0.02252565421493974
0.029182976253701014
0.0203140127448777
0.016767158595418972
0.013689633232424964
0.01215562186499734
0.010550164881386945
0.00888329310055482
0.007165392548763705
0.005407139946446884
0.003619436553897147
0.0018133407843709916
2.216039767341692E-15
0.0018094180900321184
0.003603794008247807
0.005372124644469266
0.007103590532064331
0.00878762185459765
0.010413962781398783
0.01197273374157418
0.013454491259358702
0.01145573889872827
0.012819728824631704
0.006725935848046818
0.02920562730904901
0.020078306486159835
0.02333709447703861
0.01332139912042729
0.017437178386877143
0.014861965359488043
0.021758324517591708
0.02008278709188942
0.00999411274697125
0.020399361110376685
0.02228834496637314
0.015186483128552235
0.017499713228602113
0.013353914634669522
0.023824192410421115
0.016509630893131913
0.03211043210129955
0.009117174193011108
0.009799061303331422
0.010019600163787274
0.01312957631816555
0.011659817132507957
0.010121138014664128
0.008523137976572196
0.0068757618774420316
0.005189238702474104
0.0034740182182245653
0.001740706395809819
6.5648367726417786E-15
0.0017373792535232701
0.003460750568360702
0.00515953956148849
0.006823342980654395
0.008441992249953872
0.010005615456473523
0.011504697401002116
0.012930137348570254
0.020336104518666045
0.026000371792233253
0.02122163896472255
0.0021554222943957323
0.029514601052113787
0.01654455938461969
0.02756519671245238
0.022474191864097985
0.023771474620400846
0.015778525522492832
0.023208016570136478
0.04357930311791184
0.022736614163052924
0.014919293789810823
0.022854693739161044
0.021661260452055114
0.026798402127892237
0.017296231011366427
0.02888461939609659
0.004543343782000616
0.01778617977622697
0.0252763378657046
0.020380920170648586
0.012654679837936974
0.011239413419889223
0.009757366466511312
0.008217771418266562
0.006630198648212778
0.005004497114999237
0.003350733407384467
0.0016791295566426178
2.2484882257961704E-15
0.0016763119168714997
0.0033394975084879526
0.004979345999424146
0.006585807068182532
0.008149052303015653
0.009659535194487189
0.0111080492996821
0.012485784224255551
0.01310174186267965
0.00692868984355963
0.016937973328345436
0.030279531372861036
0.010701806886179126
0.01644207982025659
0.01747697323761717
0.02053195993992244
0.021196730142928007
0.031127725196315726
0.02695712086455816
0.004562229045687431
0.02685747267831081
0.031122910071006125
0.02109770777109987
0.02041260240309391
0.01747699887179229
0.014328925029996775
0.012733212191026725
0.02687855549390103
0.017158530448873287
0.009818278609467379
0.015186231164253402
0.012252950983883487
0.010883816402477833
0.009449702303213903
0.007959530298469238
0.006422553345599163
0.004848298416957783
0.003246507573132904
0.0016270778027890804
6.236577032909919E-15
0.0016247025454930533
0.003237035767177957
0.004827096171890019
0.006385131545149223
0.007901600640545054
0.009367231488447906
0.010773077968525396
0.012110574301540819
0.017073877596853537
0.016616771018052468
0.019034668218996607
0.021782159881670368
0.020231426049801434
0.025697604616703798
0.024540085389062407
0.02084339766819015
0.023056672251717612
0.017511173964600724
0.018370248530207824
0.03655508816097832
0.018652572565432318
0.018153974711205417
0.023662536230833343
0.021152690477509794
0.02474443838453621
0.02587689297671416
0.020180298586726174
0.0235687973146467
0.021532262963867465
0.013915850882699959
0.014850163061028423
0.011915019650560103
0.010584747402735371
0.009190996056048383
0.007742424727156969
0.006248018519867419
0.004717032902420085
0.0031589364957609178
0.0015833526258654622
2.0879105485329084E-15
0.0015813671279547414
0.0031510189353872293
0.004699309784063855
0.006216737382103582
0.007694000992686299
0.009122058333461877
0.01049218081939686
0.011796006812020077
0.01861947684157225
0.01603750747748483
0.010652426767386496
0.011217861144391208
0.01183516997977824
0.01914566123784311
0.019444670031691907
0.017148364973358907
0.013808831427982584
0.02268747325776449
0.017089843143682653
0.01096995568156961
0.01693094385269312
0.022209270967711237
0.013597038756878932
0.01742230717300198
0.020777279218056905
0.02136021684042564
0.009838005208116087
0.009392493807359955
0.008267342809992076
0.01618490589636691
0.018731608686217274
0.011633535736639776
0.010335712165385359
0.008975639047646372
0.00756175551889233
0.006102822496015146
0.0046078684891899535
0.003086133828986534
0.0015470136525497522
6.347328806039259E-15
0.0015453766227192676
0.0030796058553004585
0.004593255909145826
0.006077031449700992
0.007521830580313808
0.008918800579128862
0.010259392048030789
0.011535411143220955
0.009220831030181377
0.017131657256488388
0.022206629990203813
0.022328204988689825
0.025242951093824153
0.016176057814123304
0.0210864067709062
0.016334996127217536
0.021609080661607254
0.01907256063225145
0.021378535666366567
0.02100000433095762
0.021147991023189015
0.0185587835228981
0.02050247776800354
0.014981796192128638
0.019343785379453908
0.013653291269303792
0.024431633383636298
0.02120738234894506
0.019764468875979713
0.019441193484610035
0.008684333338915414
0.011402737382907062
0.010131620185258879
0.008799235330317465
0.007413839913159196
0.005984009696891998
0.004518586115972913
0.003026621694956633
0.0015173242190133992
3.3512667682997175E-15
0.0015160034129992742
0.003021354726472355
0.004506796245600098
0.005963200715939009
0.007381627315087364
0.008753376451604736
0.010070043035633015
0.01132356789569496
0.01583144384793539
0.010874946344766491
0.013253013669539624
0.011227008503757411
0.01693907403082217
0.024307830016128983
0.029626165031212966
0.026542297814952254
0.02472593018154068
0.026041366015457566
0.023275317937992212
0.035775030603297175
0.023495490543259924
0.02657484007015029
0.025751932086638223
0.02733940208138629
0.02984451629430925
0.022967112734054457
0.01954784436456374
0.011547722445105536
0.015740564501536783
0.008461680741573031
0.013809936730836801
0.011218138743397795
0.00996850937850213
0.008658364370332787
0.007295813132383053
0.005889281682095361
0.004447460615543415
0.002979251493705294
0.0014937119704674648
5.955685883413888E-16
0.0014926825330981047
0.002975146414709533
0.004438271585388015
0.005873063161212975
0.007270706647687375
0.008622622008373151
0.00992051625683989
0.01115643425042113
0.012639940247489618
0.02005197072858473
0.012355755677374501
0.01904470398364428
0.010750052213109401
0.015445914631725089
0.006988097455034626
0.016556281249975317
0.009911583889970021
0.016481036111186176
0.013201389615324499
0.019917560356848586
0.013374482598221306
0.017147910292402268
0.010826563022316734
0.01841984104962079
0.008555588872953107
0.017435615709893795
0.01106223308701762
0.018628483301554696
0.013758583134633334
0.017897316230039796
0.014574923234266233
0.011076303439814477
0.009843346313626964
0.008550408863445274
0.007205484406090462
0.00581688182023545
0.004393174290422597
0.0029431464544607076
0.0014757402795360563
4.183200390691894E-15
0.001474983544640852
0.0029401288293674746
0.00438641947750947
0.005804959666120206
0.007187028762764278
0.008524134858662115
0.009808066870154826
0.011030944889172785
0.008734300071972729
0.011518526118445399
0.016900973556564138
0.013662089699048295
0.01704718683001059
0.012456549710498805
0.020358725320220015
0.023547662905646187
0.028195708243913112
0.027850425332308144
0.02197363854521808
0.03384900519424234
0.02169160341973869
0.027375074113871814
0.027564147993479185
0.021907594956883207
0.01789992596408427
0.011735259409844769
0.01301875137608056
0.014709683574773114
0.014969622315359213
0.01434136495549995
0.008384736585289274
0.010974681112949882
0.009753882125001891
0.008473430582412669
0.007141233191073852
0.005765512186409671
0.004354754658457527
0.0029176602675266023
0.0014630876723710478
1.4364966686983833E-14
0.0014625903074088865
0.002915676929891522
0.004350315050557529
0.00575767634009965
0.007129103207228194
0.008456161982301242
0.00973069470783531
0.010944869218244307
0.017510183097422725
0.010246970484441833
0.020196895736484415
0.014719100371573497
0.028917609064587613
0.022446828054354034
0.022709284025929442
0.027750769654151672
0.02246579514892819
0.026004375366281838
0.02285945107626868
0.03673782233431697
0.022909385231796732
0.02594678296960215
0.022686024721752265
0.027392393387173638
0.023441893587132508
0.02220096232080624
0.030641444925012293
0.01391661526975714
0.020042227611229844
0.010527068967400759
0.017489264855373356
0.010911491925413033
0.009698550779603918
0.008426082790693764
0.007101936019155044
0.005734275035344325
0.004331530647313411
0.002902348001854738
0.0014555333780348356
4.148682819384307E-15
0.0014552867977789838
0.0029013647161485676
0.0043293296088097
0.005730390233525574
0.007095922300642465
0.008417521487004864
0.009687055090150956
0.010896712005363797
0.012518748102009284
0.01794009718710303
0.010162768621913038
0.016255044560660972
0.014594456047679278
0.016576143517064056
0.014541171097294197
0.012425267177620119
0.019576242992403618
0.018943369955829282
0.015897638047197023
0.010742834552435555
0.01609774937385006
0.019072796972663255
0.01958360500534203
0.013906860081660187
0.016560445384493375
0.017708393224208484
0.020033069961080764
0.015609388399964631
0.012342194530970638
0.016921398996223434
0.014470750020030792
0.010885648950796939
0.009676400843688752
0.008407551610464586
0.007086917623863138
0.00572263377781075
0.004323103446450753
0.0028969467941649114
0.001452947753963246
