1.0
0.9989725854527335
0.9958941397184496
0.9907760398146945
0.9836371918337699
0.9745039478168563
0.9634099899352793
0.9503961825331849
0.9355103927392308
0.9188072805050733
0.9003480590739845
0.8530496346965031
0.7761265425559093
0.7072580623404457
0.6916471450082848
0.6844932189444708
0.6481149062215875
0.645971037648391
0.6071236475421167
0.5674878113370713
0.562792093091788
0.5041394482603535
0.4806186274728672
0.45684491430898383
0.39907782191350605
0.37495669109644597
0.3219011852050951
0.28006664452596314
0.2906765215814932
0.3106405201960989
0.3002006862750973
0.26683328132118866
0.23395677675898444
0.2016731299197547
0.17008068053331063
0.13927376632762795
0.10934235931995558
0.08037172439209782
0.05244210162743684
0.02562841376529705
4.4389678415445536E-16
0.02437962278192799
0.04745297037168271
0.0691687724034884
0.08948212364992647
0.10835460493099813
0.12575437327165612
0.14165622109465553
0.15604160438810874
0.16889863993921234
0.18022207187652955
0.20697428410335691
0.2676900652798663
0.30798033637531796
0.3109017876428416
0.2982831592431267
0.30887238253172505
0.29218943917711476
0.30117803438645413
0.3069021872569934
0.2851473017487313
0.29918370506768716
0.2860933413546567
0.2698053238394597
0.2770959402127501
0.25973508608643353
0.26409611831267377
0.25105328404499094
0.21296845409235962
0.15010733332650675
0.12883908052317375
0.1166724524079375
0.10413347464621743
0.09130375337943825
0.07826434592780013
0.06509537670314847
0.05187566279556187
0.03868235100081271
0.025590567982650067
0.012673085182488417
7.382763143165325E-16
0.012361565328204713
0.02434774582752815
0.035898195646728616
0.04695632858088983
0.057469536274566725
0.067389383247132
0.07667177800935274
0.0852771196700483
0.09317041956355276
0.10032139756208691
0.11395722316355426
0.09048315410067366
0.06166214926405157
0.07196369836407383
0.11389229621180165
0.10672308896321407
0.08020599879293121
0.06848404405836646
0.05850588243759074
0.057561024690483
0.05708298553543596
0.06584468043760552
0.07673879879001383
0.10615776811272801
0.11373164878997921
0.06964593404040285
0.0628297716946997
0.0866372780489289
0.10455868264161733
0.08219714680740026
0.07482035430154921
0.06711710121238244
0.05913896231121382
0.05093822132600416
0.0425675653806282
0.03407978162745342
0.02552745768586317
0.01696268746207207
0.008436783880032281
1.2521496669877525E-15
0.008298740059596651
0.01641209904919166
0.024294572090918395
0.03190271856496282
0.039195379273757415
0.046133877870154834
0.05268220563223967
0.05880718876800707
0.06447863753739014
0.06966947658610889
0.0559676364194845
0.10077314517004543
0.09561261820248877
0.11640551776228594
0.11933807593727909
0.12522787565234814
0.13512414110016902
0.1460006405671189
0.14649670873161194
0.15818803678122953
0.1441520684981193
0.14173554959607576
0.12866416435298061
0.11439396240746665
0.10662011862669112
0.09923229191353866
0.07526776579006987
0.0831892711598612
0.04162078702796996
0.06049987700365125
0.055204496560857214
0.04963964052493778
0.04384237336355527
0.037850671909973134
0.03170319158088252
0.025439031390899397
0.0190974991199561
0.01271787797544185
0.006339196069147619
1.1697399976127897E-15
0.006261866202463629
0.012409475561785115
0.018407024902624542
0.024220032755729648
0.02981552737365682
0.0351622238776107
0.040230689627297644
0.04499349698178023
0.04942536269936688
0.053503273308290494
0.08266615327486138
0.07168153256607651
0.07881416174896916
0.06684887992187499
0.10748233500456413
0.09595410246971708
0.06315159067764108
0.04626765190184469
0.03900699969911944
0.009585890559352613
0.038977198595392074
0.04561170106450525
0.06256189601359148
0.09342982034092391
0.10471357125489644
0.06661573651315374
0.07844673552346462
0.0659503459889915
0.07535851444897419
0.04799358665120061
0.043855240091815795
0.03948997423526517
0.034926611005349564
0.03019487674906491
0.025325216019943756
0.020348602879242013
0.015296350844884338
0.010199922616160777
0.005090740693766668
2.8845312257808945E-16
0.0050415164172290155
0.01000361754009224
0.014856879372913238
0.01957281378612316
0.02412403027178624
0.02848438971977316
0.032629149377751014
0.03653509821676742
0.04018068198682716
0.0435461173132013
0.03554431846664558
0.044251319481114854
0.03218608902203759
0.0439908505458951
0.04243308303037929
0.04610922749782963
0.06820593308954906
0.08287639574549745
0.07781890647115408
0.11527474018801315
0.07674936453235097
0.08084557051610573
0.06465087348743326
0.042148411830371345
0.036757889393265686
0.04180607063484421
0.03244702992024926
0.043106128542882094
0.040700875793594854
0.03988390194163629
0.036479093000143965
0.03287863137833251
0.02910609616760789
0.025185915879490713
0.02114321444761043
0.01700365428408279
0.012793277347068985
0.008538345181072573
0.00426517889045763
6.402554315426702E-16
0.004231226855954224
0.008402948491872026
0.012490174076166146
0.016468621510456898
0.020314858443546444
0.02400643711855193
0.027522022293952137
0.030841511525969614
0.03394614715006063
0.036818619353299914
0.04501735314699235
0.038478870046966804
0.051990601372945734
0.059212817840207425
0.0777167630559818
0.0641675737606831
0.05327159351001742
0.032619667506957724
0.04386231940407022
8.485883188048433E-5
0.04403078354361275
0.03196609626349687
0.05237674406324213
0.060799012822496716
0.07364207414972487
0.056582156530012556
0.04363809895751291
0.031623361087382014
0.03551232290953269
0.0342177604633803
0.0313176505008966
0.028245407809626744
0.02502101131459201
0.021665227760589077
0.018199480544476197
0.014645715469342322
0.011026264246838871
0.0073637065820832326
0.0036807316787412104
1.0250959252379327E-15
0.0036559938856956325
0.007265056556972666
0.01080542828931049
0.01425591212285121
0.017595998694536368
0.020805986110943645
0.023867094172387127
0.02676157229694656
0.029472800534867824
0.031985383108940744
0.05184091692855332
0.050356654178389984
0.047789948136754926
0.03840348514635146
0.02249942192108003
0.03578236579442172
0.03894721767287298
0.061894392506472704
0.05766913639724895
0.08697139347094016
0.057579336097553335
0.06173049274875416
0.038293151051495534
0.036251655574337835
0.022551635505852027
0.03674251697171642
0.050389023569794376
0.05120232913894073
0.05197596723883679
0.030050316655057963
0.027517322639368527
0.02483035701418483
0.022006789021949205
0.019064718399568522
0.01602286105365701
0.012900431665655982
0.009717023953107452
0.006492489323495176
0.0032468146625339507
7.648053718079638E-16
0.0032280632073166744
0.006417712443589087
0.009549632433255632
0.012604970668224481
0.015565449480290473
0.01841347400050513
0.021132235375584466
0.023705808643463527
0.026119244705549053
0.028358655871710003
0.010591843848840946
0.014842705724984364
0.016103944389290536
0.04243904209935568
0.053551099661826126
0.03833963052768153
0.0407200309668579
0.02136107021474561
0.04531021698733162
0.0031911406644274613
0.045170374634263544
0.020874515090659733
0.0397797858341894
0.037064827532936294
0.052307889527374224
0.041530671326297314
0.014996287426946751
0.01541471877302677
0.012381871319595898
0.02686882837511845
0.024613779935093182
0.02221910702400439
0.019700210362087914
0.01707317065595306
0.014354647114387685
0.011561772961429503
0.008712048594941615
0.005823233049987956
0.0029132344336086193
3.6441507745006916E-16
0.0028985934653010074
0.005764848289297216
0.00858135292930687
0.011331086723562133
0.01399752175036037
0.016564721191939916
0.01901743362329563
0.021341182673572316
0.023522351538320357
0.025548261854456612
0.04253707230922671
0.044569691480356215
0.043761544529575515
0.02224606027716316
0.01864717640197454
0.033601790621202464
0.03721628113902982
0.06221444252424195
0.05374038528482975
0.06356979143034927
0.05352097288126391
0.062152730924732856
0.037157611163082985
0.032693489804727936
0.01724132383580867
0.01971073276484916
0.038599672036762164
0.040878425572564735
0.037606797367041984
0.02437107680436184
0.02233285365668285
0.02016655638883464
0.017886055366203267
0.015505857279755413
0.013041013712292562
0.010507026791996148
0.007919752519504096
0.0052953023664103725
0.00264994375081444
1.0530143669208612E-15
0.002638249589550221
0.005248668987356038
0.007815363359246418
0.01032277510272983
0.012755777411737609
0.015099764812139779
0.017340740130545505
0.019465397382424688
0.021461200092844985
0.023316454592685207
0.02858340710652244
0.023084530920672044
0.028615365589302243
0.043383553172424594
0.04960957169156283
0.03282626864143204
0.03020296660354638
0.011438011572911562
0.035035293199939276
0.011532977726818319
0.03474284753431062
0.010927497344390899
0.029726237235540996
0.032543212922927334
0.04921217131687001
0.043287499257591545
0.033210659008671456
0.02411715966317667
0.031555286661179786
0.02236746098953246
0.020502305557442882
0.01851851851851912
0.01642875242294182
0.014246258644902546
0.011984803983148228
0.009658584444421693
0.007282136745882682
0.004870248084482529
0.002437864729541716
2.637047714681182E-15
0.002428357810787807
0.004832337001505016
0.007197272964719042
0.009508797076713033
0.01175292343993767
0.013916132957622644
0.015985454238321335
0.01794854084947747
0.019793744462760502
0.02151018346102501
0.018052184118193336
0.025689794713041978
0.013888160801955545
0.01300821177636824
0.008798983564971687
0.029406282410182758
0.031894015275064004
0.05530280978757603
0.03920291729056395
0.04325714156295048
0.038731683401560496
0.0546511121725032
0.03111547039288559
0.03010262000921345
0.009258153190660593
0.014109583676093506
0.011349391614130157
0.0237971128709827
0.01320149217597557
0.02073308876874777
0.019008557644271718
0.017173209640045463
0.015238710305110224
0.013217291849711356
0.011121676278227589
0.008964995797928123
0.006760710998608288
0.004522527309870874
0.002264310251770342
2.86445613549443E-15
0.0022564742107764172
0.004491279322591507
0.006690762809974017
0.008841535644204685
0.010930553364367766
0.012945194766961907
0.01487333774186514
0.01670343180137316
0.018424566870801233
0.02002653793330887
0.03331362507880167
0.02229076008176806
0.044098432883561106
0.03251953951400533
0.04081781753312256
0.025803109240903878
0.029549039654897084
0.007537377126090151
0.030174663396131975
0.02143192366630186
0.030272424276254855
0.007937554975732609
0.029924506444112993
0.024513049110071447
0.03884677029673401
0.029028236043673564
0.04277030699357731
0.020541171135731083
0.031661222245284726
0.019382415367130573
0.017773746605172235
0.016060791128662304
0.014254402945589393
0.012365975136845491
0.010407368373054832
0.008390836793719807
0.00632895170956975
0.004234523600869772
0.002120522893439362
2.938625527953399E-15
0.0021139948823766267
0.004208491728061374
0.0062706799042009246
0.008287986175755668
0.01024815102148145
0.012139302799508441
0.013950029315997613
0.01566944636728138
0.01728726284573326
0.01879384202181555
0.01345455913575002
0.027577646586060177
0.007972571631322867
0.029122327651620976
0.018320402389243318
0.03978925085656191
0.020382230529099602
0.03938045274801232
0.020821196316034064
0.026189140043944504
0.020435963714014096
0.03854442255320378
0.01967214086223655
0.040562753383285036
0.01927539248040543
0.0320089076662962
0.010944692227233942
0.029345319771540385
0.016258776275193933
0.018254951168105275
0.016742774869487297
0.01513180846432536
0.013432231125051793
0.01165473742611831
0.00981047034624457
0.00791095171134945
0.00596801051053498
0.003993709529247596
0.002000270752831105
2.8988667294095766E-15
0.001994788750869634
0.0039718488790478
0.005919076020935638
0.007824581895463879
0.009676766606715832
0.01146438898583561
0.013176634547166104
0.014803180649468775
0.016334258471108296
0.01776071142865428
0.02188097557551983
0.011076179971874003
0.026355487830007473
0.007484899021853322
0.02560264874366468
0.009952684941719601
0.035061433561877624
0.017423898268277067
0.03629365961737713
0.030506583605913015
0.03639934179026583
0.017837600555790943
0.035326737720593165
0.00838937883507215
0.024765873428417903
0.004620409021326603
0.023506025658658856
0.008990456003761525
0.018880014146007488
0.017306785855208295
0.01587562249804422
0.014350319253919766
0.012740489276204652
0.011056240820027728
0.009308114012789963
0.007507015135158499
0.0056641488206856825
0.0037909485941309655
0.001899006177588919
3.8340430510952566E-15
0.0018943766504752573
0.0037724873907020824
0.005622823984444055
0.007434076627064653
0.009195202845303549
0.01089549459369103
0.012524643141228493
0.014072801356567287
0.015530643016466655
0.016889418781760448
0.021533530224740808
0.03103570752944592
0.03151653930236418
0.041064084663981905
0.01929700416274407
0.03935424978503426
0.01814696811718326
0.026832755142533537
0.012324576363353726
0.013012772494706266
0.012317810436989696
0.026541723642173106
0.018562115062539984
0.03828176428427989
0.01831637497587462
0.040885731130833936
0.034133741001354655
0.029804449847912154
0.021486900944418918
0.01650534428602126
0.015142585844552515
0.013689633232426219
0.012155621864994394
0.010550164881390017
0.008883293100555401
0.0071653925487606554
0.005407139946446332
0.003619436553901183
0.0018133407843685227
0.0
0.0018094180900321325
0.0036037940082473538
0.005372124644470038
0.007103590532065428
0.00878762185459859
0.010413962781397043
0.011972733741575304
0.013454491259359498
0.014850284989618297
0.016151711609938748
0.014105535382508262
0.010592576484882113
0.017724987905071703
0.01038542034475616
0.030565019745913517
0.011793089214394885
0.03415915494550091
0.021484260865956797
0.03489268575619156
0.03713839571550779
0.0347096359432641
0.021433983292997307
0.03366486398167897
0.013172886262576577
0.032126483445089934
0.011686075437364706
0.015679958165829233
0.012508779389676688
0.014573498117404065
0.01582602400083511
0.014521222122823817
0.013129576318165045
0.0116598171325083
0.010121138014665559
0.008523137976577425
0.006875761877448182
0.005189238702477407
0.003474018218222091
0.0017407063958130237
6.416551183087884E-15
0.0017373792535252841
0.0034607505683580753
0.0051595395614867715
0.006823342980650944
0.008441992249956074
0.010005615456472145
0.011504697401000697
0.012930137348570833
0.014273304129173308
0.01552608825591044
0.01790870290183375
0.02074965508359239
0.03172099914180925
0.0308166710258611
0.006230412111053831
0.024124060192207697
0.024776943620682085
0.026286075171633665
0.016712808948148136
0.004305385428371434
0.016883908361284124
0.02641329654464943
0.025200431242342412
0.022647167473138833
0.0040582990748743416
0.02812333644898609
0.029419798342387903
0.01854440091920111
0.016764083485974884
0.015249972865772588
0.013994328584079282
0.012654679837932493
0.011239413419891117
0.009757366466512384
0.008217771418265516
0.0066301986482151815
0.0050044971150014226
0.003350733407391455
0.0016791295566425122
8.192255888618107E-16
0.001676311916873273
0.003339497508486652
0.004979345999424078
0.0065858070681809565
0.008149052303018975
0.009659535194489555
0.01110804929968041
0.012485784224257768
0.01378437908291274
0.014995973114479673
0.016278214670416753
0.017841838072631296
0.011149183802271548
0.017642752822983856
0.03878796241602439
0.021283999270068236
0.023321508910691454
0.016763697372160165
0.02430831636177106
0.0403572646598098
0.024011990139808186
0.016403233826514717
0.02224058075562631
0.021549441945913263
0.0388062989990622
0.018556720374902642
0.014504905041885953
0.018169560105250195
0.015909468631123278
0.014762581844751483
0.013548571158451067
0.0122529509838849
0.010883816402482344
0.009449702303209417
0.007959530298467498
0.006422553345601064
0.004848298416961844
0.003246507573133607
0.001627077802792249
4.4873717512569E-15
0.0016247025454939118
0.0032370357671756183
0.0048270961718925405
0.006385131545150631
0.007901600640548389
0.009367231488447458
0.010773077968524506
0.01211057430154498
0.01337158712926077
0.014548464866402407
0.01672821439853157
0.017869894153744743
0.02510485450945161
0.016352687669474956
0.011627416259933762
0.021994048919362436
0.028200957238699396
0.027638103458855225
0.02264885658749149
3.1042203454515285E-4
0.02274090642664852
0.02759073484229864
0.02826670089801719
0.02312396265081042
0.013503212902152355
0.01547052496742793
0.025111699223376097
0.019399286599499018
0.017694228806416936
0.01435244019351135
0.013173533359922275
0.011915019650559397
0.010584747402746538
0.009190996056048464
0.007742424727155009
0.006248018519873613
0.004717032902417846
0.003158936495765769
0.001583352625871589
2.6747145856787888E-15
0.0015813671279482262
0.003151018935382834
0.0046993097840554564
0.006216737382101936
0.00769400099268818
0.009122058333467036
0.010492180819399398
0.011796006812015232
0.013025592550933905
0.014173460457965092
0.011712462943165386
0.015104619997963559
0.02421477101972083
0.021530769580664
0.03230224390695207
0.017856721802754664
0.01096136956525932
0.01289315127232931
0.016156219201320057
0.039819018903007916
0.016102242032432743
0.01304135214988497
0.010675552024269374
0.0168578454084332
0.03065739538932553
0.021752149957008523
0.023909825294171686
0.01350005541883774
0.01053999008192072
0.014010597974016529
0.012861044675943222
0.01163353573664053
0.010335712165394502
0.00897563904764718
0.007561755518891922
0.006102822496016584
0.0046078684891911244
0.003086133828992998
0.0015470136525550465
3.5064309187116772E-15
0.0015453766227213207
0.003079605855297652
0.004593255909147984
0.006077031449693771
0.007521830580312504
0.008918800579127856
0.010259392048029154
0.011535411143221899
0.012739069568688432
0.013863032028241087
0.01991620679064865
0.02384926845320127
0.018296141202923895
0.012332557955107137
0.021755950267983135
0.031544733306492906
0.02723392296559029
0.024252532390564307
0.022625765157926213
8.195712649680684E-4
0.022526439885523126
0.023963853468720694
0.027016953175868195
0.03187943192010232
0.02213048189929851
0.011474424265791544
0.015792307022691188
0.023811033206912587
0.0195710657982674
0.013730038049234715
0.0126046995812211
0.011402737382907903
0.010131620185261437
0.008799235330316879
0.007413839913158003
0.005984009696895175
0.00451858611597021
0.0030266216949531052
0.0015173242190176866
3.81736704777121E-15
0.001516003413002258
0.0030213547264757844
0.0045067962456065555
0.005963200715947206
0.007381627315087743
0.008753376451606322
0.010070043035634841
0.011323567895697297
0.012506287027604163
0.013610978375000462
0.013293128321019509
0.00888576795744902
0.02085087091299672
0.02551469971919483
0.01937018839735767
0.006539816422621509
0.016499773847582343
0.019477251813054375
0.0185657976519482
0.03577503060330428
0.018684987567013596
0.019831309542346662
0.017180566761812382
0.0059953953700963005
0.018428372232597245
0.02678193501903173
0.021557902981723037
0.009607189966597665
0.01554481502197914
0.013505294387047955
0.012399509771530664
0.01121813874339389
0.00996850937850378
0.00865836437033384
0.007295813132383731
0.005889281682091799
0.004447460615536428
0.0029792514937016833
0.0014937119704677422
1.8728949805710673E-15
0.0014926825330988207
0.00297514641471
0.004438271585382868
0.0058730631612069414
0.007270706647691
0.00862262200837849
0.009920516256842437
0.011156434250422186
0.012322807374817323
0.013412499822268045
0.013982213064020588
0.018726639559553396
0.011234932961838104
0.005242433292517664
0.019856995884301003
0.028552526057669197
0.02318441134975015
0.01752467747680731
0.016890206324083702
0.005155138217450242
0.0167588400542727
0.017195991744996714
0.022822712136116283
0.02764501986478157
0.019096951416684927
0.0041024091160692154
0.011458049608043358
0.016703263191870637
0.011325103973312597
0.013332175107203406
0.012241651830620308
0.011076303439818892
0.009843346313628073
0.008550408863448771
0.007205484406097937
0.005816881820237398
0.004393174290419972
0.0029431464544604443
0.0014757402795391211
1.0007385812729517E-14
0.001474983544644556
0.002940128829361982
0.004386419477512076
0.00580495966612866
0.007187028762767867
0.008524134858664881
0.009808066870151464
0.011030944889171957
0.012185268474427836
0.01326396258779937
0.021968475903299457
0.01648867458437448
0.025387514499558998
0.03222010289079721
0.019161519534731233
0.012580265089576685
0.02240631552401514
0.02346045689674385
0.022423945068105158
0.02900081175699041
0.0224749894069179
0.023456396818269432
0.022525392856893325
0.013475073214587173
0.019714958122755265
0.03219234793890309
0.025147673220270155
0.017924252199298014
0.022759934872087297
0.013207562550508345
0.012128285123693313
0.010974681112936997
0.009753882124999834
0.008473430582410643
0.007141233191078141
0.005765512186420581
0.004354754658464143
0.0029176602675259015
0.0014630876723670742
2.3155617450231174E-15
0.0014625903074033067
0.00291567692988785
0.004350315050565157
0.005757676340103253
0.007129103207221838
0.008456161982295152
0.009730694707843976
0.01094486921824165
0.012091227201862826
0.013162729950770584
0.006048286201456824
0.012182177199125524
0.00994550640422395
0.005011228147241342
0.01602516721995926
0.019456548062800717
0.01946601468004384
0.014451197658315823
0.016562357462329792
0.012231356163585014
0.01667950629346544
0.014565170184429951
0.019377235244714117
0.018893445290153663
0.016277996300989032
0.007205076176796944
0.010207200635514245
0.01297320801965245
0.008441726691146845
0.013129271780949543
0.012057423013994043
0.010911491925405756
0.009698550779605426
0.008426082790693947
0.007101936019153967
0.00573427503534645
0.004331530647309907
0.0029023480018535008
0.0014555333780391004
5.873769726514261E-15
0.0014552867977824006
0.002901364716136445
0.004329329608801195
0.005730390233521339
0.007095922300626612
0.008417521487005326
0.009687055090157591
0.010896712005367237
0.01203905071914758
0.013107045024557994
0.02045104204372635
0.01930378626176199
0.019334357919499164
0.02441309344515855
0.020651610788835994
0.017529825892746338
0.021136928252162086
0.0200360945125839
0.02175948938148191
0.02067713475877016
0.02166896786465219
0.019728281976884157
0.020899189315790746
0.01758865824834571
0.02024988625004548
0.021972130427687097
0.017530194889662648
0.01848213520476052
0.018376569804341058
0.013095955155912917
0.012027846164581309
0.010885648950798906
0.009676400843696897
0.008407551610459843
0.00708691762386126
0.005722633777813092
0.004323103446452043
0.0028969467941655875
0.0014529477539628904
