1.0
0.9989725854527277
0.9958941397184444
0.9907760398146879
0.9836371918337666
0.9745039478168505
0.9634099899352738
0.9503961825331796
0.86188922440319
0.8177826706500726
0.7810540586057901
0.7887795953859935
0.7577613902151155
0.7157429296084722
0.6911485058955616
0.6925074350993651
0.7021784794408409
0.6368657300989956
0.5886676942507906
0.5760964213839315
0.5814479496314412
0.5126008282830778
0.4621771290871031
0.4478286926402773
0.4509825757386845
0.38034237655936093
0.32001280802553783
0.2860824329213522
0.2724642676689317
0.24953104391576053
0.19045614324448978
0.17652927136201382
0.1685873812160044
0.20167312991975253
0.17008068053330858
0.13927376632762697
0.1093423593199546
0.08037172439209714
0.05244210162743599
0.025628413765296246
8.195427835206705E-18
0.024379622781927814
0.047452970371682314
0.0691687724034878
0.08948212364992583
0.10835460493099759
0.12575437327165534
0.1416562210946544
0.21889022760433138
0.2533586734135937
0.2792110720561122
0.26039253729442086
0.2793230381508938
0.3104985108225137
0.31520782850120427
0.2964562727022841
0.2623248415997135
0.29804348800061237
0.3175956681029165
0.30284378879966656
0.2659763181642557
0.2954509662922785
0.3021651312240902
0.27485311370993387
0.23253071603703612
0.2597771198486208
0.2699145519979613
0.25942835504007244
0.2194080539694946
0.19506518625130756
0.210422023337797
0.18575271521932757
0.15604786004057508
0.09130375337943734
0.07826434592780004
0.06509537670314805
0.05187566279556141
0.038682351000812215
0.025590567982649894
0.012673085182488325
1.499555318763947E-16
0.012361565328204554
0.024347745827528015
0.03589819564672862
0.04695632858088965
0.05746953627456626
0.06738938324713077
0.07667177800935161
0.07493988714715334
0.07456615117396867
0.06176972002829636
0.07599070634929961
0.06839167722478874
0.04796792714994864
0.05216585410491772
0.06331211606500929
0.09781334355333464
0.06781471025631355
0.047268719079306784
0.05023651390971718
0.08207045814501954
0.0482622440949236
0.044580379144759444
0.0639564046253585
0.09202302362519416
0.05745988053572749
0.04987022069388503
0.045987547673504645
0.0684079665103869
0.07409156039379892
0.05932052326457475
0.07196333410558857
0.07471252330183399
0.05913896231121357
0.05093822132600334
0.04256756538062835
0.03407978162745213
0.02552745768586249
0.016962687462070813
0.008436783880032255
5.000446927316034E-16
0.008298740059596202
0.016412099049190883
0.024294572090918322
0.03190271856496218
0.03919537927375564
0.04613387787015431
0.05268220563223777
0.0801327274789166
0.0866336601478467
0.09143288366301132
0.07322655199979833
0.08179001397728035
0.12541154416827818
0.12749223951494518
0.12930151019777117
0.09869354525853476
0.1263068276765634
0.15070747385469133
0.15827517147039433
0.13793491548413364
0.15630967789624156
0.1456456026737458
0.1187507721660642
0.08973672683215458
0.11741574105225369
0.10975944347408488
0.10507992882976845
0.05916297307785761
0.05755483001843915
0.06741261688506396
0.06282843796972692
0.05805604385384849
0.04384237336355498
0.03785067190997274
0.03170319158088189
0.025439031390899265
0.019097499119954873
0.012717877975441733
0.006339196069146689
6.400073743728858E-16
0.0062618662024625845
0.012409475561786176
0.018407024902624212
0.024220032755730633
0.029815527373656583
0.035162223877609054
0.04023068962729684
0.06693264259944548
0.05423177542210714
0.054467684416341956
0.08069745526316681
0.08963853901374236
0.06116405195580771
0.0642085065971284
0.05092044077684502
0.07945969231777461
0.061817535906979054
0.04296978672927089
0.021939536477701693
0.05059353347349712
0.021998574796119334
0.04410519429747409
0.06335731307958443
0.07988037446783239
0.051912372143698066
0.06819353144237006
0.06595091769685923
0.09331242369352255
0.08001498051826997
0.05280967672262805
0.04499261116865004
0.0595593966355053
0.03492661100534874
0.030194876749065905
0.02532521601994439
0.020348602879242818
0.015296350844885138
0.010199922616159676
0.005090740693765871
1.5620669333306673E-16
0.005041516417228631
0.010003617540091343
0.014856879372909425
0.019572813786122134
0.02412403027178589
0.028484389719772695
0.03262914937774855
0.025098560355377525
0.043783180634894066
0.04822245229743085
0.053799347895570455
0.010356569910575519
0.03143525388281424
0.03286447721704107
0.055969984634576316
0.03784784253937176
0.0559682804932934
0.06973854502133106
0.09589376523034983
0.09512671495324669
0.09463820014733904
0.06673776123081857
0.0536110399905537
0.03563392891513879
0.050295014196863254
0.023840200703505846
0.02100746183864374
0.00810728030608722
0.05323878308756504
0.049991770608703794
0.04804383628684574
0.02264874693365196
0.02910609616760765
0.02518591587948927
0.021143214447611348
0.01700365428408364
0.012793277347068047
0.008538345181072554
0.004265178890456087
1.2298712938644134E-15
0.0042312268559536815
0.008402948491870893
0.012490174076165235
0.016468621510454345
0.02031485844354619
0.02400643711855156
0.027522022293952064
0.0373056598025161
0.021091411463846594
0.03954894735536895
0.059673413566630126
0.08915127479718139
0.07983436413958207
0.08182986704689334
0.05807043654517645
0.0818188862060139
0.08089648325378915
0.0666836754525297
0.033314105525273925
0.051527069394077134
0.03371442489771534
0.0675970841496627
0.0816578633771667
0.08126184646139406
0.05815199221014916
0.08160736582790572
0.07967975226396262
0.08461915459541944
0.0514282402771013
0.03294117862340366
0.013440746827637734
0.02768647951677985
0.025021011314591942
0.021665227760587717
0.018199480544475413
0.01464571546934186
0.011026264246838828
0.007363706582082908
0.0036807316787409203
0.0
0.0036559938856946953
0.007265056556971435
0.010805428289309478
0.014255912122851527
0.017595998694535566
0.02080598611094307
0.023867094172388876
0.031406622372504654
0.05182048564809379
0.042640412726212884
0.03507844384689731
0.009022323896348761
0.013802187335067228
0.014283885686190637
0.031805113251144684
0.03526781962350574
0.047762641312452336
0.029869841448258758
0.054935576115662216
0.06834868587343026
0.05416305128535045
0.028894657432235956
0.04781815495630138
0.035568256021082434
0.031220496719584136
0.016390670713276656
0.016229606834573498
0.013020269068145853
0.02795124448657056
0.03617869422052958
0.047969033531073804
0.033906913863738605
0.022006789021947176
0.01906471839956581
0.016022861053655666
0.012900431665654478
0.009717023953107015
0.006492489323496129
0.0032468146625350574
4.785497011634188E-16
0.003228063207313366
0.0064177124435888175
0.009549632433255132
0.01260497066822352
0.01556544948029003
0.018413474000506042
0.02113223537558328
0.015946799684191888
0.010004337565341442
0.027720071928220374
0.041242744613185056
0.06564192481177965
0.06323761804489243
0.0642806968447934
0.0501792027691255
0.06641939204094298
0.07833869335652037
0.07358933276807159
0.04793675935141176
0.05262175782003126
0.0482165027690301
0.0732704014236908
0.07712018181707063
0.0638292658367474
0.0480008435924641
0.05902004165421739
0.05717364837409461
0.06166624411608856
0.04316662124168088
0.032220981254858914
0.014798570532202024
0.01830754551384123
0.019700210362086492
0.01707317065595326
0.01435464711438716
0.011561772961431158
0.008712048594936524
0.005823233049990778
0.0029132344336053697
1.4862260243494199E-16
0.0028985934652987246
0.005764848289298804
0.008581352929304996
0.011331086723560374
0.01399752175035996
0.016564721191944375
0.019017433623292043
0.031960552549789925
0.02925996986035733
0.01577959386933582
0.010032346402074628
0.02496262565133506
0.026706923112062058
0.027969922691460713
0.02932624823318505
0.03236453447449677
0.040164549165824945
0.01626168007724779
0.03361350519177575
0.047572228273956164
0.033300979815702444
0.015625412563058307
0.03888330467240527
0.031640676250874154
0.029149405388149526
0.030659145740610613
0.029764180922316162
0.025481463319032675
0.00878265983007633
0.01081784494726981
0.02265298713019091
0.02823757983090145
0.017886055366205064
0.015505857279757857
0.01304101371229874
0.01050702679199415
0.007919752519503232
0.005295302366408909
0.002649943750819622
1.954122010938256E-15
0.0026382495895489098
0.005248668987355298
0.007815363359242607
0.010322775102729595
0.012755777411734661
0.015099764812139087
0.017340740130546525
0.025985130728636674
0.023954772063145682
0.03959514563756037
0.041704300446324886
0.04500046636021882
0.025368398044556154
0.026017066415551238
0.03178200109490482
0.03855085307330847
0.056757057756330685
0.0578860443184689
0.05361512048311518
0.050360162979935175
0.05360178897382807
0.056751500359625826
0.055086877856027075
0.03615641389384683
0.030094850663032226
0.020713262710757557
0.01922776650543502
0.040181645990903514
0.03788161006315775
0.0375826114178147
0.02492399045854382
0.027181933509661988
0.016428752422940614
0.014246258644901854
0.011984803983149368
0.009658584444418838
0.007282136745880041
0.004870248084483231
0.0024378647295408163
1.147966085067651E-15
0.0024283578107864843
0.004832337001507626
0.007197272964720335
0.00950879707671012
0.011752923439939642
0.013916132957619018
0.01598545423832341
0.01645978037815389
0.02163074745793397
0.00967557427472998
0.027153021960126037
0.023657786676876753
0.04364168672273477
0.04493715162435592
0.029445310449360104
0.028204556821103198
0.021113655614459603
0.012861301721862926
0.024893519383864592
0.030672399501677425
0.024718263800017442
0.01357787698655899
0.01988647113874902
0.02825857733732171
0.029573922609250132
0.046377711557912864
0.04534536944328292
0.02417089131652014
0.034082006349696575
0.013658784707600603
0.024458960892808655
0.012329118940370597
0.01523871030511128
0.013217291849713245
0.011121676278226309
0.008964995797925557
0.006760710998607576
0.004522527309870984
0.002264310251769093
2.2334054866647964E-15
0.0022564742107744314
0.00449127932258771
0.00669076280997617
0.008841535644204873
0.01093055336436597
0.012945194766961567
0.014873337741863031
0.023798861458199073
0.02007644645631046
0.022104056271532332
0.02275649197996135
0.022331044116869585
0.002490486512061405
0.003288702293066512
0.02686948085121016
0.026795215167909416
0.041422697158059574
0.03615705343339283
0.04764065740739908
0.0450087175720358
0.047369441420560605
0.0353054032576405
0.04090209006962141
0.026937257059571586
0.02710339007057931
0.004200867172888757
0.0039275093912732265
0.019281211191032543
0.019572965547200047
0.016955656932843524
0.01634636933347994
0.020251913136723143
0.01425440294558754
0.012365975136845743
0.010407368373055113
0.008390836793721332
0.006328951709570328
0.0042345236008718215
0.0021205228934412777
5.59890004637912E-16
0.0021139948823761133
0.004208491728065146
0.00627067990419958
0.008287986175755808
0.010248151021477546
0.012139302799508311
0.013950029315995444
0.013834839050140822
0.025559135584175146
0.024923079855666917
0.047860837381875077
0.02835131639208405
0.043568936638611964
0.04442571099512398
0.027865294692802595
0.028286047707992167
0.012430041742660488
0.028696961504114667
0.01851634355141394
0.018518518518513032
0.018407949266396828
0.02927842780135267
0.012321807671102256
0.027972588067764315
0.027131032054062598
0.042417389882646525
0.04125095795475937
0.028489610780154242
0.04746592010994625
0.02650053301285227
0.022975668898812092
0.016907632951024577
0.013432231125048039
0.011654737426118344
0.009810470346246223
0.00791095171135034
0.0059680105105334325
0.003993709529247049
0.002000270752827622
1.0791605845271265E-15
0.001994788750869923
0.003971848879048015
0.0059190760209386125
0.007824581895460515
0.009676766606716207
0.011464388985834705
0.013176634547164988
0.01106034267653166
0.01296471132185319
0.015223863805537712
0.007942327153994504
0.01696335991130452
0.010380409807158696
0.011235869376013063
0.02647914734525835
0.028407872714652605
0.0361164307700356
0.025202114045604247
0.03457866025130295
0.03733859119706686
0.03423321052273497
0.024882702817216308
0.03561064360167323
0.028238658693755504
0.025910254009672354
0.012895165367855935
0.01223966689920373
0.018570766405942768
0.003102721402207097
0.01656157618955753
0.01623602987186864
0.009499444234011988
0.012740489276208264
0.011056240820029947
0.0093081140127918
0.00750701513516036
0.005664148820684635
0.0037909485941306355
0.001899006177586989
2.039416460504756E-15
0.0018943766504749345
0.0037724873907038817
0.005622823984445375
0.007434076627064633
0.009195202845302912
0.01089549459368644
0.012524643141231947
0.020951968835990327
0.011803139250425936
0.022020902107456948
0.03308045516337378
0.02323379911158401
0.025733471843573538
0.02637733264562583
0.021430272026523672
0.02267256886480635
0.014098059885509944
0.032580446809599525
0.019243486018507092
0.015163674853911333
0.019387005589299143
0.0323557305987746
0.014593728363790555
0.02207567514570441
0.021077549070705134
0.02343668357227646
0.022316323264914745
0.020714098304791293
0.02704944786032314
0.018802098818010916
0.008035357058744558
0.020639981675380826
0.01215562186499717
0.010550164881390201
0.008883293100557991
0.00716539254876224
0.005407139946449951
0.003619436553898581
0.001813340784369925
2.6018448461663462E-15
0.0018094180900283486
0.003603794008246419
0.005372124644468573
0.007103590532063783
0.008787621854595262
0.01041396278139763
0.011972733741572943
0.014456589449187781
0.023904970079711152
0.016493995143074338
0.015027328529799936
0.024666109240077415
0.022482316461509406
0.023485459781932515
0.020643255472034473
0.024123473174057778
0.02671871320304504
0.019957763343628972
0.02294619156053399
0.02829921957042407
0.02273935680612602
0.019817231598948964
0.025868733834889086
0.023560487480553612
0.01996829450782303
0.024981792565920865
0.024236271849307066
0.02497380385573772
0.01915945159139894
0.01568507552437397
0.024399125534275267
0.016933524932733767
0.01165981713251375
0.010121138014662802
0.008523137976577265
0.0068757618774443405
0.005189238702478551
0.0034740182182245133
0.0017407063958160684
2.895969871650439E-15
0.0017373792535283958
0.0034607505683595077
0.005159539561488764
0.006823342980657897
0.008441992249953493
0.010005615456471259
0.01150469740100127
0.015590023840095115
0.009542196566949483
0.017722675294416266
0.010536238965905241
0.010985278784192642
0.010806876436145134
0.011547988535274662
0.024017725938795604
0.020123324506413808
0.023882247932239517
0.02380758622414749
0.025859426978782213
0.01986948514399265
0.025998908385627836
0.023289700296238516
0.024655967132623725
0.02019717162478042
0.024735390201527235
0.01055086474464267
0.009653082772767404
0.01241909113822049
0.008060828503745922
0.020188205867869048
0.01159021382177332
0.012349469915257155
0.011239413419890135
0.009757366466510797
0.00821777141826575
0.00663019864820953
0.00500449711499447
0.0033507334073894193
0.0016791295566421416
5.595019837056945E-15
0.0016763119168777044
0.003339497508486503
0.004979345999421326
0.006585807068181727
0.008149052303009491
0.009659535194490143
0.011108049299678948
0.018870744333517323
0.018858881358617182
0.012509774025529505
0.026029855843225164
0.023010530511292638
0.02743949016688494
0.028234108240528837
0.016463533607245017
0.01979691951927706
0.01594480531903133
0.02266529505775042
0.01766586892874008
0.019212932685913245
0.01758229683943288
0.023045097641820937
0.015241089724804433
0.019615487299234097
0.01602903528033223
0.02790430545475091
0.027064330129523174
0.02282468366205845
0.02653164632974606
0.010893637108600425
0.015619714091862724
0.017808624408453624
0.010883816402480173
0.00944970230320879
0.00795953029846822
0.006422553345597652
0.004848298416953109
0.003246507573136022
0.0016270778027877545
1.5590741075078304E-15
0.0016247025454952466
0.003237035767177771
0.00482709617189169
0.006385131545147837
0.007901600640545252
0.009367231488448093
0.010773077968526744
0.00816241948958931
0.013572199616058453
0.022616011476958364
0.004648711486115443
0.029368769699265593
0.009481567056807052
0.01031092498920814
0.026307081275484326
0.01934071192813673
0.030213504694996535
0.017062593020448616
0.028538952438936973
0.025577804686740792
0.02852649521929639
0.016934206551102674
0.030254072832615053
0.018921225039996555
0.025861980332520542
0.011009141711788984
0.010311118494154864
0.03247928102643429
0.0043102959438477625
0.020743182000352602
0.013025473397866564
0.009863511290568864
0.01058474740273752
0.009190996056049134
0.007742424727158567
0.006248018519872917
0.004717032902421954
0.0031589364957621837
0.001583352625865795
7.967610992605873E-15
0.0015813671279512399
0.003151018935385572
0.0046993097840600994
0.006216737382101899
0.0076940009926892376
0.009122058333465882
0.010492180819403509
0.012029432107253811
0.014803528080682778
0.010730941213297693
0.027419888984381306
0.02098063342018336
0.022755421282922107
0.023436209509037725
0.014509369745333534
0.02169851163371727
0.009854396830578102
0.029032321876373546
0.01434711773506856
0.012798897918248498
0.014268301845376589
0.029167068253777118
0.009915142738162984
0.02237992979106153
0.014865531321123879
0.022524303584101686
0.02170340510242451
0.01884372345978899
0.027240065671136463
0.013870938533420295
0.017479820534735298
0.009231368212526004
0.010335712165392138
0.008975639047641808
0.007561755518895099
0.006102822496015873
0.0046078684891913855
0.0030861338289896127
0.001547013652558387
4.521374503658682E-16
0.0015453766227172437
0.0030796058552980937
0.004593255909145837
0.006077031449698067
0.007521830580310227
0.008918800579134849
0.01025939204803319
0.015435205309824004
0.00899633015669285
0.010400804674107178
0.003775508859244187
0.030329006925498177
0.015174587228175093
0.01594166863241081
0.019096109689820465
0.01300878807995167
0.026129092804626514
0.014178132709239129
0.026099772768968275
0.029384334909393562
0.02601661561699338
0.01393975946799371
0.025520389748525028
0.012297509500960174
0.017866314056941623
0.016605692074038735
0.015952143577909254
0.02611405887662848
0.006493395690062163
0.007182943732581943
0.006769788700491932
0.016755875433467394
0.010131620185261982
0.008799235330314781
0.007413839913162022
0.00598400969688769
0.00451858611597378
0.0030266216949518332
0.0015173242190155785
3.744364686715902E-15
0.0015160034130038324
0.003021354726470748
0.004506796245602805
0.005963200715942099
0.007381627315088542
0.008753376451607685
0.010070043035628199
0.008944534369417896
0.021721160318124207
0.022179039452481696
0.02265697713062847
0.014195884776724487
0.017420702917190733
0.018071613105763006
0.021448823193668795
0.029927750579912597
0.01642773690831229
0.02775791430595529
0.013841807948913926
0.013556496436462385
0.013931456911199935
0.0275532309423296
0.0171033390786263
0.030632884449336657
0.022523024608327724
0.01742514714958062
0.01666574916802403
0.018880110754090944
0.020553577186739433
0.022718016557088307
0.02098828875264903
0.011391528457173384
0.009968509378500965
0.00865836437033925
0.007295813132379536
0.005889281682097457
0.00444746061553733
0.0029792514937087068
0.0014937119704676346
4.447892891372872E-15
0.0014926825331002679
0.0029751464147099167
0.004438271585380201
0.005873063161210648
0.007270706647691883
0.008622622008379087
0.009920516256839833
0.01586991170703611
0.005235863567365043
0.006818297689756129
0.021615498446881303
0.004253217762331523
0.017227594577515038
0.017944543610037212
0.010613865578916679
0.00742387221849408
0.017537395053222344
0.011598554946310131
0.02426092947971024
0.030552811446266828
0.024270655942098047
0.011832007446239972
0.016986406767045513
0.007023321811142302
0.009961773772167521
0.017908799799265903
0.01718352768564965
0.003657769332251993
0.025544345642624693
0.008553722636646902
0.0080087211184192
0.013926487402301495
0.00984334631362302
0.008550408863443023
0.007205484406094911
0.005816881820234374
0.004393174290415858
0.0029431464544536316
0.001475740279535321
7.0950182234297726E-15
0.0014749835446409803
0.0029401288293597217
0.004386419477510396
0.005804959666127189
0.007187028762765442
0.008524134858659832
0.009808066870157115
0.016011508369102173
0.01393699778295842
0.016846506789110365
0.01375007102706677
0.037658188952774424
0.014927275643293743
0.015651992089932454
0.02638706245618037
0.032125908269681265
0.022485127141301593
0.025310971139165552
0.020075308990812956
0.01922711763028357
0.020255199575919328
0.025344608657058506
0.022587354921655572
0.0316414238065937
0.026226812459462425
0.015842305749699626
0.015161235795205263
0.03916731979887777
0.01142893788471841
0.01398312896626615
0.011084622657392832
0.01658450889927461
0.009753882124999788
0.008473430582407186
0.007141233191081218
0.005765512186420466
0.004354754658465355
0.0029176602675293913
0.00146308767236319
5.8462327903603294E-15
0.0014625903074073205
0.002915676929888954
0.004350315050561032
0.00575767634009794
0.007129103207224379
0.008456161982298918
0.009730694707838924
0.008143683624900483
0.014977226738001642
0.014410824136219911
0.029320555928313872
0.008227604011086916
0.017657383758133985
0.018352275513219996
0.009881793577863241
0.007314333117587706
0.01417297931890501
0.02084616766966442
0.025901295388735708
0.028995740362218046
0.0259442557219548
0.021331050430683656
0.014341315531304931
0.008221698935519458
0.010638824711770871
0.018569845053940635
0.01792884539362014
0.006805160307509367
0.02695228873099017
0.015895720489438638
0.016261404478886958
0.007226665088105471
0.009698550779604718
0.008426082790694223
0.007101936019155353
0.005734275035346372
0.00433153064731781
0.0029023480018516607
0.0014555333780360575
4.5681343540520364E-15
0.0014552867977735584
0.0029013647161505317
0.004329329608806543
0.005730390233514711
0.007095922300629433
0.008417521486999736
0.009687055090149494
0.014091261984819973
0.01226646606416714
0.013731150359607414
0.006261019074505663
0.028018815998163724
0.017690454757938238
0.018346343234709763
0.020408132132956825
0.022072432893503562
0.019821494794653276
0.026513984154375045
0.025553712230977653
0.02498487556771615
0.02562738533621534
0.026474785774631505
0.019364019038515007
0.020610944455919954
0.019115792266593976
0.01867624769513092
0.018081706778714176
0.022180959468637768
0.010856368629260446
0.01539214505934481
0.014438850052622833
0.011742900426175444
0.009676400843693447
0.00840755161046145
0.007086917623867681
0.005722633777812561
0.004323103446452134
0.0028969467941645072
0.0014529477539653925
