1.0
0.9989725854527265
0.9958941397184445
0.9907760398146876
0.9836371918337665
0.9745039478168502
0.9634099899352747
0.9503961825331803
0.935510392739224
0.918807280505068
0.872605387126332
0.8524649479725791
0.8306751466854851
0.7981344126318518
0.7192090893457013
0.67550415953893
0.6216889849631082
0.6292438303288325
0.5915771623669125
0.49229544709538303
0.4457640991192726
0.43094897453467884
0.46652432204257044
0.4415686181253016
0.37430501301254787
0.3662401733656116
0.34887838905563034
0.36528865780579217
0.34029318194754093
0.3064834058777854
0.27275439428334197
0.26683328132118717
0.2339567767589825
0.2016731299197526
0.17008068053330938
0.13927376632762753
0.10934235931995459
0.08037172439209707
0.052442101627436954
0.02562841376529723
3.464285599104252E-16
0.024379622781927422
0.04745297037168241
0.06916877240348779
0.08948212364992522
0.1083546049309976
0.12575437327165528
0.14165622109465414
0.15604160438810713
0.1688986399392123
0.2072365205389518
0.21699300815882586
0.22577695920223514
0.24152511846748603
0.286022293971548
0.301288278566818
0.322202149468212
0.2944220531706915
0.2968325751931122
0.3458651834781408
0.3497197726440631
0.335624829454465
0.2793268637401722
0.2692383222596204
0.28667236650790123
0.2603170243959743
0.24059418032765323
0.1984523084145306
0.17903164085716453
0.1669228437788842
0.15518514965719232
0.11667245240793693
0.10413347464621622
0.09130375337943773
0.07826434592780014
0.06509537670314745
0.05187566279556151
0.038682351000812513
0.025590567982649425
0.012673085182488882
6.874653323579991E-16
0.012361565328206276
0.024347745827529486
0.03589819564672814
0.0469563285808899
0.05746953627456662
0.06738938324713195
0.0766717780093541
0.08527711967004895
0.09317041956355232
0.0759548469385977
0.08235384911552418
0.085499613864302
0.08172551414270332
0.08636858561415285
0.09181177486354591
0.08747445783203184
0.08211248850552814
0.08267494480939368
0.12614332737788825
0.13579057014428153
0.12569971927835616
0.07921474325822403
0.07753480002667358
0.0840500469624491
0.0883176733282128
0.08193454724556179
0.06703870038211923
0.06935734983347291
0.06646984042001663
0.05969221802266119
0.07482035430154828
0.0671171012123834
0.05913896231121369
0.05093822132600395
0.04256756538062807
0.03407978162745228
0.025527457685862866
0.01696268746207126
0.008436783880033352
6.424152373973134E-16
0.008298740059596698
0.01641209904919233
0.024294572090917663
0.03190271856496235
0.039195379273756055
0.046133877870154216
0.052682205632238466
0.058807188768006564
0.06447863753738964
0.09308639421131067
0.09765479701844652
0.10458264792627528
0.11579639508522528
0.10391957520396558
0.10420508006742707
0.11253198094972802
0.12640470445333987
0.13351792381411376
0.08535005435488077
0.0706362829768984
0.08172231985335453
0.13209169730597134
0.12334470450692149
0.10369906068348744
0.09164019500927627
0.08909342868727284
0.10735193816792554
0.09578803036459868
0.08766934264449301
0.08269489908373091
0.05520449656085579
0.049639640524935545
0.043842373363555245
0.037850671909973106
0.031703191580882355
0.02543903139089999
0.019097499119955806
0.012717877975441032
0.006339196069147281
2.417073273566846E-16
0.006261866202463629
0.01240947556178587
0.018407024902623782
0.024220032755730408
0.029815527373656118
0.0351622238776095
0.0402306896272981
0.04499349698177996
0.04942536269936617
0.03872229085337657
0.04218201154561061
0.036355929215970494
0.03199567005717466
0.06898182216297911
0.06782551358416752
0.054665560620342175
0.04256107194875927
0.02982453593304802
0.09136595622144933
0.10408075843190781
0.090378510935543
0.027789987938170658
0.04068118912087279
0.05187195888783923
0.06471709070605838
0.06688861566217878
0.028249892716483496
0.032057896463693
0.03942764116862262
0.036150766040737796
0.04385524009181741
0.039489974235266616
0.03492661100534949
0.03019487674906579
0.025325216019945272
0.020348602879240667
0.015296350844884407
0.010199922616159611
0.005090740693765333
3.7437782140411332E-16
0.005041516417228724
0.010003617540091153
0.014856879372914085
0.01957281378612337
0.024124030271788353
0.028484389719774288
0.032629149377751784
0.03653509821676601
0.04018068198682634
0.0615483580034952
0.0643803524494692
0.07296009106040109
0.08050937540865767
0.05078806393165106
0.06471848531123482
0.0905900863639502
0.1189671959894069
0.11905559477444969
0.09084968421933862
0.08631080467787008
0.09198538056300723
0.1170148113762901
0.11798109559831152
0.09086650883339016
0.06585665903087798
0.05134777239153917
0.07637641256718897
0.06900825992500503
0.05943367038492451
0.05635513413093341
0.03647909300014251
0.032878631378332884
0.029106096167607388
0.02518591587948835
0.02114321444761169
0.017003654284083496
0.01279327734706871
0.008538345181072651
0.00426517889045756
6.183143467967004E-16
0.0042312268559541785
0.008402948491873173
0.012490174076163518
0.016468621510453356
0.020314858443546243
0.024006437118552083
0.02752202229395087
0.03084151152596981
0.033946147150059655
0.03322186571144822
0.035419929548732604
0.02192489660822229
0.018279558725622893
0.05233770668221827
0.041555378965986205
0.028282842359141608
0.011720195654778111
0.014509930825568063
0.04868255230128723
0.056780631660450456
0.04745379216026636
0.01706270872421402
0.008465949757564204
0.026006369404850852
0.03827057605264948
0.04912103705931386
0.017250250878160955
0.02053173538519717
0.03500664859183359
0.032941178623406384
0.03131765050089895
0.02824540780962768
0.0250210113145927
0.021665227760588983
0.018199480544474816
0.014645715469342275
0.011026264246839343
0.007363706582084478
0.003680731678741666
1.4927254933432066E-15
0.0036559938856958163
0.007265056556972053
0.010805428289309603
0.014255912122852613
0.017595998694535642
0.020805986110943385
0.023867094172387845
0.026761572296946284
0.02947280053486904
0.04362655939457803
0.04557202132251175
0.05663666105440253
0.06039665275268949
0.056426983959529914
0.06102339037990842
0.06867625414429987
0.07610949873170424
0.04931418167942636
0.0858060556511868
0.0549001475590185
0.08461457890570483
0.04551475251232475
0.07099972700961264
0.06422140506067604
0.05782644086224537
0.05540287361771918
0.05751240432695938
0.054120664773975986
0.04219127103104061
0.04004043372693492
0.027517322639367618
0.024830357014185414
0.02200678902194906
0.019064718399568057
0.016022861053656308
0.012900431665655396
0.00971702395310806
0.00649248932349502
0.003246814662536401
1.3659443098295527E-15
0.003228063207312831
0.006417712443589636
0.009549632433254377
0.01260497066822398
0.015565449480292076
0.018413474000504276
0.02113223537558327
0.023705808643463
0.026119244705548956
0.03243898977134503
0.03414799491392376
0.01736694741646264
0.015346105314599233
0.031242292790812164
0.03025560927080214
0.03280111095992989
0.034454239639993826
0.056207053129037454
0.023923874899280332
0.06872672891351805
0.024632030172025917
0.05716319334913579
0.03733268184851361
0.03532776183758624
0.03208694138798565
0.029504879504531296
0.015394875475639095
0.01696292913047081
0.03388760027759501
0.03221369999923093
0.024613779935096176
0.022219107024004075
0.019700210362089764
0.017073170655953353
0.014354647114389335
0.011561772961431602
0.008712048594937231
0.005823233049989967
0.0029132344336078603
1.3432628087077432E-15
0.00289859346529894
0.005764848289297513
0.008581352929305914
0.011331086723561583
0.013997521750361192
0.016564721191943126
0.019017433623295433
0.021341182673570137
0.023522351538326727
0.030630440277911994
0.032059982505909766
0.045428573125537164
0.04539293035004142
0.038971430871955315
0.030179034897064107
0.038220658348978524
0.02475016236797332
0.0420738457268785
0.04047749507669999
0.04656712869161861
0.040091503991140254
0.04348953731322671
0.02500985952684171
0.03829682900460259
0.027505905889567344
0.03520126078609146
0.04307496877816561
0.043511958666933956
0.029495694553738083
0.02787766510337466
0.022332853656680706
0.020166556388837506
0.01788605536620418
0.015505857279757727
0.013041013712292484
0.010507026791995699
0.007919752519503068
0.0052953023664078815
0.0026499437508211024
1.489411486733632E-15
0.0026382495895469855
0.005248668987356858
0.007815363359242706
0.01032277510272877
0.01275577741173544
0.01509976481213878
0.01734074013054806
0.0194653973824247
0.021461200092846345
0.031067924028289125
0.03256865159011283
0.016115977370363042
0.016903633892474793
0.03342456226721157
0.045186969742978415
0.043788470041626205
0.05131420186118635
0.047042600445022106
0.04366746413620239
0.08055575697487327
0.043563413576899204
0.045450594908404675
0.050575497175571776
0.042733469222470365
0.045656783171734966
0.034925630210756724
0.01741165969858733
0.016025451278435143
0.032036455319897066
0.03050816562184265
0.020502305557443493
0.018518518518519395
0.016428752422941673
0.014246258644902324
0.011984803983148056
0.009658584444421584
0.0072821367458866335
0.00487024808448268
0.0024378647295424135
1.0833170987056729E-15
0.002428357810789662
0.004832337001508932
0.007197272964717535
0.009508797076710361
0.011752923439939323
0.013916132957618559
0.015985454238326677
0.017948540849475846
0.019793744462759853
0.02070769056818131
0.0218873418028589
0.03656566378667518
0.033123224874227884
0.021017988229503296
0.028585989718359642
0.04009290776248616
0.03731560185652315
0.04130432407927461
0.04372694768068106
0.05314524724145929
0.04367310359575898
0.039942006883397156
0.03709216088333349
0.03902988200477938
0.02954549234760716
0.020796999701466708
0.03120851661462026
0.03498106592555467
0.02005751263236025
0.01870770558367367
0.01900855764427092
0.017173209640042434
0.015238710305110004
0.013217291849718133
0.011121676278227476
0.008964995797928848
0.006760710998606368
0.00452252730987312
0.0022643102517710075
2.9584139977577358E-15
0.002256474210774496
0.004491279322590697
0.006690762809975117
0.008841535644205482
0.010930553364364774
0.012945194766961201
0.014873337741864459
0.016703431801369364
0.0184245668708025
0.028297086705841648
0.029668076982269934
0.015924607342567627
0.020222380909376426
0.03541862230951872
0.036636670547605325
0.028574315748474632
0.03220650823551611
0.03360675342036694
0.02390207132949538
0.041209916561112274
0.023514584502551818
0.034400180005959825
0.03136621697811787
0.02831354788875295
0.03431830300422296
0.033754663930648854
0.02085600086288287
0.015947425837290443
0.028833704167031092
0.027395228635616515
0.01777374660517357
0.01606079112866164
0.014254402945591868
0.012365975136842807
0.010407368373059384
0.00839083679372178
0.006328951709569624
0.004234523600869649
0.002120522893442825
1.8155086154149413E-15
0.002113994882377737
0.004208491728061379
0.006270679904200189
0.008287986175754365
0.01024815102147985
0.012139302799509494
0.013950029316001747
0.015669446367280883
0.017287262845733987
0.01415630365104843
0.015337350210203734
0.029166608775393874
0.023099403271446817
0.026206298754679686
0.028138569809327104
0.02056681656731482
0.020889762050029164
0.01830439951399292
0.026450623557099394
0.018518518518514274
0.0257652555987471
0.018314435126869373
0.019158747313263846
0.018467715024285566
0.02683366944807893
0.02728366606384253
0.02157822455648241
0.02784032982876572
0.01449562037888434
0.01321178097968739
0.016742774869489527
0.015131808464328067
0.013432231125054294
0.011654737426119294
0.009810470346247177
0.007910951711350528
0.005968010510537689
0.00399370952925027
0.002000270752828442
1.1407164197071515E-15
0.0019947887508700367
0.003971848879049035
0.005919076020937408
0.007824581895461256
0.009676766606714949
0.011464388985830886
0.013176634547166501
0.014803180649463942
0.016334258471107758
0.02427641694477023
0.025533866972479786
0.01617994844518974
0.023717850155898945
0.018233550571969504
0.026136798462080186
0.03703795788849748
0.03860368000495086
0.04022368531456383
0.03724022304951347
0.04749399943008664
0.037716834090095776
0.03961980740056193
0.0393163243180286
0.037514086311601115
0.026742435607326323
0.015529465597640726
0.024265200501668926
0.016268644779129215
0.024473834139186693
0.02312384661965286
0.015875622498043616
0.01435031925391983
0.012740489276207249
0.011056240820027157
0.009308114012788107
0.007507015135161622
0.005664148820684586
0.003790948594129482
0.0018990061775889806
2.863809491381313E-15
0.001894376650478845
0.0037724873907049134
0.0056228239844452604
0.0074340766270632715
0.00919520284530819
0.010895494593688331
0.01252464314122713
0.01407280135656379
0.015530643016465822
0.012265229480031586
0.013518739812835103
0.023068226568272916
0.015390071094293033
0.03059910721807005
0.015882481057369488
0.015399306280750293
0.011153236560468517
0.02556753629828317
0.005153039144959716
0.025495204565144227
0.00526632844068486
0.025699933753162735
0.011758296529481667
0.01632148625260485
0.01503228305973195
0.030546939447144338
0.014292150906296246
0.022018582655332023
0.013714231298986579
0.012496445717252532
0.015142585844552048
0.013689633232424323
0.012155621864995313
0.010550164881392331
0.008883293100558843
0.007165392548760924
0.005407139946452315
0.0036194365538995067
0.001813340784372342
3.930969210547885E-15
0.0018094180900254412
0.003603794008243876
0.005372124644473527
0.00710359053206284
0.008787621854595157
0.010413962781396046
0.011972733741577176
0.013454491259361372
0.01485028498961999
0.019454545726577697
0.020606471533855697
0.016718621650932977
0.026372121658748384
0.013817230581283533
0.03117955795043043
0.028930564201466856
0.03611672200828927
0.02248581187714212
0.0395896595943506
0.026940096108329398
0.039250388175094436
0.021974648401887585
0.03512307184436439
0.027124848420068792
0.030969016137300166
0.01494325909473344
0.026698874706474883
0.01684942762860394
0.01945466204315663
0.01819827124252112
0.014521222122818379
0.0131295763181627
0.011659817132507922
0.010121138014665604
0.008523137976575352
0.006875761877446803
0.005189238702478399
0.003474018218225099
0.0017407063958181511
1.0255651279367151E-14
0.0017373792535264228
0.0034607505683630965
0.005159539561486404
0.006823342980651736
0.008441992249955179
0.010005615456473582
0.011504697400995278
0.01293013734856882
0.014273304129171618
0.014106592660979222
0.015308807058779078
0.0184797292442801
0.010161468634783467
0.026761281801210988
0.021489471167333456
0.02117540100846777
0.017688295106368202
0.02240846017914063
0.01696517998986625
0.04012420320389727
0.017155629722329015
0.02212908830523778
0.017841532888693737
0.02105109740391421
0.023155480138662303
0.02586054227234829
0.009508928977063034
0.01777604260422491
0.015896528844998453
0.014780071264760745
0.013994328584078827
0.012654679837934729
0.011239413419894253
0.00975736646650867
0.008217771418262921
0.006630198648208985
0.005004497114997877
0.0033507334073915387
0.0016791295566417775
2.609797274844321E-15
0.0016763119168714312
0.003339497508490342
0.004979345999420452
0.006585807068177207
0.008149052303014244
0.00965953519449157
0.01110804929968231
0.012485784224259128
0.013784379082910192
0.014533898077545699
0.01560552142923638
0.017404858856831015
0.02757296220735041
0.015703322124454567
0.02311987976317247
0.02134278074993914
0.025365264734694092
0.02091364298492711
0.02448714893852624
0.007006808138023241
0.024284582867288632
0.02077937511314374
0.02503389911883841
0.02210932643307378
0.021528407276795843
0.014662455268699253
0.02760930757357402
0.017543817410208478
0.014580512326523824
0.013412890953328921
0.013548571158450018
0.012252950983884504
0.010883816402481834
0.00944970230321062
0.007959530298475152
0.006422553345597356
0.004848298416958981
0.003246507573137843
0.0016270778027913017
5.012880885388908E-15
0.0016247025454933684
0.0032370357671758715
0.004827096171894017
0.006385131545153967
0.007901600640546926
0.009367231488447297
0.010773077968523058
0.012110574301542972
0.013371587129264818
0.016729211947817377
0.017853953206010385
0.01575921430556472
0.007477135471630681
0.026011350660278293
0.029352523459906552
0.014305769390682602
0.018762701196141318
0.02186964543809294
0.018178382209514152
0.029410689142717012
0.018098452998545317
0.022027951467897704
0.0191316487826109
0.01348076484183391
0.02913051661990807
0.02720841830819884
0.007262692195970099
0.015457174913965643
0.01834214998835728
0.017287344572252623
0.013173533359922385
0.011915019650551554
0.010584747402742253
0.009190996056051209
0.007742424727159249
0.006248018519876092
0.004717032902419093
0.0031589364957623394
0.0015833526258680387
1.1334790583914396E-15
0.0015813671279520393
0.0031510189353837806
0.0046993097840608376
0.0062167373821032474
0.007694000992689797
0.009122058333469426
0.010492180819404638
0.011796006812015657
0.013025592550934773
0.010730941213303528
0.011756451573288319
0.018049301977189385
0.027062545176279918
0.005621597846728329
0.015304874791536896
0.025301071242075108
0.01986350505715532
0.01893512612776052
0.023018251036705736
0.013247712866720296
0.022982419011857453
0.019286205971143812
0.019037432163835525
0.024753629326364927
0.015801252071664315
0.004409989594061832
0.026797517294347793
0.01815465922782704
0.011233959590526388
0.010174607043870333
0.012861044675943522
0.011633535736640607
0.01033571216538943
0.008975639047644004
0.007561755518895607
0.006102822496017048
0.004607868489191164
0.0030861338289848795
0.001547013652553611
6.574530232273653E-15
0.0015453766227214872
0.003079605855304634
0.0045932559091535164
0.006077031449698954
0.007521830580312675
0.008918800579126767
0.010259392048031113
0.011535411143219723
0.01273906956868444
0.018522597378059613
0.019569426779552687
0.014982816903956652
0.007207886927035432
0.0341304800490359
0.023522993122841274
0.01846987711572719
0.028226866606019974
0.017583670736002102
0.020010754169663938
0.03921454350183049
0.020221491993829395
0.016822340377074124
0.028882914262036156
0.01970257246864586
0.023188547570756217
0.03458066447855487
0.007386457447564075
0.015020419779479335
0.01977450409952417
0.01876704825083813
0.01260469958121995
0.011402737382907051
0.010131620185265306
0.008799235330314435
0.007413839913167
0.005984009696898217
0.004518586115977584
0.0030266216949532895
0.0015173242190114485
4.0910861999723045E-15
0.0015160034130018974
0.003021354726477639
0.0045067962456018145
0.005963200715940428
0.007381627315089937
0.00875337645160983
0.01007004303563791
0.011323567895698316
0.012506287027610188
0.009850766707280302
0.01078828464458375
0.018445515291485165
0.024905740742111264
0.00850352657641777
0.024560487130319063
0.014770520090720158
0.006798708692697268
0.028908346971972865
0.01671780559688043
0.011879925256558555
0.016481400189857425
0.029168467008645057
0.00667785913345935
0.013821676878932678
0.02574861479091574
0.009647326513329633
0.024380989713980252
0.018478948782968473
0.01104200923509677
0.010172749564352176
0.01239950977153855
0.01121813874340113
0.009968509378498984
0.00865836437033188
0.0072958131323839145
0.005889281682091511
0.004447460615545188
0.0029792514937063965
0.0014937119704650321
3.203846824778551E-15
0.0014926825330983274
0.0029751464147069772
0.004438271585390687
0.005873063161207769
0.0072707066476948535
0.008622622008378641
0.00992051625684289
0.011156434250423721
0.012322807374819464
0.018957312194913412
0.019914636312147155
0.015584951454580753
0.00900665251677368
0.030061095752729257
0.030137704035232096
0.02309812179293434
0.02739645066729712
0.01253966771969842
0.026403114132900696
0.04225796666162196
0.02642252202323043
0.013577605871232655
0.02640717796362469
0.022416733184594678
0.03149446215132615
0.0282269596202028
0.00949608531206231
0.015793691096096546
0.019789541287589165
0.01883808955109774
0.012241651830629937
0.011076303439813997
0.009843346313625037
0.008550408863447724
0.007205484406087683
0.00581688182023817
0.004393174290421578
0.002943146454459879
0.0014757402795417172
8.453967400116389E-15
0.0014749835446458053
0.0029401288293727395
0.004386419477503795
0.005804959666125463
0.007187028762768827
0.008524134858663122
0.009808066870155754
0.011030944889176244
0.012185268474430246
0.011968226718801763
0.01280584786230573
0.018425433876585465
0.021447614851156423
0.014878831190400718
0.028082305372988052
0.01735797601653823
0.019264320228759325
0.02342331317424604
0.012131908538645033
0.008702551315219634
0.012213978160643903
0.02260959399261333
0.020231132702151412
0.018395733110140762
0.027496391018930935
0.015573929940261636
0.020748018265056633
0.018362214818190066
0.01346719535378758
0.012714820352477424
0.01212828512368921
0.010974681112939188
0.009753882124997336
0.0084734305824106
0.007141233191076096
0.005765512186418675
0.004354754658464023
0.002917660267527593
0.0014630876723665327
1.8459096544148878E-15
0.0014625903074145367
0.0029156769298869594
0.0043503150505619596
0.0057576763400989375
0.00712910320722358
0.008456161982298828
0.009730694707839334
0.010944869218250611
0.012091227201861562
0.017953345065028083
0.018811940242855592
0.016714834740226496
0.012329661447857543
0.017756427442263186
0.03343096621926556
0.014309578964906722
0.012333897552133193
0.026508233928923444
0.02240158994935276
0.01862586886267974
0.022246759227270187
0.026474332857797277
0.01222053901718519
0.014319804260242291
0.03247520980465912
0.016759200680093542
0.013018303269033015
0.016942926997536023
0.018380340136486557
0.0174940498185922
0.01205742301398831
0.010911491925409477
0.009698550779607277
0.008426082790696196
0.007101936019153377
0.005734275035348318
0.004331530647312996
0.002902348001857274
0.001455533378035423
3.3144945561930574E-15
0.0014552867977828572
0.0029013647161448474
0.004329329608802193
0.005730390233526553
0.007095922300632107
0.008417521487003286
0.0096870550901537
0.010896712005369952
0.012039050719150428
0.014992928487425646
0.01582590255260301
0.017906913438299595
0.017251400146428824
0.017079216731691986
0.023481640020017736
0.021849041320321942
0.023110983894496475
0.013993231168313143
0.01730659976141711
0.026918561010210555
0.017420954599632537
0.014648449751554377
0.022517487527442828
0.021353643642837865
0.02390852298443805
0.016858014354788838
0.016492199594094935
0.01774498663569543
0.016474233417058795
0.015701063131831866
0.012027846164578198
0.010885648950798075
0.009676400843691748
0.008407551610460726
0.007086917623869787
0.005722633777818103
0.004323103446452269
0.0028969467941682993
0.0014529477539665396
