1.0
0.9989725854527316
0.9958941397184475
0.9907760398146922
0.9836371918337709
0.9745039478168517
0.9634099899352798
0.950396182533182
0.9077860524411376
0.8818389718731384
0.863395916749882
0.8340998603621451
0.7386391562124045
0.6790229501689536
0.6544786587817774
0.637599549766664
0.6652672792823047
0.6545746941871675
0.6249936841540243
0.5945261594374854
0.5629335569904335
0.5310154352666189
0.4981573756349779
0.46487655307127407
0.41422297186121276
0.3266253738432219
0.28420235901499336
0.2503619581387289
0.25072542113130875
0.28901794457378505
0.26397731867665924
0.2306765924276416
0.2071042872654693
0.20167312991975372
0.17008068053330946
0.1392737663276272
0.10934235931995502
0.08037172439209725
0.052442101627436365
0.025628413765296426
1.7133353368488599E-16
0.024379622781927658
0.04745297037168232
0.06916877240348825
0.08948212364992635
0.1083546049309979
0.12575437327165614
0.14165622109465426
0.1822194559084049
0.2042502510168378
0.2154908592479515
0.2322706922907136
0.30834188971439574
0.3423659405292144
0.34690133494709396
0.34442772463337906
0.29775164446065355
0.28851996510712774
0.2880417137724114
0.28605985144323487
0.2843234430374398
0.27879898756656274
0.27364929953643047
0.2672284030737627
0.26749955665452607
0.3050322052561756
0.2992803346019121
0.28857708838056534
0.2548728359366296
0.17965439231928182
0.16260137292868118
0.15039485152513643
0.12856983573886868
0.09130375337943723
0.07826434592779964
0.06509537670314845
0.0518756627955614
0.03868235100081205
0.025590567982649817
0.012673085182488244
4.985078440803136E-16
0.012361565328204276
0.0243477458275281
0.03589819564672807
0.04695632858088944
0.05746953627456654
0.0673893832471311
0.07667177800935152
0.065521226419822
0.06475101483579074
0.07182812851178552
0.07328192511124762
0.02336378123952494
0.0246063491597184
0.02818648468208329
0.038025565716821724
0.06502915064080884
0.06583440612183508
0.06671899013603308
0.07166972287431699
0.06377347544101326
0.06994567942594926
0.06280622022467061
0.060098435849524214
0.060064997215219594
0.036435689238663506
0.02768585324551535
0.024599938916052236
0.01668682443696425
0.06095489193172635
0.05817434826792715
0.051545327228859614
0.05247920327134148
0.059138962311214224
0.0509382213260034
0.04256756538062681
0.03407978162745227
0.025527457685862957
0.01696268746207089
0.008436783880032321
9.879333651805143E-16
0.008298740059595758
0.01641209904919086
0.02429457209091879
0.03190271856496304
0.03919537927375691
0.04613387787015463
0.05268220563223841
0.07760697717696134
0.09217732845762996
0.09707271612527701
0.09846816129039526
0.14298742927308258
0.14219686945773652
0.1442165799736907
0.1518960526368326
0.12929705082408258
0.14973688996594772
0.15029211626866737
0.1503304160552734
0.15500221264563804
0.14865900554551253
0.1469385121329487
0.14476624914677624
0.1200186936430272
0.13712472619736335
0.1254824207422028
0.1206899881962668
0.12388869994176095
0.08490836265545557
0.08534078177094594
0.08014729874308966
0.06556115196103092
0.043842373363554565
0.03785067190997274
0.031703191580882376
0.02543903139089858
0.019097499119956042
0.012717877975441792
0.00633919606914726
1.015138471386137E-15
0.006261866202461721
0.012409475561784842
0.018407024902623897
0.024220032755729377
0.029815527373655427
0.03516222387760998
0.04023068962729607
0.043498062466809075
0.041356626693779146
0.04475583529236216
0.04961677187571
0.023245922212438177
0.04287683651205003
0.04589794279345677
0.041390213951169666
0.05640698957163493
0.035582304556190145
0.036259214386948554
0.051298605765570465
0.03577503060329989
0.05132022881164942
0.036009919683732974
0.03524792362826979
0.05757134263436396
0.04303582927155239
0.04933121717373331
0.0470271594756969
0.029055192107590694
0.05012396999951916
0.04377959345551918
0.04076269424405941
0.042898481181071375
0.03492661100534952
0.030194876749064455
0.025325216019945345
0.02034860287924281
0.015296350844886286
0.010199922616158921
0.0050907406937650895
1.9344741548799117E-16
0.005041516417228575
0.01000361754009015
0.014856879372912598
0.019572813786122606
0.02412403027178569
0.028484389719773812
0.032629149377750404
0.04515127816153342
0.057147833098677214
0.0599614474413554
0.053308723209931796
0.06802376278236281
0.05362061411088324
0.055328554157253296
0.06511861242476373
0.06499347719147995
0.09884355086174573
0.09922145287162534
0.10006999231102501
0.10942646466030856
0.09908838745519111
0.09723900549167722
0.09589438007555966
0.06171862076298294
0.059314516589276
0.049259900040962555
0.04667728876644307
0.05974006495301613
0.04773479019838284
0.053372307701936066
0.05028592135486421
0.03824267356144836
0.029106096167607322
0.025185915879489217
0.021143214447610303
0.017003654284084117
0.01279327734706787
0.008538345181071619
0.004265178890456451
1.2490890556408923E-16
0.00423122685595317
0.008402948491872704
0.012490174076165544
0.016468621510454876
0.02031485844354649
0.02400643711855242
0.027522022293951492
0.042629878328403134
0.040132143351397274
0.04246435477673729
0.05310822794935498
0.0502729849950602
0.04950823233600875
0.05126168685276851
0.04663778143042731
0.06070689830480887
0.033539597083206196
0.03403760773660806
0.051970358484098846
0.037005790667907185
0.05193332208605616
0.033959485458014235
0.033424673782041066
0.05972838272415639
0.045448104420141126
0.04850077389446101
0.04639436397146931
0.0534862794711323
0.05317661562237656
0.0419080266380331
0.039634586165654365
0.04233841431721715
0.02502101131459214
0.02166522776058683
0.018199480544475673
0.014645715469340147
0.011026264246839213
0.007363706582083019
0.003680731678741629
0.0
0.0036559938856951177
0.007265056556971924
0.010805428289310456
0.014255912122852023
0.01759599869453578
0.020805986110944467
0.023867094172387113
0.024607429480142717
0.03507994069376629
0.03688999424379911
0.037021357138078095
0.04618047380503831
0.04038327153864002
0.04217316905342691
0.0423584902832844
0.04736896002296137
0.0651158708230897
0.06540127374504341
0.06610961206355782
0.07882335323221584
0.06537823365732871
0.06400066886787022
0.06302694187945247
0.04674021029242133
0.042130353060954105
0.043953722714016874
0.0425385381595766
0.04500565216970343
0.035227325786810836
0.032310158829277735
0.030220590496430482
0.019593164154416646
0.02200678902194893
0.019064718399568137
0.01602286105365537
0.0129004316656558
0.009717023953106883
0.006492489323495154
0.0032468146625348098
2.8089053052682746E-16
0.003228063207313347
0.0064177124435874835
0.00954963243325404
0.012604970668225047
0.0155654494802895
0.018413474000506865
0.021132235375583584
0.04061262373563383
0.03706324157577802
0.039048855752833324
0.04810692218641645
0.05460913465542027
0.02782910906448176
0.028900166213986247
0.03200744607034022
0.0396362034777826
0.031790528784553816
0.03227995423599934
0.04797231052301511
0.03563339839122725
0.04781451471211092
0.03218622933542274
0.03165050536543039
0.0366167797681268
0.03072727775762821
0.026750489850902084
0.02549798334439233
0.05222737417081204
0.04508568778785107
0.03767845604149482
0.03561272398143334
0.039392893553726424
0.019700210362088504
0.017073170655951028
0.014354647114385586
0.011561772961431382
0.008712048594941915
0.005823233049987715
0.002913234433608361
3.244737482309494E-16
0.002898593465299995
0.0057648482892956755
0.008581352929303737
0.011331086723562686
0.013997521750361043
0.01656472119194241
0.019017433623292713
0.00962279006127404
0.01987015745069421
0.021371286817826237
0.029759007349349994
0.03708759520993786
0.05199404776470626
0.053305391561664174
0.04520851033673484
0.04585603693601427
0.04222231821036416
0.04252788302081536
0.04110538457778329
0.0542292561224727
0.04060296085189996
0.04167543383444944
0.04094952908395645
0.04613718341989657
0.0455078577238297
0.053318958144248516
0.05205635401688317
0.034042452434623754
0.028367360036546083
0.018831255290668918
0.0170774336956058
0.006236111846310428
0.0178860553662028
0.0155058572797566
0.0130410137122915
0.010507026791996664
0.007919752519502339
0.005295302366407784
0.002649943750816346
1.5446192239060463E-15
0.002638249589546689
0.005248668987355438
0.007815363359243795
0.010322775102727657
0.01275577741173393
0.015099764812140487
0.01734074013054523
0.035527254238690104
0.030739928197685274
0.032487563975396073
0.031283122809689534
0.03761460708577188
0.022157847334374772
0.02273581189687515
0.03123369456329324
0.014963668762000788
0.02980860210651703
0.030264045621022743
0.04021349198996171
0.031855115897396445
0.03999113688018396
0.03014842644045939
0.029638914203712608
0.014372629223190238
0.03152225548243973
0.022205974070393555
0.02149136068108759
0.034104086663755126
0.02700555823482316
0.03046986856891727
0.028578393012011427
0.03350031471064786
0.01642875242294119
0.014246258644899782
0.011984803983148141
0.0096585844444194
0.007282136745885576
0.0048702480844821485
0.0024378647295427553
1.6059805031679607E-15
0.0024283578107885833
0.004832337001507238
0.007197272964717463
0.009508797076710906
0.011752923439939039
0.013916132957619683
0.015985454238321428
0.004221134251483151
0.013713558600726006
0.015400864217371352
0.026155146071932013
0.021938691847137825
0.03930718276494154
0.040070814943827776
0.039601464083525224
0.04581437169965252
0.030164743436249995
0.030530697465052735
0.027141988491882044
0.0354336501177643
0.02697145786400246
0.030177244756996617
0.029638912494933677
0.045036654320594706
0.037577909680303175
0.036087237006212095
0.03467532610864054
0.019896299031327714
0.026359851081822858
0.015572037022518873
0.013925410374162108
0.006073288192250462
0.015238710305111427
0.013217291849713785
0.011121676278227535
0.008964995797926822
0.006760710998606837
0.004522527309871422
0.0022643102517700977
1.9998015777194258E-16
0.0022564742107751196
0.0044912793225883665
0.006690762809973225
0.008841535644207262
0.010930553364367587
0.012945194766961795
0.01487333774186497
0.028174865042758693
0.02242339104076091
0.023945656722704316
0.016153099549017252
0.027788946566718868
0.022906258556689898
0.024095725865958047
0.02766633434883017
0.02166282233717735
0.027125710357622686
0.027515077637194723
0.030893078338368317
0.027850904002247583
0.030656396572853527
0.02735752852459484
0.026893495417672806
0.022788686922496047
0.026663041561322518
0.025801411361770513
0.02489589340241965
0.027928453851610434
0.01499975269344607
0.021730113383284306
0.02004255214322773
0.025744517671454113
0.014254402945588003
0.012365975136845005
0.010407368373056032
0.008390836793721677
0.006328951709568423
0.004234523600870827
0.002120522893439111
2.0028610269884972E-15
0.002113994882373713
0.004208491728060973
0.006270679904199941
0.008287986175754668
0.010248151021481137
0.012139302799506662
0.013950029315994998
0.010288299151299302
0.016437949108853416
0.018022503961821423
0.027357733442122303
0.016307501595095433
0.017582136726881553
0.01846159684975072
0.024443930459435503
0.029377273252830696
0.02557741277983907
0.02594229136254848
0.02607050820902523
0.02618914004394606
0.026146916718434346
0.0257917819918098
0.025355106715448765
0.026879216233065623
0.024090968491939004
0.01777470887428785
0.01686586386371057
0.01574884613427221
0.02705239815648603
0.019004276537902615
0.01756550460446847
0.011645003110149422
0.013432231125055795
0.01165473742611539
0.009810470346244214
0.007910951711348516
0.00596801051053196
0.003993709529246459
0.0020002707528282756
6.046159294775949E-16
0.0019947887508707206
0.003971848879048147
0.005919076020933854
0.007824581895463851
0.009676766606714217
0.011464388985837402
0.0131766345471669
0.020133659833082577
0.014257025529121984
0.015617635785249731
0.015733437611288335
0.02811462319534527
0.031577679142370835
0.032466247918268895
0.02407782227185421
0.03429750224728504
0.024266923681734342
0.024621708787841833
0.02181478269668569
0.02478520005164882
0.02160501491334114
0.024520888725020444
0.024118759550075045
0.03572629160477378
0.024262724041209924
0.032067422264399965
0.031142550660836144
0.027356577510240305
0.016221214020093848
0.013980696728929638
0.01250201643083134
0.017925185526955583
0.012740489276207155
0.011056240820024717
0.009308114012789708
0.007507015135160117
0.005664148820687633
0.0037909485941272393
0.0018990061775883628
4.839354414960197E-15
0.0018943766504757463
0.0037724873907034376
0.005622823984445249
0.007434076627062667
0.009195202845301054
0.010895494593690807
0.012524643141228493
0.013574324763675635
0.01991498390593587
0.021315292461957045
0.02240066652287598
0.013643021735238008
0.01960576438273377
0.020369440202110824
0.030159461066898832
0.004192761666660352
0.022638543198777672
0.02295919138808398
0.02958550883694353
0.02801729793409302
0.02965727177677184
0.02279585242746506
0.022396587718730744
0.0024372645224182837
0.030847403667059996
0.020998853803982025
0.020308740835474404
0.013946512771172365
0.02019547293798294
0.021755599296331096
0.02044165054094249
0.013876964639844709
0.012155621864998023
0.010550164881390234
0.008883293100555863
0.007165392548761663
0.0054071399464470996
0.003619436553901547
0.0018133407843683488
7.172665303464102E-16
0.0018094180900268039
0.003603794008247977
0.005372124644464631
0.007103590532063063
0.00878762185459497
0.010413962781402584
0.011972733741571862
0.013911568562247083
0.010214836330292028
0.011431239803511871
0.017877584517254515
0.021475212246889332
0.020504004723884032
0.02107966193895483
0.022415504207705276
0.04560630101416403
0.024062729829845773
0.02442810685678837
0.014712960375327376
0.02230519228190223
0.014579907996567793
0.024530769202180572
0.024219699580253353
0.04604502430534769
0.021533276024823446
0.0184500054185853
0.01743523588195297
0.01975455789535412
0.018727267082437535
0.011516663282705744
0.01040597275740352
0.01293017732809226
0.011659817132508481
0.010121138014666445
0.008523137976578492
0.006875761877446999
0.005189238702479088
0.003474018218226905
0.0017407063958154835
1.903836702924712E-15
0.001737379253524919
0.003460750568358464
0.005159539561483253
0.006823342980656321
0.00844199224995496
0.01000561545647225
0.011504697400997788
0.013449354363063964
0.020704246796643407
0.021901011625598234
0.013815343694836604
0.020144061985225222
0.025490629068897267
0.026413147821498454
0.028528581915473774
0.008930976714454844
0.01911919653772585
0.01938431112765437
0.030835364592891507
0.03344910322546868
0.030821043569696404
0.019194566175266492
0.018839194643591833
0.008983804116784896
0.02743319751252267
0.027397862680000072
0.026643965758756053
0.022054368860994465
0.013687917528230004
0.02155753326541323
0.020377138488120172
0.012827680075096498
0.011239413419889885
0.009757366466512967
0.008217771418263181
0.006630198648219485
0.005004497115002258
0.003350733407391844
0.0016791295566420214
2.4291567397592803E-15
0.0016763119168714828
0.0033394975084846137
0.004979345999423421
0.006585807068181627
0.008149052303013056
0.009659535194490053
0.011108049299687209
0.01269324864628183
0.012691424645154948
0.013679277841708713
0.02324901828167652
0.014122892964900482
0.00808694172043767
0.008842037410615441
0.016857561839734997
0.042319513884091074
0.02758110559769957
0.027942482954998737
0.011869277425107756
0.019213357558055602
0.011866390542433295
0.028162118751547498
0.02791241782875847
0.04121278514078607
0.01695899290574196
0.008358362546792997
0.007535625325078739
0.01306062665939425
0.024570167373864513
0.01466624899551998
0.01380100925861831
0.013290361996116593
0.010883816402482933
0.009449702303206065
0.007959530298467675
0.006422553345600855
0.004848298416956997
0.0032465075731322565
0.001627077802793221
3.548775573980849E-15
0.0016247025454910308
0.0032370357671765416
0.004827096171888469
0.006385131545154093
0.007901600640551332
0.009367231488450048
0.010773077968524013
0.010559934184003838
0.01849507874951435
0.019468635355106626
0.01878047737177939
0.026462443236480178
0.027732650230877853
0.028479082304571697
0.02001998290771999
0.00404488349814508
0.015362792026786446
0.015556329547694632
0.028712519417693448
0.03675593325363603
0.028624990735231132
0.01536331904583464
0.01507885122122161
0.004211748829245894
0.019378328624974694
0.027911898152963147
0.027080130975669102
0.026424225588975392
0.02044876449687497
0.01847138011291309
0.01744848612949807
0.009334882213710753
0.010584747402745944
0.009190996056048515
0.007742424727157076
0.006248018519869804
0.004717032902420263
0.0031589364957647333
0.0015833526258715756
6.044937325344194E-15
0.001581367127952951
0.003151018935384786
0.00469930978405695
0.00621673738210342
0.00769400099268894
0.00912205833346768
0.01049218081939657
0.015320012266134173
0.01639230484774657
0.017358873005768452
0.02640197329813335
0.009993604713299995
0.009536856411575763
0.010338194241311287
0.018439163191233194
0.030483487400091623
0.031410238436978516
0.03173275623170853
0.013533371171043836
0.014701459943234076
0.013603502928853435
0.03185681145418105
0.03159687772800098
0.029572473328441706
0.018136441299106586
0.011626576525385655
0.011092312519829381
0.009924017350106167
0.025791851410764472
0.01803143418805324
0.017111333132276006
0.01618972268012628
0.01033571216539064
0.00897563904764367
0.007561755518896459
0.006102822496014223
0.0046078684891910195
0.0030861338289880254
0.0015470136525518607
9.595174330172553E-15
0.0015453766227213116
0.0030796058553022834
0.004593255909146665
0.0060770314496977895
0.007521830580311174
0.008918800579127667
0.010259392048032855
0.006399218802591035
0.014100910052992363
0.014905558960624937
0.023119568280792566
0.022015718434556377
0.02481607381725031
0.025507128131866782
0.0201345652686581
0.0140551333178191
0.011477933023373379
0.011614651832254866
0.024552793420641327
0.03625998144536473
0.024441646090799164
0.011417154653893148
0.011182869468655507
0.014981796192120684
0.021053659046372377
0.025516885424322452
0.024852245324352967
0.020187024411121194
0.02291379052769179
0.013640443038061376
0.012726716088639933
0.005452147667261199
0.010131620185258957
0.008799235330315978
0.00741383991316143
0.005984009696889515
0.004518586115972178
0.003026621694951458
0.0015173242190191431
1.8581238446578955E-15
0.0015160034130031563
0.003021354726475141
0.004506796245607869
0.00596320071594029
0.007381627315092133
0.008753376451611759
0.010070043035634297
0.01770639224951886
0.01807251853071642
0.019086825939129137
0.019643500210139508
0.014236544788291514
0.01731762881897074
0.017844095448238027
0.01186751182003852
0.0249734383101802
0.031981444722914594
0.03224620666836214
0.016328273894466276
0.009585890559361307
0.016389055322171008
0.03215287744557664
0.03184154040126212
0.024644509106833423
0.010768487321498713
0.017973918111022943
0.0174721290913403
0.01588220746870624
0.017032026535925008
0.019091236133366836
0.01805817396192922
0.018045826629134558
0.009968509378502657
0.008658364370334687
0.007295813132376677
0.005889281682097938
0.004447460615537947
0.002979251493710233
0.0014937119704648628
2.4012694607739934E-15
0.0014926825331000365
0.0029751464147096595
0.004438271585379127
0.0058730631612061955
0.007270706647693352
0.008622622008378444
0.009920516256840832
0.00559257208173752
0.009502431553024701
0.010363686851700969
0.020404165296464633
0.01298738586405595
0.023814216964610026
0.02440037941978746
0.029355275509732333
0.018099651166907735
0.008461100034700422
0.008683358692806202
0.020611211432141403
0.03200538244884141
0.020534572674215
0.008659108756990469
0.008417533552620468
0.01796409329546069
0.0302140034256126
0.02372275902097621
0.023007491147370576
0.011826322569541735
0.019676445846526416
0.009701879102903927
0.008722371180450942
0.006674479543005505
0.0098433463136205
0.008550408863446261
0.00720548440609756
0.005816881820234548
0.004393174290419902
0.0029431464544547913
0.001475740279536242
5.0983232107480995E-15
0.00147498354464637
0.0029401288293609182
0.0043864194775130524
0.00580495966612411
0.007187028762770895
0.00852413485866222
0.009808066870151861
0.017979942765040578
0.017036440838171022
0.018068711372395373
0.00977168653785037
0.02079513779899856
0.012768588353692413
0.013340530436521173
0.005607988945790721
0.02120828425719121
0.028012330916139444
0.028221319592800883
0.018066787848959757
0.009341438655651329
0.01809104943359893
0.02791044196859832
0.027546131376062783
0.020822985469875196
0.0052877579007228215
0.012651341232247607
0.011919598148253911
0.02125134171538291
0.009734046029596514
0.017408812173234995
0.01630530471010222
0.017573314239173153
0.009753882124999114
0.008473430582415351
0.007141233191081028
0.00576551218641634
0.004354754658464479
0.0029176602675258867
0.0014630876723594813
7.0137789367994465E-15
0.0014625903073967716
0.0029156769298870097
0.0043503150505601485
0.005757676340100454
0.007129103207224393
0.008456161982296408
0.009730694707843837
0.010063874217435846
0.008797601104082392
0.009886154465310663
0.018584203820905403
0.012224367643829316
0.019714895645844117
0.02040692790213847
0.028923558388997468
0.01645568034147704
0.01170072687922404
0.012069559504118947
0.01869305020121852
0.024875078040434064
0.018673311649956562
0.012418428215305382
0.012223627427888968
0.016478268362457575
0.027611160547509218
0.020248075255946213
0.019544581405559067
0.013322939877484
0.018432524800962382
0.010606034452431856
0.009580388995205113
0.011563933502315348
0.009698550779601486
0.008426082790692967
0.007101936019151996
0.005734275035346296
0.004331530647308549
0.002902348001848859
0.001455533378038739
9.067316899485382E-15
0.001455286797779035
0.0029013647161423577
0.004329329608805172
0.005730390233526405
0.007095922300628829
0.008417521487003901
0.009687055090155008
0.01578376605697197
0.01367790222395825
0.014694637851295484
0.0147751378659603
0.019630002096798632
0.01614130592849507
0.0168606319667461
0.011881670547471874
0.018264931792014254
0.020478477564580686
0.02065571625722781
0.018463865095771886
0.016379693604150772
0.01846389332416789
0.020228119842229275
0.019837185371868397
0.01804592828589133
0.013912471667756538
0.01793606193550657
0.01740374538186032
0.018539124367269528
0.01616741992180454
0.013633515149890875
0.012511841406608375
0.01469194503844782
0.009676400843694791
0.008407551610464262
0.007086917623863426
0.005722633777812588
0.004323103446453343
0.002896946794169498
0.0014529477539581307
