1.0
0.9989725854527278
0.9958941397184441
0.9907760398146904
0.9836371918337657
0.97450394781685
0.9634099899352742
0.9503961825331814
0.9355103927392263
0.9188072805050691
0.9003480590739795
0.8802002270235786
0.8415560391742241
0.8105169087094619
0.7516826778243318
0.693090467838226
0.652073685130966
0.6476137991338466
0.6403675226546567
0.6109391280879011
0.5716179477070041
0.5490504771340953
0.5166333904077576
0.4678617341864691
0.4204358662396166
0.3994256073282136
0.39280250341461137
0.3874684152067905
0.3579667062280031
0.33395382007963625
0.3002006862750956
0.2668332813211874
0.23395677675898344
0.20167312991975286
0.1700806805333098
0.13927376632762703
0.10934235931995476
0.08037172439209742
0.052442101627436406
0.025628413765296627
2.0745645054665832E-17
0.02437962278192825
0.04745297037168282
0.06916877240348836
0.08948212364992658
0.10835460493099744
0.12575437327165534
0.14165622109465464
0.15604160438810732
0.16889863993921053
0.18022207187652933
0.19001320791217907
0.19463901078804136
0.1971217932184544
0.21803287676981215
0.2358602568906433
0.2380749398935598
0.23337307364301232
0.2380133482162187
0.23267313077261387
0.23619860104531307
0.2230231652872886
0.21910643302957733
0.20032077192521203
0.18982896440437477
0.1805292767570403
0.16088635113672553
0.142520846588891
0.13906291502946747
0.14055159595840278
0.12883908052317436
0.11667245240793601
0.10413347464621699
0.09130375337943872
0.07826434592780004
0.06509537670314886
0.05187566279556232
0.03868235100081305
0.02559056798265105
0.012673085182488998
9.722284842004382E-17
0.012361565328205112
0.024347745827528286
0.03589819564672827
0.046956328580889634
0.0574695362745672
0.06738938324713145
0.0766717780093534
0.08527711967004876
0.09317041956355215
0.10032139756208655
0.10670455287113878
0.13061375787146576
0.1435616714635875
0.1696377831576712
0.2020945321625398
0.21995092031420785
0.1995297889524749
0.1733101521528878
0.1783669601676736
0.18321877900532407
0.17713579374764138
0.17085807303158745
0.1930881758058308
0.20940494118187178
0.19078573730541218
0.15520532094214504
0.12293241386412546
0.11108922145231456
0.08919691902777799
0.08219714680739915
0.07482035430154813
0.06711710121238136
0.05913896231121241
0.050938221326003924
0.04256756538062937
0.03407978162745263
0.02552745768586254
0.016962687462071527
0.008436783880032741
6.794874838336047E-16
0.008298740059596818
0.016412099049191924
0.024294572090918263
0.03190271856496207
0.03919537927375483
0.04613387787015463
0.05268220563223878
0.05880718876800536
0.06447863753738876
0.06966947658610681
0.07435585599533828
0.07872114436775819
0.08932418743681106
0.06458993965435092
0.058618784378318606
0.07057371291559805
0.060237076882396184
0.03994761960353444
0.03876409128338266
0.026567113462071162
0.0393657996328182
0.039779305859572
0.06828389667851602
0.08333965559639453
0.07293884999954355
0.07191666467355047
0.09229054813757631
0.07974586032071251
0.06548986096701248
0.060499877003651434
0.05520449656085726
0.049639640524936045
0.04384237336355546
0.037850671909973266
0.03170319158088173
0.025439031390899248
0.019097499119955525
0.012717877975441378
0.006339196069146788
2.0097758344467349E-16
0.006261866202464753
0.01240947556178576
0.018407024902626412
0.024220032755731365
0.02981552737365837
0.03516222387760981
0.04023068962729655
0.04499349698177896
0.04942536269936631
0.05350327330829077
0.05720659586665515
0.043551850443840294
0.037938564764885004
0.05963293791565707
0.0653838283272968
0.061230195453426055
0.06886546720153378
0.10168287527820105
0.1029849141900273
0.11572601222324755
0.10046020197973213
0.09696629766227442
0.05812598728640351
0.04491222930027375
0.047288732565447696
0.04903662368847518
0.03896761312893428
0.03865375985423486
0.051877279022177494
0.04799358665119974
0.04385524009181667
0.03948997423526748
0.0349266110053498
0.03019487674906639
0.025325216019945
0.0203486028792415
0.015296350844886394
0.010199922616159993
0.005090740693767067
1.8058111161863538E-16
0.0050415164172287995
0.010003617540091898
0.014856879372913134
0.01957281378612297
0.024124030271785616
0.028484389719771946
0.03262914937775191
0.03653509821676819
0.04018068198682705
0.04354611731320134
0.04661349425376562
0.059263451953487346
0.059574242729285264
0.06358896604547853
0.08518602473616754
0.08993376694239595
0.08957421153417576
0.08157073131358625
0.0931365181661554
0.09632022968692301
0.09355746190838414
0.08218333196217838
0.08509142475593295
0.08145880816464683
0.07619054441747165
0.05549458097600034
0.045129335355869
0.04749462504527373
0.04307047863746623
0.039883901941637316
0.03647909300014113
0.03287863137833163
0.02910609616760714
0.02518591587948869
0.02114321444761003
0.017003654284083607
0.012793277347069825
0.008538345181071754
0.004265178890456865
5.75443739630491E-16
0.004231226855952618
0.008402948491872671
0.012490174076165561
0.01646862151045697
0.020314858443547298
0.024006437118551688
0.027522022293950253
0.030841511525970974
0.0339461471500607
0.03681861935329947
0.039443159786786613
0.05671022746823647
0.06649585244343657
0.05046767366866637
0.06068876862110893
0.06380404162003067
0.0599396422754041
0.02228016172040207
0.009862880862944635
0.011636352902080283
0.009686441049860864
0.021696730075030164
0.06335794023563275
0.06636967722442699
0.0647585696803758
0.04856849971762802
0.06358158227283757
0.05652669091069285
0.036926673868339005
0.0342177604633807
0.03131765050089753
0.028245407809625315
0.025021011314591512
0.02166522776058661
0.018199480544475996
0.014645715469344395
0.011026264246840545
0.007363706582083262
0.0036807316787401943
1.4041175263061652E-15
0.003655993885695572
0.007265056556971976
0.010805428289310677
0.014255912122851027
0.017595998694535753
0.020805986110944297
0.023867094172389733
0.026761572296947093
0.029472800534866807
0.03198538310894052
0.03428523396467434
0.02690892567710919
0.03701193659920275
0.04818900093551257
0.026094751290706358
0.02923573324768701
0.01949079748646168
0.05886551806561096
0.07025430895577763
0.08172669381816788
0.06893762622802149
0.05649997980865619
0.023002072731589066
0.03548245989171196
0.03487283220077283
0.05253718085275667
0.045019146460932115
0.03457848543745605
0.032412810856047684
0.03005031665505973
0.027517322639368055
0.02483035701418474
0.022006789021949635
0.01906471839956652
0.016022861053658202
0.012900431665654721
0.009717023953108389
0.0064924893234951445
0.0032468146625362934
5.341376453806436E-16
0.0032280632073137176
0.006417712443588278
0.009549632433255318
0.012604970668224384
0.0155654494802905
0.018413474000507437
0.02113223537558426
0.02370580864346325
0.026119244705550583
0.028358655871711606
0.030411294495707942
0.026799734998486133
0.018404367782053933
0.013537889791189561
0.034994731751192304
0.030986359245620744
0.04692401351919613
0.044851740794389666
0.05305532306209284
0.05448592415671547
0.05352564769653824
0.045167445442356985
0.04186488385889989
0.023856416590452796
0.025108315814039134
0.016582935207407366
0.013595836803499893
0.017401249576690384
0.028969629458259424
0.026868828375113854
0.024613779935095077
0.02221910702400173
0.019700210362087675
0.017073170655953505
0.014354647114387244
0.011561772961434706
0.008712048594938657
0.005823233049989887
0.002913234433608446
1.909187506182978E-15
0.002898593465302527
0.005764848289296284
0.008581352929305366
0.011331086723562324
0.013997521750361477
0.016564721191939514
0.019017433623291745
0.021341182673571542
0.023522351538320625
0.025548261854458715
0.02740724648622265
0.0440653966830265
0.043024481954445325
0.046192758929020625
0.0665544251637959
0.05669294902419971
0.06834173660008455
0.02803246831202038
0.018209610883018708
0.019419594629328626
0.017486408296488856
0.028364581889076753
0.06861059022411664
0.053960517405404605
0.0640982342161837
0.03928036097698445
0.03520217273499859
0.03898298820884517
0.02626807974202041
0.02437107680436222
0.02233285365668075
0.020166556388833013
0.017886055366206938
0.015505857279758969
0.01304101371229201
0.01050702679199619
0.00791975251950786
0.005295302366406711
0.002649943750818501
9.079420828092449E-16
0.0026382495895493517
0.005248668987355898
0.007815363359243339
0.010322775102728523
0.01275577741173244
0.015099764812139899
0.017340740130545814
0.019465397382424435
0.021461200092848125
0.023316454592684343
0.025020377865605573
0.033704417670709655
0.041488988031981075
0.04999365796554878
0.039543647660227235
0.0339621820369426
0.02737874931777491
0.030605443799763116
0.047934526660876636
0.05227172064199963
0.04740718543353855
0.029415264525875395
0.031818067673305445
0.036102591014544334
0.044912199979536355
0.0509936856808949
0.042211461076316584
0.037983201941311266
0.02410201114996414
0.02236746098952932
0.020502305557444596
0.01851851851851343
0.016428752422943154
0.014246258644903092
0.01198480398315035
0.009658584444419228
0.007282136745882497
0.004870248084481078
0.0024378647295409477
4.3715281158554445E-15
0.002428357810789213
0.0048323370015051605
0.007197272964719904
0.009508797076709917
0.011752923439937888
0.013916132957619072
0.015985454238321786
0.017948540849478917
0.019793744462761477
0.021510183461025206
0.023087806605617458
0.009946984937580228
0.018452463161137817
0.010500842916204395
0.015215436622145159
0.021764069289249913
0.034746563534110694
0.036381529604344626
0.02672725173193886
0.02900898539091841
0.027044247588414498
0.036125785287408334
0.030282741543598977
0.021457692169574823
0.007379513939402171
0.016654651625395468
0.024711242553854772
0.014815618583350034
0.022335777788467463
0.020733088768745436
0.019008557644271812
0.01717320964004418
0.015238710305110769
0.013217291849717287
0.011121676278227934
0.00896499579792616
0.006760710998605922
0.004522527309867095
0.0022643102517721433
2.935737730282391E-15
0.0022564742107778323
0.004491279322587399
0.006690762809975471
0.008841535644206127
0.010930553364368906
0.01294519476696299
0.01487333774186519
0.01670343180137274
0.018424566870799478
0.020026537933307758
0.021499905148104317
0.027991766617788648
0.019357817013173365
0.03161240387665228
0.041739825250337724
0.029027767258285132
0.05246547294566556
0.027290485189222016
0.027949284263024798
0.02456627941427006
0.027562516269587133
0.027990445384297024
0.05151880265073724
0.028221444061650055
0.03669303018864853
0.026784676606190595
0.014102445968784886
0.02037907118022877
0.02087655087877509
0.019382415367128144
0.017773746605171777
0.016060791128661607
0.014254402945585208
0.012365975136842318
0.010407368373054504
0.008390836793720316
0.00632895170956629
0.004234523600869712
0.0021205228934382306
5.47105313078529E-16
0.002113994882376236
0.004208491728061402
0.006270679904201341
0.008287986175755305
0.010248151021481454
0.012139302799508422
0.013950029315997023
0.01566944636727865
0.017287262845731285
0.018793842021820068
0.020180258639181357
0.03436576628023463
0.03125393218870198
0.03080286009275137
0.030991203508982025
0.020586919940895412
0.016858711107111655
0.020838487715627605
0.033260426829617606
0.026189140043944743
0.033350181204508
0.019971874461366085
0.0191015623090206
0.018305741361019638
0.031566040166735435
0.03028984901976782
0.0276836933546227
0.03357520154587144
0.019658737610327603
0.018254951168104
0.01674277486948904
0.015131808464326187
0.013432231125051741
0.01165473742611761
0.00981047034624406
0.007910951711349996
0.005968010510535711
0.0039937095292457685
0.0020002707528286212
2.660541253528353E-15
0.001994788750871365
0.003971848879046001
0.005919076020937971
0.007824581895463256
0.009676766606715263
0.011464388985835378
0.013176634547165856
0.014803180649466223
0.016334258471111366
0.017760711428657563
0.019074049690995194
0.018565212037702686
0.025290813189515902
0.01597060336468775
0.02095044391968274
0.03768321790596312
0.028062939321794225
0.033417579524376066
0.01524950086582901
0.028573943182793993
0.015110075021305572
0.03319926952958212
0.026389746095370155
0.037769685064355414
0.02429189488454688
0.01528124952152831
0.02663262542289038
0.024332871488890948
0.01863475161966321
0.017306785855207157
0.01587562249804514
0.014350319253918817
0.012740489276204029
0.011056240820026134
0.009308114012794425
0.00750701513515958
0.0056641488206878015
0.0037909485941285967
0.0018990061775865155
2.3215121956441035E-15
0.001894376650475578
0.0037724873907054577
0.005622823984442417
0.007434076627065634
0.009195202845306357
0.010895494593688378
0.012524643141229001
0.014072801356566392
0.015530643016464766
0.01688941878175968
0.01814100850586583
0.011997451370704175
0.015254911665313455
0.02900026235900388
0.012850479805352928
0.022208962120475476
0.029290095689565497
0.017906289710542842
0.03183477194036203
0.02851451694915142
0.031577958569175876
0.01825913950390235
0.02943581157347906
0.025336653166181625
0.011830735939908927
0.028816362197342807
0.017102021686321148
0.007678663995278928
0.017769308106983496
0.016505344286025018
0.015142585844548358
0.01368963323242552
0.01215562186500138
0.010550164881390852
0.008883293100555448
0.007165392548759762
0.005407139946445832
0.003619436553895802
0.0018133407843688584
8.735063908662949E-16
0.0018094180900330213
0.0036037940082516585
0.00537212464447176
0.007103590532064756
0.008787621854594356
0.010413962781399479
0.011972733741576176
0.013454491259359491
0.014850284989614923
0.01615171160994074
0.017350965245905875
0.027260205571460503
0.01909638807566241
0.018077228819984036
0.027754027031012093
0.016241051286552136
0.014315469986599848
0.025845844736431114
0.025196305160177825
0.010238980034549545
0.02557449325032333
0.025447823403328365
0.013637200624147278
0.012729749152754922
0.024860681544355417
0.021009647050793275
0.017612847539374636
0.023020339196985345
0.0170357689173174
0.015826024000833883
0.014521222122818445
0.013129576318169908
0.01165981713250983
0.010121138014666048
0.00852313797657164
0.006875761877444737
0.005189238702475617
0.003474018218224108
0.001740706395812141
4.759429495941052E-15
0.0017373792535247431
0.0034607505683633072
0.005159539561488455
0.006823342980649454
0.008441992249956716
0.010005615456475749
0.01150469740100059
0.012930137348571005
0.014273304129177333
0.015526088255911648
0.016680950746747154
0.024675776881678078
0.019954128778145244
0.015121482194909379
0.02926846983350036
0.03237138461036359
0.029761366471909106
0.02453841037219832
0.014298943885190155
0.037583471873313574
0.013914287352639318
0.02494970113511397
0.02918934028626466
0.030632436295468624
0.02978845216068533
0.011648624348965608
0.01895431193353937
0.026477161528661627
0.01641372860143825
0.015249972865774303
0.013994328584078407
0.012654679837934429
0.011239413419889294
0.009757366466510415
0.008217771418269477
0.006630198648213758
0.005004497114996473
0.00335073340738704
0.0016791295566436595
2.4777613659722797E-15
0.0016763119168754833
0.003339497508490323
0.004979345999427033
0.006585807068182539
0.00814905230300937
0.009659535194492244
0.011108049299680761
0.012485784224260972
0.01378437908290817
0.014995973114477484
0.016113253146073453
0.009645670146945682
0.01807905515935212
0.026997915386607327
0.013094382274849043
0.021456789464969286
0.02218995138046513
0.015023923442686224
0.0289797740177624
0.02772310038200607
0.02872060249370091
0.014216675366110806
0.02358201920446907
0.022717832882341873
0.015477124183283621
0.02469122779676821
0.01733286596801375
0.014050292463316722
0.015887378229222756
0.014762581844748398
0.013548571158451119
0.012252950983884858
0.010883816402483303
0.009449702303212779
0.007959530298469712
0.006422553345601249
0.004848298416952172
0.003246507573131497
0.0016270778027931818
9.485540295869441E-15
0.0016247025454901175
0.0032370357671765958
0.004827096171890853
0.006385131545151316
0.007901600640546017
0.009367231488449425
0.010773077968522001
0.012110574301544538
0.013371587129266465
0.014548464866404733
0.015634084025903185
0.0166167317404174
0.01982989039281262
0.023472343776246275
0.017908941857122204
0.01576304986026783
0.011528814093550067
0.0324310141440334
0.02217559499973938
0.013873839781141697
0.022526442297263884
0.03254017925043866
0.010614004538015687
0.016607911685230313
0.017213189100514406
0.02567210818537736
0.020125558422316038
0.012168697299549787
0.015444371757690319
0.014352440193510436
0.013173533359926382
0.011915019650560197
0.010584747402742031
0.009190996056048945
0.007742424727153808
0.006248018519873799
0.0047170329024186
0.003158936495763044
0.001583352625870752
2.791252924221529E-15
0.0015813671279559386
0.003151018935389481
0.004699309784061359
0.006216737382107351
0.007694000992688859
0.009122058333465688
0.01049218081939427
0.011796006812013458
0.013025592550946923
0.014173460457971262
0.01523264452058918
0.02322171218584811
0.01639911254079007
0.010932962490297349
0.016305168309674663
0.01683669278034637
0.026296044133727613
0.014842273524104542
0.013815811014728565
0.03954977713576467
0.013695628121208722
0.016040716677844315
0.025012564933537717
0.015477968968114613
0.013765529682632007
0.014956739934900423
0.01844211196820339
0.021769016743729094
0.015075026171646752
0.014010597974017621
0.012861044675941473
0.011633535736640152
0.010335712165387378
0.008975639047638394
0.0075617555188940665
0.006102822496015746
0.004607868489187929
0.003086133828989386
0.0015470136525542024
5.234437775784555E-16
0.0015453766227209627
0.0030796058553032024
0.0045932559091500175
0.006077031449699775
0.007521830580314033
0.00891880057912487
0.010259392048028426
0.011535411143219003
0.012739069568689436
0.01386303202823198
0.014900460847376564
0.016353710885933057
0.01193245349287127
0.016400939382521195
0.027963767339105924
0.02378024278781119
0.028769582591964188
0.022220894616320194
0.022732299457505396
0.021001248804273082
0.022395590729554736
0.02102160235498362
0.03004384165905495
0.023391253090187542
0.028037507861992345
0.011591999688532134
0.010815032382406484
0.018875397446196367
0.014771748995774868
0.01373003804923739
0.0126046995812207
0.011402737382907303
0.010131620185258417
0.008799235330314108
0.007413839913161046
0.005984009696894328
0.004518586115968176
0.003026621694956168
0.0015173242190190761
1.7156614379236133E-15
0.0015160034130017078
0.003021354726477849
0.00450679624560627
0.005963200715934967
0.007381627315091438
0.008753376451603274
0.010070043035635811
0.011323567895695545
0.012506287027603797
0.01361097837499681
0.01463090585640571
0.01084082123738187
0.020461856145892247
0.030752226124853017
0.022637603977375423
0.018103315192940044
0.006603449752115278
0.03306538471973557
0.024059089882343097
0.01802529388757584
0.02426023037534252
0.03331713808110036
0.008837676620018189
0.01898390051810699
0.026219680797711628
0.03007182469523373
0.017774381119998788
0.011128215154109434
0.014528624515100518
0.013505294387050629
0.012399509771523426
0.011218138743399176
0.009968509378502077
0.008658364370332034
0.007295813132390139
0.0058892816820920214
0.004447460615540626
0.002979251493703536
0.001493711970466031
4.462251373300143E-15
0.0014926825330975485
0.0029751464147076234
0.00443827158538331
0.005873063161197566
0.007270706647689051
0.00862262200837497
0.009920516256842322
0.011156434250421841
0.012322807374817174
0.013412499822263363
0.014418852180572568
0.017436015409443617
0.022727704801344974
0.019859765601521646
0.007213782211184909
0.015915174302552366
0.02702880358735419
0.00970003973098405
0.014072530574494622
0.03260931890471692
0.014389918729334875
0.011119121040159772
0.025366191252362696
0.015195921323861245
0.0023193184370820137
0.023592190784152808
0.023939847965140152
0.015301840377878129
0.0143411135430796
0.013332175107214171
0.012241651830631757
0.01107630343981294
0.009843346313625502
0.008550408863444135
0.007205484406092899
0.005816881820237737
0.004393174290422235
0.0029431464544575105
0.0014757402795312386
6.877912684625655E-15
0.0014749835446324867
0.002940128829365322
0.004386419477507428
0.005804959666126902
0.007187028762772745
0.008524134858660222
0.009808066870151233
0.011030944889172726
0.012185268474427503
0.013263962587797181
0.014260420895059318
0.017594804165816474
0.011971796847224679
0.010388747660934684
0.030611228003128738
0.023739386499563492
0.03358773679588511
0.02225545186216733
0.01802175074803176
0.013852063675664026
0.017561843781114063
0.020984468936608082
0.034545619146761235
0.0241853139674155
0.027788288178880252
0.006280996665376826
0.016205154010632043
0.017582301900551794
0.01420583662689066
0.013207562550501014
0.012128285123690552
0.010974681112940372
0.009753882125003922
0.008473430582417158
0.007141233191064345
0.005765512186415051
0.004354754658455065
0.0029176602675216714
0.001463087672363715
4.129057544952224E-15
0.0014625903074105948
0.002915676929882292
0.004350315050562064
0.005757676340101517
0.007129103207225134
0.008456161982306903
0.009730694707836322
0.010944869218241834
0.012091227201863902
0.013162729950769073
0.014152801518092513
0.013798619405502305
0.012156997619891835
0.028003547558344534
0.02630119282270584
0.010191176364865542
0.003226872943189409
0.028569686295628303
0.02718340424059213
0.01857247586264138
0.027246513538694974
0.028688138236629645
0.005688237686498109
0.01056988348338844
0.0277342778672424
0.026513540588189718
0.008011614429488887
0.01474886230953829
0.014120420498245204
0.013129271780954032
0.01205742301399888
0.010911491925412171
0.00969855077960199
0.008426082790693807
0.00710193601915279
0.005734275035348275
0.004331530647313731
0.002902348001853612
0.0014555333780358044
3.228368292519029E-15
0.0014552867977873764
0.002901364716140485
0.004329329608803631
0.005730390233530915
0.00709592230063629
0.008417521487012159
0.009687055090152795
0.010896712005363619
0.012039050719153531
0.013107045024550134
0.014094127177922177
0.01458602555081218
0.024003896909011703
0.015263175415511166
0.009359613890257135
0.02346823081295644
0.03144867907242571
0.01389270010954774
0.01547041041216656
0.02047113222929342
0.015977702376641013
0.015132741738019321
0.03015638410010012
0.022458709227124455
0.013457033212329484
0.017062599599927203
0.02162983673909902
0.014689415304517214
0.014083394332787423
0.013095955155908228
0.01202784616457904
0.010885648950797818
0.009676400843694765
0.008407551610464418
0.007086917623863319
0.005722633777814075
0.00432310344645641
0.002896946794167424
0.0014529477539661551
