1.0
0.9989725854527273
0.9958941397184439
0.9907760398146886
0.9836371918337657
0.97450394781685
0.9634099899352742
0.9503961825331777
0.9355103927392254
0.8730467235125892
0.8365327312798589
0.7621940987619744
0.7042951566707296
0.672845210069093
0.6852192665450655
0.6768751049013677
0.6324597955422623
0.5942040301547278
0.5640591063093681
0.5692763684176956
0.5466550875399986
0.5063731458655119
0.43937415040407046
0.4086056828309827
0.3872586595533255
0.37016201089643863
0.32333873233512916
0.25774361186485767
0.23241764316802047
0.23360061221405307
0.24535778630095487
0.22749754556578308
0.233956776758983
0.2016731299197529
0.17008068053330877
0.13927376632762709
0.10934235931995448
0.08037172439209686
0.05244210162743641
0.025628413765297047
0.0
0.024379622781927058
0.04745297037168223
0.06916877240348777
0.08948212364992551
0.10835460493099829
0.12575437327165512
0.1416562210946541
0.15604160438810735
0.20355596728293063
0.22789136545378733
0.28183740206059565
0.32137021688622674
0.3302878221455527
0.29705569995620823
0.28957567363480935
0.30498627655406246
0.32359737067230493
0.3305958888311716
0.2995193379739035
0.29063318512163067
0.29144712093362335
0.3136313068781978
0.2969514474172496
0.26775325610637396
0.24521642892102544
0.24207411640134163
0.26835727853493285
0.2562429417311199
0.2150073681813924
0.16381872868916222
0.14120362716384915
0.10413347464621547
0.09130375337943691
0.0782643459277996
0.06509537670314726
0.05187566279556028
0.038682351000812056
0.025590567982649304
0.012673085182488514
4.281552889376827E-16
0.012361565328205636
0.02434774582752999
0.03589819564672737
0.04695632858088918
0.05746953627456722
0.06738938324713238
0.07667177800935343
0.08527711967004825
0.09680782723236067
0.1084333770567054
0.136633217474534
0.1301674622375552
0.13083342150906202
0.12628224381286318
0.11126561986686184
0.1275135196094931
0.12443113463774094
0.12448497392328087
0.11800577173563886
0.11020821420615028
0.11796629825237409
0.12504347853174036
0.1235963215893482
0.12409931995527934
0.10570470192890344
0.12045919853710724
0.1263234521625332
0.12831154096968056
0.13847902780023932
0.10540165040253681
0.09272272316497582
0.06711710121238121
0.05913896231121425
0.05093822132600455
0.04256756538062838
0.034079781627453246
0.025527457685863106
0.016962687462071226
0.008436783880033733
1.4478604217579317E-15
0.008298740059596984
0.01641209904919227
0.0242945720909169
0.03190271856496016
0.03919537927375496
0.046133877870154175
0.05268220563223813
0.05880718876800649
0.05758990511702831
0.06238400891341933
0.0846158783830273
0.10221431310520697
0.09458935198909216
0.070764037175636
0.08769722687871695
0.07960784084206675
0.10748402223530211
0.13388799334421664
0.12607988901013661
0.12857084429019228
0.12343898794948466
0.12758621294609304
0.09779913359543999
0.07200196174786958
0.08394175580847155
0.06580021913804827
0.07489542292026187
0.07762575333163786
0.05915226432704367
0.0409156984359467
0.03680194221502772
0.04963964052493713
0.043842373363554725
0.03785067190997232
0.03170319158088242
0.025439031390897718
0.01909749911995441
0.012717877975441274
0.006339196069147054
1.5740099226506404E-15
0.006261866202462587
0.012409475561786886
0.018407024902625108
0.024220032755731435
0.029815527373658942
0.03516222387760834
0.04023068962729656
0.04499349698177926
0.08329342450868778
0.08890406405096857
0.11800913423236689
0.08574228447538795
0.06747510829851994
0.0662970688250422
0.06224494705886909
0.07158768708777555
0.08696376475429667
0.11346630628061612
0.11754184542999871
0.11160462633130173
0.1172112703796387
0.11163103964262479
0.08215262118954844
0.0646319324334159
0.056687148242305106
0.05645270755172158
0.051059331149145286
0.07040661376928128
0.10667548066581893
0.07961241584136305
0.07699268477032493
0.03948997423526455
0.03492661100534979
0.03019487674906553
0.025325216019946025
0.020348602879241093
0.015296350844886496
0.010199922616160104
0.005090740693765637
1.9652617439448342E-15
0.0050415164172295844
0.01000361754009123
0.014856879372911545
0.019572813786122422
0.02412403027178697
0.02848438971977522
0.032629149377752076
0.0365350982167691
0.011696091817670475
0.019040737907663755
0.0020230087791817636
0.05403285709464226
0.08152601474199495
0.12216031401000249
0.12326959105508396
0.11031199569077463
0.06465457699676591
0.04170157952862902
0.04281022519669912
0.051298438278302945
0.04124001528881579
0.039575775708382714
0.06780114321016445
0.11563280191638473
0.12746949087135961
0.12926059085037248
0.08805537789405674
0.05999782777268903
0.008793239963702041
0.02478622787403738
0.019444879787680322
0.03287863137833256
0.02910609616760719
0.025185915879488267
0.021143214447609415
0.017003654284084416
0.012793277347069278
0.008538345181071858
0.00426517889045732
1.4351495384163564E-15
0.004231226855952905
0.008402948491873239
0.012490174076164068
0.01646862151045656
0.020314858443546503
0.024006437118552083
0.027522022293950166
0.0308415115259688
0.05426244073943572
0.04767991786698872
0.06674170617606194
0.03173047806385052
0.02832885598563893
0.044715047060361
0.0385155269306716
0.033364428298960205
0.01650543403083479
0.06455516536173277
0.09150151872581247
0.09479813400225764
0.09059515697625534
0.06183436809064536
0.011381137827970912
0.035042325122279276
0.0380762584537642
0.048427901705994
0.039145577666307364
0.03673037637509829
0.05846834306743775
0.03871796805881741
0.044560899175081645
0.028245407809627848
0.025021011314592567
0.02166522776058726
0.018199480544475347
0.014645715469341817
0.011026264246839841
0.007363706582084403
0.003680731678742533
2.3578262132501095E-15
0.003655993885694861
0.0072650565569707575
0.010805428289307894
0.014255912122851117
0.017595998694536784
0.020805986110944384
0.02386709417238722
0.0267615722969457
0.03390192136717528
0.031958988159157445
0.018505773411808465
0.06564695990966866
0.08423719073049397
0.12333372010823966
0.11446573049322836
0.12273671193914247
0.09496374091047274
0.04794741013490635
0.015407728043235818
0.008646835715390074
0.01592361340889734
0.049027441619264846
0.09517087546645234
0.11927998586283613
0.10728646443755123
0.11529301759490466
0.07629273810229728
0.06090557030300528
0.01724472283286119
0.029976178786863573
0.035462877690289996
0.024830357014183346
0.02200678902194828
0.01906471839956776
0.01602286105365533
0.012900431665655762
0.00971702395310776
0.006492489323494426
0.0032468146625341658
2.0265479366206455E-15
0.0032280632073143586
0.006417712443588686
0.009549632433255902
0.01260497066822519
0.015565449480289956
0.018413474000506837
0.021132235375585166
0.023705808643464603
0.022250448272659314
0.030908151953381136
0.04717472893499621
0.06163129524198505
0.0661659364076306
0.05527914529276235
0.034684991118187666
0.04824351302225205
0.03787787365928147
0.026139368617906857
0.053514058542794556
0.06245751242208171
0.05265243803077854
0.02599192620325054
0.04045117584410507
0.04800376933552637
0.03406109516836107
0.05304069407333751
0.06609788744866425
0.06327416421562775
0.046055983471424214
0.033264022233275854
0.017597550693494387
0.022219107024003697
0.01970021036209058
0.017073170655951195
0.014354647114386509
0.011561772961431606
0.008712048594942672
0.0058232330499858485
0.002913234433607633
2.5487023091889994E-16
0.0028985934652989032
0.005764848289295978
0.008581352929303412
0.011331086723559819
0.01399752175036334
0.016564721191943153
0.01901743362329329
0.02134118267356616
0.03110370097033975
0.01610902518886591
0.016306857839696837
0.024862584484805883
0.02163803332260832
0.05536862444562923
0.04462602284946402
0.06965499055507822
0.0744918772903404
0.05431413015502175
0.031149028008646468
0.026973239642900274
0.03126991274909028
0.05378107058508042
0.07144370653175107
0.0640115549471719
0.03771199126201509
0.04664541736511971
0.01012145285071825
0.013916697110076487
0.018778428610330737
0.011690846828688912
0.027382146834383052
0.02016655638883122
0.01788605536620142
0.015505857279754698
0.013041013712286616
0.010507026791997026
0.007919752519499978
0.005295302366411829
0.0026499437508135395
2.080616588920046E-15
0.0026382495895488924
0.005248668987354376
0.007815363359245675
0.01032277510272764
0.012755777411734009
0.01509976481213843
0.01734074013054894
0.01946539738242321
0.01881650143378525
0.03713769548904143
0.03686553798603335
0.04852394771337642
0.04471153082826559
0.02780435169010169
0.03004759517504629
0.0323013101462185
0.05355976216634626
0.04025403013489277
0.03481378896389389
0.03357226775883465
0.034847796176942905
0.040884314443155975
0.053280291246608304
0.029739784596546238
0.02911250192769876
0.022536558145048596
0.03731336853623922
0.04073549444257197
0.032654408843213974
0.03572757496982758
0.020408480509629512
0.01851851851851839
0.016428752422942432
0.014246258644900015
0.01198480398314368
0.009658584444420972
0.007282136745888621
0.004870248084483618
0.0024378647295422652
2.51184279086087E-15
0.0024283578107836125
0.0048323370015065
0.007197272964717611
0.00950879707671206
0.011752923439941738
0.013916132957617533
0.015985454238324537
0.017948540849474524
0.018684186933202618
0.01718026938742086
0.024650798896414413
0.02670546905078687
0.03678151624081274
0.04289452985337946
0.04559415333761803
0.04218019351234653
0.03215404535868606
0.034094313162535944
0.026217599851234667
0.0306332178764971
0.0258846829653732
0.03283790146216496
0.029653509241421846
0.04266064603399729
0.04888505544550555
0.04525760124960936
0.04146446043672847
0.03375947775816606
0.02401249726100716
0.021085429155039196
0.018147739362830623
0.017173209640040436
0.015238710305112297
0.013217291849715937
0.0111216762782258
0.008964995797929639
0.006760710998605057
0.004522527309873047
0.002264310251771881
5.6394450327990985E-15
0.002256474210774345
0.0044912793225894065
0.0066907628099800494
0.008841535644208528
0.010930553364366859
0.012945194766963906
0.014873337741865824
0.01670343180137206
0.01945585842024182
0.024384454175375235
0.023270619046715433
0.004695845628306586
0.003000362531380512
0.009705768318871091
0.015210263583499006
0.014312402232152526
0.04067664215783258
0.040960344260246646
0.04348907434042735
0.03496666254209213
0.043700142648946755
0.04038666138211247
0.03937487083875369
0.014434431749457204
0.012258131035689342
0.011850892169921965
0.00540735231593004
0.00551599555578989
0.024063869656011743
0.01953860830789666
0.016961465619441198
0.01606079112866322
0.014254402945590482
0.012365975136843111
0.010407368373054594
0.008390836793720033
0.006328951709567503
0.004234523600874442
0.0021205228934391123
2.3447960256642277E-15
0.0021139948823757668
0.004208491728058607
0.006270679904199416
0.008287986175754429
0.010248151021480864
0.012139302799507899
0.013950029315996938
0.015669446367278513
0.02332536632912194
0.026193333638123702
0.015723248788803143
0.04564057198785518
0.03976846108111079
0.04037835327398813
0.051452063237056346
0.040926053145289874
0.019943220158849213
0.020265335712733524
0.009418658258911044
0.01851851851852121
0.008987421898418915
0.020552254804814367
0.020087149183029212
0.039407133651324894
0.04919981356770858
0.036983387675178454
0.03557174194312266
0.044622489098964525
0.014594342356015137
0.025318326832174387
0.0254184031335344
0.015131808464320762
0.013432231125052194
0.011654737426114878
0.009810470346245303
0.007910951711347881
0.005968010510533432
0.003993709529245062
0.0020002707528309007
1.2929330967606949E-15
0.001994788750871986
0.0039718488790462985
0.00591907602093784
0.007824581895459993
0.009676766606716394
0.011464388985835537
0.01317663454716785
0.01480318064946758
0.007144481243479177
0.012353823947344088
0.029430956992882246
0.02947082834186501
0.02115344629490225
0.017442605515312366
0.009613238192470593
0.020494862361314467
0.029954038005799034
0.02453946444258992
0.04534237036416072
0.04578233569658603
0.04520911399936918
0.02373410783164169
0.029893859277039553
0.020779622238761963
0.012087287579358792
0.016722171023609657
0.021534119380971044
0.03235450642353298
0.029332671559775866
0.013968276942784474
0.004705958677843135
0.014350319253917382
0.012740489276203448
0.01105624082002635
0.009308114012788422
0.007507015135156429
0.005664148820683843
0.0037909485941341517
0.0018990061775873922
2.3313433083923243E-15
0.0018943766504787836
0.003772487390705292
0.005622823984443744
0.007434076627061215
0.009195202845305206
0.010895494593685462
0.012524643141228533
0.014072801356567643
0.026675691319354676
0.017711336667074258
0.02595879752388046
0.030197351874348004
0.020955530413303426
0.029369047229327802
0.028125004650605617
0.025189020697828367
0.015725058536849055
0.030124238543272962
0.009887260364408214
8.364812433361574E-4
0.010201489577432577
0.030436062891174807
0.015090214735244413
0.02489342687546737
0.02575391508345506
0.031448687562654974
0.02286420889696281
0.02556224941616382
0.03018883568655373
0.0153248538298352
0.02525195989954074
0.013689633232425738
0.0121556218649954
0.010550164881395527
0.008883293100558421
0.007165392548760946
0.005407139946447817
0.003619436553903608
0.0018133407843672815
1.7865332519286037E-15
0.0018094180900280464
0.0036037940082459283
0.0053721246444710805
0.007103590532066091
0.008787621854598448
0.010413962781399782
0.011972733741573892
0.013454491259361023
0.012492836412101789
0.018519287251120457
0.020222073556153505
0.03220859823377478
0.01162026409597028
0.004354205939519439
0.0206678563743269
0.016810923564347553
0.03113929666376779
0.020455806660678873
0.035425505411329924
0.044058141198017
0.035112879181559184
0.02086046580440739
0.031022054338211917
0.01580759311322978
0.02071084934077611
0.0026311015402499583
0.008013410884069136
0.03020767330611721
0.015593455808883723
0.018245398099225874
0.01581058757286424
0.013129576318169335
0.011659817132510724
0.010121138014667717
0.008523137976572503
0.0068757618774487475
0.005189238702483926
0.0034740182182248194
0.0017407063958169448
1.1063685635259847E-14
0.0017373792535273621
0.0034607505683617885
0.005159539561488636
0.006823342980654618
0.008441992249947258
0.010005615456479414
0.011504697400994895
0.012930137348570707
0.017486425608182792
0.017496229504025473
0.03693865602728537
0.014525629579888266
0.034104162191767144
0.03744919286654864
0.02033514013023539
0.029989353259022432
0.020907828727108214
0.028995539165108542
0.018081205681194326
0.017242837407034427
0.018152844332340563
0.02858864909824727
0.022297560397717187
0.03010577183048147
0.020189923723218872
0.03573720697344498
0.034097727091366006
0.014592465656662883
0.035988655724659806
0.02009529021815104
0.013747553127356036
0.012654679837936512
0.011239413419893943
0.00975736646651018
0.008217771418257877
0.00663019864821269
0.005004497115001379
0.003350733407392865
0.001679129556641716
1.493212065602674E-15
0.0016763119168671787
0.0033394975084871767
0.004979345999425012
0.006585807068182743
0.008149052303009394
0.009659535194485206
0.011108049299680652
0.012485784224259241
0.020456602349144152
0.01162833593884342
0.0029660530270371084
0.022262142004341515
0.012253823748419386
0.0235892757905692
0.020074249882029684
0.01227392698259353
0.023611005867239233
0.02733871687123721
0.02571657270217737
0.03055198089713889
0.025607725628861665
0.027435797546426163
0.02256614294053569
0.013331665289681745
0.02052008649552696
0.027509880061472404
0.015246646767044639
0.021219979452784258
0.006750930882554488
0.008247434766470031
0.02045120320627894
0.012252950983889769
0.01088381640247885
0.009449702303214857
0.007959530298463446
0.006422553345596229
0.004848298416958414
0.0032465075731296453
0.0016270778027919527
6.261347747779553E-15
0.001624702545491821
0.003237035767174882
0.004827096171890048
0.006385131545156381
0.007901600640535826
0.009367231488448577
0.010773077968526286
0.012110574301543256
0.0072419277447897
0.0246507566147222
0.024685654877431427
0.016226606445291735
0.021646984462063736
0.010952391119496172
0.015490247842281875
0.02062135652550972
0.03624865592234851
0.01977507946402391
0.016650170450596555
0.024425430076889635
0.016534617536402223
0.019466488252989324
0.0368269448481489
0.018766958848200697
0.014521436031091092
0.005586574143974816
0.018049345683125967
0.01615999856454545
0.0206151330694835
0.024304725649722036
0.00807177223734679
0.011915019650557275
0.010584747402748701
0.009190996056047005
0.007742424727151796
0.006248018519871926
0.0047170329024145054
0.003158936495766897
0.0015833526258778173
9.306030103552596E-15
0.001581367127955484
0.003151018935387207
0.0046993097840535335
0.0062167373821047315
0.007694000992685889
0.009122058333475966
0.010492180819400676
0.011796006812017366
0.01671851789575545
0.006642953103840512
0.014242366092232464
0.018728336420344445
0.02007437802482811
0.041765381592939514
0.02449737593260359
0.0257988618916609
0.007253846275390306
0.024187458622126196
0.026176021655274124
0.01782682969737831
0.02624955568704455
0.023840463031152236
0.006011489212984073
0.02683761536588488
0.02455934561243807
0.04224009639568768
0.01882263225609044
0.01774853113389828
0.014015378091545688
0.009471032173843494
0.014700622446870537
0.011633535736647658
0.010335712165394487
0.00897563904764965
0.007561755518894222
0.006102822496019448
0.004607868489189134
0.003086133828987021
0.0015470136525565312
5.912161491230752E-15
0.0015453766227140691
0.0030796058553005483
0.004593255909146823
0.0060770314496971945
0.0075218305803077855
0.008918800579132143
0.01025939204803223
0.011535411143223913
0.01221101972429567
0.01832734121178633
0.017891913670161724
0.017533472646922857
0.019462876202444437
0.026706202392036093
0.013180804861819596
0.013051948112187736
0.03631049464834177
0.020033651508055212
0.013096798007708564
0.019956915393910153
0.013095176252239901
0.020260772830297202
0.03579639849151409
0.014290388133573135
0.013846940020426059
0.03013808371686803
0.022008448105731625
0.01863969092596159
0.020480757080176517
0.015707598340579214
0.012713053467481722
0.011402737382909357
0.010131620185264952
0.008799235330309461
0.007413839913167799
0.005984009696895947
0.004518586115973853
0.0030266216949506987
0.001517324219014355
1.9468344479402725E-15
0.0015160034130017436
0.0030213547264735545
0.004506796245605157
0.005963200715943382
0.007381627315086021
0.008753376451613335
0.010070043035636154
0.011323567895693868
0.012773793373996617
0.014368208917300417
0.006377435336300814
0.013542265287963753
0.007750006208806438
0.03186903134409226
0.02014279453739803
0.029707354450242755
0.00698572225753786
0.01891257162708719
0.027411401625332704
0.02399911352609777
0.027377099169728483
0.018857755701348504
0.007664289670425149
0.029411948007887104
0.019283594055804276
0.02825121365559107
0.008501807945640849
0.013518628550036875
0.0035380678810592752
0.01419613273144211
0.014057896932134339
0.011218138743400644
0.009968509378496115
0.008658364370329748
0.007295813132378002
0.005889281682079754
0.004447460615530066
0.0029792514937067075
0.0014937119704684066
1.093237538759465E-14
0.0014926825330918575
0.0029751464147055
0.0044382715853863355
0.005873063161209811
0.007270706647699692
0.008622622008377054
0.009920516256843153
0.011156434250425932
0.00999272139322374
0.013695380988257535
0.026749893860903602
0.022213372579615746
0.023452291960896
0.033079595718628736
0.017425957579169683
0.02324492454797613
0.02870379219378873
0.022727286593015466
0.016435904040457833
0.009200298192007222
0.016556523006533454
0.022706636435646722
0.028259678840234018
0.023615897393901446
0.017444063011076146
0.03098337708062771
0.02093194763505651
0.022221441699801822
0.026689524652544698
0.015388027846496052
0.007792558395165053
0.011076303439818108
0.00984334631362155
0.008550408863448282
0.00720548440609049
0.0058168818202308376
0.004393174290425423
0.0029431464544607436
0.0014757402795396778
4.68110225075313E-15
0.0014749835446459048
0.002940128829364202
0.004386419477504292
0.005804959666127676
0.007187028762761857
0.008524134858666465
0.00980806687015488
0.011030944889168332
0.018583603639694527
0.009281680288335268
0.010576327409321315
0.017810903587110183
0.02549348209429233
0.014592540226210059
0.01798364109505301
0.026040948390072007
0.012808477956282241
0.020517727306500987
0.024115695359954455
0.03148349872271918
0.024009186340079022
0.02062230743995081
0.01310950018832391
0.025880720401450053
0.018320844577274814
0.016146488220998945
0.02832420686567763
0.01877927087438374
0.013051184164280657
0.007607164471312871
0.019527502030247133
0.010974681112937935
0.009753882124990862
0.00847343058241196
0.007141233191081645
0.005765512186423361
0.004354754658465763
0.0029176602675280295
0.0014630876723709008
2.3889672909812273E-14
0.0014625903074047724
0.002915676929892249
0.004350315050565169
0.005757676340105165
0.007129103207219714
0.00845616198230227
0.009730694707835925
0.010944869218239252
0.005847108651953536
0.01974109515420398
0.02139001279814106
0.018858099718091968
7.966378372738507E-4
0.01817391251545779
0.015493475888137313
0.024292045262720968
0.024490481908653494
0.02080761525288831
0.01987081465043562
0.016435680411023133
0.019912274666713164
0.020715435261708305
0.024186228956057758
0.024381457758139817
0.015370401649271887
0.018328524806655637
0.006214184333051401
0.017911059932423517
0.01949559083394039
0.019768416951785137
0.00854030712310481
0.01091149192540627
0.00969855077959824
0.00842608279069518
0.007101936019151011
0.005734275035344204
0.004331530647307831
0.0029023480018542263
0.001455533378035347
8.140201113047872E-15
0.0014552867977843753
0.0029013647161428473
0.0043293296087996164
0.005730390233521167
0.007095922300630808
0.00841752148701013
0.009687055090157033
0.010896712005371654
0.018167839483293993
0.011955465994122234
0.016678802643094376
0.01874733904928633
0.0298283606691619
0.025749760406842716
0.01835301159838693
0.025852072269493723
0.0182729782669129
0.020807519622044537
0.020976606781130325
0.028576024351802048
0.020938454148027856
0.020749462325414948
0.01879184380501088
0.025789019502516466
0.017895588171104017
0.0256754715556213
0.027390695775384024
0.01807731819854976
0.0167740232300947
0.014762504255637616
0.016184758481052094
0.010885648950798193
0.009676400843696543
0.008407551610461587
0.007086917623863201
0.005722633777811889
0.004323103446460758
0.002896946794170383
0.001452947753963715
