1.0
0.9989725854527248
0.9958941397184421
0.9907760398146849
0.9836371918337629
0.9745039478168462
0.9448950521662132
0.913376729458014
0.9077550648923619
0.8910383019589857
0.8174978727104942
0.7610856334837544
0.7130553715084842
0.736543600366961
0.7125451869263758
0.631542911563743
0.5833575669024684
0.550172453781841
0.5546803301875295
0.5316183472263845
0.4930006416943931
0.4726452371582968
0.4390833890551367
0.3830716399962014
0.3595559827520131
0.344606180000774
0.34847127276853884
0.3147753222153379
0.2368683367005972
0.22358766667868635
0.22179604019407767
0.23916215793466453
0.20656469126494434
0.1650563303128075
0.15168618067598427
0.13927376632762636
0.10934235931995433
0.08037172439209649
0.05244210162743602
0.025628413765296294
0.0
0.024379622781928036
0.047452970371682286
0.0691687724034879
0.08948212364992723
0.10835460493099694
0.1440873812008643
0.17799031740909876
0.18312600205394206
0.1964284109884645
0.25469595877234324
0.2916775602730168
0.3121439690383699
0.2693100769865766
0.2716498256563062
0.2783090912562211
0.2836366026895744
0.2837710167769794
0.2662125282200559
0.27095975954578394
0.27574488478477865
0.26013950465452507
0.24243396090456149
0.2428955206356671
0.23015231464708436
0.21717706480771054
0.22011782648836287
0.2101301496752426
0.24658551806498033
0.2296250280382942
0.19623836252710383
0.1439384822614229
0.13044139534656493
0.1267237268413753
0.09633110934107988
0.06509537670314804
0.051875662795561495
0.03868235100081215
0.02559056798265007
0.012673085182488206
8.898564541160572E-17
0.012361565328204
0.024347745827526905
0.035898195646728005
0.04695632858088857
0.05746953627456593
0.0497956738712759
0.043162984476962055
0.0609377736860378
0.06632973754530358
0.06740126284489681
0.07820120244570142
0.09090953031564418
0.10410839246146544
0.09690037967267397
0.153326286628226
0.1597342435537522
0.15174014375844597
0.11562675043821244
0.08621742459044421
0.07189687570262983
0.08064401801024852
0.10468560040447591
0.1370792933937004
0.14242299834647834
0.13619579762805045
0.08165072981639118
0.09138167935113128
0.0829902034452659
0.07530101428593257
0.06524254838580647
0.04854015130567875
0.0452363299526732
0.028671271305389417
0.034189822828895565
0.042567565380627614
0.03407978162745222
0.025527457685862134
0.016962687462070122
0.008436783880032162
4.125494918731421E-16
0.00829874005959609
0.016412099049192008
0.02429457209091779
0.03190271856496298
0.03919537927375638
0.06346923352274822
0.08522870021894884
0.08249286454517336
0.09063774609945244
0.11004825922406225
0.11452766954249398
0.10548392827626771
0.10033266943406476
0.12896023282092206
0.13052367683349256
0.13782757451916186
0.14510874853981548
0.16689089189172565
0.19166216097897093
0.204071761332692
0.1917416752580216
0.16756618424868058
0.15095041475395268
0.14864277492262823
0.146847947857698
0.13327368496222444
0.10410917574183405
0.09241250481073342
0.09441968611389467
0.09136791954361032
0.08079850076080028
0.0719288168107615
0.07460339986800928
0.054687103102458966
0.031703191580881966
0.025439031390899224
0.019097499119954984
0.012717877975440986
0.006339196069147785
8.259740356792416E-16
0.0062618662024634284
0.012409475561784523
0.018407024902622516
0.024220032755727903
0.02981552737365205
0.020970514586181994
0.01916142060905898
0.03110719678019068
0.025384839677808756
0.05979057283207172
0.049850040060327845
0.03335197845547089
0.02543647382877226
0.009893988517806011
0.038273819145481204
0.02422997549063393
0.03583652210024148
0.0911237938472237
0.1132103892787326
0.1131305800686516
0.11513383239655077
0.09567432916962879
0.04367653451163034
0.033797233284127266
0.043899491002652946
0.021614147537934173
0.01735156668886921
0.020724329102010886
0.03946507270510779
0.05565938953418684
0.02097261359142985
0.029383069830671286
0.01860277653058528
0.017902903317070125
0.02532521601994462
0.020348602879239373
0.015296350844882702
0.010199922616159344
0.005090740693766654
1.3874004453493292E-15
0.0050415164172279685
0.010003617540091974
0.01485687937291301
0.019572813786124858
0.02412403027179124
0.044235504375923156
0.059009584014363556
0.055102806419819364
0.0639393956277522
0.05139685451456666
0.06871236427177234
0.09430212303039846
0.12618649733992082
0.13059388498744873
0.1470723779656995
0.10736908852552426
0.08292470576074255
0.04240177012083973
0.062464382001797006
0.06579464577531749
0.057506766138018126
0.03275700718058159
0.0725292878279654
0.09303205039387843
0.1327118770815919
0.12145015933458962
0.12330302392245644
0.0944983727326132
0.07051171104478218
0.04396312800477628
0.05942134807491486
0.049699696902775425
0.05311691305339017
0.04027907019346699
0.021143214447609367
0.01700365428408385
0.012793277347069814
0.008538345181072665
0.004265178890458088
1.313963535934396E-15
0.00423122685595511
0.008402948491871667
0.012490174076165303
0.01646862151045613
0.020314858443544602
0.015768554262871562
0.018899234200410356
0.028582940678086918
0.014794251995447172
0.0383078219851874
0.0078021355708777045
0.013330091060777345
0.037233729431476355
0.05155700231393893
0.0586985470078169
0.03903502661370362
0.03835468787686737
0.058911757419672466
0.056254301530842044
0.04975219737079072
0.05251667443027838
0.05282436566256876
0.03269511181767192
0.03216872916743806
0.05244474361985759
0.049432528063796104
0.03867950240537438
0.01692044083561965
0.008370516648033299
0.03184488931862874
0.013719041535556949
0.02868197427466764
0.01895997654656713
0.015616192211738827
0.01819948054447562
0.0146457154693422
0.011026264246838956
0.007363706582083342
0.003680731678740075
2.783263579929873E-16
0.0036559938856948063
0.007265056556973135
0.010805428289310175
0.014255912122849757
0.017595998694536385
0.034561923882411895
0.042596555036216635
0.039281289054632566
0.049986173126640596
0.03947649324082058
0.07458367788077089
0.07050120415917867
0.08118871259828103
0.05781921033824131
0.058836095522739926
0.09478099945807399
0.1037671959366723
0.11055276731173178
0.08509760260558123
0.08597461406698187
0.08532029097906317
0.11130537790162863
0.1062468994547575
0.10119094213621806
0.06437207005775565
0.053834592729982284
0.07164526034190684
0.06155373385740016
0.07215824056676826
0.041004488885967125
0.04701695718962863
0.0354502208343015
0.03809769328683112
0.03204628526676284
0.016022861053657366
0.012900431665655198
0.009717023953106125
0.006492489323494084
0.0032468146625353553
3.7615242674159225E-15
0.0032280632073126495
0.006417712443586669
0.009549632433254077
0.01260497066822296
0.015565449480285388
0.01602269489115243
0.018517267364489425
0.028791775761324866
0.012460930451780072
0.015818782319082233
0.022263797851424984
0.017389357493823802
0.024309915888705864
0.014786453481151431
0.015595417671071251
0.042690711047219866
0.040971328771162455
0.05588616688461816
0.07001461653238925
0.06646832656611922
0.07104253227384098
0.05744249462304387
0.04255268970253566
0.046639119060848847
0.02323561262906786
0.009501027589818098
0.019510671852271178
0.01554905549885688
0.023455354189850303
0.01378674505339694
0.01229216205594893
0.02865650754118239
0.01806695452454849
0.01636510850623471
0.014354647114387059
0.01156177296142851
0.008712048594938758
0.005823233049989731
0.0029132344336054265
5.797563873590956E-16
0.002898593465303822
0.005764848289298888
0.008581352929305069
0.011331086723564218
0.013997521750361248
0.028022586640295263
0.029667602912565913
0.027524227754168632
0.04015421652250195
0.043020069365517694
0.0530740031752394
0.04648388150496034
0.05792992010572228
0.06760702104662321
0.07410588156138559
0.07423639148180565
0.05463757400242055
0.03538479734989424
0.004490640587720075
0.01691223013405682
0.007339636555191893
0.03184424583353806
0.04945674174303506
0.06528217161959148
0.0670437405036829
0.06736972072883476
0.05855831995232857
0.0481663481677901
0.046698656083710675
0.04181913486575998
0.037817878595671005
0.024493193974446385
0.026046072099662802
0.026103319812641666
0.013041013712295421
0.010507026791998749
0.007919752519506353
0.005295302366411477
0.002649943750820334
4.883690554790029E-15
0.002638249589545955
0.005248668987356322
0.007815363359242081
0.010322775102729529
0.012755777411731273
0.01697356872103631
0.016835521701021625
0.0277906852261601
0.012136532066825412
0.0190812504991118
0.01847984129290475
0.004798956420666137
0.015978808183756025
0.02634779453261883
0.04181411936431165
0.03491666628877853
0.0153331847374801
0.018819175855497826
0.02718927454479004
0.03922401282840857
0.024821904095953046
0.015451110933151916
0.01127639035835392
0.030193928620417816
0.039117026404656745
0.027920039988498173
0.017439188721165504
0.0016114187911259706
0.015316932658907352
0.021663605559808063
0.012129015953563915
0.02718193350965935
0.01617686429486695
0.017239173478340097
0.011984803983151174
0.009658584444417667
0.007282136745880755
0.004870248084481929
0.0024378647295385113
3.1736265853467194E-15
0.002428357810785318
0.0048323370015064745
0.007197272964720242
0.009508797076710405
0.01175292343994197
0.022854789178980518
0.019619397669134467
0.018225956954925484
0.032158737681314165
0.032611971662296436
0.036634616395131256
0.04665038560294076
0.048585635411910015
0.04304555397000852
0.02986232485362954
0.04630191318398588
0.06290023347919863
0.05708834609446361
0.06504889986774184
0.07343328589499676
0.06426209780249466
0.05604212695279695
0.06277001391497355
0.047648810414337904
0.03476127275652034
0.03847547531479775
0.04481081305393179
0.04248896414934835
0.037669153469893184
0.028228193542297463
0.0301719678603537
0.01591558935042031
0.017193917086468495
0.021235747877663386
0.011121676278226066
0.008964995797924551
0.006760710998607638
0.004522527309872788
0.002264310251767726
3.7216386040124784E-15
0.0022564742107764484
0.004491279322587895
0.006690762809974307
0.008841535644204599
0.010930553364364526
0.017573751752284685
0.014837204612873049
0.025249089240113785
0.012185693889201458
0.026311960731834214
0.004047395697375545
0.014611409347567286
0.013773159420543255
0.022357669155970844
0.005645255261279497
0.02762923122377161
0.029846527382877307
0.03872561409185854
0.04163928387914877
0.020352592324257023
0.0419313199407914
0.03862261777006791
0.03069603068704259
0.029846655443600306
0.005702800183358219
0.020516728396902002
0.011174911218893776
0.01767470588851187
0.0032587748621036717
0.026602701222769684
0.012238632203734504
0.024223136318429105
0.014246697911192142
0.017662483539153423
0.010407368373055295
0.008390836793716827
0.006328951709565909
0.004234523600870674
0.002120522893439984
1.7397882545303786E-15
0.002113994882376414
0.004208491728062214
0.006270679904202068
0.008287986175755107
0.010248151021482401
0.01841237886930189
0.014024430610665911
0.011659071593081221
0.02530970951846549
0.015183872967623618
0.040607615340474926
0.022344059802214714
0.041726950235559404
0.031033176844684388
0.04146186842487828
0.020739475920843364
0.029465709856235877
0.02497597293001915
0.019959152628195812
0.0414086662499999
0.021308079481878333
0.026800708763139815
0.027967143495481277
0.01876554878213525
0.03744124642255676
0.03000157474498026
0.04314823185334851
0.020629812692261308
0.03927443863718207
0.012501642617030923
0.023607972280927637
0.01046169280264533
0.013503870787115351
0.016974938057571116
0.00981047034624513
0.007910951711347005
0.005968010510533946
0.003993709529254233
0.00200027075283074
1.6538843613516033E-15
0.0019947887508724002
0.00397184887904667
0.005919076020938595
0.007824581895460269
0.00967676660671265
0.017656617861143663
0.013169512086630421
0.02145010032087621
0.012485692043728111
0.02404093651742855
0.01017068401972762
0.02048358933839283
0.01244706310676477
0.01966005615298062
0.020924114265949017
0.0225111906164144
0.02176105221611961
0.011035818132875309
0.010030575004827173
0.009665983076826016
0.009091657227868973
0.011627297018882451
0.021217251885488436
0.01956622698428559
0.020136524615477616
0.02037242602410002
0.015791299376078236
0.01872365244058455
0.0119316511937278
0.02230208878108777
0.01262525082890064
0.020130174000725296
0.012709537666663023
0.01756380846221901
0.009308114012792789
0.007507015135158607
0.005664148820683978
0.00379094859412679
0.0018990061775907723
3.2149136337750932E-15
0.0018943766504770493
0.003772487390706288
0.005622823984444178
0.007434076627064075
0.009195202845308156
0.014439007317011754
0.014131620812803398
0.009484943092366258
0.019534754520134114
0.013951062138251098
0.027170375487079505
0.02489831138446904
0.03633689317596043
0.022507936355404337
0.03057550539988265
0.0314384992124655
0.023756505076624697
0.03376640260142478
0.0354416219823417
0.047973568732124224
0.034668127313572474
0.032407139117385755
0.02247442732817379
0.029543677145179102
0.032441735152105536
0.024043198229451113
0.03138189469201825
0.02462441179672132
0.023035783105636528
0.015522041815018308
0.018166277706071342
0.009782410275934642
0.014918936661383587
0.013142439214465671
0.008883293100554862
0.007165392548762734
0.005407139946444728
0.003619436553896083
0.0018133407843729582
3.8083387122557737E-16
0.0018094180900290815
0.0036037940082440756
0.005372124644468562
0.007103590532061988
0.008787621854596828
0.017232482268400868
0.011789165968898622
0.016853587374391615
0.013113088046457628
0.0163959542305897
0.015676316781404735
0.01481608665670006
0.027107784124791576
0.016249517965957885
0.01181443571267147
0.02552491743690855
0.025708642843661034
0.02181883317579726
0.02207494912839169
0.02157394363534527
0.021891257139027398
0.02105102049273726
0.02542822548913778
0.02759061394585859
0.015407627056413254
0.013853341402830543
0.02780757475515591
0.01746232837267502
0.015933871862053837
0.014989115901044592
0.01333740326312467
0.01540849845294126
0.01132011107291213
0.016972270864782542
0.008523137976571735
0.006875761877440555
0.00518923870247612
0.0034740182182257176
0.0017407063958168056
5.912269426877361E-15
0.0017373792535245712
0.003460750568362113
0.005159539561481726
0.006823342980651478
0.008441992249952695
0.010869088244249099
0.016753396534685536
0.011416253320036264
0.015122952102068788
0.016864546880783978
0.019308727495098398
0.01372975501001433
0.010181939285996875
0.0325535502854958
0.014414267325483612
0.029958141580326843
0.02635159971473533
0.029717023642127294
0.02926018638363898
0.023449933777620686
0.029532950969955285
0.029600705780018322
0.02686720158789387
0.03444793870661458
0.009262223442546898
0.03119199061845607
0.012594654680206855
0.010113906027179301
0.0211930326332966
0.01586994407046526
0.014215247104862286
0.012279232605678266
0.017533725155376937
0.009727425010460275
0.008217771418260564
0.006630198648216608
0.005004497115003054
0.003350733407387145
0.0016791295566416585
3.940022849863461E-15
0.0016763119168724727
0.003339497508494039
0.004979345999422574
0.00658580706818239
0.008149052303007782
0.016346133356494826
0.010187130891755476
0.012115347896389777
0.013992680990646303
0.015776877077393833
0.013282060290313478
0.027475457419476188
0.02219119272037565
0.013344710622403813
0.03646990231425435
0.018471738085284475
0.01889254986209988
0.0327460279819228
0.012767980105989282
0.02446440810675812
0.012886839580341423
0.03384030635874063
0.019809921625723897
0.014565951588654962
0.03654941807208762
0.016672309951803695
0.019864258733438427
0.027699881107553507
0.011716435837329864
0.017469362658935887
0.014251059880651312
0.010818353168195674
0.009537019377681383
0.015936135898067815
0.007959530298462842
0.006422553345603926
0.004848298416956973
0.003246507573135632
0.0016270778027890598
2.1181838444334777E-15
0.001624702545491708
0.0032370357671740214
0.004827096171893551
0.006385131545146637
0.007901600640538155
0.0078067894528266344
0.018650127457967482
0.01421262658196175
0.012571378082113399
0.009693199831017416
0.024530389955276826
0.011563628843880512
0.022058357434705463
0.015557908628277764
0.041291448672797895
0.038042544526760015
0.021097803063329427
0.008261310338541687
0.029845923356575155
0.023794122058021786
0.030194040709252586
0.01074814225423797
0.02230305306660343
0.0338008614083785
0.04410938387345345
0.017024146225277578
0.021224349612011473
0.013531029678843922
0.023470366146888213
0.007577366345996384
0.012241713456953254
0.014925188985395875
0.01889102091896123
0.006916342397846188
0.007742424727150358
0.006248018519873331
0.004717032902419809
0.003158936495757959
0.0015833526258628714
1.3786019558564602E-15
0.0015813671279500704
0.0031510189353869088
0.004699309784062536
0.006216737382105032
0.007694000992686343
0.01504901489974382
0.007950578006505761
0.008429252726773606
0.014902103757758
0.02300245423487045
0.010341544167304744
0.02013597098464645
0.017750235095091903
0.02607124860845191
0.01251902621638564
0.02293426397492198
0.027395394304740327
0.018685415502086224
0.007913121264931643
0.01837444647675833
0.00867899036294995
0.016292775843379934
0.02643939356704104
0.02516672947070339
0.006866911611739058
0.025043715747683836
0.0194776038882058
0.018358635207524426
0.01239694923494552
0.024323649502782062
0.015122014578833205
0.00784089973483261
0.007097481527894971
0.014508089019326794
0.007561755518890555
0.006102822496015534
0.0046078684891840945
0.0030861338289897176
0.0015470136525578511
3.692122519247833E-15
0.0015453766227149508
0.003079605855298756
0.004593255909146703
0.0060770314497053625
0.007521830580307564
0.005662617411510021
0.018722786877976013
0.016181509928389074
0.012071142662338994
0.009895247972912118
0.015377808563896936
0.01356903154023097
0.01619125626272062
0.03419112899804444
0.027674476014454857
0.02553056279503777
0.03841992042053039
0.030981481910451594
0.029472987652822417
0.024037553608178098
0.028588961730617413
0.029828907380725703
0.037912929302878665
0.029065966618836463
0.02235021257890891
0.03465036709426975
0.01729510331682243
0.011698408621665417
0.013842795183943882
0.012601840458740151
0.012220701852562132
0.016522791053343852
0.018322962869866392
0.005279295446040176
0.007413839913156978
0.00598400969689561
0.004518586115972948
0.003026621694958886
0.0015173242190129736
3.3300243839338435E-15
0.0015160034130040025
0.0030213547264792274
0.004506796245603078
0.005963200715934895
0.007381627315091045
0.013396983392863326
0.0053635538878024636
0.007828785900498094
0.015579605783479132
0.025301066253842267
0.020750117259174472
0.022879937391724062
0.022642891239376718
0.008754011085565117
0.02336428401258525
0.0130505035402744
0.009821011530312604
0.027520006368092206
0.034288219165340215
0.03031324756866504
0.03416921038678482
0.02823952129347165
0.010835671908675565
0.009347572462100625
0.024494853632983885
0.0077040278149583825
0.021699150000778513
0.024587927564635837
0.022213495376138988
0.024556913454371162
0.015694607314066383
0.008347013652219282
0.004747887814402271
0.012746753413520112
0.007295813132398248
0.005889281682093543
0.004447460615543104
0.002979251493706791
0.001493711970468466
7.263978767619056E-16
0.0014926825331013798
0.002975146414693255
0.004438271585386982
0.005873063161205079
0.0072707066476921985
0.0052281464557741705
0.016881025921408832
0.016826308586577746
0.012955512632102808
0.019282097388889047
0.019003908231395437
0.006828191650616864
0.02050036359623082
0.021712702796587435
0.02670464832342732
0.023531126957300367
0.023324479515320674
0.01656410163542714
0.02080568514024014
0.04584976364337244
0.02167269609151914
0.01815224171848893
0.0235523618265842
0.019591751119489922
0.02846917361535138
0.019162853071162375
0.019165825245833767
0.009123277524580257
0.021308304953301473
0.02047183407342455
0.013303761020128988
0.016743060787035694
0.01592445878161953
0.005533601897767704
0.007205484406094295
0.0058168818202408105
0.004393174290426123
0.002943146454451917
0.001475740279537293
7.57747595286656E-15
0.0014749835446365058
0.0029401288293652568
0.004386419477506896
0.005804959666129713
0.007187028762762998
0.011457346389105772
0.004755067306323984
0.010223131999379284
0.015809238814290017
0.01989803501343931
0.021415397053139062
0.022519034015723607
0.022173598047100607
0.02001012332522934
0.011759888826145952
0.02797479990561173
0.01829870269313396
0.012546946913711157
0.012867030053706806
0.00819486761137434
0.013941791847212904
0.012776089173929145
0.017532219636736256
0.029246041009561224
0.011557810464612642
0.020780774169215706
0.02471906428991329
0.019921269682288856
0.01972384344291513
0.0180398113980251
0.015774702708615813
0.011144307898687705
0.00549102516835619
0.010727070314523093
0.007141233191075271
0.005765512186416476
0.004354754658463341
0.002917660267528549
0.001463087672371761
1.4835195961024112E-14
0.0014625903074148119
0.00291567692989258
0.004350315050557499
0.005757676340099254
0.007129103207223589
0.006526640617360292
0.013505577289998748
0.016065146197567742
0.01423721753043901
0.0203768855913767
0.023667574841046483
0.01774060222048505
0.016664665341321553
0.021399292256683227
0.01571107658254854
0.02445025185048741
0.02948981455159906
0.01210466955836484
0.00976097116708351
0.02056110081255088
0.008485782279024679
0.010198164639754996
0.028988379938730213
0.025946241353505105
0.013806864837047779
0.021982899930933657
0.01983153787417062
0.018283708855200344
0.02247276006850335
0.019322753371751097
0.01456350962767909
0.015578301921581094
0.01218617945847418
0.00720099993592868
0.007101936019152347
0.005734275035343688
0.0043315306473179814
0.0029023480018516416
0.00145553337803419
5.954169251069719E-15
0.0014552867977759142
0.0029013647161416005
0.004329329608802234
0.00573039023353059
0.007095922300629696
0.00932887202965234
0.007928224079009389
0.013234549106205999
0.015467771351237667
0.015055115459343306
0.015095281571075236
0.012620553570986855
0.033811211873880975
0.01782999029285701
0.027474894083958323
0.018251240611729745
0.012763518378797259
0.03185923293786528
0.0407730966178553
0.031744313668316926
0.04035157620687415
0.031266002199686824
0.014012070202639157
0.017919199296964883
0.027268263634507888
0.018027807909807958
0.033334605623377
0.013737988743065631
0.015877081483332785
0.015549601195894698
0.015270855934434625
0.014039478765384372
0.009299489537070355
0.008569129970977727
0.007086917623867976
0.005722633777814408
0.004323103446451505
0.002896946794165322
0.0014529477539594246
