1.0
0.998972585452728
0.9958941397184445
0.9907760398146903
0.9836371918337667
0.9745039478168503
0.9634099899352759
0.9503961825331816
0.9355103927392276
0.8543733350079079
0.7902743629259403
0.7519653096139033
0.7581336217600445
0.7352067792712347
0.7016903627689821
0.6665843469197964
0.6210729714506306
0.6201308278730185
0.6184314111721826
0.6164981326672198
0.5854959618636205
0.5537756785726679
0.4929794349567461
0.4327019947442794
0.37294484177841236
0.3580660809920679
0.33400050856407776
0.3090863040473361
0.27503348734407046
0.21561855408081906
0.2001753083566239
0.20716490130986034
0.23395677675898352
0.2016731299197536
0.17008068053330908
0.13927376632762736
0.10934235931995494
0.08037172439209689
0.052442101627436614
0.025628413765297134
0.0
0.024379622781927273
0.04745297037168258
0.06916877240348804
0.08948212364992503
0.1083546049309977
0.12575437327165515
0.14165622109465378
0.15604160438810702
0.22550159770368833
0.27347642653395954
0.29847866558368513
0.2768312704517955
0.2821901115902375
0.29295928820330736
0.30756574107219775
0.3271752742664023
0.30418398034632743
0.27709853587482336
0.2446312053472508
0.24092873536882917
0.23605573552977085
0.26023969802438807
0.2787949866575583
0.29257200185729937
0.26540126944790904
0.24250498080938274
0.22663223439562183
0.2158457996043797
0.23420351597843866
0.2080430949629344
0.1659563832981264
0.10413347464621615
0.09130375337943628
0.07826434592779961
0.06509537670314754
0.05187566279556063
0.03868235100081199
0.025590567982649314
0.012673085182489016
2.284508353443147E-16
0.012361565328205992
0.02434774582752942
0.035898195646727284
0.04695632858088957
0.05746953627456675
0.06738938324713191
0.0766717780093541
0.08527711967004901
0.073342714255352
0.08458294902441921
0.08504513079210722
0.09180814240952953
0.10451095554005847
0.10783554918861447
0.10466765730155463
0.0932008108699923
0.10047883848129564
0.11997974577212156
0.15360617711978758
0.15356660271593428
0.15279585872189108
0.11841324771848459
0.09883408634188179
0.09293605516130364
0.10476343520671717
0.10938187943796461
0.10470921222606953
0.09140154188728969
0.08606654171461053
0.08505363285512137
0.07061741872408986
0.0671171012123831
0.05913896231121497
0.05093822132600436
0.04256756538062718
0.034079781627452774
0.025527457685862225
0.016962687462071607
0.008436783880033317
1.2650799117830472E-15
0.008298740059596705
0.016412099049191956
0.02429457209091755
0.0319027185649613
0.03919537927375482
0.04613387787015422
0.05268220563223771
0.05880718876800684
0.08965568314444511
0.09599519115033507
0.10305647070055411
0.07088858781220965
0.07104615989676878
0.07066699013472166
0.09091114543173266
0.10749266763673748
0.10295074452851198
0.0844363400274404
0.052882822878188025
0.05174430730434935
0.05013248039588223
0.0788963755730581
0.09399303147120315
0.0932172042761628
0.07335311791213071
0.049430054679182996
0.047500626729905494
0.04627949538000139
0.0747777179241794
0.06889125135448791
0.07077227866077222
0.04963964052493625
0.04384237336355507
0.03785067190997338
0.031703191580881675
0.02543903139089826
0.0190974991199542
0.012717877975441657
0.006339196069146948
1.1872427642346393E-15
0.006261866202463043
0.012409475561786367
0.018407024902625902
0.024220032755731702
0.029815527373658113
0.035162223877608
0.04023068962729683
0.04499349698177985
0.06643534543005887
0.07404291470558198
0.07964041084225057
0.09907938390667013
0.11226394610886826
0.12517674106762836
0.10873135352094507
0.09287416395322248
0.0834240324594466
0.09603977183544284
0.12149166765152439
0.12112952868628496
0.12032327443914799
0.09460941214205786
0.08189674500739288
0.09251428790806583
0.10841355847988127
0.12596631717334847
0.11277900204879424
0.10047669286228117
0.0762809340708163
0.06728900907182844
0.06259347018992086
0.039489974235265964
0.03492661100534838
0.030194876749064976
0.025325216019942372
0.020348602879242658
0.015296350844881824
0.010199922616160503
0.005090740693765736
2.318007602869315E-16
0.005041516417228836
0.010003617540092527
0.01485687937291116
0.019572813786122648
0.024124030271785554
0.028484389719772227
0.03262914937774931
0.0365350982167667
0.03447279019866673
0.02825362976996285
0.025977449180102065
0.049660281155135176
0.038720107388242324
0.028627884368898942
0.02531280427953606
0.03741272184614528
0.05675948248136293
0.057857124950924516
0.05222230646682427
0.053017327152809414
0.0535769231762749
0.06018892287576251
0.05906040604965599
0.04080105476347424
0.0315597513939536
0.034793390202740894
0.048458849634777194
0.06034599705524425
0.035176928229800064
0.03617888740648305
0.026534424021373484
0.032878631378331274
0.029106096167607173
0.02518591587949016
0.02114321444761068
0.017003654284084974
0.012793277347069218
0.008538345181072996
0.00426517889045785
2.489100740270354E-15
0.004231226855954169
0.008402948491872595
0.012490174076164302
0.016468621510456163
0.020314858443545337
0.0240064371185505
0.027522022293951037
0.03084151152597019
0.04695996025216619
0.044353038223142585
0.06154512670192965
0.09163167895755162
0.09945791204636265
0.10489374800033083
0.09099664618296789
0.07697010228369894
0.056926084622722715
0.06239702250632745
0.06125764162042004
0.060498775933011534
0.0595298633696497
0.06053001494142782
0.05426320985008935
0.07348339722087119
0.08609484054011461
0.09686731260054446
0.09278998784235373
0.08488807166715345
0.05567203278251914
0.03663772502748397
0.03980881543360692
0.028245407809627674
0.025021011314591064
0.02166522776058875
0.01819948054447541
0.014645715469344098
0.011026264246838726
0.0073637065820814866
0.0036807316787416016
1.1998152325338837E-15
0.003655993885696451
0.007265056556974014
0.010805428289309674
0.014255912122852528
0.01759599869453609
0.020805986110943243
0.023867094172387752
0.026761572296945837
0.025085984611791973
0.06057006636622528
0.06050876178997447
0.07620452710790537
0.06401978976455033
0.03799333027279211
0.049564550070389526
0.06142091923679866
0.07992325499438097
0.09163451383246513
0.08198955538906262
0.08215823397510211
0.0820609874467093
0.09210161972012905
0.07994540648177174
0.061320436308924246
0.048514300632131586
0.035814586918198194
0.06194700921894617
0.0741760939169182
0.0619852231411274
0.06340360872001573
0.02804092581104428
0.024830357014185348
0.022006789021948175
0.01906471839956906
0.0160228610536566
0.012900431665654518
0.009717023953110126
0.006492489323494676
0.0032468146625363858
5.989390127727837E-16
0.003228063207311891
0.00641771244358638
0.009549632433254497
0.012604970668221496
0.015565449480289503
0.018413474000506472
0.021132235375584774
0.023705808643461
0.022073145345776167
0.014344453230416571
0.028637950891538755
0.044013330294382834
0.04976106280966785
0.04479758610991975
0.04462505311110918
0.032053519847798806
0.01373018347741554
0.024429662712579507
0.0049295914123870304
0.005661258191434819
0.006367631056008166
0.022599112013283133
0.010187643701804734
0.027750553635134647
0.04000222301728514
0.038089805090222126
0.04050442252914896
0.03233188413206492
0.01969169476883819
0.007940974729718723
0.017723035545612508
0.02221910702400159
0.01970021036208822
0.01707317065595205
0.01435464711438711
0.011561772961430057
0.008712048594937908
0.005823233049986387
0.002913234433608791
4.639216996464551E-16
0.002898593465300758
0.005764848289298451
0.008581352929305874
0.011331086723559506
0.013997521750359255
0.016564721191943528
0.01901743362329357
0.021341182673570974
0.03262032708393007
0.05546879559997982
0.050640804772780317
0.05444455652758902
0.04135753266293928
0.034262322236339245
0.03161956771281038
0.048165130254368034
0.06147220052970558
0.0787209164526198
0.06372979059111146
0.06337872031462669
0.06282796392555672
0.07707566369504552
0.05894315745544592
0.04617799010660876
0.029374353056501813
0.03533070752272247
0.03678552300115991
0.04877759496085032
0.04437156730729568
0.04856411116588112
0.03231422828052279
0.02016655638883255
0.01788605536620482
0.015505857279752788
0.013041013712292703
0.010507026791997737
0.007919752519501215
0.005295302366409484
0.0026499437508175176
1.2744784237998257E-15
0.0026382495895504354
0.005248668987355403
0.007815363359244367
0.010322775102730011
0.012755777411735827
0.015099764812140126
0.017340740130548038
0.019465397382423238
0.01854527404434698
0.016458785097147596
0.015305044905751478
0.014038289224860777
0.026720974033623213
0.035840457531435
0.04300723133447912
0.030183233874741273
0.033293377643545674
0.014004394608950867
0.04644386323845053
0.046802356288964723
0.047005920820341
0.015248780842470179
0.03600551455854198
0.032596041980561034
0.045734732794640735
0.037244209318147155
0.029872156370856332
0.020291227191874872
0.021848189626874057
0.02215098338261598
0.0211820779029971
0.018518518518522334
0.016428752422939955
0.014246258644905533
0.011984803983146405
0.009658584444424613
0.007282136745883511
0.004870248084484409
0.0024378647295434978
1.6424264690121974E-15
0.002428357810788888
0.004832337001507911
0.007197272964713985
0.009508797076714204
0.011752923439939637
0.013916132957619915
0.01598545423832143
0.017948540849476925
0.0265218715824155
0.02219204970506181
0.021590872062789875
0.030004308873420323
0.02199842172586848
0.03161417316811874
0.020154591106132533
0.029379229578817063
0.026309782081586224
0.03946967139833285
0.020915937762218204
0.020410747661931555
0.01982080637093162
0.037555041683232204
0.023926916276536092
0.027639477481630637
0.018934997225776528
0.02921020282862635
0.01998919957155124
0.026250051987386606
0.016022884989085384
0.013483272758885887
0.022980632105896952
0.01717320964004572
0.015238710305110871
0.013217291849716008
0.011121676278227589
0.008964995797926867
0.006760710998606129
0.004522527309869921
0.002264310251767609
1.130020320333221E-15
0.0022564742107757
0.0044912793225878505
0.006690762809974263
0.008841535644202703
0.010930553364365934
0.012945194766963477
0.014873337741867563
0.016703431801371172
0.025678719961300646
0.033523161337696464
0.03489409638516301
0.03240222809037327
0.036493353488846574
0.03259753373429092
0.05220108372667805
0.03961033324460726
0.05424036045797341
0.03203732025596334
0.05074016045362165
0.050668896519498796
0.05042164500256692
0.03239809590210301
0.054408696351946624
0.03872580243556451
0.05106639010689193
0.030208136176080976
0.03520928511045887
0.031990248989001914
0.03531451194525568
0.034807697648671324
0.025762011179798802
0.016060791128661045
0.014254402945586088
0.012365975136841477
0.010407368373053909
0.008390836793718997
0.006328951709568842
0.004234523600868994
0.002120522893438473
2.9978920915046132E-15
0.0021139948823766896
0.004208491728062222
0.006270679904200382
0.008287986175757323
0.01024815102147905
0.012139302799505676
0.013950029315995203
0.015669446367281015
0.01351875590146822
0.01171838849280669
0.006406286252815927
0.01624633270733086
0.016514227497240408
0.022690610115125787
0.008245761387757532
0.019249014274487226
0.0011665686710231361
0.020260603366026544
0.01813668192331847
0.01851851851851745
0.018782744562412374
0.0205545400060997
8.189857965060357E-4
0.019809425003103173
0.007909502777797736
0.02409661643157001
0.017818658241805254
0.01610519798818557
0.007549767967843189
0.016379580972164194
0.011598303716783286
0.015131808464327422
0.013432231125052718
0.011654737426116356
0.009810470346247551
0.00791095171135031
0.005968010510534261
0.003993709529244017
0.0020002707528293095
1.0866965491913453E-15
0.001994788750869838
0.003971848879046661
0.005919076020936181
0.007824581895461867
0.009676766606714432
0.011464388985835445
0.01317663454716763
0.014803180649468662
0.021736634711796477
0.030910417966297423
0.028264484034291742
0.023451980047999303
0.022803464591947323
0.01796944128462235
0.03578040201338853
0.02389435013457393
0.04414542229666127
0.02956655809267487
0.029181775584441697
0.028934510218848256
0.028555273870376173
0.029032641428968924
0.042686635366872734
0.022209571849017465
0.03349108676594316
0.01652780029038054
0.02036609115863702
0.021086988899015544
0.025270806138108913
0.02754911095088682
0.01899612045261275
0.014350319253919639
0.012740489276206107
0.011056240820028292
0.009308114012786715
0.007507015135161287
0.005664148820685859
0.0037909485941318554
0.0018990061775851503
1.6474230176710275E-15
0.0018943766504746818
0.0037724873907040405
0.005622823984446481
0.007434076627063634
0.009195202845307341
0.010895494593684501
0.012524643141229494
0.01407280135656701
0.014544153376456457
0.023061266457841553
0.014251855034143779
0.020164910591931533
0.02577075912044492
0.030625379396085207
0.016166187642697775
0.028366517397584563
0.013817930291644458
0.027203793923117073
0.031079278834607815
0.031145763736611473
0.031067317532780345
0.027270191405540562
0.01459315283851001
0.02876710952459967
0.01689527075295996
0.030347154003241773
0.026394608960777284
0.020410514192582333
0.015674600487895884
0.022963173997871237
0.016767158595415547
0.013689633232429738
0.012155621864992921
0.01055016488139378
0.008883293100557625
0.007165392548760926
0.005407139946447194
0.003619436553901164
0.001813340784369704
7.727059237963266E-16
0.0018094180900289501
0.003603794008245635
0.005372124644471155
0.007103590532064495
0.008787621854592694
0.010413962781398486
0.01197273374157717
0.01345449125936241
0.01145573889872956
0.01617505719789538
0.020540843036131302
0.017326929822107113
0.018195406486737526
0.013183983877271705
0.02547647849180278
0.015553688121527536
0.026550637392651517
0.019789084833619904
0.016653318655921828
0.01678584434592941
0.016782447226804696
0.019622403161280593
0.025707599725593173
0.01581779733429116
0.02559962049233271
0.013874798878539032
0.019271051368105984
0.018066991027181057
0.02105679371573429
0.013929799733472041
0.010019600163785758
0.013129576318163576
0.011659817132518116
0.010121138014665559
0.008523137976573844
0.006875761877442374
0.005189238702483149
0.0034740182182241225
0.001740706395817589
8.480143383766683E-15
0.0017373792535289366
0.0034607505683648854
0.005159539561489546
0.006823342980652564
0.008441992249952077
0.010005615456469899
0.01150469740099595
0.012930137348567941
0.020336104518666687
0.018367722771072355
0.016158108205170607
0.016198931909931352
0.020939059877472212
0.02244078053067714
0.013589147351499398
0.023779119367990674
0.020108042112132105
0.023137967592295666
0.023327710470960064
0.02327515346397538
0.023090405210726115
0.02276565076920625
0.02029954194978613
0.022611984184394578
0.012318078445916855
0.020763953149756306
0.018370521954598755
0.015187912690045
0.015000196338453774
0.016196493663062056
0.02038092017065353
0.01265467983793619
0.011239413419897194
0.009757366466505556
0.008217771418261546
0.006630198648211823
0.005004497114999886
0.0033507334073919477
0.0016791295566443818
1.942619992250058E-15
0.0016763119168727069
0.0033394975084917776
0.004979345999421176
0.006585807068178448
0.008149052303011784
0.009659535194485612
0.011108049299683707
0.012485784224260882
0.013101741862672283
0.015940868343808035
0.02219559321726602
0.024785768585954153
0.025359520563732415
0.019919596084452654
0.030119587814231092
0.021906749142416283
0.019663798949139083
0.021962685769489194
0.021345271321512694
0.02138182619810718
0.021286146164502584
0.022110226342903938
0.019232636651537946
0.022647383432767707
0.03076879350493705
0.02026629122317467
0.02643678363064983
0.02656536823350444
0.02143402085824939
0.01747388866620122
0.015186231164241936
0.01225295098388436
0.010883816402488766
0.009449702303214383
0.007959530298469221
0.006422553345598226
0.004848298416952607
0.0032465075731334236
0.0016270778027918755
7.395750109637135E-15
0.0016247025454974853
0.003237035767177062
0.0048270961718862426
0.0063851315451473175
0.007901600640549108
0.009367231488448062
0.01077307796852275
0.01211057430155076
0.01707387759686058
0.010777694812800463
0.011758569131842965
0.020081171934250783
0.007164784709482852
0.017275056985744722
0.010423366010983254
0.017303458339045442
0.02369171980162882
0.017971290293740245
0.02368584284995159
0.02386275426252584
0.023916550703772108
0.01793953913712815
0.02419173366353415
0.01765242743775089
0.011442429985415798
0.018144802495579766
0.006762071141850315
0.02234836301473328
0.012938453209064458
0.009833621882919356
0.014850163061034184
0.011915019650556025
0.01058474740274124
0.009190996056045538
0.007742424727157711
0.006248018519872895
0.004717032902418269
0.003158936495765666
0.0015833526258718735
2.5128266632962364E-15
0.0015813671279541904
0.0031510189353829692
0.004699309784060646
0.006216737382103237
0.007694000992686435
0.009122058333471945
0.010492180819398716
0.011796006812014663
0.01861947684155658
0.019296495677031525
0.015400624969948595
0.029136175512093382
0.027982876643375707
0.014570786693901928
0.03104204451415538
0.025187507432813627
0.011953985450039782
0.020829170809384158
0.01187878610387373
0.01180259563216324
0.011608267967353493
0.020595994259836044
0.01127604897757382
0.0248424671937876
0.030320316814341056
0.012521939862233189
0.027392653596873644
0.028148934317034673
0.013196428919758285
0.019103595482278742
0.0187316086862206
0.01163353573664211
0.010335712165392507
0.008975639047644967
0.007561755518895126
0.006102822496012905
0.004607868489188044
0.003086133828983702
0.001547013652550628
4.219136597101521E-15
0.001545376622721459
0.003079605855303712
0.0045932559091532285
0.006077031449697064
0.007521830580314493
0.00891880057912786
0.0102593920480323
0.011535411143220925
0.009220831030180824
0.009555522193482362
0.021402545309345853
0.02717826951128384
0.010277082469147394
0.028014022432878653
0.0163008430231627
0.021392602405719434
0.030741992040199298
0.020347713920053596
0.029582240165311798
0.029620849957846723
0.02953847132515019
0.02051814553865623
0.031073807408876702
0.021480615426444374
0.01640463722463727
0.02983451934797573
0.010685079824103747
0.027007349941694573
0.023473082297919626
0.009811434960309838
0.008684333338912399
0.011402737382909882
0.010131620185264235
0.008799235330314714
0.007413839913165427
0.005984009696894161
0.004518586115977019
0.0030266216949467626
0.0015173242190126305
3.8290560063270706E-15
0.0015160034130023892
0.0030213547264780496
0.004506796245601538
0.005963200715943441
0.007381627315087096
0.008753376451612694
0.010070043035636085
0.011323567895695821
0.015831443847938345
0.01880332092803051
0.006445492619014079
0.01834089711237003
0.02237202873572797
0.0011247107131592726
0.022290780622052392
0.01809311992381845
0.0055550829892607925
0.018334595850280865
0.020120968202061572
0.020415692923564665
0.020619669454302953
0.018444391395553036
0.005564409155638005
0.01739886584049641
0.021269032929113866
3.6322226706848046E-4
0.02151974064774598
0.015204230955614904
0.005002140120401267
0.019179187048791728
0.013809936730838834
0.011218138743402767
0.009968509378502069
0.008658364370341785
0.007295813132384616
0.005889281682091696
0.004447460615534419
0.0029792514937076408
0.0014937119704658069
3.939509260961298E-15
0.0014926825330966698
0.0029751464147040486
0.004438271585375933
0.005873063161211297
0.007270706647692412
0.008622622008377871
0.009920516256844002
0.011156434250420741
0.012639940247490756
0.009651203939865351
0.025790195555708856
0.02313997592436426
0.011754659589629
0.03476050525385453
0.01564347544497017
0.01999823396123872
0.029971520790658467
0.021771146704099555
0.018095266740351224
0.017873620916245364
0.017574375439372108
0.021711708355364734
0.029495339079479158
0.019791147029262907
0.0156417986505189
0.03441182807752464
0.012157323833011211
0.02203667092651819
0.025086361609218212
0.009116858653779612
0.014574923234275937
0.011076303439814124
0.009843346313619633
0.008550408863444884
0.007205484406091821
0.005816881820235287
0.004393174290418424
0.0029431464544550172
0.0014757402795400854
4.094743096242624E-15
0.0014749835446486372
0.0029401288293613
0.004386419477507468
0.005804959666128582
0.007187028762768691
0.008524134858660735
0.009808066870156727
0.011030944889173715
0.008734300071970968
0.02025379518409
0.004907959701901795
0.009698571828049417
0.020976207199936574
0.0027523634649592077
0.01965838618776477
0.017468175871112483
0.010603676893064377
0.022049719612531004
0.035085427042662376
0.035224163769896746
0.035245544431694364
0.02217026313524037
0.011147987606345696
0.01791378353605529
0.019929212698079776
0.003402487295972768
0.02114028586881703
0.010963022935359265
0.006308112972267158
0.019982955416600636
0.008384736585286625
0.010974681112937172
0.009753882124985912
0.008473430582409217
0.007141233191077589
0.005765512186423535
0.0043547546584623694
0.0029176602675282885
0.0014630876723680008
1.0236404358217564E-14
0.0014625903074018689
0.0029156769298921276
0.0043503150505595405
0.005757676340100053
0.00712910320722467
0.008456161982293547
0.009730694707843667
0.010944869218244745
0.01751018309742187
0.007825907291601493
0.020077130318803395
0.019266741663300425
0.01478173695125023
0.027030643284791257
0.017101819197743142
0.019150163074006837
0.02224543892510484
0.019731517416489087
0.00757942877347759
0.007933943910254067
0.008255218733462926
0.019675234422566492
0.021726019365221536
0.019202774743857034
0.01743341615798369
0.025181911050494953
0.015426279065401286
0.018899041370469175
0.01841275089911147
0.008547427245124911
0.01748926485537874
0.010911491925409704
0.009698550779598428
0.008426082790696265
0.007101936019158146
0.0057342750353452454
0.004331530647315932
0.0029023480018477363
0.0014555333780364565
7.315278803492313E-15
0.001455286797783106
0.002901364716147
0.004329329608800807
0.005730390233522925
0.007095922300627596
0.008417521487011219
0.009687055090151097
0.010896712005366046
0.01251874810200455
0.016202377276960656
0.011715590367275942
0.01635848948200718
0.019781699201670902
0.01232411221181776
0.020220133120390275
0.020068306254273874
0.016739212195056544
0.02134207542560739
0.030742106672652963
0.030599384506463094
0.030359090749174974
0.02118775430439793
0.017080611232648434
0.02004298395335333
0.01994891443538913
0.01424282729422015
0.019046081154494757
0.017151300649806266
0.01319251567889038
0.014167885902580233
0.014470750020027241
0.010885648950799829
0.009676400843695579
0.008407551610459443
0.00708691762386358
0.005722633777820831
0.004323103446459924
0.002896946794173622
0.0014529477539656631
