1.0
0.9989725854527287
0.995894139718445
0.9907760398146901
0.9836371918337676
0.9745039478168497
0.9634099899352762
0.9503961825331828
0.9077550648923679
0.8541349583843745
0.8173367033125376
0.8249872352664919
0.8034616811721457
0.7710068653165848
0.6911294352231006
0.6649014155727325
0.6558721503190242
0.6732928811372477
0.6437372217098333
0.6132229155062243
0.5818581681976934
0.549753607025055
0.5170218217142056
0.4837769041298282
0.4046631827335416
0.3530170767691267
0.3199259632404145
0.3403395275041213
0.31561126935967065
0.2808060116055561
0.21991769041080203
0.20383147260984447
0.20656469126494517
0.20167312991975328
0.1700806805333095
0.13927376632762745
0.10934235931995513
0.08037172439209721
0.05244210162743645
0.025628413765296912
2.8055936563161217E-16
0.024379622781927766
0.047452970371682494
0.06916877240348815
0.08948212364992592
0.1083546049309977
0.125754373271656
0.14165622109465462
0.18312600205394328
0.2300733746987804
0.2565115822059481
0.23881507567829652
0.24411598692296174
0.2597599720004149
0.315487526615438
0.32153777523851107
0.30845306831200947
0.2687541993658064
0.26823327767950506
0.2664121620331664
0.26334419837162676
0.2590873085058069
0.25370367694040025
0.247259430308866
0.2785442329773227
0.28379533324718414
0.2703962023069477
0.21158042199915833
0.19137002078232776
0.18417955107327166
0.1989613983151084
0.17420966771910218
0.13044139534656485
0.09130375337943694
0.07826434592780003
0.06509537670314841
0.051875662795561196
0.038682351000812305
0.02559056798264999
0.01267308518248831
5.83063933404897E-16
0.012361565328204833
0.024347745827528314
0.0358981956467281
0.04695632858089033
0.057469536274566725
0.06738938324713117
0.07667177800935197
0.060937773686036444
0.04616301003518242
0.04701959280111227
0.07312304086721637
0.08623066819661715
0.08265421224152071
0.04663513326899349
0.03983547091137875
0.05283638221214257
0.09368845323755833
0.09469968509247939
0.09497038436686095
0.0945176184714067
0.09336496360937213
0.0915424483250141
0.08908671934123646
0.04770328516732449
0.03502773321071862
0.04217984098031297
0.07422784661393829
0.07737215431784382
0.06310625549547762
0.04091655300982713
0.037588579043250345
0.045236329952674036
0.05913896231121404
0.05093822132600414
0.042567565380627614
0.034079781627452684
0.02552745768586312
0.016962687462071815
0.008436783880032822
1.1606282202971448E-15
0.008298740059595973
0.01641209904919147
0.024294572090918214
0.03190271856496246
0.03919537927375582
0.04613387787015432
0.05268220563223857
0.08249286454517436
0.1081553477971987
0.11392638309156218
0.09356123485737548
0.08746154161354422
0.09982053988933907
0.13195635354496016
0.14295000523903031
0.1406513839847768
0.12749014485260626
0.12795080128763694
0.12787269120183825
0.12726325714148662
0.12613388366626183
0.12449982754927985
0.12238016321575915
0.13071692942570923
0.12949409991612398
0.11584079643152882
0.08614305927268934
0.0723585892289513
0.07704213718884426
0.0949547986053075
0.09252078174188462
0.07192881681076116
0.04384237336355464
0.03785067190997276
0.031703191580881855
0.025439031390899546
0.019097499119954866
0.012717877975441392
0.0063391960691476165
2.5426935904135986E-16
0.006261866202462518
0.012409475561785895
0.018407024902625028
0.024220032755730377
0.029815527373656753
0.03516222387760901
0.04023068962729648
0.031107196780191065
0.03324824550695398
0.03735666324730881
0.05433250462156326
0.06590814177106794
0.05990014833374174
0.04742419410765149
0.044771390324732936
0.04741280895992111
0.07462647062904158
0.07548732744770749
0.07600993835898334
0.0761924032624597
0.07603809863390965
0.07555541548809391
0.07475760161796949
0.04972693960737509
0.04867292710232756
0.05077371761451107
0.0587294297577132
0.06498382275056758
0.05462170567147259
0.037289102479922245
0.03252067614079276
0.029383069830672074
0.034926611005350584
0.030194876749066686
0.025325216019946237
0.020348602879243734
0.01529635084488705
0.010199922616159028
0.00509074069376496
9.4277479536779E-16
0.005041516417229187
0.01000361754009118
0.014856879372912187
0.01957281378612223
0.024124030271785325
0.028484389719773268
0.03262914937774912
0.055102806419821126
0.059964999482557915
0.051573801637280654
0.04008758277118029
0.047789886093823584
0.0566100073429219
0.059350124545983325
0.061066515823686246
0.059927184768514434
0.07529196331914277
0.07547981879292368
0.07538618483650751
0.07501209110300443
0.07436238133886272
0.0734457173007349
0.07227462926946926
0.05403045313003379
0.05527419951461316
0.05578688499649229
0.056966131135963494
0.049514537021533106
0.03639700417130926
0.041976735410452506
0.050050408580186806
0.049699696902774086
0.029106096167607533
0.02518591587948948
0.021143214447611768
0.017003654284083815
0.012793277347067002
0.008538345181071322
0.004265178890455999
2.26719971688926E-15
0.004231226855952298
0.008402948491872128
0.01249017407616535
0.01646862151045472
0.020314858443546385
0.024006437118552562
0.027522022293952068
0.02858294067808883
0.03005567481968964
0.03850589721950075
0.056921988137332284
0.059801865912563555
0.05265772681442833
0.06395437608058555
0.07099459551653584
0.07151996690785839
0.07643233021216046
0.07706665819931152
0.0774457519473271
0.07756688854750371
0.07743015257443493
0.07703832758478785
0.0763968030249376
0.07335994171691414
0.07253519673036408
0.0641139793449116
0.050483608914654046
0.057273490211246815
0.05696793321343768
0.038717968058815055
0.02912638931632307
0.028681974274666507
0.025021011314592428
0.02166522776058859
0.01819948054447591
0.01464571546934253
0.011026264246838635
0.007363706582084426
0.003680731678742554
1.9309564846736376E-15
0.0036559938856934567
0.0072650565569713
0.01080542828931032
0.014255912122852247
0.017595998694535445
0.02080598611094378
0.02386709417238681
0.039281289054630845
0.031137310927092106
0.030786026816332135
0.041390888489915935
0.059248818170835306
0.06472181834562493
0.04917892683703087
0.037048744705569604
0.021899115035314515
0.04034533237952826
0.04029419587872913
0.040113037475427465
0.03979892101825467
0.03935378532134595
0.03878453499057597
0.038103210303522456
0.020572043238087392
0.035717596446912456
0.04751240670352996
0.06519436583972943
0.05969707758340069
0.04383867448706693
0.031111378583766114
0.02741097147056093
0.03545022083429973
0.022006789021948376
0.019064718399566066
0.016022861053656363
0.01290043166565631
0.00971702395310728
0.006492489323494581
0.0032468146625335005
8.720534542799491E-16
0.0032280632073133668
0.006417712443587971
0.009549632433256312
0.012604970668227728
0.015565449480291428
0.01841347400050866
0.02113223537558392
0.0287917757613302
0.02699455795074025
0.03584109352299408
0.05191343045147917
0.04055310238691155
0.03363984566906137
0.0531924614078862
0.06883605862427383
0.07914008982903818
0.07282008365098014
0.07329819997241033
0.07354944182596344
0.07357227352529393
0.07336685651912701
0.07293500946738164
0.07228016508079126
0.07851962046085413
0.06657712672874706
0.050267357529107194
0.02889901410461711
0.03516449326951977
0.048778241945075795
0.03347990619867789
0.026155524669942108
0.028656507541188873
0.01970021036208934
0.01707317065595073
0.014354647114388734
0.01156177296143049
0.008712048594940696
0.005823233049988715
0.002913234433611115
1.1820519547546084E-15
0.002898593465297236
0.005764848289296215
0.00858135292930639
0.011331086723562736
0.013997521750361805
0.016564721191941332
0.019017433623291162
0.02752422775416271
0.026112170350087813
0.031834414157736676
0.04614754572817017
0.051003663661356606
0.057622106749715435
0.029544506016472342
0.021622594806286057
0.012429543103564875
0.013927650399071434
0.013726181712144306
0.013499734284020558
0.013235472499647143
0.012930250179140707
0.01259140295837921
0.012237759840354905
0.011057523008331061
0.019234600797263596
0.025633847454647744
0.05432327054784493
0.04680023408099456
0.044840778842013866
0.030801390832927187
0.027193901287406293
0.024493193974447075
0.01788605536620248
0.015505857279756067
0.013041013712292002
0.010507026791995755
0.007919752519500986
0.005295302366405809
0.0026499437508178893
1.031484238606854E-15
0.0026382495895476018
0.005248668987355636
0.007815363359243504
0.010322775102726422
0.012755777411733619
0.015099764812141137
0.017340740130546473
0.027790685226162726
0.023043216435933066
0.024139747157775723
0.033840329543313855
0.018378471710056885
0.010257383864995149
0.04203397810877488
0.047627198477700715
0.06430961366207205
0.06298650577062345
0.06332778122165031
0.06346971333861738
0.06341158989833912
0.06315394337964983
0.06269853955620984
0.06204835929926631
0.06213498644015697
0.045434057575428254
0.04261990392838564
0.011064803747749897
0.018448916596968654
0.02909718092980453
0.021528748037551726
0.021381262667707925
0.027181933509661062
0.016428752422941433
0.014246258644900122
0.011984803983150334
0.009658584444420729
0.0072821367458818
0.004870248084481678
0.0024378647295425202
3.4420424638584786E-15
0.002428357810788402
0.004832337001507475
0.007197272964716185
0.009508797076712237
0.011752923439940017
0.013916132957619322
0.015985454238320134
0.01822595695492079
0.02907890096260934
0.024339132219786702
0.0356182804181891
0.02724193106999989
0.03580878754852667
0.010115432872306538
0.01700287322786214
0.006652587462953287
0.005445432271760739
0.005847655994682349
0.006179093221181577
0.006419357601179006
0.006563553373264121
0.006618860940556443
0.006603722548547633
0.00890660296544211
0.018710499067894217
0.009423363936096092
0.031950072034885243
0.022559653262675103
0.03223364672571379
0.02168321895808417
0.028847540532005892
0.015915589350424517
0.01523871030511284
0.013217291849715573
0.011121676278226814
0.008964995797927323
0.006760710998606099
0.004522527309871456
0.0022643102517699363
5.951499117028153E-16
0.002256474210775121
0.004491279322589987
0.0066907628099749285
0.008841535644208158
0.010930553364365945
0.01294519476696328
0.014873337741864752
0.025249089240115236
0.016051632221897368
0.02107739321102412
0.01816864270177037
0.02955091283313453
0.02520828543446976
0.046956882655661177
0.03854104878992925
0.043868859182522896
0.04896845160745581
0.04919642477053401
0.04925663383377388
0.04914856154059983
0.04887280482775393
0.04843107641341817
0.047826202199554003
0.04233644040942991
0.03822422878466484
0.04670674316371948
0.027258459308305814
0.031871081854475354
0.017953823774149284
0.022955544766622323
0.014103915548102008
0.024223136318424557
0.014254402945590184
0.012365975136843137
0.01040736837305391
0.008390836793720815
0.006328951709568421
0.004234523600870507
0.0021205228934386353
2.903667921256897E-15
0.0021139948823762295
0.004208491728063821
0.0062706799042014216
0.008287986175753681
0.01024815102148128
0.012139302799505326
0.013950029315994709
0.011659071593078295
0.025474384215742513
0.014602065610059702
0.021247840452311328
0.008927432844393937
0.017978313284324185
0.0076887534403088965
0.026365396453654096
0.026217028880065305
0.01769086755303785
0.01807566328750249
0.018353403573930466
0.018518518518514864
0.018568541282533126
0.018503857979264612
0.018327596380846904
0.027515332480259353
0.026378658066980185
0.007420871008883864
0.016341501508532506
0.007526282616287122
0.01867107168127007
0.012745838174300589
0.02332810890462756
0.010461692802637992
0.01343223112505137
0.011654737426118769
0.009810470346242875
0.007910951711350719
0.005968010510536676
0.003993709529245528
0.002000270752829369
2.1079993637568046E-15
0.0019947887508707626
0.0039718488790462855
0.0059190760209366
0.007824581895460847
0.009676766606717393
0.011464388985832217
0.013176634547165129
0.021450100320874427
0.012203983215530996
0.027875507526954585
0.02243867266385899
0.03363760825695782
0.028661555311016784
0.03709221928101246
0.03277087193845035
0.03379474245564165
0.03382912940503231
0.034003767248306255
0.034037887005852765
0.03393045583548397
0.03368158012727954
0.03329250543445873
0.03276561976480338
0.03319079868377926
0.031344695692748434
0.034366098882235734
0.027452939803542496
0.032328510642069215
0.02344792282272408
0.028300765443346497
0.013268086743250737
0.02013017400072626
0.012740489276205483
0.01105624082002528
0.00930811401279172
0.007507015135159365
0.005664148820685604
0.0037909485941282272
0.001899006177590249
1.6420692605729595E-15
0.0018943766504774518
0.0037724873907081517
0.00562282398444519
0.0074340766270642586
0.009195202845304106
0.010895494593688769
0.012524643141229006
0.009484943092368808
0.016413363856918075
0.008407308838932979
0.012834648664940215
0.010384199648583574
0.01659468548015805
0.015018329550987357
0.022127593076502406
0.031246794380235428
0.023034016968066843
0.023386508822766744
0.02360881930485152
0.02369857731919659
0.023654768985577262
0.023477675781480294
0.023168834859779046
0.03079442236360038
0.021651503150522472
0.017149074656059648
0.017823998689805613
0.011872027931184094
0.012177042196672714
0.007735882735195879
0.013639501327154208
0.009782410275934333
0.012155621865000271
0.01055016488139291
0.008883293100561108
0.007165392548762809
0.005407139946450529
0.0036194365538997474
0.0018133407843650075
1.1234148698921804E-15
0.0018094180900277408
0.0036037940082514356
0.005372124644468164
0.007103590532061987
0.008787621854599402
0.010413962781403496
0.01197273374157146
0.0168535873743915
0.018353992334248965
0.024942487279842215
0.022736796177145326
0.023714449000627885
0.019255035296945607
0.019722449358942715
0.02055859181130332
0.028056704820880747
0.022501812172357475
0.022750245988503254
0.022867754823597857
0.022852830879030697
0.022704988409672954
0.022424739491335912
0.022013574222034888
0.027573263403148227
0.019472422318116623
0.018098297300216813
0.01783676352055658
0.02157153799606885
0.02141113498335549
0.022525312322813476
0.020253802185536116
0.015408498452935517
0.011659817132506854
0.010121138014668143
0.00852313797657568
0.006875761877448266
0.005189238702477671
0.0034740182182300683
0.001740706395816228
1.7792612037059165E-15
0.0017373792535249383
0.003460750568359377
0.005159539561487909
0.006823342980656004
0.008441992249956318
0.010005615456476309
0.01150469740100061
0.011416253320048671
0.007068963638736215
0.011373929595971517
0.01402622448775867
0.016573856486054275
0.023344482084397367
0.024988635240894865
0.024142141831324026
0.021548381397327458
0.022071796110817585
0.022357189446465156
0.022509303047262418
0.022527085808632007
0.02241034616997282
0.022159743356977082
0.02177677549229963
0.020231224394101157
0.02483302320952935
0.025216895007616404
0.023939678230053208
0.017107058287239355
0.015384132114011873
0.013843937821714612
0.005214056714130313
0.012279232605678016
0.011239413419889585
0.009757366466514589
0.008217771418264434
0.006630198648211997
0.005004497114995108
0.0033507334073908726
0.0016791295566432752
3.808475086495709E-15
0.0016763119168744125
0.0033394975084868727
0.004979345999420288
0.006585807068177011
0.008149052303015944
0.00965953519448997
0.011108049299684957
0.012115347896388129
0.023417566358206982
0.013613356640053125
0.01510250481197592
0.01694416234113944
0.015846740873997598
0.017193719282407698
0.017102898736827236
0.02660436015078866
0.021484659547166742
0.02185851639550777
0.022104869676582605
0.02222285790955949
0.022212425469432823
0.02207432402651366
0.02181010976412891
0.026894744329331515
0.017121525763951144
0.01794462327256902
0.01593665466565349
0.0167129014475062
0.013358946797953334
0.010814608534316782
0.023701381158456394
0.01081835316819418
0.010883816402483848
0.009449702303208048
0.007959530298471114
0.006422553345599962
0.0048482984169500535
0.003246507573128827
0.0016270778027923005
3.2510557365086306E-15
0.001624702545491316
0.0032370357671773304
0.004827096171892686
0.006385131545157763
0.007901600640548817
0.009367231488448318
0.01077307796852747
0.014212626581961922
0.003969123433668287
0.02070695172179429
0.01964944964001096
0.0166160169018558
0.023027549289833242
0.020196232449816148
0.02495216530261395
0.010625781565865413
0.01612245916308588
0.016333263697641355
0.01642077896170873
0.016384135045775676
0.01622331311688927
0.015939152894694605
0.01553336420485477
0.010009892867615607
0.02407627377230077
0.01859384271868689
0.02234580843475429
0.016345112779334824
0.020238386035702986
0.022163939377240132
0.004787000379569983
0.014925188985397166
0.010584747402745589
0.009190996056052274
0.007742424727154903
0.006248018519869222
0.004717032902417585
0.003158936495763071
0.0015833526258742956
5.914027341125282E-15
0.0015813671279530234
0.0031510189353858545
0.00469930978406032
0.006216737382106075
0.007694000992690936
0.009122058333468195
0.010492180819402064
0.00842925272677258
0.021921206979068537
0.0066429531038438945
0.010438704420984863
0.016462404342183004
0.014510241326122296
0.022318488141916597
0.01853156157409377
0.02988209768741094
0.02727260482070252
0.027651949962727178
0.0279099293902061
0.028045541938946008
0.028058554376367614
0.027949499457080175
0.027719669891760026
0.03003503056667649
0.019257032286726122
0.02279105091124404
0.013678856302150398
0.01628278665558217
0.010665485574596475
0.0069742734020475745
0.020415416520950212
0.00784089973483336
0.010335712165393866
0.008975639047642108
0.00756175551889899
0.006102822496016739
0.0046078684891926154
0.00308613382899035
0.0015470136525590635
4.005733974370958E-15
0.0015453766227124027
0.003079605855301068
0.00459325590914928
0.006077031449702436
0.007521830580310405
0.008918800579130779
0.010259392048030579
0.016181509928391687
0.007821715505815206
0.022669398064261242
0.018749101844938335
0.019280490590270313
0.021681565073364346
0.011730094552409219
0.01370630688765754
0.007136319739590982
0.00803548397779637
0.008251287250950175
0.008349857158614303
0.00833007602823338
0.008191643057038686
0.007935060374237678
0.007561627386476462
0.007073444652777669
0.012112779565507431
0.011639944301015994
0.022534156298459188
0.021055427074395748
0.017377455011318658
0.021549349558670817
0.009106904359771293
0.016522791053339137
0.01013162018525913
0.008799235330317214
0.0074138399131649215
0.005984009696896743
0.004518586115972159
0.0030266216949496466
0.001517324219016606
0.0
0.0015160034129998272
0.0030213547264777087
0.00450679624560198
0.005963200715938116
0.007381627315088312
0.00875337645160736
0.010070043035633676
0.00782878590050755
0.01529254403675909
0.009503357536495711
0.013895840995559664
0.014770890346604598
0.00839312222794522
0.02178062099438111
0.02805094940538667
0.02930737707271465
0.03183348091042518
0.03215869955526857
0.032366677148796055
0.032456559391058896
0.03242823461670404
0.03228233757679285
0.032020249433535784
0.02915430866588361
0.029347118019284375
0.020910394376177387
0.007166941091073955
0.01409507302376738
0.01529722196369729
0.010493075045216906
0.01339903113062165
0.008347013652213114
0.009968509378500157
0.008658364370333656
0.007295813132375316
0.005889281682093261
0.004447460615537597
0.0029792514937076312
0.001493711970465061
2.9037199473252478E-15
0.0014926825330914542
0.0029751464147054663
0.004438271585380902
0.005873063161207223
0.007270706647695838
0.008622622008380921
0.009920516256843585
0.016826308586584644
0.012519581710906896
0.01588508110420119
0.012400205981283436
0.027665876685657897
0.0281568880153711
0.015730276418729604
0.007887153525180325
0.013365757548822355
0.009331357873595798
0.00959977206225838
0.009805474224903634
0.009945255513417987
0.010019142109125781
0.010030227879025822
0.009984686081612766
0.01470261909642968
0.008212590073872188
0.016636674657419335
0.028942707935726064
0.028444504148992824
0.012119056624429686
0.014031756164179128
0.013673511175218806
0.01674306078703788
0.009843346313623958
0.00855040886344667
0.0072054844060935085
0.005816881820234537
0.004393174290417919
0.0029431464544545376
0.0014757402795370052
8.868215912203186E-15
0.001474983544646172
0.0029401288293591983
0.004386419477508044
0.005804959666129513
0.0071870287627669345
0.008524134858661494
0.00980806687015307
0.010223131999384986
0.010912644818701286
0.013871806957995727
0.0205797789378393
0.009290963560189849
0.002543205086923588
0.014911889879917515
0.03325532636387978
0.030095122472670637
0.032164151563234496
0.03240274220686263
0.0325348092904015
0.03255968275225258
0.032477531448836805
0.03228937479548915
0.03199709420328378
0.030476373029747466
0.032844911262462854
0.014374748110934327
0.0033915182944962282
0.007757354698927719
0.02191578789595935
0.014944577846132111
0.011285718299663808
0.011144307898675957
0.0097538821249961
0.008473430582413191
0.007141233191073683
0.005765512186415711
0.004354754658462223
0.002917660267523655
0.001463087672359974
1.171370600495102E-14
0.0014625903073988505
0.0029156769298931784
0.0043503150505636145
0.005757676340101993
0.007129103207223846
0.008456161982299168
0.009730694707843735
0.016065146197565116
0.015697007923408172
0.012669166908535218
0.017085986056239365
0.0259102128261789
0.027603002215733866
0.02016734052148344
0.010972686746369935
0.026965272791277844
0.019001074820369834
0.019275494441027993
0.019490588666885935
0.01964293304900067
0.019730937297431667
0.019754772818968376
0.019716324515345635
0.028074056919829796
0.011741136308767398
0.020345750785827278
0.02619756471625454
0.02390412762631287
0.019098020242439877
0.01359285992208624
0.01592280197058955
0.015578301921578478
0.009698550779601465
0.008426082790687912
0.007101936019149859
0.0057342750353443364
0.004331530647306021
0.002902348001851024
0.0014555333780366987
4.627922989932134E-15
0.0014552867977800856
0.0029013647161490676
0.004329329608805265
0.005730390233521118
0.0070959223006289845
0.008417521487004328
0.009687055090157392
0.013234549106205142
0.013927008593297074
0.01656534176585284
0.024059301097103167
0.009924899461396708
0.013493998512688399
0.017132849609552345
0.02395046871316483
0.0332621107770566
0.02784023151221295
0.0279741190647454
0.028021421759324667
0.027981327637708914
0.027854137162522115
0.02764128598143505
0.02734537445556951
0.03324447455618057
0.022156094390980225
0.018011518465540857
0.016004417376051103
0.012736449729944161
0.023713220673478898
0.016318216190185232
0.01486576648462341
0.014039478765375795
0.009676400843695289
0.008407551610460917
0.00708691762386787
0.00572263377780934
0.0043231034464535556
0.0028969467941706013
0.0014529477539617535
