1.0
0.9989725854527273
0.9958941397184456
0.9907760398146894
0.9836371918337667
0.9745039478168512
0.9634099899352752
0.9503961825331817
0.9355103927392281
0.9188072805050681
0.9003480590739815
0.8617227947701753
0.8307101004358394
0.7893820590020982
0.6829236227153259
0.6207537757514037
0.5760312268425188
0.5666507092738492
0.5566353414166526
0.535344933776044
0.514544432469444
0.4731059929876457
0.4327351479073749
0.38107656318828803
0.32975189478030303
0.3134132592980534
0.3147308932968464
0.3582040279126032
0.34049167918438566
0.315729762171556
0.3002006862750952
0.266833281321187
0.23395677675898338
0.2016731299197525
0.17008068053330969
0.1392737663276269
0.10934235931995459
0.08037172439209703
0.0524421016274363
0.025628413765296558
1.2757103965365363E-16
0.024379622781927606
0.047452970371682134
0.06916877240348765
0.0894821236499264
0.10835460493099743
0.1257543732716563
0.14165622109465456
0.15604160438810785
0.1688986399392116
0.18022207187652883
0.2077440366618382
0.22522501340416232
0.2431183659194815
0.3160796265001768
0.35138641473284987
0.3645352240651551
0.34342899800049353
0.3191736154229414
0.30987019437030616
0.2918975726218536
0.3002305522539394
0.2996275954928588
0.3150822471601842
0.32787948365376
0.3085160501954894
0.2679149178545763
0.1959633628201297
0.17812762507069343
0.15767665689996702
0.12883908052317297
0.11667245240793621
0.1041334746462163
0.09130375337943744
0.07826434592779968
0.06509537670314804
0.051875662795561425
0.0386823510008121
0.02559056798265017
0.012673085182488705
2.818661862817163E-16
0.01236156532820439
0.02434774582752739
0.035898195646727915
0.04695632858088923
0.05746953627456603
0.0673893832471309
0.07667177800935131
0.08527711967004642
0.0931704195635518
0.10032139756208588
0.09133269446649979
0.08797685303039383
0.0934582723408016
0.08223420471663864
0.08849550288300399
0.08060368273968332
0.08196388040601614
0.09777268319885499
0.09173508693521892
0.10373215602189631
0.09076209048210904
0.09613424798081083
0.07953821034734533
0.07828016714939416
0.08776899870653203
0.07936583362275634
0.08338310766837585
0.07285643971998162
0.07524981303680775
0.08219714680739847
0.07482035430154811
0.06711710121238167
0.059138962311213565
0.050938221326004084
0.04256756538062766
0.03407978162745351
0.0255274576858628
0.016962687462070972
0.008436783880031785
2.7008844688382385E-16
0.008298740059595725
0.01641209904919196
0.024294572090917687
0.031902718564962705
0.03919537927375629
0.04613387787015413
0.052682205632238785
0.058807188768005954
0.06447863753738943
0.06966947658610824
0.08840520551600048
0.10170651439716615
0.09183569527274148
0.11632747031929123
0.13070420605080635
0.13519682632218083
0.11761629066265777
0.10045286522750886
0.1125947042087068
0.1114680729775753
0.11196738668848545
0.09800817253634864
0.1105957525480586
0.12283699223049756
0.1134608527940901
0.10014805722512013
0.08036789500037235
0.09231949093343161
0.07841670279535377
0.06049987700365001
0.055204496560856006
0.04963964052493608
0.04384237336355489
0.0378506719099724
0.03170319158088146
0.025439031390900015
0.019097499119955903
0.012717877975441877
0.006339196069147424
2.2126318483187726E-16
0.006261866202463771
0.012409475561784374
0.018407024902623654
0.024220032755730484
0.02981552737365738
0.03516222387761023
0.040230689627296055
0.044993496981779006
0.04942536269936598
0.053503273308290744
0.04976240122781801
0.04533266366340356
0.06449549815898795
0.05953371241958469
0.06990596554193435
0.04920714869606362
0.0566456246138367
0.0770257522219013
0.075683656809615
0.08565151113600503
0.07558322818229947
0.07634003014358115
0.05577486505052145
0.04674941863884109
0.067102089875128
0.0556340906739494
0.06271099107929408
0.0425345148055777
0.046576618896311955
0.04799358665120006
0.04385524009181617
0.03948997423526635
0.03492661100534873
0.030194876749066162
0.02532521601994567
0.020348602879241926
0.015296350844887733
0.010199922616159542
0.005090740693765055
1.4406569919935832E-16
0.005041516417228547
0.010003617540090399
0.014856879372912699
0.019572813786121735
0.02412403027178479
0.028484389719771745
0.03262914937775014
0.03653509821676721
0.0401806819868249
0.04354611731320065
0.0551210943273959
0.06692292815423635
0.05920847512498803
0.06338104822879435
0.0530714650050989
0.07763708156479833
0.10607406296375937
0.12671992609513474
0.1442836811257054
0.15297958141047716
0.14460212903397293
0.12752913121372958
0.10687745859538213
0.07594582753567385
0.053170461512724684
0.0635776750281828
0.059668340062606476
0.06230667604644724
0.05017504164377608
0.039883901941637344
0.03647909300014344
0.03287863137833114
0.029106096167605993
0.0251859158794893
0.0211432144476103
0.01700365428408157
0.012793277347067334
0.008538345181071095
0.004265178890455321
9.139729610085717E-16
0.004231226855951932
0.00840294849187247
0.01249017407616564
0.016468621510455177
0.020314858443544952
0.024006437118552493
0.027522022293951582
0.030841511525968382
0.033946147150060224
0.036818619353298644
0.04128508199920754
0.03746773040205784
0.0535031051622495
0.03514110604537124
0.051974495465299954
0.03497668902076934
0.03560775237554255
0.04279750703853769
0.04828869298961545
0.04180261671041008
0.04686390889041839
0.03968362263821166
0.03271180906369785
0.035358949058891365
0.05016140733088837
0.032066271322206706
0.05062940049948808
0.03696575454127741
0.04061144910688452
0.034217760463380986
0.031317650500898964
0.028245407809625336
0.025021011314591033
0.021665227760587578
0.01819948054447538
0.014645715469341592
0.01102626424683886
0.00736370658208408
0.0036807316787416827
0.0
0.003655993885693848
0.007265056556971181
0.010805428289309688
0.014255912122852703
0.017595998694535635
0.020805986110945012
0.023867094172386735
0.026761572296946402
0.0294728005348666
0.031985383108941765
0.03632444776577969
0.04733623823273278
0.06243459892529245
0.057782205127580005
0.056592981327373136
0.04471906575670724
0.0815448466041187
0.09197394417112023
0.10423505206547691
0.08960123710260802
0.10216752696841461
0.08808402660814171
0.0772384697611837
0.04005077988180574
0.05523650392953025
0.0541969782736387
0.06143882938492818
0.04420883990318706
0.032947951486349346
0.030050316655056915
0.027517322639368794
0.024830357014183544
0.022006789021948553
0.0190647183995668
0.016022861053656662
0.012900431665655878
0.009717023953106849
0.006492489323494793
0.003246814662534834
6.787372968659247E-16
0.0032280632073135827
0.006417712443586113
0.009549632433254194
0.012604970668225014
0.015565449480289305
0.01841347400050509
0.021132235375584753
0.023705808643463146
0.02611924470554894
0.028358655871710093
0.03925752988261024
0.03573739502903495
0.031943373618882526
0.02895367806570442
0.042919740869931146
0.056990881465368355
0.026422353344013487
0.02870545480807929
0.02369102094108399
0.039862184724734066
0.025161153244589708
0.031930006500716306
0.029349765015524814
0.05956842077649332
0.043183345411960776
0.031258320460719274
0.02767166512844286
0.035454634030603505
0.038949829411183516
0.02686882837511512
0.024613779935095576
0.022219107024003804
0.019700210362087366
0.017073170655951517
0.014354647114388375
0.01156177296143198
0.008712048594942073
0.005823233049989507
0.002913234433609803
1.8348840603785613E-15
0.0028985934652983507
0.005764848289295871
0.00858135292930486
0.011331086723563562
0.013997521750359244
0.016564721191938418
0.01901743362329557
0.02134118267357127
0.023522351538318446
0.02554826185445421
0.02282096464001831
0.03337374166629165
0.04724045093480958
0.03031192564455811
0.0418180354925982
0.029190793515676987
0.030385140732716857
0.015615556457095656
0.0226687832966369
0.027454802200663656
0.021505503426906207
0.013780423854736327
0.029008614717777687
0.03113201850340061
0.04081795704127152
0.02816447539105809
0.042706962577160223
0.031025555579955965
0.02025221585750785
0.02437107680436344
0.0223328536566828
0.020166556388832076
0.017886055366203774
0.015505857279755892
0.013041013712287969
0.010507026791995382
0.007919752519502056
0.005295302366408814
0.0026499437508142407
1.1501310097177594E-15
0.002638249589548699
0.005248668987356601
0.007815363359247127
0.010322775102728153
0.012755777411735201
0.015099764812138608
0.017340740130543885
0.019465397382424848
0.02146120009284272
0.023316454592686005
0.03768999854448487
0.03395064495543882
0.02264186586948512
0.04239439230670492
0.04711634728931779
0.062382376812188216
0.048915777512590346
0.0629021991743345
0.05504838613451905
0.06232806001296284
0.05491418747023183
0.06273351151806189
0.04859633470011621
0.06024455489169334
0.04683405463177432
0.042566866084287995
0.025652283511229258
0.033451699490394796
0.03722050511307384
0.022367460989531244
0.02050230555744355
0.018518518518517452
0.016428752422940517
0.014246258644900228
0.011984803983148147
0.009658584444423074
0.007282136745885317
0.0048702480844814555
0.0024378647295440403
2.126970218691163E-15
0.002428357810789058
0.004832337001505499
0.007197272964715677
0.009508797076710058
0.011752923439936482
0.013916132957624068
0.015985454238318167
0.01794854084947655
0.019793744462761376
0.021510183461022344
0.012633112448212426
0.022987310649256985
0.019627086533441734
0.034722049842639414
0.040114398514998234
0.03354194585466446
0.03144156231163799
0.026657327837758444
0.033711458561464056
0.05746222936895554
0.033999528978722875
0.02663827624464934
0.031410758462037947
0.031903269168330105
0.03972606955258373
0.03654956791305758
0.01513437948541213
0.021336085576222828
0.010834483508702534
0.02073308876874328
0.019008557644275354
0.017173209640043936
0.015238710305113005
0.013217291849713373
0.01112167627822531
0.008964995797924686
0.00676071099860485
0.004522527309869184
0.002264310251771186
3.991905459416249E-15
0.002256474210777651
0.004491279322590169
0.006690762809976269
0.00884153564420822
0.010930553364368455
0.012945194766962449
0.014873337741864875
0.016703431801373226
0.018424566870798444
0.02002653793330542
0.03514990065466721
0.030919579846368225
0.040009049106069505
0.03087378244001768
0.03505734403167207
0.03685877103440603
0.030909549495595417
0.04124148123427361
0.02585532793409033
0.011982307192352295
0.02500048128900688
0.04026760071465557
0.029483904551196878
0.03593804965888334
0.032748336440819946
0.02720057301911208
0.04160470213046405
0.03015800478823569
0.03441376401293422
0.019382415367126076
0.017773746605170282
0.016060791128663144
0.0142544029455897
0.012365975136843817
0.010407368373055545
0.008390836793722451
0.006328951709566598
0.00423452360086907
0.0021205228934390373
2.912474271370016E-15
0.0021139948823752134
0.004208491728058868
0.00627067990419975
0.008287986175754339
0.010248151021481638
0.01213930279950643
0.013950029315996223
0.015669446367279082
0.017287262845729127
0.018793842021818385
0.006968255165738594
0.016436056048451983
0.006102448557600782
0.03911762357843046
0.028741925921738104
0.0126699429203933
0.02569662336950601
0.013193882369865864
0.033379714611685776
0.0414086662499909
0.033230972822787384
0.012357909027335799
0.02524605385585477
0.011009421078764988
0.026251440310564273
0.03822214728021666
0.008151415233639995
0.01568977027045812
0.006788173648044574
0.0182549511681047
0.016742774869488636
0.015131808464322046
0.01343223112505239
0.011654737426118413
0.00981047034623887
0.007910951711347808
0.005968010510532418
0.0039937095292455595
0.0020002707528282756
2.3607956264924645E-15
0.0019947887508683275
0.003971848879046018
0.005919076020935302
0.00782458189546286
0.009676766606715391
0.011464388985832555
0.013176634547166994
0.01480318064946755
0.016334258471108587
0.017760711428656345
0.0314424470138108
0.026675159899080998
0.03941292767251573
0.01054603978447444
0.029511843143744502
0.041867293258225975
0.027168028401988335
0.045449402150566136
0.0316956575115766
0.03336701278402864
0.032185325530530294
0.04599307160741026
0.027478583215677147
0.04208043089627895
0.030963316096613853
0.010621847614411286
0.03708397092714267
0.025713888287526934
0.0304657003667411
0.017306785855208028
0.015875622498042256
0.014350319253918695
0.012740489276203382
0.011056240820025764
0.00930811401278788
0.007507015135159695
0.005664148820684158
0.003790948594126646
0.0018990061775922499
2.8937625699426386E-15
0.0018943766504771204
0.0037724873907035166
0.005622823984443816
0.0074340766270622775
0.009195202845302664
0.01089549459369175
0.012524643141223785
0.014072801356566645
0.01553064301646355
0.01688941878176181
0.00879971404396262
0.014665530978198428
0.018161766082098463
0.029410576964511666
0.011036243535563522
0.005636901259548065
0.024037787710722007
2.9579669810918024E-4
0.02571919791830701
0.02184844343040001
0.025510270737537283
9.852858014306614E-4
0.024272874397570678
0.006351715554006937
0.0106309608380816
0.02789375683919155
0.020042843028804557
0.014827271897799272
0.00972295338734418
0.016505344286023294
0.015142585844551784
0.013689633232423734
0.012155621864997398
0.010550164881390272
0.008883293100554468
0.007165392548760536
0.00540713994644846
0.003619436553900637
0.0018133407843675124
1.943518739332079E-15
0.0018094180900283738
0.00360379400824626
0.005372124644469392
0.007103590532063015
0.008787621854595551
0.010413962781399059
0.011972733741574634
0.013454491259357094
0.014850284989618807
0.01615171160994167
0.026794929544829073
0.021649402709069593
0.02132223647431123
0.015065864170418317
0.036664048709209605
0.03238220794550925
0.027524005833837285
0.03928915312631
0.034423867466694534
0.02468132268775279
0.03415460251218506
0.038114848869716805
0.027434313240120887
0.030862067432926882
0.03598737787761815
0.01476676833219466
0.017763828354018744
0.020608325924173422
0.025662206588037726
0.015826024000834396
0.014521222122821292
0.013129576318170438
0.011659817132505353
0.010121138014667283
0.008523137976576766
0.006875761877446851
0.005189238702476738
0.0034740182182196712
0.0017407063958136172
7.992658653525385E-15
0.0017373792535197241
0.003460750568357487
0.005159539561485567
0.006823342980653313
0.008441992249958561
0.010005615456472331
0.011504697400997419
0.012930137348575071
0.014273304129174129
0.015526088255909374
0.01286071226177482
0.01640624433882569
0.026603975472607545
0.02631678082496012
0.021003563940359755
0.016604221858314432
0.027033768392069325
0.02140997564169736
0.025025583241746228
0.03265848899397641
0.02519053827772413
0.022493152060434445
0.02693473136995171
0.017192376991713873
0.022861378720898554
0.027200662016458328
0.027228513994945407
0.016913723018230402
0.013667083273482882
0.015249972865763775
0.013994328584075254
0.012654679837930104
0.011239413419889821
0.00975736646651356
0.008217771418268552
0.0066301986482199225
0.005004497114995006
0.003350733407390665
0.0016791295566418766
2.4043891201865835E-15
0.0016763119168756386
0.003339497508483343
0.004979345999424419
0.006585807068177608
0.008149052303020543
0.009659535194490306
0.011108049299678855
0.012485784224254939
0.013784379082907472
0.014995973114479815
0.02166435929748616
0.016576221855069136
0.008937150295810922
0.008425857200470453
0.02117120255019506
0.026516186385775884
0.02496429253397739
0.012851952842168585
0.025430572806123947
0.020883590443265605
0.025324556517604544
0.011771291527379562
0.024317308993003304
0.026686306995158175
0.018188546887662825
0.007704834129600786
0.009700295888739625
0.015652065523072297
0.020508802270090172
0.014762581844751476
0.01354857115844814
0.0122529509838783
0.010883816402481046
0.009449702303208008
0.007959530298474425
0.00642255334560852
0.004848298416961576
0.0032465075731318467
0.00162707780279464
4.274754056918359E-15
0.0016247025454925164
0.003237035767176218
0.004827096171889919
0.006385131545155821
0.00790160064054095
0.009367231488447385
0.010773077968529022
0.012110574301543452
0.013371587129262797
0.014548464866393147
0.01589220522423872
0.01888072014638405
0.02529389785935464
0.02978741358409027
0.031223980825399258
0.013085068724130986
0.024087762523074915
0.035241122320323635
0.026925230967089115
0.031467542612073754
0.026810089486815028
0.03546070761132363
0.02450618549454504
0.012647663557545624
0.031437034764052005
0.02898513928077748
0.023954555036584516
0.019303303946516377
0.016362970594440706
0.014352440193509078
0.013173533359920778
0.01191501965055546
0.01058474740274655
0.009190996056051762
0.007742424727152027
0.006248018519877053
0.0047170329024163234
0.003158936495765495
0.0015833526258721006
1.668814985548785E-15
0.0015813671279498495
0.00315101893538964
0.004699309784054137
0.006216737382103205
0.007694000992690272
0.009122058333464174
0.010492180819398445
0.011796006812012615
0.013025592550940468
0.014173460457972166
0.016752653377797837
0.012688758563979177
0.014833430112625246
0.013450611613557845
0.007425146564452999
0.02408977301381914
0.008658618632371511
0.004119600836543657
0.019207133634520212
0.008536905806295113
0.018951802323336403
0.004125391952934852
0.0070471179467950125
0.023386868072849943
0.009086692267178762
0.015131828455961203
0.015507126935759395
0.012208116032480832
0.01577900185991728
0.014010597974014001
0.01286104467594473
0.011633535736641522
0.010335712165388755
0.008975639047643376
0.007561755518893854
0.006102822496015306
0.004607868489190582
0.003086133828981774
0.001547013652547228
8.833145480935389E-15
0.0015453766227240256
0.0030796058552972345
0.0045932559091487165
0.006077031449697674
0.007521830580310174
0.008918800579127029
0.010259392048024308
0.011535411143218866
0.012739069568691879
0.013863032028239
0.017358322154286752
0.02052473461251775
0.017145993294357186
0.016731729253317257
0.025303723527595256
0.027301839941455956
0.039221697751896024
0.035182941873842875
0.025524152305836514
0.04302002820263435
0.025667399494679156
0.03503168372643682
0.04021641720179236
0.029361822249230406
0.023671040415672362
0.014257483887946287
0.01650986720581776
0.020695360381509962
0.01746779516987066
0.013730038049230748
0.012604699581221405
0.011402737382910767
0.010131620185260789
0.008799235330314872
0.007413839913159268
0.005984009696892527
0.0045185861159690015
0.0030266216949533303
0.0015173242190167553
4.265750524657906E-15
0.0015160034130024778
0.0030213547264750385
0.004506796245605202
0.005963200715942919
0.007381627315088332
0.008753376451610107
0.010070043035635416
0.011323567895692775
0.012506287027604502
0.013610978374997092
0.013135965089648797
0.011655698286269486
0.016987875511804588
0.02390152878293976
0.01810894298150251
0.01655945354844025
0.008832435010531629
0.005191490336330377
0.009680247239488432
0.01443607490886096
0.009547773473008378
0.005450006849392013
0.009616627931515534
0.015693318667682924
0.018534514153059428
0.025094592738492034
0.017064804447889263
0.011855060231129588
0.012638039922778328
0.013505294387050096
0.012399509771528552
0.01121813874339455
0.009968509378500003
0.00865836437033328
0.007295813132382221
0.005889281682094132
0.0044474606155373245
0.002979251493703381
0.0014937119704699331
5.573536749938502E-15
0.0014926825330990314
0.0029751464147123306
0.004438271585386047
0.005873063161207806
0.007270706647691549
0.008622622008381115
0.009920516256842243
0.011156434250421406
0.01232280737482097
0.0134124998222703
0.01726494497619608
0.0207894787013842
0.01924937781749989
0.018609136190068477
0.016416160255779026
0.0353724605621264
0.03559939450516793
0.02815793171343951
0.029418703387086673
0.041614718889358956
0.029352514562998984
0.027574612822164248
0.033789240633026074
0.03455014650381994
0.01668383967239857
0.02111474755882547
0.020205403332942677
0.020664738989352602
0.017050830403774347
0.013332175107203104
0.012241651830628572
0.011076303439814682
0.009843346313632505
0.00855040886345287
0.0072054844060940315
0.005816881820227662
0.004393174290423927
0.0029431464544596745
0.0014757402795360082
9.96945000879318E-15
0.001474983544645309
0.0029401288293666454
0.004386419477509861
0.005804959666126676
0.007187028762766887
0.008524134858665612
0.009808066870152538
0.011030944889175798
0.01218526847442951
0.01326396258779677
0.012030617401091022
0.013594605875584982
0.016578653727828505
0.027453958178406037
0.01659533249177057
0.012617184803466745
0.01962331117399931
0.015941334967308606
0.011516291836288705
0.0252980021057531
0.011727332754134498
0.01666557738391934
0.020689364917186474
0.013698170976656692
0.015957595071762542
0.027026639584675407
0.016385716614240136
0.014173475206384921
0.01215934373345467
0.013207562550503217
0.012128285123691462
0.010974681112941172
0.00975388212500344
0.008473430582418041
0.007141233191074389
0.005765512186421111
0.004354754658460547
0.002917660267521591
0.0014630876723641499
1.0113266667234037E-14
0.001462590307396118
0.002915676929884819
0.004350315050563005
0.005757676340101767
0.007129103207218939
0.008456161982295433
0.009730694707841343
0.010944869218237221
0.012091227201860878
0.013162729950771201
0.01587720448085098
0.01960042131281876
0.021679917970787305
0.028271718914043807
0.02023537115619427
0.024722416384163337
0.010956816584303995
0.02134964747368567
0.023072880538686464
0.006978288706852406
0.022936754954573202
0.021565712808038363
0.011634514764997269
0.024414597727316842
0.02020821694986438
0.028069563829951252
0.021235684305416475
0.01920328198375352
0.015438048680399155
0.013129271780954
0.012057423013996925
0.010911491925414645
0.009698550779600903
0.008426082790693125
0.007101936019150179
0.005734275035341151
0.004331530647307659
0.00290234800185453
0.0014555333780379579
3.1476348330000007E-15
0.0014552867977838848
0.002901364716137912
0.00432932960879563
0.005730390233527562
0.007095922300630731
0.00841752148701273
0.009687055090159262
0.010896712005367378
0.012039050719146889
0.01310704502455523
0.013325002303726598
0.01660760235493442
0.016961271816023547
0.024059616565414492
0.015263720554799793
0.024695583861045475
0.02829013149494139
0.026148062804880398
0.0196506874896963
0.029862790172374774
0.019770471271211974
0.026236889518913124
0.027925832938754492
0.025185740480161433
0.015936074794420756
0.024225863713015314
0.017592426046515643
0.017191365988652386
0.013787751413493605
0.013095955155905344
0.012027846164577414
0.010885648950799175
0.009676400843700516
0.008407551610464971
0.007086917623861963
0.005722633777812145
0.0043231034464506265
0.0028969467941612308
0.00145294775396028
