1.0
0.9989725854527265
0.9958941397184452
0.990776039814689
0.9836371918337647
0.9745039478168488
0.9634099899352739
0.9503961825331793
0.9355103927392283
0.9096448120471317
0.8451753167352013
0.7881962293883625
0.7482081943521149
0.70733875554744
0.6744074353968625
0.6579236590065114
0.6492435013087579
0.6126855649068902
0.5653546587152356
0.44326382975740725
0.3845217873719561
0.3810967311266553
0.441039512682961
0.426587391453454
0.401267620291459
0.35002811896887753
0.30748882749485656
0.2804353707544068
0.2617123388535546
0.24552409229565983
0.24821357957406873
0.25872719233449637
0.2339567767589831
0.20167312991975275
0.17008068053330933
0.1392737663276271
0.10934235931995437
0.08037172439209711
0.05244210162743678
0.025628413765296964
0.0
0.024379622781927502
0.04745297037168217
0.06916877240348805
0.08948212364992636
0.10835460493099779
0.12575437327165495
0.14165622109465462
0.15604160438810752
0.1755772021196079
0.22764479479274385
0.27117722247359544
0.2941031280648299
0.3064355597167944
0.30875532580946824
0.30254256123261775
0.2880978298755316
0.2887867361832949
0.30302080449487956
0.3879442643789675
0.41213846140072713
0.37720110387743844
0.2822230781884199
0.2583820737191926
0.25020508194454755
0.25493028098645376
0.25261472045181355
0.24841758777966494
0.23759338988231654
0.21310423504663012
0.16944768548597733
0.1208654435830562
0.10413347464621646
0.09130375337943732
0.07826434592779996
0.06509537670314797
0.0518756627955614
0.038682351000812465
0.025590567982649956
0.012673085182489299
1.2314869537558232E-16
0.012361565328205365
0.024347745827528546
0.035898195646727846
0.04695632858088966
0.057469536274566246
0.06738938324713137
0.07667177800935294
0.08527711967004795
0.09227088382696136
0.07366899150397853
0.05181832658337045
0.04897048830063045
0.06953580451906188
0.08965168720590909
0.10139837005125653
0.11542912213927173
0.12875525054276935
0.11910664221004866
0.044422867267074714
0.013590979439247537
0.04637054799275735
0.1219889476673519
0.13253973400516517
0.11857977760529674
0.10724269220300059
0.0975681723226315
0.07395264010356878
0.04567531883049832
0.04571585963631502
0.06463605879532366
0.07723974103786699
0.06711710121238225
0.05913896231121305
0.0509382213260038
0.04256756538062786
0.034079781627453315
0.025527457685861756
0.016962687462071618
0.008436783880032451
5.2251912805390235E-16
0.008298740059596693
0.016412099049192868
0.024294572090918645
0.03190271856496226
0.039195379273755576
0.04613387787015402
0.0526822056322386
0.05880718876800667
0.0606470261398037
0.08473140083626662
0.10865349661345133
0.11276553377034472
0.08258819055866942
0.04836804923473261
0.04456427775979463
0.042162682321415464
0.029430459541347886
0.030166694463728945
0.10380234705361699
0.11784183352533645
0.09948691903078012
0.02198542921839199
0.022008052720214073
0.028497069788659304
0.025957749432121528
0.024424488843243657
0.059227232845384364
0.0915186810622972
0.0889742185656273
0.06778755000416142
0.04866821163820098
0.04963964052493837
0.04384237336355503
0.037850671909973654
0.03170319158088247
0.025439031390899845
0.019097499119956816
0.012717877975441612
0.006339196069147933
1.6739715681262266E-16
0.006261866202464082
0.012409475561786008
0.01840702490262595
0.02422003275573085
0.029815527373658068
0.03516222387760918
0.040230689627297644
0.04499349698177929
0.057944510926193606
0.0522104067186708
0.04474503746998527
0.05600559980562278
0.10919539752062281
0.14853684239133685
0.154597550668983
0.15312625630631185
0.17160500781086516
0.17090436306445048
0.11939723524473807
0.10732509180989595
0.11995393399186983
0.17070794045263968
0.1704387441386257
0.15308199521824176
0.15625599154842076
0.15134824290052845
0.11283098888125778
0.059607581976618425
0.04630838297265437
0.0490009203984197
0.05308636094768614
0.039489974235265006
0.034926611005348954
0.030194876749062835
0.025325216019943253
0.020348602879240205
0.015296350844879987
0.010199922616160392
0.005090740693766426
6.752241079163716E-16
0.005041516417228928
0.010003617540091303
0.014856879372911361
0.019572813786122172
0.02412403027178554
0.02848438971977276
0.032629149377748766
0.03653509821676908
0.031165504600577827
0.044812146269042626
0.04922729125973657
0.0373658102782717
0.013876578235723722
0.039851195676887614
0.04127841585773619
0.029065966618845716
0.03580482293574474
0.03444942703553583
0.03776536573954876
0.0015869571931301804
0.03751742476187129
0.03261160221033084
0.032186537799263525
0.026948523845241833
0.03996374611349025
0.03888800865415645
0.013470408934815969
0.03211661636153935
0.04575774031445023
0.046453210515990856
0.0290174468403778
0.03287863137833016
0.029106096167608078
0.02518591587948914
0.021143214447610456
0.01700365428408324
0.012793277347070222
0.0085383451810726
0.004265178890455962
1.8879733034148365E-15
0.00423122685595284
0.008402948491872722
0.012490174076165528
0.016468621510457478
0.020314858443545056
0.024006437118552073
0.027522022293951225
0.030841511525971758
0.04070220568921679
0.039748791089082976
0.046774129169670206
0.06227650057820539
0.09487336918227045
0.11694734782949366
0.11585034975422695
0.10355330169452258
0.0930892144343963
0.10294083335019465
0.07367656177797739
0.09206378407718792
0.07130457657959612
0.09730092007848329
0.0837401614151074
0.09435890556736154
0.10466699568157932
0.10447025149310918
0.08487713304632526
0.05927170621461164
0.0442202409511531
0.036637725027483685
0.035775249461193356
0.02824540780962755
0.02502101131459097
0.02166522776058938
0.018199480544476492
0.014645715469340598
0.011026264246840027
0.00736370658208454
0.00368073167874333
9.06364403419845E-16
0.0036559938856950635
0.007265056556972702
0.010805428289309468
0.01425591212285118
0.017595998694534338
0.020805986110944082
0.023867094172388113
0.026761572296944938
0.030100168469769404
0.05857102090248188
0.043406458640719445
0.02748609213297838
0.013005467748270513
0.0062056680592248266
0.01485785876469304
0.028581062392091513
0.053499362328222465
0.04345811577167116
0.06358065614031853
0.036209536856395025
0.06492390233310212
0.047499319727962716
0.06008654073763604
0.03572812507485351
0.022615071714718594
0.01645205713269753
0.021553862604621145
0.027424264021847566
0.04223395887447404
0.06119100914626483
0.031233663075192725
0.0248303570141853
0.022006789021949264
0.01906471839956723
0.0160228610536601
0.012900431665656185
0.009717023953108387
0.006492489323494557
0.003246814662534195
2.358854575158313E-15
0.0032280632073149918
0.006417712443587702
0.00954963243325436
0.012604970668222958
0.015565449480291543
0.018413474000504502
0.02113223537558404
0.023705808643464603
0.02268528333432835
0.025947582189497748
0.027592216535695387
0.038371156917332304
0.03168492427177841
0.03515306774928318
0.027785215273306123
0.024634865561955144
0.021675582543385273
0.02389381613875615
0.007460747354044887
0.01571854249406496
0.00844547028985572
0.02356537193318879
0.0246134583999556
0.02156769613184127
0.02007582947254152
0.026816424850032584
0.022517526513584966
0.03317800090531839
0.022739556367175277
0.021693880109616436
0.01826516229564783
0.02221910702400752
0.019700210362086624
0.017073170655952204
0.01435464711438945
0.011561772961426658
0.008712048594943638
0.005823233049991335
0.0029132344336093067
1.5671191303347794E-15
0.0028985934653003747
0.005764848289297021
0.008581352929310051
0.011331086723560002
0.013997521750361201
0.016564721191942078
0.019017433623294805
0.021341182673570814
0.03230516230580481
0.05999599880624695
0.03515864759336395
0.031019569409387104
0.05092535435307382
0.05356889036292776
0.06287677817517287
0.07262705648316567
0.09369202138416864
0.07827622360331335
0.08131918886160407
0.07031136782547776
0.08057166642189184
0.07714843099899349
0.09200054594232103
0.07286957716748277
0.0643972240892158
0.0549804441462688
0.052819517163640084
0.032334656427954196
0.03322250278622083
0.05672519631193817
0.03158961371726634
0.02016655638883209
0.01788605536620671
0.015505857279751395
0.013041013712295681
0.0105070267919964
0.007919752519502974
0.005295302366409806
0.002649943750816332
1.6579158605478616E-15
0.0026382495895509524
0.00524866898735425
0.007815363359247308
0.010322775102727399
0.012755777411735102
0.015099764812138752
0.017340740130547642
0.019465397382423644
0.012738926377770894
0.007191473241270938
0.024847419514723624
0.024958611188543995
0.01117870792610019
0.006484701517027114
0.0034414220590148975
0.011094071833476616
0.019531789574419218
0.012509798537568118
0.010326253422000529
0.007553501221516925
0.01091048661501634
0.012718999231950726
0.017056511737323143
0.008523435793143701
0.0020499232003544734
0.006610093960358339
0.014617632013942495
0.025195964614369376
0.029052480450621285
0.0023697838226292203
0.013978058447857602
0.018518518518520644
0.01642875242294286
0.014246258644906798
0.011984803983147125
0.009658584444422066
0.007282136745882749
0.004870248084482241
0.0024378647295403297
8.532520396967943E-16
0.0024283578107905956
0.004832337001506018
0.007197272964717703
0.009508797076713309
0.011752923439940782
0.013916132957618949
0.01598545423832191
0.01794854084947768
0.02655733390454527
0.04129453637450333
0.028237428129505124
0.03191298853179649
0.04329387301720163
0.04213850093528996
0.05178377174597612
0.05250696432120123
0.040786614808721894
0.030582655957438917
0.028877904956774263
0.031593281721726145
0.02757729213440191
0.028326836346238254
0.03615474063461747
0.04937919157682598
0.04824840386921524
0.03828912674521366
0.03954252675842286
0.03001773044738373
0.026473675418853464
0.03532001045419163
0.023607118409308483
0.017173209640046153
0.015238710305110835
0.013217291849714301
0.01112167627822806
0.00896499579792659
0.006760710998605619
0.00452252730987115
0.002264310251767235
2.1353927919397148E-15
0.002256474210775815
0.004491279322586432
0.006690762809971377
0.008841535644202312
0.010930553364361417
0.012945194766961566
0.01487333774186429
0.01670343180136763
0.02036612230005431
0.011579080427447607
0.03795324921729226
0.023766007231799426
0.035272347359184116
0.023628939294510633
0.015505814445150963
0.019842670855856653
0.03908723419124767
0.047404058826936275
0.04680072492381816
0.04697185799844014
0.04719998698704376
0.04844216794048673
0.041118657659220736
0.022106916273179393
0.017788076622020466
0.02616528031188633
0.039001470075144096
0.022756607264135333
0.03797162519237369
0.014944637370482452
0.02248609814862767
0.016060791128661493
0.014254402945585406
0.012365975136840658
0.010407368373058236
0.008390836793721445
0.006328951709570091
0.004234523600870436
0.002120522893441984
1.0191414213693659E-15
0.0021139948823745277
0.0042084917280617775
0.006270679904202765
0.008287986175753801
0.010248151021480852
0.012139302799508978
0.013950029316003776
0.015669446367281032
0.014189550369884297
0.02011706846933727
0.01650427534255416
0.0215602171833258
0.0284106315840312
0.01935530063540876
0.025377052054676334
0.0289247885598488
0.00877374057503307
0.020556590614892834
0.009152462294907994
4.177818193337615E-15
0.009258635202701614
0.020647853214084196
0.008782000207779712
0.02737639554242314
0.02312475432391774
0.01676128983460953
0.027127008258768646
0.02106423675817111
0.013109176842343192
0.01729928627582408
0.010574345317310234
0.015131808464323642
0.01343223112505268
0.011654737426116947
0.00981047034624707
0.007910951711348582
0.005968010510532743
0.003993709529246023
0.00200027075283115
1.9536757691480387E-15
0.0019947887508714106
0.003971848879048094
0.005919076020934596
0.007824581895463497
0.009676766606716106
0.011464388985835433
0.013176634547166296
0.014803180649463317
0.025289050187169242
0.020165207152520737
0.03084211778209425
0.020731133199389445
0.04268684580029058
0.031974680735660815
0.02917868610290275
0.028497069788664148
0.03805330253258948
0.03762505867201112
0.0320359469509814
0.04180140426303787
0.031120615426163335
0.03592571997039211
0.036139544456460164
0.028143594390642016
0.030480961122779263
0.032097307150963886
0.04026551532191141
0.020659474897441455
0.027656515878412374
0.020227920755539492
0.0251321539053076
0.014350319253918428
0.012740489276204255
0.011056240820031794
0.00930811401278834
0.007507015135158185
0.005664148820689313
0.0037909485941329465
0.0018990061775878938
3.251769680107798E-15
0.0018943766504774856
0.0037724873907028647
0.005622823984446218
0.0074340766270621595
0.00919520284530572
0.010895494593684496
0.01252464314122641
0.014072801356563532
0.007334644633775836
0.01633918048261794
0.012608208994641282
0.024307878829039602
0.020605965915798528
0.013112916184509089
0.02134606216212405
0.018925704364613005
0.021642529901183524
0.03133247828825439
0.03344105252180814
0.024980728312538617
0.03417209824036692
0.03237142529386244
0.02316514128516257
0.018797795538626764
0.021979511546181246
0.013993415110788896
0.020305017957574556
0.02463551694896475
0.01547511708467622
0.01688510585297667
0.0097632224084733
0.013689633232425823
0.01215562186499426
0.010550164881390886
0.00888329310055741
0.0071653925487618455
0.005407139946442847
0.0036194365539036215
0.0018133407843648655
1.9343997802742152E-15
0.00180941809002778
0.0036037940082466976
0.0053721246444721855
0.00710359053206452
0.008787621854599609
0.01041396278139514
0.011972733741577108
0.013454491259360676
0.02154829158030616
0.017026217357641173
0.01797003815931256
0.018082919286795653
0.0212858727288167
0.02960238515419139
0.034566135071131605
0.02429247138419532
0.014859317858258897
0.009059974413414579
0.0055358287861692465
0.005289018495182401
0.005414424903996559
0.008544908908198976
0.014126473506746633
0.023860875726985427
0.03393400805162744
0.028215437045178014
0.01732966734428016
0.017046895782612956
0.016180169702022604
0.015735322144851255
0.019126456402511836
0.0131295763181637
0.011659817132513444
0.010121138014669375
0.008523137976572451
0.006875761877445001
0.005189238702475996
0.0034740182182245397
0.001740706395816801
1.1174322258250476E-14
0.0017373792535225825
0.00346075056836088
0.005159539561482437
0.0068233429806527374
0.008441992249957325
0.010005615456473056
0.01150469740099666
0.01293013734856989
0.01722685388522575
0.01657023239960683
0.022162741487664877
0.020467460403177987
0.026190320203856702
0.01646409427321976
0.01905511808925873
0.019781237193457875
0.029411632819822512
0.039418441061357556
0.04370584294980233
0.04336869742426557
0.04342797227350998
0.038932817010864526
0.028830789063805876
0.019934747881009938
0.018071891227083078
0.01734973711657045
0.027128161790195823
0.01863843767729485
0.022499286951581935
0.015681041794952815
0.01943210341326788
0.012654679837936382
0.011239413419894588
0.009757366466504585
0.008217771418262541
0.006630198648206384
0.005004497114999889
0.003350733407387729
0.0016791295566476597
5.0361642236137515E-15
0.0016763119168752042
0.0033394975084889314
0.004979345999423633
0.006585807068179009
0.008149052303006051
0.009659535194486204
0.011108049299677061
0.012485784224257331
0.010849386146039863
0.01553223782402496
0.014245480037680806
0.018390866210925536
0.008797205748206076
0.016667298655523098
0.022853233878951117
0.0193512455574847
0.02161480532279241
0.013997923756899277
0.007358232552684292
0.00847536274576071
0.007892975854978942
0.014783598790857728
0.022905491642243724
0.018885201805456955
0.021054547525219933
0.014894030732684893
0.009204719974371386
0.0201168398446682
0.014814710727246726
0.016654325003542976
0.007453965133564541
0.012252950983887944
0.010883816402490632
0.009449702303208359
0.007959530298468227
0.006422553345599769
0.004848298416955578
0.003246507573139069
0.001627077802788226
4.5620721880530234E-15
0.0016247025454981154
0.0032370357671763915
0.004827096171890629
0.006385131545148133
0.007901600640549566
0.009367231488455564
0.010773077968528786
0.012110574301549876
0.022441573624152635
0.011700387678696448
0.01991203059744306
0.013178762246650901
0.024197135423795604
0.029623955123100194
0.022043255039077655
0.022125901514995036
0.017671276576745405
0.02171573737096936
0.023735380102440674
0.016884784334380898
0.023200577979698295
0.020720170809681467
0.016718778979330606
0.0222243986541364
0.023599802677143372
0.03186747649711971
0.022572857266115805
0.012429702290122045
0.01896846271626227
0.010380629945140283
0.022411396285328452
0.011915019650552047
0.010584747402739444
0.009190996056048664
0.007742424727152516
0.0062480185198762455
0.004717032902420047
0.003158936495760611
0.0015833526258678262
8.669241236512396E-15
0.0015813671279527213
0.003151018935389047
0.0046993097840622115
0.006216737382102927
0.007694000992690596
0.009122058333469064
0.010492180819405948
0.011796006812019125
0.005576592884974786
0.019296495677039914
0.0182871602025976
0.02434939106297148
0.014382559025776464
0.008245311247607525
0.011050876104733431
0.01618602375616562
0.031234428316847612
0.026235608375609423
0.02469851852720415
0.03657460114766369
0.024916467451531022
0.026462995075311135
0.03102928353496632
0.016446402054235126
0.00976755235352331
0.0068898765549564745
0.015283066056678113
0.023905708799831723
0.018881757270521778
0.01914183488372088
0.00857051554977945
0.011633535736643223
0.010335712165391473
0.00897563904764495
0.007561755518894707
0.006102822496012121
0.004607868489182186
0.003086133828988495
0.001547013652561501
5.047001023197393E-15
0.0015453766227202538
0.003079605855297525
0.004593255909147046
0.006077031449698393
0.0075218305803152405
0.00891880057913031
0.010259392048037618
0.011535411143212588
0.0192913508055441
0.009445104135343859
0.018159060169177565
0.011058637858705497
0.017821200066474828
0.03809686057094126
0.02948788814341836
0.020253634514907557
0.010068359507804062
0.014475166740687532
0.01502392922978689
5.258603442550687E-4
0.015287403181316859
0.015186558764547336
0.011087732044753332
0.019897788349543373
0.029417331773285798
0.038017742948981366
0.018115927803166135
0.011901003006967822
0.018475295216497472
0.01067442749414472
0.017072829303893474
0.011402737382908883
0.010131620185265661
0.008799235330316407
0.007413839913161977
0.00598400969689475
0.004518586115970817
0.0030266216949532253
0.0015173242190148306
9.445396649209497E-16
0.0015160034130011473
0.0030213547264756322
0.004506796245604137
0.00596320071593667
0.0073816273150848636
0.008753376451615535
0.010070043035631087
0.011323567895703105
0.016186123686509676
0.014725721173607303
0.016181554078337556
0.016717523548497516
0.014300596739566233
0.005946598534579212
0.008696707458344227
0.026923970407172745
0.02351515922396223
0.02609160763171572
0.02671581954795442
0.028757671678061068
0.026617650522842734
0.02587064708057792
0.022854113434570146
0.0282773531867628
0.009876692556945824
0.007367460856328401
0.013046040532685342
0.014310353248377962
0.013902990878958668
0.012352613069032214
0.018352823742545293
0.011218138743399898
0.009968509378499734
0.008658364370335033
0.007295813132388882
0.005889281682097083
0.004447460615535209
0.002979251493707231
0.0014937119704647008
4.600866514914732E-15
0.001492682533098753
0.002975146414703439
0.00443827158538827
0.0058730631612122055
0.00727070664769651
0.008622622008376648
0.009920516256839824
0.011156434250419768
0.009280466422469446
0.016962854659535967
0.020123118560383537
0.020010081110626875
0.023764432317902904
0.03147392348639603
0.022956786899087724
0.013531009182994384
0.02672673050581585
0.02799599638982003
0.026253184756775128
0.024332381364599254
0.02635181665763381
0.028229860644543723
0.027397402827022427
0.012065829618861495
0.021358344989329304
0.029314514461351325
0.02505440205711836
0.021919399314348102
0.020862162054944035
0.019188210448028306
0.005991361137281072
0.011076303439825906
0.009843346313629925
0.008550408863443125
0.007205484406094201
0.005816881820232126
0.004393174290418007
0.002943146454452183
0.0014757402795391465
5.702598596798596E-15
0.0014749835446443325
0.0029401288293681464
0.004386419477503456
0.0058049596661283965
0.007187028762765223
0.00852413485866661
0.009808066870152383
0.011030944889166118
0.021333994356689336
0.009241683824917999
0.007224382687249305
0.007234259809607998
0.006738259283839479
0.012198324791029511
0.01765556104517873
0.033910392892885576
0.012182253674198886
0.014929917998906046
0.01598849645682458
0.0019907853511837775
0.015636485822226525
0.014152750116893254
0.011167780444235055
0.03383059165644908
0.018797701221343856
0.01295369642219368
0.006063179136929211
0.006592061384266063
0.009149275557277391
0.011274563201792829
0.02133091864204695
0.010974681112927825
0.009753882124999396
0.008473430582402809
0.007141233191077774
0.0057655121864165415
0.004354754658460429
0.002917660267526627
0.0014630876723664616
1.509522189250132E-14
0.0014625903074105948
0.00291567692989014
0.004350315050562851
0.005757676340103081
0.007129103207226435
0.008456161982299442
0.009730694707839669
0.01094486921823701
0.005372280644236334
0.02390244410259345
0.024072442605713236
0.023575377803314312
0.025792041894605097
0.017949313344071703
0.017189545741115506
0.00862509557070358
0.026944664802006166
0.025712671095182812
0.024359997983402777
0.036057443175580364
0.02427374559340449
0.025455167548087177
0.02649864647781924
0.01113001235154327
0.018477853585550763
0.017451130867664394
0.024440055423572755
0.02228580243534627
0.02465079379941719
0.02440739425206933
0.00857078559652693
0.010911491925406048
0.009698550779603826
0.008426082790697032
0.007101936019152586
0.00573427503535011
0.0043315306473092376
0.002902348001850329
0.0014555333780321335
3.5402363192607218E-15
0.0014552867977705498
0.0029013647161409127
0.004329329608804639
0.0057303902335260355
0.0070959223006290765
0.008417521487004451
0.00968705509015289
0.010896712005372365
0.018351236706947233
0.019651690332378933
0.01997335624667453
0.010663960628356194
0.010912183505014826
0.01844692831912612
0.025508474990102063
0.029232313503497434
0.016189813334715714
0.017088835852804247
0.017925975770352567
0.011188441305479154
0.01821935947638674
0.017775679248399477
0.017331050124043436
0.02817318725977772
0.02564495050150928
0.01886313566565747
0.01336378783928717
0.013060022612241574
0.022231289879113953
0.021821573017448664
0.01619766061873569
0.010885648950795674
0.00967640084369445
0.008407551610463753
0.007086917623864561
0.005722633777820138
0.004323103446450354
0.002896946794170027
0.001452947753967295
