1.0
0.9989725854527283
0.9958941397184441
0.9907760398146898
0.9836371918337659
0.9652449357429334
0.9263800038604632
0.8865171943003917
0.8722052579655052
0.8559006769719568
0.810524170356094
0.7900296047406327
0.7409954392981489
0.7178326777011877
0.6662473886585233
0.63987278744057
0.6037697727822314
0.6018702802342427
0.5644081718694922
0.5606950854459091
0.5128532458027913
0.4979390389588058
0.43984214306399977
0.4147296539400696
0.357548613938522
0.3338525447396338
0.3035602201837977
0.2961105119710968
0.26461924097649336
0.25816695715232235
0.2327205133606275
0.2240545480787643
0.19278513843114675
0.15694892981465416
0.13326969142162323
0.13002735510725794
0.10934235931995452
0.08037172439209683
0.05244210162743605
0.02562841376529617
0.0
0.024379622781927793
0.04745297037168206
0.06916877240348812
0.0894821236499275
0.11759559871146734
0.1623782148913387
0.17658940836886064
0.18302126332195057
0.1943702663719377
0.2260792775202885
0.245502885970014
0.2817345828538693
0.29209885310508
0.32227409638264476
0.3317342191534367
0.3412467440845981
0.32282978696069065
0.3252375203515424
0.3029204618202858
0.3116362210260635
0.2944824167742311
0.30755659174522537
0.2976392894120472
0.30610861743710266
0.28922068511535975
0.2703217714649892
0.23403042883309308
0.21603150284928008
0.17601832124110856
0.1469054334373717
0.11711162098837524
0.10383656709483242
0.1039199039258861
0.11423725856504356
0.07430643971757656
0.051875662795561876
0.03868235100081208
0.025590567982649973
0.012673085182488652
4.350300347263663E-16
0.012361565328203714
0.024347745827526746
0.035898195646728304
0.046956328580889155
0.048294444095942086
0.031785586630194956
0.0682851641361024
0.09378081051808052
0.10174386971957096
0.09872481654352178
0.08778832065933842
0.09282559391054303
0.1081342143253997
0.11462413437856853
0.11447696932434571
0.10843737488491799
0.09419249285949777
0.1106295891932053
0.10944198543897068
0.12939767024725435
0.10893796603890536
0.10992053642934439
0.09252321161668506
0.10688564443167008
0.1129575071569513
0.10990002689560514
0.10065013557437968
0.0790859537193859
0.06985159355223651
0.07676968587322436
0.07905077567474358
0.07146026071615011
0.04546757139753811
0.016399282174166363
0.033473037033691706
0.03407978162745311
0.02552745768586182
0.0169626874620709
0.008436783880031619
1.0227479221448608E-15
0.008298740059596705
0.01641209904919193
0.024294572090919033
0.031902718564963115
0.04833103931377132
0.08013193475752572
0.08817669809627936
0.08547048812734347
0.09173074890664802
0.1046058282245266
0.11335161178514862
0.10329891973945754
0.09319221738219599
0.111284917795674
0.12451045427254763
0.1288347672619479
0.1303333995037482
0.11561989149739504
0.1140418693993465
0.1109329522994789
0.11119534815927026
0.10933794402963679
0.12251657402040454
0.11741184712463085
0.11075895725128376
0.09842270515479569
0.08347806708210802
0.1038801318810964
0.12267430333282887
0.11874878038054391
0.10347937575861395
0.09885937448492081
0.0974912855727344
0.07039934699233641
0.04078071385634139
0.0254390313908985
0.01909749911995501
0.012717877975441598
0.0063391960691468385
1.6687212849464146E-15
0.006261866202463374
0.01240947556178427
0.018407024902622807
0.024220032755728156
0.020937605666582045
0.003311278262439995
0.017472033128099043
0.021049212717526536
0.018703541465460972
0.024376025907586456
0.026829133936549253
0.009741367146387016
0.045653399464897035
0.05984117969090304
0.07849042773055982
0.0704704463794731
0.0620246062949324
0.07877637944715435
0.082157723736598
0.10408075843190841
0.0810781052307491
0.07631844488552451
0.05870688033674136
0.0653063790354037
0.0719014660113558
0.050930822258950174
0.03260066654204676
0.0073336017382720844
0.026847963790951473
0.024979867943362134
0.00937579127573913
0.013239993959199028
0.021612453838731952
1.3791597467081472E-4
0.01663884025186386
0.020348602879243418
0.015296350844883486
0.010199922616159166
0.005090740693765158
3.5449427290912445E-16
0.0050415164172278905
0.010003617540091929
0.014856879372914696
0.019572813786123362
0.03308675153009093
0.057705961443046586
0.07342924739658328
0.07800677470460601
0.08076006040926662
0.10662907625927366
0.1195956569562811
0.12026647615707253
0.09158172079304108
0.08426912877430073
0.06975109978401124
0.07389267006026642
0.07882048412134586
0.06560573122915705
0.0601971670312047
0.04345214981180927
0.0605783581502198
0.06679657009018919
0.07848148696226365
0.07303712025769461
0.06900731212482458
0.08402819475158838
0.09313071605106629
0.11680344629269926
0.10465900589796764
0.08620749970035504
0.05648242554481013
0.05210073705031678
0.04676013524452383
0.05231813913519691
0.03002768247260791
0.017003654284080932
0.01279327734706889
0.008538345181071874
0.004265178890457022
1.2231781175232724E-15
0.004231226855952777
0.008402948491872154
0.012490174076166555
0.01646862151045489
0.012077210636956805
0.0021756175019658976
0.024490574939435593
0.029590739516046426
0.03289645331662033
0.029245177456737034
0.0253891544385924
0.04735161328219844
0.025796641340452023
0.04439450359684471
0.043663506872563075
0.036576200634155454
0.023558604371296615
0.027350859575834982
0.03014261642063571
0.04046288543379922
0.028754373268327388
0.024947336306575287
0.022372288647493244
0.036481138880009936
0.043566994819063086
0.04778592039079682
0.03183792436152611
0.04977909625325462
0.02146973662560413
0.02521208660351148
0.03605878856250528
0.0332769532557099
0.02319266727518291
0.0021891939965827728
0.01032125949911473
0.014645715469342485
0.011026264246839253
0.007363706582082994
0.003680731678740174
8.36945361061652E-16
0.0036559938856953085
0.00726505655697391
0.010805428289309695
0.014255912122851317
0.026336457059611126
0.04362134530151821
0.03959702695202514
0.03585545067026205
0.0387726789420169
0.04423940548172287
0.05137603448254024
0.07348782533744674
0.07522683219856048
0.060709896023389304
0.0565463788505105
0.05536542243427089
0.07296192696113303
0.08431880731815197
0.087377215148546
0.07643032990817995
0.08782600236073551
0.08420704283946276
0.07148431707071537
0.051732069171496586
0.05269399464022741
0.05363325629258189
0.0679378917209029
0.06075513785807002
0.05210478729124768
0.05028713750081962
0.05233441625086791
0.05068383206778786
0.053677032350502495
0.0393773667315201
0.024669530266454097
0.012900431665655342
0.009717023953108006
0.006492489323493882
0.003246814662533923
1.0876452612456955E-15
0.0032280632073141027
0.006417712443586582
0.009549632433252296
0.012604970668225237
0.008448426224744673
7.993327158404208E-4
0.01848706717052002
0.026378740790642702
0.025898035779150095
0.00928628305649316
0.017437217592185507
0.0364838072622483
0.03848148377618182
0.050424944325185274
0.04733825294335439
0.043667719113178564
0.032185037392577553
0.01191876983866976
0.020244251596312934
0.026541643097382998
0.021240566806712425
0.013337976492318198
0.03339217272646242
0.04387267570355174
0.04656605541239577
0.047553815987777706
0.03597615138112215
0.030378942109719406
0.018298043947912374
0.0062785254361353016
0.016517072943379403
0.017338284505573148
0.01596745519649899
4.7071428099684765E-4
0.00778566231929193
0.011561772961428584
0.008712048594940403
0.0058232330499914985
0.00291323443360839
1.507543403781884E-15
0.0028985934653000026
0.005764848289297618
0.008581352929307126
0.011331086723560414
0.02247668576341943
0.03203605845367565
0.049041199465112706
0.05188261171632405
0.05371213260737716
0.05641860362539191
0.07046919568734317
0.04064055553904289
0.0439254531189695
0.02784055396254881
0.026593183665866806
0.025833401198210454
0.04197295793736777
0.06409825663157737
0.08540181251604727
0.07385266666051091
0.08486163540809616
0.06245748044999274
0.03929742068285732
0.026351053467489165
0.026319746487069126
0.029088316238861156
0.043307795780188264
0.04146461559388528
0.06841633416024971
0.050518163685127536
0.04290834545361691
0.04025072507888345
0.03281819761479378
0.028328855373668988
0.02141336416381361
0.010507026791994101
0.007919752519503206
0.00529530236641053
0.0026499437508157326
1.3734476984169657E-15
0.002638249589546351
0.005248668987356504
0.007815363359242907
0.010322775102731083
0.007213568271065402
0.003409158245914372
0.020288859218891987
0.007622168968871757
0.00993394244268623
0.00826860859450015
0.012504646933450053
0.01587898276259592
0.023766668549058876
0.024793566919504215
0.02867108777666031
0.03378865512412366
0.039463120877887975
0.030347130711058726
0.04718741588787296
0.0566752667772492
0.047504841864233094
0.030757097947679755
0.039165158059603376
0.03150200653276847
0.024943523333029505
0.022159126295815693
0.024161389923277217
0.015927170302095145
0.009732303036643842
0.007861110256038868
0.015992608252066522
0.014290388133585477
0.02218944399248342
0.005172200874435277
0.007098340385062934
0.00965858444441871
0.007282136745882718
0.004870248084481604
0.0024378647295383994
2.401134816772806E-15
0.002428357810790461
0.004832337001507124
0.007197272964713241
0.009508797076710571
0.019937271829298688
0.021886138475934642
0.013842878846101015
0.022894908524359252
0.024738780538284072
0.03829298181163619
0.043697082145177424
0.03487011017655102
0.04144682451078542
0.035795946732964073
0.042449225708613744
0.0413079507437555
0.0228087059664699
0.03415625003075356
0.052328740470998274
0.04101089987776737
0.05133305921025649
0.0330996147133922
0.023122320144200542
0.041922453711047206
0.04406614529588283
0.03448712088159785
0.038605342969331664
0.03235701725058893
0.03829002009205897
0.03817779090555071
0.02754929259353684
0.026070912117761084
0.02354055215272544
0.018670362648380474
0.019187399987712905
0.00896499579792627
0.006760710998607786
0.004522527309870393
0.002264310251771375
5.139466053303657E-16
0.0022564742107733394
0.004491279322589652
0.006690762809973208
0.008841535644206634
0.007148443814339044
0.008539502157996478
0.012312145951420184
0.014723591748192837
0.0156628396869352
0.010692491203381718
0.007506138332923313
0.013925974350305858
0.031972058028725985
0.024090500044803228
0.0086051866616903
0.012704318050841403
0.029200621732087245
0.03292660893876781
0.04794309104537906
0.051228862413624496
0.047698652981823686
0.03290760137438268
0.028319963519861904
0.012899488797885784
0.010364390167742665
0.024687566764771417
0.032288789310649
0.011876062902106516
0.006935999380187608
0.01595037364205651
0.012637739941139273
0.011450034064743243
0.0026406436772687704
0.010313756233336548
0.0072734500004468725
0.00839083679372329
0.006328951709567437
0.004234523600870083
0.0021205228934408787
9.51667326243978E-16
0.0021139948823743777
0.004208491728063548
0.006270679904202236
0.008287986175755315
0.018106604570894948
0.01322703215477574
0.024626422269989408
0.024733558749264816
0.026155901058006487
0.026578994782660997
0.03394886764408818
0.03972978558445154
0.018203419737691733
0.02324232144383278
0.04055448972860314
0.033123729203480834
0.025676415482007366
0.020639172236801832
0.018682021250088766
0.018518518518512866
0.018249785434498306
0.020158508987558287
0.025225824715572297
0.03111740124429687
0.03843967915380372
0.02374236541663361
0.016638484867556425
0.04270720429413211
0.0317187551880445
0.01867467037428235
0.022957580918976206
0.02132876389765222
0.017151012499036798
0.010610427037317181
0.017538817103897875
0.007910951711351187
0.005968010510534255
0.003993709529247652
0.002000270752832033
1.939656080197536E-15
0.0019947887508666713
0.003971848879043164
0.005919076020937693
0.007824581895465805
0.007573028135071462
0.013366983446321755
0.01834605846784974
0.012998558785154655
0.014337042427808585
0.024450968268486133
0.010786359205528838
0.003937828388689145
0.022703942656035286
0.017482765227396415
0.02052438135763729
0.02579267209753095
0.028098115079318097
0.03383825559322394
0.033419751506663826
0.03417086724594521
0.033015524729521434
0.03390375502648701
0.028839621299933695
0.026585020075069764
0.020692596504292164
0.014618474054865988
0.01893539403165134
0.005805631415340748
0.013397630814629831
0.021876424669465912
0.013763839802985019
0.012522523761579326
0.02243381841448898
0.014819057783433537
0.007785798163938966
0.00750701513516007
0.005664148820684639
0.0037909485941308523
0.001899006177590121
2.057297993140527E-15
0.0018943766504802022
0.0037724873907049685
0.005622823984442901
0.00743407662706424
0.016696975832453796
0.006400329919909584
0.0023594836120721875
0.022272743448276386
0.023721058527638623
0.01835315814757892
0.021590706710158364
0.03831458278537049
0.02953229522647744
0.03590398359655071
0.02642657080745237
0.0180752037295225
0.013473533165806783
0.013102593889155752
0.020940066343853002
0.021995165904376043
0.02112554243300926
0.013066416924609832
0.01251492618580739
0.017906563272732868
0.026219925552693493
0.03694059050215181
0.031512555872404695
0.03324581489056077
0.02230400233779719
0.023422526361763646
0.02393745139656957
0.02246875704666489
0.005386298599769348
0.004507906404849772
0.016243139957414908
0.00716539254875777
0.005407139946446696
0.0036194365538994404
0.001813340784366186
3.3198266113427903E-15
0.0018094180900321206
0.0036037940082427338
0.005372124644469471
0.007103590532061817
0.00816885245720307
0.017047065707109756
0.01912266615477559
0.006033020162695844
0.007588401475013609
0.008010920799469884
0.012380578434835763
0.015396387353245099
0.0075677638108057905
0.006823848627786437
0.015554062353712565
0.02452217782205957
0.03437369606040418
0.03039891533967181
0.022063530021893027
0.03821994967472798
0.021955542699102652
0.02988233629636054
0.034154384193437026
0.023974445331130925
0.014818667737171077
0.009299671654279138
0.009540190763290261
0.01661346402794755
0.008939419422369733
0.014700955726709241
0.013382537408981135
0.012448938194231703
0.01771976545323031
0.017957170165094967
0.008407665649278698
0.006875761877443731
0.005189238702475731
0.0034740182182185345
0.0017407063958133444
5.371299409383165E-15
0.001737379253528979
0.003460750568357616
0.005159539561485713
0.006823342980646128
0.015554918453316692
0.001731194661032916
0.004763300545255578
0.011855568820508242
0.012722543522736796
0.024057720200224588
0.026567240325861878
0.01898448761083447
0.028423084747658353
0.03017167570374951
0.027716779491788114
0.01909282420391288
0.01487846663767492
0.019154346729714753
0.022228513084991217
0.007047215890535247
0.022143718815178685
0.01955101465123163
0.01574008574012078
0.01876262149722444
0.027148142835262724
0.027686175186697727
0.026185625204304303
0.021164428182804326
0.024528043532004037
0.019738585536804066
0.006119580907476109
0.004672285955252025
0.0023936050125261754
6.440523551193969E-4
0.015176051112436155
0.0066301986482129455
0.00500449711499815
0.003350733407385181
0.0016791295566457119
4.146152602278096E-15
0.0016763119168694115
0.0033394975084947037
0.004979345999426676
0.006585807068179876
0.008811307640190155
0.01905275306248513
0.020611098379483567
0.021856065182133424
0.023122840877169794
0.029974617416182143
0.0176666509322928
0.01345354161429797
0.01602341842603331
0.016744838923623193
0.019004266294731658
0.028480817251050543
0.02329778601149472
0.019918457362611625
0.021342995424334307
0.03791771360170835
0.021332799161330455
0.019905612387435802
0.02213518749243681
0.029617065684045978
0.020244635843025514
0.016417057723164222
0.015692321149530557
0.011006831427124036
0.02281465436217874
0.029261826672301424
0.020219816853796604
0.018812505504618517
0.019830387254993403
0.019309618138406568
0.009054250127447509
0.006422553345605705
0.0048482984169578944
0.003246507573126013
0.0016270778027912547
1.1355444002658393E-14
0.0016247025454943762
0.0032370357671774996
0.00482709617189438
0.006385131545147467
0.014590664209763253
6.131561092691803E-4
0.0028419555845582128
0.014611595998213342
0.01592961245099121
0.005608133268455487
0.0064847332243550635
0.027254221246657623
0.022021366443738713
0.02258698813901549
0.01604552902785133
0.00966567534559718
0.022442558551790157
0.022597054922385434
0.020969759356437984
0.022304305516264816
0.021047873398104783
0.022457804974458036
0.02254167960056274
0.008320474626733744
0.014544255722996662
0.023515059393921556
0.02274209473650054
0.025633895632703012
0.003168370185481112
0.007483159789611468
0.02014129101891001
0.01904402605475216
0.0036101230800750983
8.876358924460264E-4
0.014262683215544754
0.006248018519871139
0.004717032902419273
0.0031589364957585434
0.0015833526258725058
7.221456639909749E-15
0.0015813671279534965
0.0031510189353838912
0.00469930978405907
0.006216737382104663
0.009457821735413296
0.019165868127883495
0.019023248477715228
0.0042583367316639765
0.005465247532538158
0.01982819390311066
0.026082837383309167
0.010964839228957387
0.01337871745278973
0.011119334141341206
0.023397721624580613
0.03211595311524978
0.018813934750183264
0.03216612666933978
0.017915382224906483
0.018307103148219536
0.01775804349489045
0.03291527548283647
0.019472619409354387
0.031165244340391193
0.022725241527566165
0.011549037811966329
0.014957636569426263
0.013798161048593176
0.022276205987279227
0.019896699802532433
0.013047733095436269
0.012777282896482662
0.02254724812802678
0.018764708147689893
0.009698682023582409
0.006102822496020828
0.0046078684891900975
0.0030861338289858
0.0015470136525533695
6.1503995478989715E-15
0.0015453766227221748
0.0030796058552960384
0.004593255909151142
0.006077031449696311
0.013747718107409847
6.892235897706305E-4
0.004637702599182238
0.018672597713017387
0.01931756014367142
0.012205970276547809
0.0181878259918039
0.015299651302230221
0.02098997311343427
0.023456384477255263
0.020967168550256796
0.01265661713868286
0.018918821658770495
0.013575407537631593
0.025311419155652704
0.04335410223023131
0.025380589320930316
0.012810943701705373
0.018410352022479676
0.01429038813358274
0.02281060588643124
0.02172210144824187
0.01861868804976964
0.01508394354764289
0.019816073965260854
0.011092689140174057
0.014670516858717302
0.013984933408015226
0.0049915312561209756
2.2772606307842685E-4
0.013454757782177019
0.005984009696896267
0.004518586115972603
0.003026621694949852
0.0015173242190167052
3.993558761197167E-15
0.0015160034130008609
0.0030213547264752567
0.004506796245605817
0.005963200715941607
0.010098047954306508
0.017466771602582497
0.02354289134547816
0.023147498073027014
0.024206809037973703
0.021051600175181154
0.010042459266680669
0.019053838379877196
0.02745519073525957
0.021691363543550668
0.011519970179297406
0.016469334566276243
0.024008929494163538
0.037312609636674994
0.01270130519631008
0.011879925256562713
0.012675220676770495
0.036940425414939165
0.023766074886025324
0.015331371970143014
0.009678493848719869
0.0230393240209889
0.029369290555864527
0.018612204423960315
0.013755184478981795
0.018587504516427756
0.021832607741291175
0.020491151845832542
0.017774905836829634
0.01650135785208287
0.010336807476187324
0.00588928168209394
0.004447460615535121
0.0029792514936960155
0.0014937119704627347
3.354057403257174E-15
0.0014926825330953467
0.002975146414705163
0.004438271585380892
0.005873063161210196
0.01298823449473102
0.001207828348272448
0.009329841737673431
0.005545684250723691
0.006911268310219204
0.014547199277448793
0.01363819183108202
0.016883816866919407
0.0012215083766102702
0.009438129813762124
0.02766850490474947
0.024022363076546323
0.01760075441932248
0.006360761386417646
0.024196707019167485
0.04396221685317541
0.024080142712094396
0.00724843318135546
0.01820133459706291
0.02427294690908189
0.027015489767729012
0.009733383381502165
0.0037403409741767926
0.015416199276539554
0.009873227595994434
0.01765307788618333
0.01218943923816345
0.011264591908146352
0.011498863562619466
0.0022492414704162736
0.01271922234076904
0.005816881820237474
0.004393174290416884
0.0029431464544551235
0.0014757402795334525
4.236635584778182E-15
0.0014749835446461672
0.0029401288293615857
0.00438641947750974
0.005804959666126755
0.010734508128815195
0.014303971051236354
0.00991709764285994
0.009295460266116875
0.01031727756762379
0.020365602897462597
0.022198744481883127
0.021886946762151045
0.029342924208301584
0.021667334194809595
0.012694379637466483
0.021175097540440415
0.016809324650433853
0.022278485561853013
0.015910172071454287
0.02730616055201493
0.016027138905040126
0.02142566060585843
0.01653222387588447
0.022124740178276873
0.014199832028048176
0.020040826588265642
0.027588333181180417
0.025020863013929
0.021100271527986447
0.024168624569869863
0.012272918876313505
0.011652950032374768
0.01654232457405433
0.012950193606011007
0.010973767956537905
0.005765512186418453
0.004354754658460255
0.0029176602675304495
0.0014630876723631184
1.2419759323490776E-14
0.0014625903074068545
0.0029156769298897293
0.004350315050560993
0.005757676340101422
0.012285383436200845
0.0045694269354531625
0.00800854269624228
0.017113327668816663
0.017973895630512535
0.01556536970757071
0.010619276200358952
0.014748088956706294
0.017296450298478237
0.019077354934502397
0.017930886559371226
0.02011529589397891
0.026642332289101716
0.02071762956801831
0.019359984868217307
0.03040453741026903
0.019283091232155703
0.02105034562386775
0.027011404361608208
0.019470672212005966
0.016943608307942212
0.019640030678022766
0.018352386121686867
0.018975888376543223
0.012900231180810646
0.010422782283389624
0.016552526420334637
0.015678031573192412
0.0021985084127271693
0.005972128199913674
0.012032166156667322
0.005734275035340652
0.004331530647313927
0.00290234800185997
0.0014555333780340485
4.693001349732745E-15
0.0014552867977781728
0.0029013647161367944
0.004329329608799523
0.005730390233519646
0.011375394754567583
0.01023934681622067
0.020280511321089607
0.01614177854686036
0.016982107750771008
0.022378451088703514
0.013992075339550554
0.0336183509279297
0.018865583952856885
0.014176056807903167
0.01823707563419259
0.02206889628441775
0.023166512762276045
0.018387523833113255
0.018434436713770805
0.02691288500523805
0.018441985896867272
0.018789166570327753
0.02394477243174027
0.021343375324343303
0.017868740870437105
0.015065420974081593
0.018321891945465026
0.032954736692659976
0.013824946513573619
0.016540621648797018
0.01572909286534315
0.014763851466405967
0.015283665481499809
0.008730707403230868
0.01161911758026302
0.005722633777817307
0.004323103446446391
0.00289694679416207
0.0014529477539655053
