1.0
0.998972585452729
0.9958941397184468
0.9907760398146913
0.9836371918337683
0.9745039478168518
0.9634099899352767
0.9503961825331808
0.9355103927392274
0.9188072805050691
0.8818394971014517
0.8524355980705046
0.8306751466854857
0.7705212790699739
0.6818333638795883
0.6379305224238113
0.6124340959552291
0.5682064223982447
0.5400862089795897
0.5362052907700429
0.5146215389292609
0.47418733839087274
0.4173799416903142
0.3842242876622796
0.365173544286198
0.32756332319999226
0.3105703112909741
0.3382236832925937
0.34029318194754204
0.3062687699095341
0.2817748084603411
0.26683328132118794
0.2339567767589836
0.20167312991975428
0.17008068053330977
0.1392737663276274
0.10934235931995506
0.08037172439209728
0.05244210162743655
0.025628413765297512
0.0
0.024379622781927266
0.0474529703716826
0.0691687724034881
0.08948212364992539
0.1083546049309977
0.12575437327165578
0.14165622109465417
0.15604160438810766
0.16889863993921198
0.1985146843783998
0.21752135031736514
0.22577695920223567
0.26667118179116867
0.3255685451095607
0.3410348296969035
0.3319826696829764
0.3376151979741002
0.3316093138850709
0.30829239060888247
0.2950704853838642
0.2986348854584502
0.31148620477036576
0.30838418762827247
0.2963332723871172
0.3005559381614846
0.280888047945397
0.22207986482854383
0.17903164085716447
0.1678421767667262
0.14692834172499356
0.11667245240793693
0.10413347464621645
0.09130375337943737
0.07826434592779993
0.06509537670314798
0.05187566279556129
0.03868235100081231
0.02559056798264943
0.012673085182489137
5.038979376147766E-16
0.01236156532820618
0.024347745827529518
0.03589819564672785
0.04695632858088971
0.057469536274566586
0.06738938324713188
0.07667177800935364
0.0852771196700495
0.09317041956355224
0.08272350964670798
0.07988938318060934
0.08549961386430113
0.06232814418715167
0.039658038211879916
0.041931923837531554
0.09405905083064911
0.11736610875654015
0.1198992142277389
0.10145026606597451
0.10538304245574978
0.10002504974511246
0.11798550908462271
0.11520895161059609
0.09260692589887029
0.03874318360254551
0.03543594928958506
0.05023674084533612
0.06935734983347423
0.06282220438597978
0.06509756181288634
0.07482035430154856
0.06711710121238335
0.05913896231121488
0.05093822132600427
0.04256756538062782
0.03407978162745182
0.025527457685862887
0.01696268746207152
0.008436783880032973
8.627596188090807E-16
0.008298740059596488
0.016412099049190998
0.024294572090917545
0.03190271856496243
0.03919537927375578
0.04613387787015457
0.05268220563223817
0.058807188768008334
0.06447863753738962
0.08683295413217473
0.10045162074057074
0.10458264792627618
0.12861678259484657
0.14559220262310113
0.14284910494235414
0.10556543550952033
0.09510047541629485
0.09300313476272175
0.11352526933877052
0.10958032762915
0.1129978425723327
0.08907713618515946
0.08697480298079557
0.09234231202086007
0.1288569034141067
0.12999806489891033
0.1173093031555058
0.09578803036459861
0.09111814488583761
0.07726424862345536
0.055204496560855444
0.04963964052493579
0.04384237336355525
0.037850671909972614
0.03170319158088124
0.02543903139090026
0.019097499119956687
0.012717877975440536
0.006339196069147719
1.831274640311018E-15
0.006261866202462837
0.012409475561786266
0.018407024902624042
0.02422003275573004
0.029815527373655046
0.0351622238776101
0.04023068962729775
0.044993496981780165
0.04942536269936618
0.03865009430190475
0.03306151671588901
0.03635592921597026
0.029488805142966694
0.03196211239115519
0.04090167610812712
0.07905485549973945
0.0695675749674604
0.06269094423235425
0.04509974804097303
0.053876165021783336
0.04428249204309047
0.05973337446201437
0.0656583892168095
0.07804974907628091
0.043546155176951554
0.03368607453145034
0.028763895610722286
0.032057896463691594
0.02858913811497098
0.03413644872071391
0.043855240091817314
0.03948997423526573
0.03492661100534961
0.03019487674906524
0.025325216019945123
0.020348602879241465
0.01529635084488359
0.010199922616159695
0.0050907406937649325
5.218991877868956E-16
0.005041516417228641
0.010003617540089552
0.014856879372913303
0.019572813786123834
0.024124030271788038
0.028484389719774756
0.032629149377753124
0.036535098216765045
0.040180681986826006
0.05889132194438452
0.07025903302186243
0.07296009106040098
0.07608811019490451
0.07339583487554342
0.0804755610159029
0.07482544369229106
0.10500795755677247
0.11772554151179071
0.14907834115388738
0.15167639184398243
0.14951288759497403
0.11916068675657633
0.10820269717083494
0.07960973755640416
0.07902195809905588
0.06908510353928696
0.06899057226508792
0.06900825992500335
0.0660410599434942
0.05469176175942179
0.0364790930001435
0.03287863137833236
0.029106096167606014
0.02518591587948923
0.02114321444761095
0.017003654284084464
0.012793277347068203
0.008538345181072328
0.004265178890457813
1.7942269473406447E-15
0.004231226855954873
0.00840294849187252
0.012490174076163828
0.016468621510451836
0.020314858443544505
0.024006437118550494
0.02752202229394977
0.03084151152596857
0.03394614715005813
0.026515827790734466
0.01970695772057988
0.02192489660822213
0.03141349497627819
0.04269238630902777
0.0517797883373875
0.06894742096482762
0.029933782304456487
0.020829463846496567
0.044748603344684924
0.04537432182635424
0.04495709244718403
0.01966966524162298
0.027713288070385506
0.06713683709056241
0.050525262303949686
0.042734993651279904
0.032626700630607006
0.020531735385194073
0.018336394284654087
0.025212086603514573
0.03131765050089866
0.02824540780962739
0.025021011314591366
0.021665227760587255
0.018199480544474924
0.014645715469340799
0.011026264246840174
0.007363706582085509
0.00368073167874098
2.3856116425041287E-15
0.0036559938856953454
0.007265056556973317
0.010805428289308888
0.014255912122853258
0.017595998694535927
0.02080598611094414
0.02386709417238773
0.026761572296947762
0.029472800534869895
0.04502275077211832
0.05463581961589605
0.05663666105440251
0.04144314346578098
0.06098061808222934
0.06897312091586257
0.09971978517561851
0.10196866841415024
0.0926025997151001
0.11060227878843991
0.11165515081818762
0.10842080652335713
0.0889371124547434
0.09815071700287172
0.09886089660702005
0.06602111685753993
0.06004938926440857
0.036874725565825474
0.054120664773975834
0.051927242858778
0.04245186222080136
0.02751732263936865
0.024830357014185882
0.02200678902194937
0.019064718399569053
0.01602286105365618
0.012900431665656804
0.009717023953107971
0.00649248932349455
0.0032468146625361308
4.5409041269056885E-16
0.0032280632073125926
0.006417712443589445
0.009549632433255241
0.012604970668224885
0.015565449480291389
0.018413474000505924
0.02113223537558216
0.023705808643461543
0.02611924470554894
0.023230603794048066
0.015778295616274612
0.0173669474164639
0.03831128155585395
0.03193008645622087
0.032604836060274464
0.041903842473525146
0.014677932131155915
0.028928879123732813
0.049464207658621265
0.04063684395552979
0.049580125148375405
0.030401816758129106
0.01637721182153978
0.03873447041613948
0.030824404002354963
0.028776051509422664
0.03920562200116247
0.016962929130476014
0.015422600005164088
0.022961549499720804
0.02461377993509697
0.022219107024006087
0.0197002103620905
0.01707317065595138
0.014354647114386894
0.011561772961429516
0.008712048594939216
0.005823233049988931
0.0029132344336071803
1.5865533000762003E-15
0.0028985934653002286
0.005764848289298907
0.008581352929306896
0.011331086723563583
0.013997521750361185
0.01656472119194357
0.019017433623292432
0.021341182673570602
0.02352235153832706
0.0359328500512317
0.04383705251381369
0.045428573125536234
0.021954103314837343
0.04965350522783583
0.03820138640014715
0.07564219295521198
0.041646554061214855
0.03341925222776091
0.020678734669882723
0.02846230386754629
0.019828286692462085
0.03423717826378412
0.038740656123619585
0.07252106600733071
0.0342284868176161
0.04714685221884024
0.020198190295125294
0.04351195866693236
0.04175518818610043
0.03405305009656963
0.022332853656681383
0.020166556388836104
0.01788605536620317
0.015505857279755056
0.013041013712295985
0.01050702679199731
0.007919752519501323
0.0052953023664056
0.0026499437508187926
3.2658217141313198E-15
0.0026382495895462335
0.005248668987356821
0.007815363359242832
0.010322775102729633
0.012755777411736464
0.015099764812141593
0.01734074013054944
0.019465397382425222
0.021461200092845016
0.0226853322061931
0.014824876030194391
0.016115977370369607
0.04056173576398808
0.0176956350000626
0.03628923320726979
0.01998590678116893
0.03613525640183002
0.043978178750789444
0.04604189511239433
0.03896363064860374
0.045553764334685984
0.04353646702053851
0.03662781645984268
0.019192662729474057
0.03762970110993286
0.018300260244631526
0.04016585713971557
0.016025451278431163
0.014760571017202942
0.02268148676325346
0.020502305557443853
0.018518518518520564
0.016428752422942033
0.01424625864490278
0.011984803983146022
0.009658584444420247
0.007282136745884068
0.00487024808448298
0.002437864729542577
4.071083021415316E-15
0.002428357810787783
0.004832337001508743
0.007197272964719065
0.009508797076712013
0.011752923439940458
0.013916132957618012
0.015985454238327118
0.0179485408494783
0.01979374446275951
0.029019300268822094
0.035232850668473356
0.03656566378667624
0.016669634822348643
0.03297208466703856
0.016380521733413023
0.0517444786918905
0.046071352004737505
0.06292003916206165
0.05153989824994572
0.058887609647445695
0.05186627611295456
0.06314419283947009
0.04715318794715747
0.050276492408067974
0.015736945242530158
0.030782346665251658
0.01651190741846162
0.03498106592555724
0.033497981513520084
0.027502617815638265
0.019008557644270892
0.017173209640041997
0.015238710305111475
0.013217291849713781
0.011121676278228547
0.008964995797927268
0.006760710998604252
0.004522527309872716
0.0022643102517699463
1.72141327083737E-15
0.0022564742107764814
0.004491279322590539
0.006690762809974601
0.00884153564420434
0.010930553364366602
0.012945194766961059
0.014873337741862839
0.016703431801372345
0.018424566870799002
0.02271663496521605
0.01474018419394707
0.015924607342567836
0.0352735641543391
0.024320950506722
0.035080693785277256
0.012536701465834226
0.026503605005550403
0.014909977599576517
0.0118646827045319
0.0047040839664193555
0.011160202542083237
0.012931254239618162
0.024924613063612076
0.01178770345245794
0.033025150335921113
0.02455399296458584
0.03371288244551599
0.01594742583729327
0.014778700651738228
0.02271478615598608
0.0177737466051706
0.01606079112866396
0.014254402945588501
0.012365975136843656
0.010407368373057878
0.008390836793720347
0.00632895170956997
0.004234523600868681
0.002120522893439892
9.515020783430452E-16
0.002113994882374706
0.00420849172806282
0.006270679904199761
0.008287986175755406
0.010248151021481066
0.012139302799505628
0.013950029316000026
0.015669446367280442
0.01728726284573509
0.023327781308899394
0.027998059810956474
0.02916660877539224
0.016933138101670537
0.023368840697272495
0.02323254997005668
0.03867714286266762
0.04150735963865164
0.03998729879152871
0.0337969634233092
0.041408666249996666
0.03281146987427547
0.037932872524809105
0.0399200974625588
0.03732102739060692
0.025162991761258746
0.023417501117002838
0.017264002594767913
0.02784032982876697
0.026536567530296776
0.02204592368166361
0.01674277486948738
0.015131808464325653
0.013432231125054895
0.011654737426117633
0.009810470346246238
0.00791095171134974
0.005968010510538085
0.003993709529247341
0.0020002707528292253
1.7588944044946583E-15
0.001994788750872969
0.003971848879046783
0.005919076020935095
0.007824581895461511
0.009676766606712872
0.011464388985831244
0.013176634547166098
0.014803180649466348
0.016334258471107605
0.022598645346984796
0.015036890020322815
0.016179948445185853
0.02530671967051563
0.02002500710012421
0.016276303573829178
0.017058102325187653
0.02065402287195972
0.027799862328815535
0.03780762400781209
0.03616981841459617
0.03846494320070485
0.02893426926900836
0.021553332796471984
0.018313968294822187
0.014943603792754752
0.018580728160417503
0.023553338294017782
0.016268644779128
0.015145536423302932
0.022514112211772155
0.015875622498044053
0.01435031925391808
0.012740489276207839
0.011056240820027007
0.009308114012787026
0.007507015135161233
0.005664148820681592
0.0037909485941296367
0.0018990061775879523
2.233973083319758E-15
0.0018943766504776359
0.0037724873907030916
0.005622823984445942
0.007434076627064709
0.009195202845306014
0.010895494593689709
0.0125246431412263
0.014072801356565584
0.015530643016464644
0.01849744796201832
0.021996794476795402
0.023068226568270025
0.01998217184880637
0.029296877098325964
0.03480927908087585
0.025664540992136088
0.024013585941114777
0.018421996082351694
0.00543142131799759
0.005249810543430905
0.005923851462292752
0.019004183536488615
0.023619840045895256
0.024728679790649556
0.03509369321394107
0.030403764683567553
0.020708511148992387
0.022018582655332786
0.020835112578671284
0.017412574686958535
0.015142585844549908
0.013689633232424345
0.012155621864994243
0.010550164881394609
0.008883293100558113
0.007165392548762539
0.005407139946449899
0.003619436553902316
0.0018133407843739437
2.6663885846827262E-15
0.0018094180900262433
0.0036037940082427455
0.005372124644471164
0.007103590532064654
0.008787621854594028
0.010413962781397345
0.011972733741573819
0.013454491259358667
0.01485028498962061
0.022103578613165285
0.015617567149865853
0.016718621650936565
0.017367332871060657
0.01049868862302002
0.01680876192772567
0.0226157114763776
0.024814198817198985
0.02873898489608506
0.043084276395324896
0.04206543084666608
0.04279124729878187
0.02783902329151138
0.024276000358122444
0.022179399465903315
0.017270301416247365
0.009451506795946193
0.01667534733052261
0.01684942762860583
0.015777300514205565
0.0219125549025743
0.014521222122819383
0.013129576318161564
0.011659817132506878
0.010121138014667108
0.00852313797657701
0.006875761877444831
0.005189238702479106
0.003474018218226812
0.0017407063958166829
9.564739357514382E-15
0.0017373792535247477
0.0034607505683626606
0.005159539561483686
0.006823342980655894
0.00844199224995015
0.01000561545646789
0.011504697400990098
0.012930137348565985
0.01427330412917143
0.01447362634640706
0.017462126262885617
0.018479729244277817
0.02364628974782916
0.03104016394684443
0.02909316798521056
0.024137386428695718
0.022375246234207096
0.02387082308487841
0.01310946298874233
0.004754715347874563
0.012944357126482689
0.0234895388890888
0.022048911577147952
0.02480118022602488
0.027653237567467934
0.02996891452956185
0.024009044060474573
0.017776042604222744
0.01668569227853887
0.013610958724914517
0.013994328584077965
0.012654679837934077
0.011239413419894963
0.00975736646650594
0.008217771418262907
0.006630198648214328
0.005004497115001472
0.0033507334073920353
0.0016791295566415312
4.5558079106423794E-15
0.001676311916874296
0.003339497508492333
0.00497934599941858
0.006585807068183667
0.008149052303010194
0.009659535194491727
0.011108049299683122
0.012485784224260648
0.013784379082910492
0.021176169840283792
0.016366376069822375
0.01740485885682711
0.015824933819221634
0.011456929883846247
0.0165042569352669
0.01729572950418418
0.022429463909124456
0.024336806225014218
0.036601728351787245
0.04192898004492208
0.03671136818723924
0.02521778980842331
0.02330260222983442
0.017471932574698354
0.01602055575863166
0.013189122410103246
0.015895710551962622
0.017543817410204995
0.016539157058151302
0.020877276754579167
0.01354857115844358
0.01225295098388661
0.010883816402477438
0.009449702303208829
0.007959530298467002
0.006422553345603568
0.0048482984169621384
0.0032465075731402462
0.001627077802790534
1.559485447917253E-15
0.0016247025454906858
0.003237035767177169
0.0048270961718894214
0.006385131545149723
0.007901600640548527
0.009367231488448874
0.010773077968519907
0.012110574301538272
0.013371587129266886
0.011451844624001811
0.014790268919368493
0.015759214305564418
0.02381183957390979
0.019243953862021997
0.023589135123363778
0.0288630700019587
0.014093485548909778
0.00976847254207655
0.008046457684747162
0.005008810430753947
0.008227346427361297
0.009038925096167393
0.01327692151655837
0.028641975226800908
0.024111456404268438
0.01704929482932278
0.023355301115095754
0.015457174913964948
0.01447039063146681
0.010899330875886508
0.013173533359920383
0.011915019650551993
0.010584747402740178
0.009190996056050298
0.007742424727153884
0.006248018519875666
0.0047170329024153876
0.003158936495764529
0.0015833526258669354
5.4584430701282726E-15
0.0015813671279528176
0.003151018935389428
0.004699309784059796
0.006216737382101008
0.007694000992688256
0.009122058333471574
0.010492180819402754
0.011796006812017139
0.013025592550936006
0.019828193903099686
0.01708904025144252
0.0180493019771864
0.016012407359089008
0.023444466595282727
0.011408296548752363
0.023975871758397518
0.033575080909554536
0.03189852730152783
0.034313099526469555
0.04187684825825705
0.03387426065026429
0.03132137859566037
0.033731085107803586
0.024483916987878544
0.010619975908793728
0.02470476159146037
0.01595479495877779
0.018154659227825182
0.017225258445181257
0.019430342343024945
0.01286104467594306
0.011633535736643639
0.01033571216539177
0.008975639047644281
0.007561755518894603
0.0061028224960151594
0.004607868489190743
0.003086133828982036
0.0015470136525567325
9.289643545892985E-15
0.0015453766227241398
0.003079605855298911
0.004593255909153253
0.006077031449700735
0.0075218305803146125
0.008918800579123984
0.010259392048032551
0.011535411143223024
0.01273906956869166
0.009844699287543439
0.014088116258390038
0.014982816903958456
0.019840117683744003
0.008438006673379187
0.027366257757790443
0.01973868563025955
0.006643661687288564
0.016073347718583382
0.019768938982620617
0.011814558116177385
0.020080857152093404
0.01703317204646145
0.007038850627138779
0.018518518518518105
0.027225586945224565
0.008051643496723559
0.018976504254287055
0.015020419779485311
0.014152689700126855
0.00970891309625645
0.012604699581221129
0.011402737382909957
0.01013162018526496
0.008799235330315071
0.007413839913159342
0.005984009696891277
0.004518586115975466
0.0030266216949521225
0.001517324219015204
3.3942387226383243E-15
0.001516003413002846
0.0030213547264781376
0.004506796245609905
0.005963200715945152
0.0073816273150876886
0.008753376451609987
0.010070043035638403
0.01132356789569441
0.012506287027609014
0.018106663121850174
0.017566413690071832
0.01844551529148835
0.015839891460462607
0.025765212180814602
0.010712559730829461
0.021594625992647075
0.02577758004650156
0.016213598337602032
0.014763403540448312
0.02295025323940243
0.015050284071377356
0.01664293151710164
0.024727999759729
0.020457353215781984
0.011958672985216355
0.024947361924249914
0.015948918440897457
0.018478948782969514
0.017620130425313504
0.017626359068907582
0.012399509771533954
0.011218138743400156
0.009968509378501019
0.008658364370338715
0.007295813132378379
0.005889281682094756
0.004447460615548312
0.002979251493709267
0.0014937119704676947
2.6141364465316142E-15
0.0014926825331003535
0.002975146414714592
0.004438271585385023
0.005873063161209503
0.007270706647693762
0.008622622008379445
0.009920516256841464
0.011156434250421707
0.01232280737482351
0.00992550250200699
0.014766966609095062
0.015584951454581199
0.016023234834371392
0.011577657198843053
0.021495199776508173
0.021247755052030692
0.018359804824078476
0.028912732966509376
0.026529784862974897
0.017796985209937763
0.02643236383798171
0.0289338773288236
0.019249428348061155
0.022763724991319203
0.020243521471219314
0.01293949084318396
0.01582545980586626
0.01579369109611293
0.015016233984951404
0.010178925566656869
0.012241651830625224
0.011076303439816007
0.00984334631362883
0.008550408863448121
0.007205484406091993
0.005816881820236885
0.004393174290425268
0.002943146454460145
0.0014757402795474964
6.922816303097172E-15
0.0014749835446563938
0.0029401288293681173
0.004386419477516259
0.005804959666127001
0.007187028762766678
0.008524134858663927
0.009808066870155997
0.011030944889172585
0.012185268474433181
0.01609112793621549
0.017617775501624904
0.01842543387658469
0.01719842524473663
0.019873341636142173
0.020746386141272062
0.007658723397019394
0.01991041560882891
0.03676246053732617
0.038804840010576325
0.04170130646909236
0.039121568390208174
0.03729181040837383
0.020301961151783156
0.0071615016564264495
0.021404411775118922
0.019774419504450465
0.01752715601160497
0.018362214818189428
0.017558741581762283
0.015554937521801057
0.012128285123692384
0.010974681112941335
0.009753882124995394
0.008473430582412053
0.007141233191073079
0.005765512186421517
0.004354754658459352
0.0029176602675261816
0.0014630876723640083
3.1779223787935896E-15
0.0014625903074107715
0.0029156769298860972
0.004350315050555997
0.005757676340099852
0.0071291032072220125
0.008456161982297247
0.009730694707837448
0.010944869218249395
0.01209122720186178
0.011325879264550134
0.015940058052875797
0.016714834740231305
0.016779525009269946
0.021583718332339383
0.01326772874995506
0.03152276455517512
0.025648779150268464
0.014216516074704953
0.007475491583222217
0.005868664221504335
0.006641952139002528
0.01291252073644441
0.025812034999959262
0.0315147476031676
0.013140156347847038
0.02277425701114317
0.017171042563290027
0.016942926997536915
0.01620005620115026
0.011799571806209535
0.01205742301399408
0.01091149192540504
0.00969855077959895
0.008426082790693026
0.00710193601915363
0.0057342750353501105
0.004331530647314899
0.0029023480018574737
0.0014555333780397347
6.070976299978738E-15
0.0014552867977791928
0.002901364716144313
0.004329329608802025
0.0057303902335290365
0.007095922300628399
0.008417521487003811
0.009687055090152644
0.010896712005369675
0.012039050719145346
0.013911915797182041
0.01714906389405394
0.01790691343830422
0.018447293339914638
0.02373447441595274
0.01966652226173567
0.020542891481950022
0.02520454748432574
0.026815303288980165
0.029290474292337953
0.03362128969512053
0.02854134763068231
0.025357398910758087
0.02540793506473954
0.022323842619660274
0.018696046718487618
0.02436719256752443
0.01841614684309592
0.017744986635689207
0.016972581816418777
0.013365174948873636
0.012027846164576026
0.010885648950796445
0.009676400843691767
0.008407551610463327
0.007086917623863991
0.00572263377781791
0.004323103446453795
0.0028969467941681727
0.001452947753966835
