1.0
0.9989725854527326
0.9958941397184479
0.9907760398146932
0.9836371918337722
0.9745039478168532
0.9634099899352778
0.8770006005657259
0.7982101601907358
0.7547757680729581
0.7908413466020888
0.8070924873147811
0.7123177899790649
0.6716811086451797
0.6297537137172105
0.6593948782582463
0.6404232386449574
0.6025660852306122
0.5092468729729446
0.48818276887085793
0.47552340816361827
0.42577630228435115
0.3847440736143075
0.41577268263142125
0.3929803677098328
0.35417173312423744
0.26737780450054993
0.24977558447952256
0.2308883920650081
0.26651668075254437
0.2031855218602571
0.1378358722990842
0.12813184429158533
0.1464344576616263
0.17008068053330974
0.13927376632762717
0.10934235931995502
0.08037172439209728
0.05244210162743642
0.025628413765296114
1.4663055012046242E-16
0.024379622781928238
0.047452970371682425
0.06916877240348818
0.08948212364992747
0.10835460493099824
0.12575437327165745
0.19661088567999926
0.25804426103605443
0.2820024614018953
0.2574560586336077
0.2445980111817949
0.31163986774176683
0.32653850247441907
0.33930305658775867
0.2887584226826277
0.29284830694229524
0.30719877934173806
0.36742518021991827
0.36108492985178176
0.3471246084094117
0.35158743665131204
0.34776116455447414
0.2785724828773487
0.25390846397044486
0.23740378429312103
0.27769392205083926
0.2608078490437356
0.24346593366168742
0.18070881742510525
0.1816457815589028
0.18614604276824648
0.17185515528261577
0.12705586849130604
0.07826434592780024
0.0650953767031482
0.05187566279556196
0.03868235100081244
0.025590567982649987
0.012673085182489078
2.997060882734705E-16
0.01236156532820446
0.024347745827527578
0.03589819564672822
0.04695632858089029
0.057469536274566684
0.0673893832471305
0.09618072950472828
0.08479439720006533
0.08026729085695526
0.06991163989320053
0.0885896777081103
0.06793160892809698
0.0883035473476505
0.0939547525714254
0.13032518418776975
0.1151095422141803
0.09727509380226905
0.05609529308176283
0.06883509728395115
0.09430531444495784
0.06865206046807623
0.05656963214174337
0.09904622692573752
0.11862904989396127
0.1353957050118899
0.10119530768007748
0.09642524667558877
0.07762053320711275
0.08908039618421358
0.07010997845108499
0.07227905852031742
0.0730518735537333
0.09499997832253514
0.05093822132600352
0.042567565380628614
0.03407978162745207
0.02552745768586264
0.0169626874620712
0.008436783880031816
4.288058993936694E-16
0.008298740059596478
0.016412099049191678
0.0242945720909178
0.031902718564962414
0.03919537927375591
0.04613387787015368
0.04595771303300059
0.05950354632539272
0.06471122208673677
0.08135970736794483
0.05779930423518055
0.07897241244212361
0.07238503227568004
0.061901149655935565
0.027946603769410248
0.04384781011789086
0.06869667329258476
0.11391692720797428
0.12373724572879756
0.13765160004636806
0.12001245938233342
0.10634214950697143
0.05999539954609863
0.031942829680524684
0.020436724195621515
0.04138702028083605
0.050013603298937254
0.056205363252988215
0.036839392582037216
0.07340911382678732
0.06802944913917261
0.05304665758219382
0.020001657411760708
0.03785067190997287
0.03170319158088267
0.025439031390899283
0.019097499119954984
0.012717877975441102
0.006339196069147685
2.0939763848240536E-16
0.006261866202462747
0.012409475561786275
0.01840702490262587
0.02422003275573138
0.02981552737365866
0.03516222387760955
0.07560363818928623
0.03712717950102795
0.04882781277145967
0.06504328953231497
0.10426539385856688
0.11113048979200518
0.11343296385168523
0.11568997832830037
0.1409780194598743
0.14432397623794296
0.1317324290358815
0.08871509359843367
0.07242876968327583
0.06270125789660475
0.07260983677144478
0.08985548253488519
0.1320437124680488
0.14225811761302323
0.13372625850017372
0.10907942576082116
0.10691961027403665
0.10994936243021598
0.10454717208939386
0.05903764228285158
0.03534552008577392
0.023386714582432137
0.06063882094939829
0.0301948767490653
0.025325216019945314
0.020348602879243418
0.015296350844885646
0.010199922616159209
0.005090740693765824
2.3138235189364315E-16
0.005041516417228194
0.010003617540090784
0.01485687937291147
0.019572813786121995
0.024124030271782643
0.028484389719772744
0.016921668309636855
0.06568591760468362
0.05904047848438428
0.043838400774830595
0.01789932194727766
0.020221721128433255
0.01794288738918814
0.028015149441393855
0.04554163886925593
0.034756365859260244
0.05661629206424978
0.07015853038876249
0.07229845391155296
0.07834288886772914
0.07287289101117245
0.0713101001353693
0.057921348730078016
0.03614105290841362
0.048295055724625585
0.03448768620892379
0.027586633998741197
0.014786605616517687
0.01684058409388731
0.030774469941755672
0.04246916456879412
0.05908010673373755
0.02398037572581559
0.02518591587948827
0.021143214447610668
0.017003654284082858
0.012793277347067561
0.008538345181070151
0.0042651788904557
1.828425182822351E-15
0.00423122685595473
0.008402948491870591
0.012490174076165235
0.01646862151045482
0.020314858443543943
0.024006437118554467
0.030915212334374213
0.01105558341182558
0.0398932387395241
0.059795844385720213
0.080322761085099
0.06324291394528124
0.04438682008743191
0.04578771275738775
0.057310024743063265
0.08120892433014824
0.09208997948457072
0.06972030364392857
0.05469684471915648
0.022336835165482745
0.053508625905871285
0.06675246952894862
0.08643125126299073
0.07261536563800174
0.047939372055172125
0.03611255050569886
0.03186911076624554
0.04648507966829384
0.067831403606742
0.06086736141392612
0.048806373704344104
0.021005785479544743
0.025078631445416066
0.021665227760589153
0.01819948054447577
0.014645715469341274
0.011026264246840358
0.00736370658208633
0.003680731678743389
4.784513769428089E-16
0.0036559938856944654
0.007265056556970716
0.01080542828931058
0.014255912122851096
0.017595998694535583
0.020805986110942996
0.022959609019130623
0.026761572296944022
0.009526634234239483
0.025469961434607967
0.02032025206360668
0.05284249265015181
0.07298745358847236
0.06205390214225125
0.06825712878723773
0.0659122536488678
0.06777855539130052
0.07876365270996101
0.08306167601044742
0.0928753376424256
0.08288172551144
0.07853956532663714
0.06869628579428615
0.0689344058759091
0.06822621106102743
0.06251241732041209
0.0768074025704932
0.06445077792878365
0.027829343618317688
0.034619448094067945
0.013293595330593008
0.020489208080746227
0.016825930137151966
0.019064718399566454
0.016022861053658573
0.012900431665655375
0.009717023953106212
0.006492489323493806
0.0032468146625343566
1.2142284987614764E-15
0.0032280632073148595
0.006417712443586577
0.009549632433255672
0.012604970668224826
0.015565449480289319
0.018413474000506018
0.03229367285024659
0.03314338806183169
0.03852715924061211
0.03582928196531562
0.024795823060975074
0.02201228954673861
0.019445833976075088
0.019743328838224716
0.022799964602594053
0.019709539831469055
0.022546734117474564
0.004916650371786459
0.0051251316303946495
0.01172944671615807
0.006539003583724919
0.003199908609065813
0.018881321963065186
0.016223334677148402
0.023678535400629076
0.0220262757435842
0.018981413130178135
0.02526216310970828
0.01603866651409101
0.023583518227728487
0.027448304503528802
0.030440339792861336
0.03514071935131594
0.01707317065595226
0.014354647114387924
0.011561772961428685
0.008712048594940996
0.005823233049986824
0.0029132344336092013
1.8267600185571577E-15
0.0028985934653023462
0.005764848289296663
0.008581352929308445
0.011331086723561699
0.01399752175036038
0.016564721191943306
0.003356015555210109
0.02923757698557924
0.0255356085267703
0.06500407078958857
0.0454666995932008
0.0784781945766472
0.05940292518842151
0.04860963075002831
0.04741970231361025
0.060749146077281116
0.0637065632389725
0.06306506450724282
0.06547470785960965
0.05864149822714924
0.06477509339510847
0.06142797325038378
0.06135632004753568
0.05641189127427643
0.04317118395865306
0.045228703765764475
0.05124973703339577
0.07341166522277476
0.04550955243960771
0.06913793662639749
0.02728823790925678
0.02819511514323633
0.009934464892075652
0.015505857279753772
0.013041013712298545
0.01050702679199603
0.007919752519502268
0.005295302366410365
0.0026499437508152477
3.3722988799404944E-15
0.002638249589547092
0.005248668987354925
0.007815363359246952
0.010322775102728365
0.012755777411732745
0.01509976481213901
0.03111756731054553
0.016062216790322516
0.027261625853754284
0.024164968385112052
0.010446317880684331
0.009983125669195922
0.029075754834951492
0.0309154823273546
0.03474925160071096
0.02825390911983153
0.0216076822008078
0.03042060342612914
0.04124576345233188
0.043532071683596144
0.04150355454191192
0.03126453137465008
0.024620309135396447
0.03296258920422508
0.03601823587742785
0.030398147342398357
0.03324831090295874
0.0013205521365697993
0.014046435173423908
0.02499725304417543
0.028883979891348707
0.01851851851851876
0.025195820986750602
0.014246258644904742
0.01198480398314941
0.009658584444419423
0.007282136745878499
0.004870248084481623
0.0024378647295419586
2.0615478380387176E-15
0.0024283578107908307
0.004832337001502163
0.007197272964718041
0.009508797076710379
0.01175292343994073
0.013916132957619263
0.020380441637038543
0.01334812374797508
0.017309164880997385
0.04737849354972965
0.03129221858134403
0.03805531152760691
0.017441561155704992
0.0235422412362622
0.015373810285492175
0.020769386142013686
0.020062761757255285
0.022139435950138554
0.029002393027598616
0.006105864626289744
0.028094398420803506
0.020692007931258728
0.016923100403767623
0.019169995329004444
0.01526930648445271
0.021864747711310577
0.012570922978440428
0.02974855762002362
0.025766307100122503
0.0326962008391139
0.016815915154153847
0.006155984004364018
0.02143322482273339
0.013217291849717221
0.011121676278225596
0.008964995797926291
0.006760710998605057
0.004522527309871845
0.002264310251769299
2.422754484209207E-15
0.0022564742107747037
0.004491279322586702
0.006690762809972436
0.008841535644207215
0.010930553364366921
0.01294519476696453
0.01190015583327563
0.030014647577306493
0.015788276328039787
0.02247327189751537
0.030157817624325487
0.02878381963481041
0.040266077696093236
0.038727643555349585
0.052520315219266485
0.054243213801492926
0.052765876275018615
0.04169646685403199
0.035901202908480236
0.05995794162436843
0.03557098033824354
0.04175430309670228
0.05351343064808911
0.05358232353484584
0.05480165447364578
0.04169129291962909
0.03966324340765973
0.032253946159321714
0.033469275315775246
0.0239188430781008
0.009027009173884583
0.028875460974100334
0.01067163002636849
0.012365975136843396
0.010407368373056454
0.008390836793723185
0.0063289517095671015
0.004234523600867491
0.0021205228934400686
1.7800802227611913E-15
0.002113994882374638
0.004208491728062138
0.0062706799042045345
0.008287986175755012
0.010248151021482785
0.012139302799510178
0.015916462695372172
0.009279744465597714
0.029988270430425824
0.020201261328534535
0.015192551827703767
0.00891458588160822
0.014702287767178308
0.028510113704654245
0.026876463663982636
0.008633176713182821
0.0010453180284848119
0.02732678773684574
0.02895916407728436
0.0414086662499977
0.029453481152641077
0.027755057200225756
3.616309829862017E-4
0.008383677807678793
0.025386893681386285
0.027432881431778324
0.017155506017834346
0.008168389875482714
0.014479702207330422
0.024504469141961065
0.02904374538771269
0.012486279278482008
0.011553201523336134
0.011654737426117034
0.009810470346244866
0.007910951711347286
0.005968010510534072
0.003993709529246024
0.002000270752832761
3.3595378718935665E-15
0.0019947887508693805
0.003971848879046565
0.005919076020937829
0.007824581895459783
0.00967676660671569
0.011464388985836231
0.016742134121405478
0.015819197051699794
0.008295915562592304
0.015232172594639586
0.03259178976938783
0.03299010404867581
0.03543643980483228
0.038049002856913476
0.048225188805316684
0.033207885488560254
0.04106617553134378
0.0272329462796611
0.022805169004260044
0.043602961028848905
0.02248629135942418
0.025987644332060647
0.03890957889848428
0.0309441217030102
0.04444446436399773
0.03391267503772436
0.03412210076768925
0.03229216206015615
0.029041220767659335
0.010778372519257286
0.013604049236887747
0.014520246663691507
0.01789305811714642
0.011056240820027782
0.00930811401278954
0.007507015135156576
0.0056641488206827
0.0037909485941341166
0.0018990061775891838
3.298597783646334E-15
0.0018943766504755186
0.0037724873907065944
0.005622823984446268
0.007434076627063596
0.00919520284530428
0.010895494593690104
0.012057802705820152
0.015317176795127322
0.013739178960433928
0.021589493652989972
0.017472798516221744
0.021947564722623217
0.016363801754169096
0.019109985131512554
0.011476377636225178
0.021900427043481423
0.01970040868999221
0.027762975952844656
0.03068773127208581
0.04256383142783373
0.03025041989539298
0.02779692828174302
0.0214092392445732
0.02248220005452045
0.015595588496400702
0.02194955958178922
0.014618388912415712
0.023660085022825364
0.020113271161065944
0.018428392263974722
0.013241835853805685
0.013612141244037276
0.016319093248651904
0.010550164881389273
0.00888329310055643
0.007165392548758945
0.005407139946447263
0.0036194365538986563
0.0018133407843650452
0.0
0.0018094180900306693
0.0036037940082478885
0.005372124644469746
0.007103590532065034
0.008787621854597388
0.010413962781394838
0.013607884009523423
0.022204422665058742
0.020921321839583035
0.02461473886728483
0.013602992111730064
0.028905167124733355
0.02691759513537784
0.013792274522722794
0.020312297179397334
0.023833491829296193
0.01629874086054089
0.024382834251561996
0.025674269813859535
0.017048096096803696
0.026211698987961857
0.025084656654530087
0.01526496544046791
0.024282508693007878
0.017906120366320517
0.012004035569132971
0.025453202837109168
0.027303739784881386
0.010104550455931937
0.025958997397469718
0.018445945368344086
0.021712233939295385
0.009109063538274653
0.010121138014670364
0.008523137976574757
0.006875761877446269
0.005189238702477918
0.003474018218226453
0.001740706395814813
6.249738377378492E-15
0.0017373792535261812
0.0034607505683577114
0.005159539561493061
0.006823342980652381
0.008441992249956072
0.01000561545648083
0.02148482646747468
0.007081489018474585
0.017440373935892678
0.009236749392279031
0.026573500503073944
0.0146925330953638
0.015080590807883137
0.03163460155763692
0.031132312451277976
0.014696097534941862
0.03105212132759552
0.028039048844605452
0.007343783157288246
0.025037935033735467
0.006829262602487959
0.0277849981171607
0.030905515405909214
0.013318958496392521
0.03062032630314549
0.03047615060778857
0.016653865273299595
0.010388038968182014
0.026253204392909634
0.012187846547180468
0.015192090626472593
0.010797415078433174
0.020921661178657684
0.00975736646650745
0.008217771418266151
0.00663019864820874
0.005004497115004064
0.0033507334073891656
0.00167912955664691
2.5625625876536487E-15
0.001676311916870492
0.00333949750848627
0.004979345999426219
0.006585807068180296
0.008149052303008195
0.00965953519449412
0.002653797163648019
0.01065330743849134
0.015371789113966894
0.011689605572339876
0.00785534935891737
0.028002797407665002
0.01629079172099642
0.012356259569638279
0.012941029851441278
0.03046607889044036
0.012421901258378812
0.023197003451359485
0.04116170633079359
0.02334512727780058
0.04118241538202787
0.022273021390139
0.012878942928070755
0.030593460696511997
0.015133646835596717
0.014919041676391768
0.014565851037808929
0.030204626594139947
0.01001928340663338
0.0054355184275828965
0.019984802944684434
0.006710612230723876
0.006520228308503796
0.0094497023032112
0.007959530298467432
0.006422553345601454
0.004848298416959191
0.0032465075731305574
0.0016270778027930389
8.911267168029709E-15
0.001624702545497319
0.0032370357671784957
0.004827096171890674
0.00638513154515145
0.007901600640545656
0.009367231488448176
0.014600940118606374
0.02002712166809095
0.0064598024507653345
0.027654579953825555
0.0188006486688935
0.012788564049005802
0.02442354739788097
0.01674886594101368
0.019284071765843697
0.011844284698988005
0.026445287011923398
0.029240292985324604
0.005606959846099693
0.01725669692721394
0.005843781891124134
0.02997494144088675
0.026229428826146702
0.012788441345986772
0.017372333962987627
0.014671986164681254
0.02526246823279608
0.013697310203488959
0.016279673224272633
0.028015987897331875
0.004258144174116443
0.019663778234606816
0.011327797983209948
0.009190996056047361
0.007742424727153419
0.006248018519865013
0.004717032902419421
0.0031589364957650095
0.0015833526258729209
2.418557198894291E-15
0.0015813671279557033
0.003151018935387014
0.0046993097840594324
0.00621673738210202
0.007694000992688349
0.009122058333463792
0.010479685804057528
0.011729233947668198
0.020299477374377557
0.008213106832030647
0.01810629218182187
0.030489861372298633
0.012150997193795941
0.02360394388377419
0.02366906337111443
0.022147225418367982
0.016350968089589427
0.0026344311538542427
0.027820135527548535
0.024412590867838656
0.02731396915980677
0.001949226534594715
0.016110845941039197
0.020608129291018795
0.02361772282892396
0.024071992239097267
0.011568432243098937
0.027503953259513794
0.018977228843355905
0.010199699971377239
0.0151141961244937
0.012662221196455992
0.009619910451814023
0.008975639047642179
0.007561755518894056
0.006102822496012551
0.004607868489188395
0.0030861338289878033
0.0015470136525545346
7.175108029594891E-15
0.0015453766227231539
0.003079605855299812
0.004593255909144892
0.006077031449695905
0.0075218305803090215
0.008918800579131256
0.013139178210497057
0.011672006190441163
0.014830896205775176
0.015149322722362243
0.01331732137854021
0.010494406674191093
0.021921580888594316
0.022702708807766734
0.01631773540124821
0.02275028658150341
0.026671293684952274
0.03933691600296808
0.019788208015041886
0.02209643412247403
0.020099538124093146
0.03912668127357324
0.02693291955512125
0.02339125309018585
0.017625319398032115
0.02507338537653537
0.021475112325076318
0.01302758713478746
0.014572237088580029
0.013131226881241622
0.018521026961938594
0.012185364338951591
0.016182270466761444
0.008799235330311312
0.007413839913156968
0.005984009696898902
0.0045185861159698845
0.0030266216949523463
0.0015173242190179405
1.0806274214850757E-15
0.001516003413000745
0.0030213547264760277
0.004506796245607524
0.005963200715934695
0.00738162731509094
0.008753376451607
0.0032196010356792364
0.009343842245157063
0.010079553056988402
0.016657194746109938
0.013654203017989594
0.015165365103618222
0.0171632407988499
0.023107692462766078
0.021463413820278547
0.01296652769233539
0.009358242346523356
0.009654362080029759
0.02303893348792408
0.03944009011291638
0.0232984245162227
0.010658274674350264
0.0088709854858081
0.01327042113203696
0.02112125788859262
0.02171318537218539
0.01937308455718646
0.014180747966201522
0.01039396461834948
0.015971439976526367
0.012249600377552006
0.006643595343333931
0.002390195887564565
0.008658364370334308
0.007295813132383737
0.005889281682102384
0.004447460615538105
0.002979251493698999
0.0014937119704667777
1.3873476284197126E-15
0.0014926825330999166
0.0029751464147038183
0.004438271585382573
0.005873063161211171
0.007270706647693749
0.008622622008375422
0.0186763200618816
0.02005798962376697
0.015185607147648612
0.02008781747808238
0.02403694898093909
0.02608937576877335
0.02675062728643848
0.02193018583182171
0.014095610042162815
0.019703204327521488
0.030139333867048604
0.02223164397805038
0.01908665704482644
0.021212182568405562
0.0186845742966158
0.020991767811496437
0.03020350624097258
0.018551141011098726
0.012138798599573045
0.01889758479740804
0.02687966202393814
0.02705242482939507
0.026802630737580328
0.020962355634453964
0.012285809387035577
0.019903176075356573
0.017203734212290954
0.008550408863447196
0.007205484406090215
0.00581688182022727
0.004393174290418486
0.002943146454457698
0.0014757402795355576
1.4847288429447938E-14
0.0014749835446416872
0.0029401288293654927
0.00438641947750736
0.005804959666124654
0.007187028762763302
0.008524134858660732
0.010442637897738066
0.003954200857855722
0.011771392174907774
0.005286457922458816
0.002425118062063994
0.006915568834483623
0.01558285208432632
0.020748222421134756
0.028243177196778033
0.02195725274618078
0.009873437290046333
0.030032250136802646
0.031023127692245953
0.04946341306872735
0.031113881377277285
0.030618785251309826
0.010676784438327777
0.022858612486185783
0.030087114665937564
0.023100016687603732
0.012118091468224677
0.0045036825200071755
0.0021140069557031077
0.008521556995192421
0.010448644475146252
0.008161744334461409
0.012879291088813872
0.008473430582402037
0.007141233191077099
0.005765512186410006
0.004354754658463515
0.0029176602675260728
0.0014630876723545887
4.971995555661487E-15
0.001462590307405191
0.002915676929886474
0.004350315050561592
0.005757676340102923
0.007129103207225374
0.008456161982302151
0.01018773790860332
0.010944869218236402
0.01929104985270647
0.022109931522052075
0.028515832843222705
0.02509042575332656
0.022437135007909805
0.014709820928810794
0.014818536494414801
0.013150775348148288
0.02888978828206151
0.004800460442762367
0.009500859566106827
0.009080102330951538
0.01010033208364855
0.005360413734448758
0.02873436817132483
0.013577834581313572
0.01626665637155707
0.016592212439584537
0.022912054055515253
0.025038055709234137
0.02608045961523221
0.022670585596522318
0.02013173681762788
0.009003810472936481
0.007314996336886238
0.0084260827906963
0.00710193601915096
0.005734275035349732
0.004331530647304463
0.002902348001855715
0.0014555333780348983
2.976205973460229E-15
0.0014552867977708488
0.002901364716145232
0.004329329608800839
0.00573039023351686
0.007095922300626514
0.008417521487007225
0.012740565873076261
0.015234829573786808
0.006218913357849464
0.020750148851471226
0.00662491686534227
0.01923391133878786
0.01974636840263824
0.0279316502019443
0.030067054978601085
0.022762948053203638
0.02313557359465934
0.026137973923685224
0.029376606015678437
0.03321178534092316
0.029134015914404905
0.025196863634544743
0.023940644401223104
0.02189216186433694
0.02822092130951449
0.02667582794312673
0.02266868697689453
0.02228040344581242
0.011139419774218248
0.02227575316964273
0.009880556042331685
0.014913419003296235
0.010424549828459187
0.008407551610456504
0.007086917623863443
0.005722633777820093
0.004323103446451142
0.002896946794164622
0.0014529477539686132
