1.0
0.9989725854527299
0.995894139718447
0.9907760398146914
0.9836371918337697
0.9745039478168507
0.9634099899352777
0.9503961825331834
0.9355103927392285
0.9188072805050707
0.9003480590739824
0.8802002270235789
0.8031247926555128
0.7615734038603046
0.7372404796185984
0.7573396563227126
0.7300756260712484
0.6831708826656817
0.6354543766349359
0.595462551857963
0.5640611266725801
0.5321708922483822
0.5092383409337515
0.494168188345578
0.4790530092225385
0.4452223719619416
0.36570853364401074
0.3303967657376316
0.31382038691404623
0.3339538200796373
0.30020068627509594
0.2668332813211879
0.23395677675898374
0.20167312991975322
0.17008068053330982
0.13927376632762728
0.1093423593199548
0.08037172439209775
0.05244210162743667
0.02562841376529705
1.1509160169412204E-17
0.024379622781927845
0.04745297037168258
0.06916877240348818
0.08948212364992665
0.10835460493099788
0.12575437327165595
0.14165622109465553
0.15604160438810807
0.16889863993921206
0.18022207187652922
0.19001320791218035
0.2500725785965726
0.2721124603934366
0.2739247308930632
0.2326243452596335
0.23466428537410808
0.25372066051010944
0.2700606187881219
0.27999419412262216
0.27779778870724314
0.27237734947256415
0.25462384501612284
0.23111666546985418
0.20510401678054024
0.1965688539248282
0.2313399222133469
0.22560897337632962
0.20113344118661491
0.14055159595840294
0.12883908052317425
0.11667245240793687
0.10413347464621722
0.0913037533794386
0.07826434592780039
0.06509537670314862
0.051875662795562064
0.038682351000812534
0.02559056798264992
0.012673085182488516
1.1125005015087795E-19
0.012361565328205147
0.024347745827528043
0.035898195646728456
0.046956328580889446
0.057469536274566656
0.06738938324713088
0.0766717780093532
0.08527711967004838
0.09317041956355268
0.10032139756208622
0.10670455287113938
0.0738826486397285
0.07222183834314926
0.09128510335631689
0.1257812319461835
0.12848262075243752
0.11454182151774006
0.10923026477404754
0.09915814817122026
0.09860350944433482
0.0982004969395026
0.1069863966457412
0.11006993538692213
0.12235941474464733
0.1184601565503476
0.0861643830529574
0.06490524457410689
0.06359784061784793
0.08919691902778012
0.08219714680739923
0.0748203543015483
0.06711710121238192
0.059138962311212684
0.050938221326003605
0.04256756538062851
0.03407978162745294
0.025527457685862485
0.016962687462071295
0.008436783880032162
7.303984783091527E-16
0.008298740059596452
0.016412099049192233
0.02429457209091861
0.03190271856496302
0.03919537927375674
0.046133877870154674
0.05268220563223901
0.05880718876800672
0.06447863753739
0.06966947658610903
0.07435585599533773
0.11462057683399494
0.12133913144382134
0.11281700428848564
0.07626707706942862
0.07771754673634092
0.09666361040951624
0.10909666401951763
0.12714242545031035
0.13036892267866795
0.12501938903787124
0.10468784331448397
0.0906963467669293
0.06995337347137434
0.06672852774052476
0.10011422775418442
0.10781937948250629
0.10229934830290821
0.06548986096701312
0.06049987700365184
0.055204496560857276
0.04963964052493751
0.04384237336355556
0.0378506719099731
0.03170319158088337
0.025439031390899168
0.0190974991199562
0.012717877975441796
0.00633919606914782
0.0
0.00626186620246337
0.012409475561785059
0.01840702490262494
0.024220032755729273
0.029815527373655816
0.035162223877609824
0.04023068962729783
0.04499349698178084
0.04942536269936628
0.05350327330829033
0.05720659586665593
0.05115631134689489
0.05358715210546743
0.07223816088979412
0.09230272114276064
0.09397909792600806
0.08101730057628828
0.08681909370051208
0.08931652429917643
0.0946518341220536
0.08920428218427508
0.08582662563112255
0.07903226290666282
0.09143406100351816
0.08922042943349669
0.06944739860713706
0.05206674142397009
0.05005281552495651
0.05187727902217784
0.04799358665120049
0.04385524009181629
0.039489974235264916
0.03492661100534897
0.030194876749064417
0.025325216019943822
0.020348602879241888
0.015296350844883068
0.010199922616160281
0.005090740693766143
7.317851779840584E-17
0.005041516417229134
0.010003617540092054
0.01485687937291266
0.0195728137861229
0.02412403027178686
0.028484389719774437
0.03262914937775171
0.036535098216768036
0.0401806819868279
0.04354611731320084
0.046613494253766034
0.0652373441615112
0.060520080453895696
0.05158859126168259
0.03318782700888465
0.03475636585925768
0.04938696039654818
0.04820888506930311
0.06125855642321202
0.06614990846059118
0.05999210937119217
0.046675278195238055
0.048627821040192296
0.034893266693147774
0.03346567704917272
0.04742077072031554
0.05376099963622255
0.05806137766026302
0.04307047863746758
0.03988390194163771
0.03647909300014253
0.03287863137833161
0.0291060961676082
0.025185915879489772
0.02114321444761075
0.017003654284083857
0.012793277347069327
0.008538345181072807
0.004265178890457618
4.467903482058079E-16
0.004231226855954974
0.008402948491872278
0.012490174076165084
0.01646862151045566
0.02031485844354584
0.02400643711855266
0.027522022293951363
0.030841511525970398
0.03394614715005997
0.03681861935329917
0.03944315978678741
0.04474318276378068
0.04368507441100454
0.04870051890792043
0.06350117625279887
0.06440563243552665
0.05008912783815297
0.061041647584977196
0.0787455968080438
0.09083966490153363
0.07832760587914897
0.05952026573689873
0.04744810449109523
0.06096793424845788
0.05927292008607148
0.04451837159241503
0.04169379947575467
0.04296031515512627
0.0369266738683404
0.03421776046338109
0.031317650500897104
0.02824540780962708
0.025021011314592063
0.021665227760588306
0.01819948054447562
0.014645715469342348
0.011026264246840249
0.007363706582084557
0.0036807316787407385
6.705817384513353E-16
0.0036559938856956953
0.007265056556971921
0.010805428289309946
0.014255912122850324
0.017595998694536007
0.02080598611094402
0.023867094172388376
0.026761572296945965
0.029472800534866977
0.03198538310894067
0.034285233964676184
0.03692275048961029
0.03942706418034792
0.04507507543451452
0.046483016303269474
0.047724852677656394
0.05542130832574617
0.04119711882620476
0.02430679133497016
0.022519035411684065
0.023821786470294908
0.041558657756428606
0.05626461698998229
0.048944503483337905
0.04802360107384431
0.04629195459968566
0.03945709337591752
0.033794655671752175
0.032412810856047435
0.03005031665505781
0.027517322639368392
0.02483035701418524
0.022006789021948976
0.01906471839956797
0.016022861053658712
0.012900431665656329
0.009717023953107293
0.006492489323494548
0.003246814662535239
1.2991302564539204E-15
0.003228063207315448
0.0064177124435886666
0.009549632433255946
0.012604970668224002
0.01556544948029126
0.018413474000506157
0.02113223537558344
0.023705808643464492
0.0261192447055499
0.028358655871712074
0.03041129449570934
0.034266830036855406
0.03168001649340555
0.02244834001703364
0.029248993247868116
0.029766441083817805
0.01694159101110936
0.033260286120578124
0.05866100199685234
0.07456292709163938
0.058114637207817635
0.03229863793381918
0.015312926442890657
0.026704462029284916
0.02543789381318542
0.01955818793565909
0.029443482143670652
0.03182819757303338
0.02896962945826286
0.026868828375116
0.024613779935093207
0.02221910702400314
0.01970021036208814
0.017073170655953297
0.014354647114388231
0.011561772961429434
0.008712048594938043
0.005823233049990031
0.002913234433608582
2.0505764069913343E-16
0.0028985934653006093
0.00576484828929755
0.008581352929307562
0.011331086723562636
0.013997521750360516
0.016564721191940364
0.01901743362329381
0.021341182673572552
0.023522351538322515
0.0255482618544557
0.027407246486221903
0.030179785269818852
0.04231691384762199
0.048540563114730144
0.05032552032346798
0.05121439128811278
0.059702314825283466
0.04439114608095284
0.02266760879574009
0.008890918717198408
0.02286734315520133
0.044181048981922794
0.059313676513882946
0.05050161942945545
0.04945360924008476
0.047679822482830016
0.04237641544713733
0.03083674104155058
0.026268079742021482
0.02437107680436097
0.02233285365668104
0.020166556388834588
0.01788605536620583
0.015505857279756804
0.013041013712297584
0.010507026791996542
0.007919752519505803
0.0052953023664092155
0.002649943750816793
1.6011361073725044E-15
0.002638249589548147
0.005248668987356
0.007815363359244465
0.010322775102730225
0.012755777411734608
0.015099764812139904
0.017340740130544725
0.019465397382425118
0.021461200092846525
0.023316454592684558
0.025020377865608658
0.021823379717814416
0.01930746957462019
0.01640018000890598
0.016260627157900356
0.017236882753293572
0.02335077262247798
0.028743164401468037
0.03870040166551868
0.05131874489373582
0.03829620954578994
0.029109031515697437
0.024815490884953915
0.01848780476280079
0.017867219316268498
0.01758853415686516
0.01766296277194671
0.019396577074500987
0.024102011149963957
0.02236746098953321
0.020502305557441338
0.018518518518518975
0.016428752422943175
0.014246258644905295
0.011984803983149288
0.009658584444421059
0.007282136745882809
0.00487024808448205
0.0024378647295408766
1.3537072311994022E-15
0.002428357810789703
0.004832337001506851
0.007197272964719924
0.009508797076711303
0.011752923439938532
0.013916132957620541
0.015985454238322882
0.01794854084947593
0.019793744462758892
0.02151018346102575
0.023087806605617392
0.034436310565681305
0.03752751548407349
0.03676200405533699
0.037184157030266805
0.0377316765206602
0.04742579761643094
0.033820676881117555
0.02786568963041062
0.023593936619650143
0.02789208478864559
0.03304736020066734
0.0460303073689998
0.035853069693864384
0.03486076377611392
0.03424309277046263
0.03551362527921588
0.035016690139417606
0.022335777788463577
0.020733088768746896
0.019008557644271132
0.017173209640045307
0.015238710305110077
0.013217291849714364
0.011121676278227391
0.008964995797927002
0.006760710998608664
0.004522527309868943
0.0022643102517684818
2.3742114427455157E-15
0.0022564742107761666
0.0044912793225881775
0.006690762809974475
0.008841535644205374
0.010930553364365912
0.012945194766962261
0.014873337741865346
0.016703431801370582
0.018424566870803922
0.020026537933309652
0.021499905148104632
0.011030420484577447
0.017087390447324623
0.023222164588846038
0.02914246171040689
0.02994457070088121
0.03671541293566796
0.03444294182549084
0.028099865707211426
0.030653368595887343
0.027969164325488936
0.034468393361675245
0.03709167249674736
0.03066997959361048
0.030048982500035765
0.023580062043380794
0.018445961378945934
0.009576165037465185
0.02087655087877624
0.01938241536713308
0.01777374660517486
0.01606079112866347
0.014254402945587089
0.012365975136842015
0.010407368373055509
0.008390836793721676
0.006328951709569195
0.004234523600871238
0.002120522893439496
6.257758715554128E-16
0.0021139948823750885
0.004208491728062859
0.006270679904202148
0.00828798617575682
0.010248151021482445
0.012139302799509246
0.013950029315998124
0.015669446367281646
0.01728726284573482
0.018793842021814257
0.020180258639179174
0.034646850692442124
0.023636290404222743
0.023607193666466242
0.019588603888902448
0.02009741635050799
0.02792356684127471
0.020550800868461335
0.02614645992766703
0.02618914004394729
0.026070521088987435
0.020261025817737643
0.026634200146554737
0.018939385308101762
0.01813901658826142
0.023198724605877772
0.021052243398934075
0.033849819772456984
0.01965873761033201
0.018254951168103228
0.016742774869489784
0.015131808464326421
0.013432231125051276
0.011654737426116512
0.009810470346245562
0.007910951711350641
0.00596801051053488
0.003993709529248821
0.002000270752830304
5.909334572351249E-16
0.0019947887508691836
0.003971848879047687
0.005919076020937021
0.007824581895462455
0.009676766606715171
0.011464388985837671
0.01317663454716601
0.014803180649466778
0.016334258471109184
0.01776071142865696
0.019074049690996093
0.008723829111553902
0.025946259349021453
0.02135611046662967
0.030287866229593553
0.03090054353070229
0.03541804812189091
0.02905292136787005
0.024541562096236848
0.027279181776099126
0.02444630254411478
0.02851710168240554
0.03490027171041935
0.030333208939530124
0.029586860457471123
0.020305616424572976
0.02715347821584366
0.009588598239780165
0.018634751619664585
0.01730678585520764
0.015875622498044
0.014350319253918553
0.012740489276207103
0.011056240820027747
0.009308114012790593
0.0075070151351615206
0.005664148820686337
0.003790948594130229
0.001899006177588589
1.834575071470177E-15
0.0018943766504752634
0.0037724873907038826
0.005622823984445719
0.00743407662706271
0.009195202845303512
0.010895494593689768
0.012524643141227814
0.01407280135656512
0.015530643016465924
0.016889418781758
0.0181410085058674
0.02835595657023441
0.012697173444731116
0.0275649690781488
0.017261349425496057
0.01796403609517386
0.018227510896228864
0.02347448446129857
0.02514906916855382
0.01865566628088912
0.02520307704029241
0.02384543076240176
0.01817041069584096
0.01847158087033855
0.017903973793747304
0.028549804330370816
0.012267891247782001
0.02658341796335668
0.01776930810698401
0.016505344286021045
0.015142585844552208
0.013689633232424772
0.012155621864996193
0.01055016488138982
0.00888329310055666
0.007165392548761503
0.005407139946449045
0.0036194365538979624
0.0018133407843649832
1.2951920166558947E-15
0.0018094180900328225
0.0036037940082463043
0.005372124644471724
0.0071035905320636855
0.00878762185459917
0.01041396278139961
0.0119727337415774
0.013454491259359967
0.014850284989616363
0.01615171160993918
0.017350965245905157
0.013920750526788843
0.028927495886422613
0.012545779488558598
0.022731900723147704
0.02325214089557728
0.02803163554501964
0.018281529466431305
0.018505311660040956
0.0359337720260559
0.018297426915283636
0.017953122285443716
0.02764899749850777
0.022547570935078733
0.02185737163993771
0.011271531437761622
0.028416209618890485
0.014905512044058397
0.0170357689173212
0.015826024000832467
0.01452122212282321
0.01312957631816653
0.01165981713250934
0.010121138014665429
0.008523137976575312
0.006875761877444733
0.005189238702475335
0.0034740182182252085
0.0017407063958137742
3.2821860103988297E-15
0.0017373792535272446
0.0034607505683609827
0.005159539561486002
0.006823342980648234
0.008441992249955428
0.010005615456475858
0.011504697401004483
0.012930137348571877
0.014273304129173466
0.015526088255910623
0.016680950746742286
0.019519297433605098
0.014546464890757558
0.029986861557002385
0.02037374139159217
0.020957206517674572
0.01872570799557286
0.02759212346455023
0.029374837928446983
0.005484000320213561
0.029496790590747668
0.027539926207824066
0.018610709467237713
0.02083208562217049
0.020222106712213212
0.029358626085013273
0.015228125082828614
0.018133844459338088
0.0164137286014365
0.015249972865777731
0.013994328584081082
0.012654679837932654
0.01123941341989229
0.009757366466507973
0.008217771418265607
0.006630198648211467
0.005004497115000157
0.003350733407388345
0.0016791295566417198
1.2688370479781433E-15
0.0016763119168719414
0.0033394975084903443
0.004979345999421107
0.006585807068182623
0.008149052303013072
0.00965953519448991
0.011108049299682156
0.012485784224259833
0.013784379082910322
0.014995973114482234
0.016113253146076992
0.017642658006158832
0.022861988146271037
0.010767026964710455
0.01999837214108999
0.02059667707491394
0.02707435284944409
0.019844559479798934
0.010727366872986602
0.040203972774587086
0.010635457776114104
0.020205400809918193
0.027252500521184303
0.020821731700725245
0.020283786853475864
0.011852362489664613
0.021374302764466113
0.01796506509619487
0.015887378229223925
0.01476258184474883
0.013548571158453636
0.012252950983886828
0.010883816402485199
0.009449702303209753
0.007959530298472123
0.006422553345595951
0.004848298416955461
0.0032465075731340134
0.001627077802788897
2.8613453395241314E-15
0.0016247025454908394
0.0032370357671770104
0.004827096171891203
0.006385131545154853
0.007901600640546194
0.00936723148844972
0.01077307796852374
0.012110574301545702
0.013371587129265653
0.014548464866405753
0.015634084025901166
0.016240061427014986
0.017110619085149843
0.022080129704825074
0.016544638098774364
0.017040098548997098
0.013959263722855797
0.02202292489644269
0.032228957339597866
0.010500798666739274
0.032224156704276544
0.02156756687107072
0.01344294379535652
0.01657303920352778
0.015965070923491514
0.020541895345618448
0.017189603888897145
0.01669712791830636
0.015444371757691725
0.014352440193510972
0.01317353335992147
0.011915019650559362
0.010584747402746847
0.009190996056045743
0.007742424727158697
0.00624801851986974
0.004717032902418884
0.0031589364957600244
0.0015833526258654555
1.7492090291234164E-15
0.001581367127953733
0.0031510189353839927
0.004699309784060029
0.006216737382103469
0.007694000992690791
0.009122058333467579
0.010492180819396915
0.011796006812015467
0.013025592550939413
0.014173460457964365
0.015232644520593553
0.01764851361141645
0.017069567844337073
0.018137405024823493
0.022122477392313097
0.022662095389337812
0.02812414793372163
0.02503342552864771
0.015191804742323576
0.03608828971634558
0.015432805119606346
0.025083203256965135
0.02794907201717779
0.022603560986454226
0.02205413552499464
0.018857098345260514
0.017224679255141397
0.01717529867602866
0.01507502617164465
0.014010597974021665
0.01286104467594148
0.011633535736639793
0.010335712165391487
0.008975639047642814
0.007561755518892487
0.00610282249601692
0.004607868489186809
0.003086133828989734
0.0015470136525590485
5.555859740699675E-15
0.0015453766227202918
0.0030796058552982606
0.004593255909149493
0.006077031449699677
0.007521830580312466
0.008918800579124567
0.010259392048033443
0.011535411143216101
0.012739069568688552
0.013863032028234674
0.014900460847375162
0.01999213559406853
0.016181345181946045
0.016174138783544123
0.01640522125263446
0.016985701062214555
0.012107917948074955
0.015023673168923729
0.028419596464702157
0.02191969246964148
0.02823320015621963
0.014986750972797414
0.012615223915275682
0.017612157709172165
0.01719400121257878
0.016596397668882237
0.0156866387570178
0.02077808090472241
0.014771748995775578
0.013730038049233562
0.012604699581221167
0.011402737382907946
0.010131620185262138
0.008799235330315404
0.0074138399131606575
0.005984009696896307
0.004518586115968667
0.0030266216949565118
0.0015173242190108308
2.243326069304708E-15
0.0015160034130041816
0.0030213547264771787
0.004506796245606872
0.005963200715936059
0.007381627315092587
0.008753376451607134
0.010070043035633566
0.01132356789569736
0.012506287027603433
0.013610978374999048
0.014630905856403156
0.014037796777846242
0.021250025795174876
0.019259468154872592
0.017789373785581666
0.01816918348828764
0.021823385323672957
0.02152893407309354
0.02384049502877727
0.02536188251512829
0.023993357917961453
0.021151935541646044
0.02105834888585317
0.017280134213882314
0.016684974501584616
0.018682058667628926
0.022161762030299396
0.013071280171960287
0.014528624515093826
0.013505294387051016
0.0123995097715336
0.011218138743396923
0.009968509378501505
0.008658364370331533
0.00729581313238622
0.005889281682094465
0.004447460615538842
0.002979251493707569
0.0014937119704671077
2.245456376832094E-15
0.001492682533096451
0.0029751464147023273
0.00443827158537983
0.005873063161204692
0.007270706647695753
0.00862262200837582
0.009920516256842033
0.011156434250420571
0.012322807374820102
0.013412499822264225
0.014418852180571276
0.022367217636277158
0.012254864915115956
0.021584503109349965
0.023667185970641182
0.02424454699803021
0.020988777438854907
0.019859226046720867
0.018889235689430902
0.026919017209863574
0.01863462874523939
0.020205013070159383
0.02156906617420869
0.02480452178530828
0.024364255769539732
0.022270168701683468
0.011434065236445546
0.022279983158533204
0.014341113543073557
0.013332175107207392
0.012241651830622403
0.011076303439817607
0.009843346313626785
0.0085504088634451
0.007205484406094168
0.005816881820237049
0.0043931742904208815
0.002943146454459201
0.0014757402795343938
4.7928090507503645E-15
0.001474983544639495
0.0029401288293641973
0.004386419477505901
0.005804959666124362
0.0071870287627699885
0.00852413485866422
0.009808066870152074
0.011030944889171803
0.012185268474428851
0.013263962587795662
0.014260420895059562
0.010072908392104129
0.023767453199414434
0.013390285636386992
0.009004700393241919
0.009466131692354374
0.012443425730141369
0.014600078980504761
0.02612999635261465
0.014443287406503405
0.02608152436367917
0.014479859617712827
0.012195337404286436
0.009253365869642954
0.00873878771752947
0.012558612085661326
0.023396653594401573
0.009945560519544502
0.01420583662689219
0.01320756255050458
0.012128285123690043
0.010974681112936788
0.009753882125002708
0.008473430582407035
0.007141233191070831
0.005765512186416698
0.004354754658461512
0.002917660267525374
0.0014630876723638444
2.6129517786904977E-15
0.001462590307413758
0.0029156769298872807
0.004350315050562878
0.005757676340101573
0.0071291032072269365
0.008456161982301655
0.009730694707838815
0.010944869218244845
0.012091227201865708
0.013162729950771923
0.01415280151809333
0.01995761273999574
0.010125103826977025
0.022275500920020713
0.02529316574012789
0.025747386544366046
0.02451810069854543
0.02358602021969587
0.01344838327714652
0.02430415726445192
0.01351050853209199
0.023543312668871778
0.02436889296974017
0.025342610410817343
0.024793405478050114
0.021558343862758754
0.010842300200500633
0.018949366903272678
0.014120420498242962
0.013129271780948786
0.012057423013992583
0.010911491925410638
0.009698550779606544
0.008426082790696472
0.007101936019152612
0.005734275035348446
0.0043315306473083424
0.0029023480018564663
0.0014555333780320852
4.1876928369839216E-15
0.0014552867977816796
0.0029013647161430637
0.004329329608804996
0.005730390233528332
0.007095922300631262
0.008417521487002172
0.009687055090158235
0.010896712005372435
0.012039050719148355
0.013107045024550292
0.014094127177916405
0.012787200882800326
0.018635421762285543
0.013836034881437729
0.015972805715219956
0.016547195954996968
0.017588627138551954
0.018521454791185075
0.020690066608506905
0.01641250253104396
0.020483753061073563
0.01889398251330149
0.018308123207711812
0.01770016161032855
0.01740919627394242
0.015013894441477308
0.017184277297962573
0.014018595401265153
0.014083394332790265
0.0130959551559101
0.012027846164579855
0.010885648950796637
0.009676400843691556
0.008407551610463356
0.007086917623866698
0.00572263377781789
0.004323103446453776
0.0028969467941679676
0.0014529477539625749
