1.0
0.9989725854527303
0.9958941397184481
0.9907760398146904
0.9836371918337693
0.9745039478168532
0.9634099899352772
0.9503961825331828
0.9355103927392292
0.9188072805050699
0.9003480590739827
0.861693760197003
0.8029803856059392
0.7613420326758602
0.6908162702198749
0.6563289211087605
0.6201805057824108
0.6201480485722947
0.627500558947333
0.6154150231255882
0.5842941199065816
0.5524482883791466
0.5019816650522831
0.43267087677141136
0.3706304715684739
0.3456478555959198
0.31883761040086345
0.32930272230844326
0.3129651314246704
0.3155214161738616
0.3002006862750959
0.2668332813211874
0.23395677675898335
0.20167312991975364
0.17008068053330985
0.13927376632762734
0.10934235931995509
0.08037172439209703
0.052442101627436344
0.025628413765296728
2.3627040668412594E-17
0.02437962278192743
0.04745297037168221
0.06916877240348801
0.08948212364992614
0.10835460493099758
0.1257543732716554
0.1416562210946549
0.1560416043881073
0.1688986399392123
0.1802220718765294
0.20829584014720112
0.25199943569057337
0.2745724058230523
0.31942859769572657
0.32226792126002357
0.3300529139961347
0.3012446503823985
0.27143039647830725
0.2516476669084306
0.24814199645899326
0.24346029089820692
0.2550923769563825
0.2752393098525841
0.29586471902308487
0.28152319598442954
0.27600334431387025
0.2291904437445631
0.20416587168282013
0.15864957818321848
0.12883908052317344
0.11667245240793696
0.10413347464621653
0.09130375337943768
0.07826434592779989
0.06509537670314848
0.05187566279556194
0.03868235100081237
0.025590567982649477
0.012673085182488365
2.4753420502807663E-16
0.012361565328204482
0.024347745827528196
0.035898195646727894
0.04695632858088951
0.05746953627456613
0.06738938324713145
0.07667177800935233
0.08527711967004782
0.09317041956355272
0.10032139756208618
0.08911687920560654
0.06237362589960566
0.05646377064769495
0.03885352377997664
0.0522746776675467
0.055096152134783354
0.10643260215041943
0.13490543336996585
0.1401929696768603
0.14015526673421375
0.13940749157509885
0.13407558544165757
0.10721691487951365
0.055038605155637056
0.05075723977810116
0.03526147359320999
0.045274469025484695
0.04788521566611238
0.07204806756968518
0.08219714680739909
0.0748203543015481
0.06711710121238221
0.0591389623112136
0.05093822132600378
0.04256756538062768
0.034079781627453544
0.025527457685861933
0.01696268746207137
0.008436783880032104
5.424460556399073E-16
0.008298740059596391
0.016412099049191987
0.024294572090918398
0.03190271856496251
0.03919537927375596
0.046133877870154535
0.05268220563223877
0.058807188768006856
0.0644786375373899
0.06966947658610896
0.0914852397440142
0.12284824613903686
0.13028942658330048
0.14667258635001695
0.11873036484225796
0.1151005784021289
0.0991485554648199
0.08939285901036867
0.07309865938424451
0.07196155758543923
0.07037272964898461
0.08382764902384425
0.09119710149417118
0.10153908867597086
0.10323897766669173
0.13116924992807324
0.11763151704042141
0.11180947904120107
0.08225437353122214
0.06049987700365074
0.05520449656085674
0.04963964052493658
0.0438423733635548
0.03785067190997233
0.03170319158088236
0.02543903139089979
0.019097499119955647
0.012717877975441206
0.006339196069147187
9.926106068738445E-16
0.0062618662024630095
0.012409475561784521
0.018407024902624882
0.024220032755729863
0.029815527373655643
0.0351622238776092
0.04023068962729729
0.044993496981779915
0.049425362699367065
0.0535032733082901
0.0423088450028977
0.023206612008328895
0.029805811961113732
0.046984870589357276
0.07190943212065537
0.08615672770392102
0.1253172680401148
0.124017164036796
0.1212227364748556
0.12112952868628742
0.12059363579043897
0.12294037450494365
0.12510238020508496
0.08927645799815596
0.07501004974345708
0.05103932795680177
0.030427834979774134
0.02127494084810205
0.03784417204600227
0.047993586651200744
0.04385524009181666
0.0394899742352651
0.03492661100534906
0.030194876749063907
0.02532521601994338
0.02034860287924131
0.015296350844882478
0.010199922616159863
0.00509074069376439
6.446675816287119E-16
0.0050415164172284916
0.01000361754009118
0.014856879372913369
0.019572813786122523
0.024124030271786674
0.02848438971977381
0.03262914937775078
0.03653509821676661
0.04018068198682702
0.04354611731319978
0.061885676690966285
0.0786953472024312
0.07049104128531443
0.062734242045914
0.036813275645128755
0.02657273189522131
0.037583880177684506
0.007452779390457464
0.021976353435433218
0.022684175279020752
0.02317669192969194
0.007758154277666877
0.03478867022284211
0.023193815607934796
0.03317475526974695
0.054172756110857166
0.06240555818346973
0.07199890440342273
0.05784976427775216
0.039883901941637545
0.036479093000142265
0.032878631378330705
0.029106096167606402
0.02518591587949026
0.02114321444761125
0.017003654284083784
0.012793277347069597
0.008538345181072732
0.004265178890455669
7.815325658385836E-16
0.004231226855951641
0.008402948491872897
0.012490174076164672
0.016468621510455077
0.020314858443545396
0.02400643711855204
0.027522022293952057
0.030841511525970824
0.03394614715005941
0.03681861935330014
0.028952560664730537
0.020902812613596153
0.03883527306485717
0.0714643728124358
0.0756599444118021
0.08975118243704781
0.08834690943663774
0.08938362275909516
0.0839825817798885
0.08352380235807016
0.08278873659906003
0.08707556395033013
0.08328372529880192
0.08676268282271692
0.07269756919932217
0.07359373060035733
0.04084654869039591
0.021898331530038007
0.027568962771408728
0.03421776046338188
0.03131765050089646
0.028245407809626956
0.025021011314591106
0.021665227760588456
0.018199480544475972
0.014645715469342593
0.01102626424683943
0.00736370658208334
0.003680731678741745
2.345978196311813E-16
0.003655993885695266
0.0072650565569724905
0.010805428289310737
0.014255912122850887
0.017595998694535566
0.020805986110943184
0.02386709417238816
0.02676157229694515
0.029472800534868403
0.031985383108939204
0.047198825866433265
0.04892555826240215
0.032274209964675844
0.02696487949837498
0.026785764776658474
0.013384706690817422
0.032444243501089286
0.046175166266383794
0.063113321433021
0.06352003962745742
0.06371901273939579
0.047449568523203
0.03585070226894364
0.01583496500969281
0.027405998687439512
0.02503268519080464
0.027616353762736044
0.04396042274442435
0.044742627402140536
0.030050316655057422
0.027517322639368097
0.024830357014184776
0.022006789021948466
0.01906471839956671
0.016022861053658997
0.012900431665655793
0.00971702395310793
0.006492489323494312
0.0032468146625345027
9.228273723834988E-18
0.0032280632073148673
0.006417712443588267
0.009549632433254535
0.01260497066822459
0.01556544948029073
0.01841347400050906
0.02113223537558409
0.02370580864346508
0.026119244705548474
0.028358655871711724
0.02498044652117334
0.027441398666527245
0.0472177852624848
0.07311169348389977
0.04306000477749439
0.04953837687316499
0.025945450364416575
0.04009671387270714
0.03248619261684068
0.0318878082731856
0.03119139210641109
0.03771727292142712
0.02330476413758311
0.045891779418462585
0.039162904699891324
0.07089912629976616
0.047605882897878926
0.028906068414318985
0.02462877076724778
0.026868828375117382
0.02461377993509522
0.02221910702400536
0.019700210362086263
0.01707317065595319
0.014354647114387423
0.011561772961427524
0.008712048594939105
0.005823233049989822
0.0029132344336098787
1.3329151044834052E-15
0.0028985934652987233
0.005764848289298972
0.008581352929307229
0.011331086723562157
0.013997521750362318
0.016564721191940166
0.019017433623293268
0.021341182673567702
0.02352235153832215
0.025548261854456272
0.03761171522172673
0.027209522428428404
0.013877666357121088
0.01704057606213076
0.03564983515373607
0.045360886207038174
0.06399390735791491
0.05482530627199057
0.07006172798997701
0.07005102391600715
0.06981951777625693
0.05441223346998406
0.06410377625136107
0.04759936499253371
0.03618863059390299
0.016010460656382418
0.012617180086742168
0.023823354747271073
0.035828089404656205
0.024371076804363175
0.022332853656679894
0.020166556388832586
0.01788605536620483
0.015505857279753267
0.013041013712294741
0.010507026791995324
0.007919752519504544
0.005295302366406267
0.002649943750814652
8.373124423612333E-16
0.0026382495895490173
0.005248668987355102
0.007815363359245344
0.010322775102728898
0.012755777411734554
0.015099764812141172
0.0173407401305463
0.01946539738242584
0.021461200092844485
0.02331645459268361
0.02407479746946814
0.03375987037785284
0.04424716408041924
0.05070323227518239
0.027142967844888642
0.02894836377726536
0.012896288821605229
0.01719566419524603
0.013289696445518638
0.013779772594273598
0.014208984040304316
0.018172254502813116
0.012646401454620357
0.027806702041613875
0.027361872645067616
0.04650172439138154
0.042529229032116096
0.03457484442146306
0.024018867337209173
0.0223674609895321
0.020502305557442767
0.01851851851852198
0.01642875242294294
0.014246258644905052
0.011984803983148589
0.009658584444419948
0.007282136745883202
0.004870248084480713
0.002437864729539604
3.7343909433433084E-16
0.0024283578107880165
0.004832337001508048
0.007197272964715852
0.009508797076713385
0.011752923439939963
0.013916132957624396
0.015985454238320002
0.01794854084947613
0.019793744462759298
0.02151018346102327
0.030362700228423137
0.01361756998682121
0.012964899465336722
0.020177792428643364
0.02865189851110867
0.049023106157377455
0.041535220748820795
0.03602113835372853
0.0491810147230088
0.04889355676409236
0.04844381415460968
0.03467690931478747
0.03870114492022733
0.04744466329460035
0.026306501344320783
0.0221539605692003
0.014067476456476909
0.011903154899472135
0.028934356488158175
0.02073308876874419
0.01900855764427249
0.01717320964004297
0.015238710305110158
0.013217291849710096
0.011121676278229022
0.008964995797927604
0.006760710998606246
0.004522527309870637
0.0022643102517705864
7.616262217507284E-16
0.002256474210776664
0.004491279322587377
0.00669076280997387
0.008841535644203615
0.010930553364367412
0.012945194766962348
0.014873337741865259
0.01670343180137217
0.018424566870800792
0.020026537933307508
0.023928931323365578
0.0357293313463393
0.03135419343601105
0.02558877696147373
0.033889717364272154
0.01581165337238037
0.031057919083128313
0.036557175306935474
0.038260958050366646
0.03848208647587886
0.03856023671702598
0.03706621780487579
0.032962500515464024
0.015529838273656156
0.03495718335176873
0.02297308590284887
0.02864241962711752
0.03546310245530789
0.0239026076087879
0.019382415367128918
0.017773746605170494
0.016060791128662037
0.014254402945585151
0.01236597513684152
0.01040736837305406
0.00839083679372087
0.006328951709567801
0.0042345236008711745
0.002120522893439263
0.0
0.00211399488237497
0.004208491728060029
0.00627067990420187
0.008287986175754028
0.010248151021480361
0.012139302799508176
0.013950029315997557
0.015669446367281504
0.017287262845732967
0.018793842021815384
0.02443795453310953
0.008220997037472555
0.021484400050993478
0.030341905118916365
0.01161315333996043
0.03255978551030204
0.018018732920231463
0.01290775744420943
0.018786816689112935
0.01851851851851469
0.018140119651490632
0.012681226201370974
0.018053296838381232
0.03175574809681089
0.010689458795709761
0.03074999993976539
0.023160673116389276
0.008031877717793238
0.023241034994105153
0.01825495116810346
0.01674277486949041
0.015131808464325967
0.013432231125050003
0.011654737426119543
0.009810470346247107
0.007910951711349928
0.005968010510536254
0.003993709529244463
0.002000270752829606
1.182545475025002E-15
0.0019947887508664063
0.0039718488790462594
0.0059190760209334075
0.007824581895465555
0.009676766606714836
0.011464388985834613
0.013176634547165363
0.014803180649467574
0.01633425847110858
0.017760711428655974
0.023722503517360095
0.0323066743707218
0.016645165319561752
0.016768681148883198
0.03605807622057948
0.02510589317787322
0.039960570035852974
0.03591332682072041
0.038952969654845716
0.0389129471232415
0.038717952396632234
0.035344897179120156
0.03907695730126368
0.025889671399041796
0.03496655490886128
0.01712370573342143
0.014560002381985203
0.03105903389041358
0.023634246654238817
0.01730678585521004
0.015875622498042558
0.01435031925391945
0.012740489276203366
0.011056240820028092
0.00930811401278759
0.007507015135161589
0.005664148820685999
0.0037909485941320514
0.0018990061775860298
9.738870801618643E-16
0.0018943766504776352
0.003772487390703682
0.005622823984444939
0.007434076627064055
0.009195202845303414
0.010895494593689688
0.012524643141226723
0.014072801356568933
0.015530643016463968
0.01688941878175838
0.019456042978541744
0.00963898478224001
0.029229381359085895
0.027160783018178685
0.01382849879546013
0.02901750190727275
0.02523249754370083
0.025397287680413563
0.01533243319845074
0.015563911354421634
0.015656299605183128
0.026114220334520166
0.0261998267175349
0.028530813264455713
0.015493885827906732
0.025851436495843434
0.029900394092608622
0.010512204956292107
0.018454202735861337
0.016505344286021063
0.01514258584454954
0.013689633232424036
0.012155621864997518
0.010550164881390725
0.00888329310055674
0.007165392548761207
0.005407139946446492
0.0036194365538995466
0.0018133407843637327
3.940031576835555E-16
0.0018094180900298153
0.003603794008246753
0.0053721246444718455
0.007103590532064
0.008787621854598115
0.010413962781399678
0.01197273374157636
0.013454491259359073
0.01485028498961724
0.016151711609939997
0.023178653626071678
0.024814057750756475
0.008400757246992728
0.02421499712819531
0.022995675767365477
0.02356079338583068
0.020343604362601745
0.019328022012845492
0.025725088001148224
0.025634218978904333
0.025408853313272355
0.01841803629829091
0.0188803046534406
0.022741412453700476
0.021668932006354412
0.02589352394217994
0.00796468353916064
0.023058213761098637
0.022999743113117876
0.015826024000832866
0.014521222122822119
0.013129576318166457
0.01165981713250959
0.010121138014664813
0.008523137976575463
0.006875761877447295
0.005189238702477573
0.003474018218226556
0.0017407063958146216
7.64428481076363E-15
0.0017373792535288282
0.0034607505683595034
0.005159539561484074
0.006823342980652265
0.008441992249955978
0.010005615456473613
0.01150469740100015
0.012930137348573994
0.014273304129172236
0.0155260882559105
0.015361126258776713
0.01507990570572805
0.029378902129737598
0.019555588697180794
0.029813469598586727
0.022061145347202417
0.03601711053336931
0.031717129811559254
0.022168628216258736
0.022219128333450945
0.022133428272787425
0.03156585013609076
0.036126361092350075
0.02143686232225471
0.03137839883127523
0.019076484625994327
0.02850765043937724
0.01634913048979371
0.014577443627012122
0.015249972865769377
0.013994328584082576
0.012654679837933653
0.011239413419892291
0.00975736646650704
0.008217771418264979
0.006630198648213192
0.005004497114997801
0.0033507334073858515
0.0016791295566414889
2.3559490817779072E-15
0.001676311916873563
0.0033394975084944014
0.00497934599941896
0.006585807068176582
0.008149052303013314
0.009659535194483844
0.011108049299681155
0.01248578422425917
0.013784379082913738
0.014995973114480062
0.022218695514167327
0.016022895363972084
0.009779303713659147
0.03370097508850097
0.018811390267159722
0.021048054379058
0.0104557166545002
0.013521408871599219
0.022305585359192085
0.022441882628000412
0.022450074553935613
0.014028037526945094
0.010736284110362662
0.02152840399185884
0.018361507488244236
0.034438743389150324
0.01084080557118369
0.014386697364315835
0.021944551648280432
0.01476258184475297
0.013548571158449997
0.012252950983888473
0.010883816402486268
0.009449702303204792
0.007959530298465568
0.006422553345602488
0.004848298416957463
0.003246507573130235
0.0016270778027862793
3.3801052399014796E-15
0.0016247025454923048
0.0032370357671738497
0.004827096171892841
0.006385131545148518
0.007901600640548664
0.009367231488451658
0.010773077968520478
0.01211057430154093
0.013371587129269011
0.014548464866397014
0.012351137458322056
0.021125232719075057
0.021790231659871002
0.01929049407960366
0.03309477158614291
0.016683793326458786
0.026025708319421487
0.02245084703183856
0.015215182152658989
0.015171621504036488
0.015003800921744056
0.021805457181176966
0.024588190113824182
0.016045569370717883
0.03216700983737858
0.01950917618265972
0.020029463114250377
0.022125012193001982
0.011861894684510408
0.014352440193511808
0.01317353335992389
0.011915019650555624
0.010584747402744664
0.009190996056049618
0.007742424727149169
0.006248018519873289
0.00471703290242048
0.0031589364957602933
0.0015833526258723324
6.126636349956295E-15
0.0015813671279559121
0.003151018935384278
0.0046993097840577385
0.006216737382103898
0.00769400099268926
0.009122058333467662
0.010492180819400296
0.011796006812008755
0.013025592550941795
0.014173460457972242
0.020844004853126773
0.008996046716133306
0.017409044867587133
0.03375543069882151
0.010525415093238361
0.02506896096426081
0.023574756330037045
0.02238823011785736
0.02738469601976284
0.02745214744971132
0.027396175663318877
0.02253904414207447
0.024749360120118875
0.025196725615259683
0.009763232110486755
0.032856832547648464
0.018872596202506798
0.008023837993439005
0.020481322714046794
0.014010597974019762
0.012861044675938595
0.011633535736637468
0.010335712165393458
0.008975639047641735
0.0075617555188952235
0.006102822496016491
0.004607868489184066
0.0030861338289849315
0.0015470136525678397
5.763496897604475E-15
0.001545376622716386
0.0030796058552974457
0.004593255909149718
0.006077031449697502
0.007521830580312961
0.008918800579126118
0.010259392048030992
0.01153541114321986
0.012739069568691868
0.013863032028235108
0.010808510685647452
0.024791210912708205
0.011995720305425778
0.02083523866935439
0.026150896019175196
0.012118010897800027
0.010195123005674569
0.01760967860483593
0.018333587452241618
0.018563600110569154
0.018695463449542912
0.018051228105651563
0.009674043500366096
0.012297509500967231
0.02605486476642482
0.021160843288047574
0.010593351483721857
0.025064452147981208
0.010695395339239362
0.013730038049231879
0.012604699581221982
0.011402737382908262
0.010131620185262426
0.008799235330315831
0.007413839913161078
0.0059840096968935535
0.004518586115971097
0.003026621694950553
0.0015173242190170667
2.009174635106764E-15
0.0015160034130019984
0.0030213547264774186
0.004506796245607102
0.005963200715943817
0.007381627315085724
0.008753376451608001
0.01007004303563355
0.011323567895694428
0.012506287027608663
0.0136109783749985
0.019098308385681613
0.005966763167152526
0.024298331205954586
0.025503150091651213
0.015461511402333983
0.02375359448761468
0.03120404865648629
0.017826859787291694
0.020548848637754746
0.020415692923563503
0.02018985142485108
0.01720273905860018
0.03097653235625167
0.02326892371176453
0.016307445898199283
0.024109513185196225
0.02494392875682317
0.0059296716165836115
0.01866180809424967
0.013505294387050813
0.012399509771525123
0.01121813874338931
0.00996850937849494
0.008658364370338463
0.007295813132384032
0.00588928168209537
0.004447460615535826
0.0029792514937067812
0.0014937119704660977
2.298434336342368E-15
0.001492682533098432
0.0029751464147046553
0.0044382715853801165
0.005873063161206246
0.007270706647694905
0.008622622008380765
0.009920516256842453
0.011156434250419619
0.012322807374819403
0.01341249982226415
0.01093384143016779
0.024446557998664
0.006774737157665187
0.023275162171933594
0.027099464756529863
0.016469301986367094
0.0102370461873072
0.02990317164300489
0.032330881804377445
0.03251124558049569
0.03257822242524669
0.030422935564035625
0.010700341892027313
0.01687745675160264
0.026878303636906648
0.023515346565980658
0.006657043454976995
0.02387928006152272
0.011162085655284745
0.013332175107202264
0.012241651830625611
0.011076303439822249
0.009843346313628433
0.008550408863447722
0.00720548440609448
0.005816881820237584
0.004393174290417195
0.002943146454452502
0.0014757402795352447
5.684138342240657E-15
0.0014749835446443483
0.0029401288293605357
0.00438641947750734
0.005804959666132319
0.0071870287627662805
0.008524134858662375
0.009808066870153101
0.011030944889168495
0.012185268474427448
0.013263962587798805
0.017062591514910658
0.0075842730830934495
0.02486228903225114
0.01801263989378025
0.015503264873770229
0.01740098279110898
0.02322695109037988
0.0035222781918017878
0.00190742895371212
0.0018285436626422136
0.0016774259493091083
0.0037753650069176393
0.022535670281615367
0.016970423460786713
0.014857127426738819
0.017427264256716216
0.024185990668410897
0.00839629713646416
0.01657690246295671
0.013207562550509656
0.012128285123692524
0.010974681112934245
0.009753882124999134
0.008473430582414728
0.00714123319107024
0.005765512186422813
0.0043547546584581836
0.002917660267524946
0.0014630876723648709
1.2117648835610324E-14
0.0014625903074105585
0.002915676929888306
0.004350315050563121
0.005757676340102629
0.007129103207222558
0.008456161982295972
0.009730694707840205
0.010944869218242018
0.012091227201871682
0.013162729950773446
0.01234025839094102
0.02025850787282822
0.009324787993373971
0.022667925677141466
0.022296172215766182
0.019763406546276948
0.0167969261592468
0.03366701554565079
0.034870362962673734
0.034854200787010174
0.03472599277879108
0.03344700151330805
0.017091770108826444
0.019995937449174685
0.02149100907630575
0.022112951173081496
0.010465782892757831
0.019095375403081132
0.01276472735494321
0.013129271780947928
0.012057423013999846
0.010911491925407163
0.00969855077960041
0.008426082790693724
0.0071019360191548735
0.0057342750353469325
0.0043315306473138086
0.002902348001854046
0.0014555333780336848
3.881718427532238E-15
0.001455286797779764
0.0029013647161429163
0.004329329608798848
0.005730390233530571
0.007095922300624281
0.008417521487009812
0.009687055090154826
0.010896712005370436
0.012039050719141898
0.013107045024553964
0.014872353116843016
0.012752351892086742
0.018665291402881364
0.01758461444459315
0.015170733745672507
0.018748696355462974
0.01809045372024632
0.021458491206958037
0.021373635334350022
0.021650551928468143
0.02185898404447288
0.02234527762433516
0.018042131561136467
0.019186547676325577
0.0159140750655519
0.01814581253533199
0.017187943023420804
0.014016074766838698
0.014379508193107684
0.01309595515591238
0.012027846164576094
0.010885648950797596
0.00967640084369355
0.008407551610464036
0.007086917623861744
0.005722633777815909
0.004323103446455102
0.002896946794167015
0.001452947753966007
