1.0
0.9989725854527292
0.9958941397184476
0.9907760398146913
0.9836371918337701
0.9745039478168528
0.9634099899352758
0.9503961825331843
0.9355103927392281
0.9188072805050702
0.9003480590739823
0.8433647495952576
0.8033051000755226
0.7711211797847033
0.7833433021052252
0.7576642095340307
0.7304446775000165
0.702065824333669
0.6266942408604463
0.523618157387374
0.474258713978105
0.46085481027192193
0.5007077939812637
0.5133656116105331
0.479881692296296
0.44612210947920933
0.4112286348256542
0.34101156671875166
0.3148808992847115
0.2983986367565766
0.300200686275096
0.26683328132118816
0.23395677675898383
0.20167312991975325
0.17008068053331
0.13927376632762764
0.10934235931995524
0.08037172439209751
0.05244210162743674
0.025628413765297075
0.0
0.024379622781928036
0.047452970371682564
0.06916877240348837
0.08948212364992644
0.10835460493099787
0.1257543732716557
0.14165622109465523
0.15604160438810832
0.16889863993921206
0.18022207187652928
0.22353806515425687
0.24768472327368707
0.2599795505888487
0.2291539364912783
0.2292818063676189
0.23121266436931087
0.2317517914415679
0.27370835460708526
0.3385631650837628
0.35437769050854506
0.32998842094696396
0.2575281226551953
0.2085375053365842
0.20082097282904787
0.1921897638017951
0.18719322787957285
0.21225947905877232
0.1973911469102321
0.17153530576484913
0.12883908052317372
0.11667245240793662
0.10413347464621686
0.09130375337943841
0.07826434592780025
0.06509537670314838
0.05187566279556217
0.03868235100081275
0.025590567982650327
0.012673085182488828
1.0623732218321013E-16
0.01236156532820524
0.02434774582752827
0.03589819564672854
0.046956328580890196
0.05746953627456717
0.06738938324713135
0.07667177800935292
0.08527711967004857
0.09317041956355271
0.10032139756208665
0.08568062658361915
0.08552384535277298
0.09586966406454554
0.12227823094777436
0.13291640653047732
0.13566026981287158
0.13759798592484868
0.10368065538233599
0.0823088118595091
0.08943000985432234
0.08204497979427937
0.1012368607459264
0.13294919174304295
0.12966541162040057
0.12574722197158822
0.11397669536413359
0.09047605172146511
0.07793469993103844
0.07459076270976413
0.08219714680739877
0.07482035430154842
0.06711710121238205
0.059138962311212157
0.05093822132600415
0.042567565380628745
0.034079781627452434
0.025527457685862696
0.016962687462071302
0.008436783880032293
9.895257593818035E-16
0.008298740059596433
0.01641209904919188
0.024294572090918894
0.03190271856496291
0.03919537927375671
0.04613387787015476
0.05268220563223889
0.05880718876800716
0.0644786375373904
0.06966947658610913
0.0935428702999501
0.10469809409176778
0.10305641064198179
0.07427871428712668
0.06738457227973507
0.0689248323659384
0.06991609523832133
0.098469793400717
0.13954833771064024
0.1572140602831539
0.13635379792023652
0.09387968058845039
0.06444142108848111
0.061721385446372075
0.058532405902165706
0.06307446827301905
0.08894843665610129
0.09092397914483057
0.08071855326134302
0.06049987700365169
0.05520449656085725
0.04963964052493807
0.0438423733635554
0.037850671909973495
0.03170319158088295
0.02543903139089994
0.019097499119956576
0.012717877975441445
0.006339196069147407
2.1769965880990248E-16
0.006261866202463263
0.012409475561785292
0.018407024902624924
0.024220032755730123
0.02981552737365658
0.035162223877610456
0.040230689627296576
0.04499349698178013
0.04942536269936659
0.05350327330829054
0.06312395396848526
0.06884327039064622
0.07894734926646318
0.0901858636164023
0.09312072395147482
0.09464095059955918
0.09571031415148452
0.07796288589297591
0.06506935428723001
0.0761924032624596
0.06447998005497368
0.07702200738284071
0.09274277181615526
0.0907546565793256
0.08837541835757155
0.08663049687588557
0.07594425329424379
0.06717693366099353
0.06214856216728741
0.04799358665120114
0.043855240091816496
0.039489974235266
0.034926611005348905
0.030194876749064785
0.025325216019944887
0.020348602879241333
0.015296350844883873
0.01019992261616034
0.005090740693766403
2.5607733897162357E-16
0.005041516417229208
0.01000361754009145
0.014856879372912909
0.019572813786122897
0.024124030271785533
0.02848438971977348
0.03262914937775096
0.03653509821676831
0.04018068198682812
0.04354611731320077
0.047820339680451636
0.0499908126661718
0.04300158813391303
0.031275905424209716
0.0453233542441993
0.04702972190516175
0.048411923352009535
0.05829895858302821
0.06464529000310885
0.06038340675537409
0.06435753522590766
0.058445497588199294
0.04977867327398628
0.04890039698135108
0.047738549218209386
0.031769409074674654
0.03783285476919192
0.042662035972500005
0.04036487450776328
0.03988390194163761
0.03647909300014334
0.03287863137832987
0.02910609616760741
0.02518591587948882
0.021143214447610942
0.017003654284083916
0.01279327734706936
0.008538345181072103
0.004265178890456385
6.306115852320172E-16
0.004231226855955256
0.008402948491872671
0.012490174076165891
0.016468621510455743
0.020314858443545438
0.024006437118553044
0.027522022293952172
0.03084151152597151
0.03394614715006066
0.03681861935330067
0.05831876580730389
0.05667377008625326
0.056032178987321504
0.06230483785476812
0.05017765379009712
0.050836671506948206
0.0512229205727006
0.055730198244981224
0.04251918966866922
0.047693767597418495
0.041963718682801444
0.054425075474524486
0.04771945205763598
0.04620657331999944
0.04445689124886348
0.05733232353693491
0.05102424909191476
0.05312043478330745
0.05665675688493472
0.03421776046338103
0.031317650500897534
0.028245407809627192
0.025021011314592813
0.02166522776058896
0.01819948054447562
0.014645715469340351
0.011026264246840556
0.007363706582085255
0.003680731678742318
9.930877762946532E-16
0.0036559938856960787
0.007265056556971751
0.010805428289310831
0.014255912122851702
0.01759599869453556
0.020805986110943517
0.02386709417238849
0.02676157229694688
0.02947280053486653
0.03198538310894013
0.02028987167171471
0.026876852905619055
0.03471000835720222
0.04501778256785109
0.059042182441821196
0.060233387078813996
0.06116354060013873
0.05732380283875046
0.07381552509552648
0.06661514032722647
0.07396860971829156
0.056553549312691485
0.06111445099897964
0.0601820355354839
0.05899994326049847
0.04688764917095477
0.03622203124227966
0.026486961161826306
0.016333245274276927
0.03005031665505856
0.027517322639367948
0.024830357014184786
0.022006789021949524
0.019064718399568234
0.01602286105365878
0.012900431665655188
0.009717023953107062
0.00649248932349496
0.003246814662534434
3.037405731328436E-17
0.003228063207314883
0.006417712443588088
0.009549632433255333
0.012604970668224004
0.015565449480291402
0.01841347400050477
0.021132235375584084
0.02370580864346438
0.02611924470555072
0.028358655871711567
0.04879112864537187
0.03696497838611377
0.029191847132387868
0.02855304972725444
0.016938577207292516
0.018000030546364988
0.018837945432094473
0.036384968455965436
0.017350943395929273
0.025216114819306187
0.016667574527924615
0.03635383023624746
0.019126695877882353
0.018418370598567487
0.01751696822105124
0.024004058299721867
0.026053208896041603
0.03288852079127817
0.04599221974362917
0.026868828375115807
0.024613779935092863
0.02221910702400442
0.01970021036208725
0.01707317065595448
0.014354647114388136
0.01156177296143047
0.00871204859494081
0.0058232330499901576
0.0029132344336063975
6.166373670717435E-16
0.0028985934653015487
0.00576484828929635
0.008581352929307347
0.011331086723561444
0.013997521750360193
0.016564721191940805
0.019017433623295395
0.0213411826735728
0.0235223515383223
0.025548261854457195
0.012559999425834158
0.030958237947884323
0.03981453047110463
0.04922781089192799
0.04708712179037401
0.04772839669065628
0.04816083011023729
0.030237956346931744
0.06522236802626524
0.06811238076697596
0.0647051325645219
0.028571134500820557
0.04632467730505708
0.045304363393699275
0.044096194550111226
0.04820893451603806
0.03928511002853807
0.03209128674595421
0.01380323538872422
0.02437107680436039
0.02233285365668027
0.02016655638883498
0.01788605536620657
0.015505857279755165
0.013041013712296804
0.010507026791995472
0.007919752519505328
0.005295302366409606
0.002649943750818233
1.456506114333211E-15
0.002638249589548605
0.0052486689873556605
0.007815363359244307
0.010322775102728646
0.012755777411735046
0.015099764812141486
0.017340740130545537
0.01946539738242496
0.02146120009284305
0.023316454592682192
0.03547796786030039
0.020340941230820895
0.024424799423431485
0.015109623531678081
0.03395122882830944
0.034922926466941236
0.03572494002550692
0.050493566368161845
0.012963169906711503
0.009748460287416258
0.013470855119846532
0.05133518988660794
0.03674381285418341
0.036280565293753765
0.035645912255274116
0.017102704655463943
0.02587020228009107
0.01899340632489927
0.03241554440147945
0.022367460989531615
0.020502305557441355
0.018518518518518583
0.016428752422941992
0.01424625864490501
0.011984803983149593
0.009658584444419258
0.007282136745881108
0.004870248084482161
0.0024378647295412695
1.9105564622999873E-15
0.002428357810789207
0.004832337001506084
0.007197272964719531
0.00950879707671156
0.01175292343993832
0.013916132957619521
0.015985454238322917
0.017948540849476505
0.019793744462759496
0.02151018346102625
0.018609594177757594
0.0330331668145393
0.031134874425158398
0.03646927648518389
0.021033821342906642
0.021472477111511894
0.021764646179206527
0.014677740093830067
0.04268238597181653
0.03745782128743569
0.04218449926700764
0.015402751086475996
0.020185309859946533
0.019363428307393304
0.018391558910235535
0.03371808019795305
0.02859071747063923
0.0322730092138484
0.019511780345493612
0.020733088768746518
0.01900855764427299
0.017173209640045123
0.015238710305112028
0.0132172918497142
0.011121676278228097
0.008964995797926973
0.006760710998607807
0.0045225273098679075
0.0022643102517704624
1.1123204826246925E-15
0.0022564742107772824
0.004491279322586108
0.006690762809973404
0.008841535644206732
0.0109305533643649
0.012945194766961954
0.014873337741865772
0.016703431801370117
0.018424566870802
0.020026537933308112
0.0234295980034872
0.021170961305612385
0.030865840286949487
0.02819556834805761
0.037607430877644586
0.03828159144922214
0.038786460316308675
0.05532273735347905
0.026825637976519656
0.03437262549983471
0.02699028834925837
0.05481565873620708
0.03817370620838407
0.03747287670480163
0.036609757836274265
0.029281874015604083
0.030958449570283354
0.022527752585476558
0.021664902681217024
0.019382415367131457
0.01777374660517252
0.016060791128661475
0.014254402945587826
0.012365975136842221
0.010407368373057654
0.00839083679372261
0.006328951709567552
0.004234523600870441
0.0021205228934428467
1.0321409603639016E-15
0.0021139948823764364
0.0042084917280643406
0.006270679904201784
0.008287986175757349
0.010248151021481985
0.01213930279950787
0.01395002931600131
0.015669446367281563
0.0172872628457334
0.018793842021815423
0.020137675886525704
0.025958303553296255
0.017705509248753578
0.018948064977249594
0.01807981359065519
0.018903570678793755
0.01958094754992633
0.028916285169433467
0.029302213048510252
0.01851851851852169
0.02911519839118578
0.029351252570783484
0.020456039014484048
0.02007843993266031
0.019561308358577393
0.017204482963892962
0.016646402411230648
0.023826861468280145
0.0196172553292543
0.01825495116810025
0.01674277486949137
0.01513180846432419
0.013432231125052025
0.011654737426116451
0.00981047034624453
0.007910951711348953
0.005968010510534402
0.003993709529247269
0.002000270752830986
6.955032305830237E-16
0.0019947887508715316
0.003971848879048745
0.005919076020937001
0.00782458189546343
0.009676766606717397
0.011464388985836243
0.013176634547166749
0.014803180649466292
0.016334258471108754
0.017760711428657473
0.01979433445169181
0.026271935187530165
0.026331864599403617
0.02953019800075157
0.025055546529577685
0.02552616849383697
0.025857252678834177
0.03542542832017345
0.030910381044987553
0.04184885725355675
0.031007405860632352
0.0341330219374391
0.024811909213121087
0.02413818995700215
0.023329902992478974
0.028700764608194027
0.024511205086175634
0.026470232623246517
0.020307286768754835
0.01730678585520667
0.015875622498042478
0.014350319253918642
0.012740489276206891
0.011056240820027114
0.00930811401278941
0.007507015135159028
0.005664148820687656
0.0037909485941293735
0.0018990061775879907
1.2218079642621652E-15
0.0018943766504750292
0.003772487390706337
0.005622823984445265
0.00743407662706575
0.009195202845305665
0.010895494593689761
0.01252464314122968
0.014072801356562676
0.015530643016466896
0.016889418781760247
0.015847371717451278
0.015687751975093908
0.019792241311595585
0.01642323892751079
0.025398271591535394
0.026039552500872944
0.026541088445797556
0.03292598890763682
0.022271031317653338
0.029319234477912837
0.022042768920179222
0.0329224293057587
0.026510167623812843
0.026000859142097356
0.025353782622235504
0.01720642216126564
0.021137107850854382
0.01441385165655327
0.0143226950198899
0.01650534428602305
0.015142585844552869
0.013689633232425419
0.012155621864996354
0.010550164881389643
0.008883293100555691
0.007165392548762196
0.00540713994644772
0.003619436553898854
0.0018133407843670232
1.6428824518500752E-15
0.001809418090034003
0.003603794008247038
0.005372124644470747
0.007103590532064752
0.008787621854599154
0.010413962781399904
0.011972733741575006
0.013454491259358142
0.014850284989616764
0.01615171160994124
0.023335852798243798
0.023990666405441452
0.01568548310068528
0.022083098829063074
0.017875872472296172
0.018508700505172566
0.019009211744486255
0.014745239554736158
0.0339621496525115
0.026525781354784027
0.033958742395864716
0.014257749027403418
0.01914310093171965
0.018690309252408378
0.018107766700719827
0.02104261526523364
0.01461485815387016
0.022663413030877124
0.024156088503964578
0.015826024000832786
0.014521222122825026
0.013129576318166804
0.011659817132508
0.010121138014666192
0.008523137976576124
0.006875761877443644
0.005189238702474446
0.0034740182182253112
0.001740706395815045
4.181637552321493E-15
0.0017373792535247832
0.0034607505683603187
0.005159539561485098
0.006823342980653571
0.008441992249955767
0.010005615456474994
0.011504697401000076
0.012930137348573123
0.01427330412917539
0.015526088255911353
0.008765432872380975
0.015172215026419637
0.024723684518003497
0.019663687001613236
0.02120138453609761
0.02172341238826837
0.02211728643118825
0.03094975472249634
0.01194822039447495
0.024404794134201227
0.011837297546633235
0.03082401130819443
0.021708144371440998
0.02118158255888337
0.020529986593811594
0.01948858310043223
0.024617366030701922
0.01635574185829893
0.007521967663312011
0.015249972865779062
0.013994328584077766
0.012654679837934456
0.011239413419888922
0.009757366466509168
0.008217771418267357
0.006630198648211995
0.005004497115003139
0.003350733407386072
0.0016791295566445407
1.9550965489442923E-15
0.001676311916871415
0.003339497508488242
0.004979345999420132
0.0065858070681833
0.008149052303013946
0.009659535194490093
0.01110804929968061
0.012485784224260527
0.013784379082911385
0.014995973114481661
0.025581420727069416
0.0160293748073821
0.016925806860295937
0.019279688827962747
0.01969010739656457
0.020246700038313074
0.020677168241044833
0.01142287572861866
0.028182700111694745
0.024787112240945746
0.027900754413339644
0.011287171533678787
0.02052972129268179
0.020053302948546927
0.019453489711011792
0.019628132978158623
0.01822323031418275
0.014474763316897414
0.02548931664612513
0.01476258184475137
0.013548571158449168
0.012252950983886351
0.010883816402488103
0.009449702303208149
0.007959530298471311
0.006422553345595822
0.00484829841695814
0.003246507573136752
0.0016270778027894014
2.5177586664505176E-15
0.0016247025454930817
0.0032370357671772567
0.004827096171889289
0.006385131545150962
0.00790160064054852
0.009367231488449163
0.010773077968522636
0.01211057430154785
0.013371587129264381
0.014548464866404289
0.007878222292036413
0.02076352832211023
0.02015110615958835
0.01593221273713344
0.02025637358855761
0.02085933789546748
0.021342945637242126
0.030982192839329795
0.022910762605694048
0.011941363068297413
0.02334016473533979
0.03111483564106545
0.021650947909991457
0.02127191644867096
0.020775128499711273
0.01524292150682455
0.018615640310013393
0.0213908499798845
0.009139920740710175
0.014352440193510408
0.013173533359921202
0.011915019650558656
0.010584747402741849
0.009190996056045689
0.0077424247271552895
0.006248018519868714
0.004717032902421106
0.0031589364957619304
0.0015833526258678828
6.608908421368425E-16
0.0015813671279538124
0.0031510189353819687
0.004699309784058657
0.0062167373821047835
0.007694000992691869
0.00912205833346673
0.010492180819397864
0.011796006812017926
0.013025592550942603
0.014173460457963551
0.02337151297176163
0.012334965252384877
0.022406805570714734
0.021467279550194684
0.014664311759207764
0.01513229972346377
0.015484550077013916
0.007813518748679483
0.014775482827144436
0.03867362436448985
0.014434735718421823
0.00778627883280892
0.015081251397385904
0.014596390034115909
0.013997281018058442
0.021392425245800106
0.022550759915085452
0.01305904959632356
0.022289211249698647
0.014010597974021887
0.01286104467594027
0.011633535736640038
0.010335712165389387
0.0089756390476442
0.007561755518895681
0.006102822496013186
0.004607868489188911
0.0030861338289891117
0.0015470136525572622
2.5285167102946385E-15
0.0015453766227228264
0.0030796058553002265
0.004593255909148645
0.0060770314496951874
0.007521830580311372
0.008918800579124853
0.01025939204803313
0.011535411143213827
0.012739069568686633
0.013863032028234528
0.013964442728276034
0.021128445984073135
0.01262828847832204
0.015720132175326546
0.023065452622528206
0.023578984825383266
0.02397590184379676
0.031180012372134608
0.03309448793663972
8.677151111718046E-4
0.033097394175056735
0.030899620602755116
0.02383252517963374
0.023391253090189034
0.022836392177453802
0.01667515919444929
0.012443139988730942
0.020382526990745053
0.015154196568198228
0.01373003804923876
0.012604699581223677
0.011402737382910645
0.010131620185263639
0.008799235330313949
0.007413839913161336
0.005984009696894776
0.004518586115967153
0.003026621694955942
0.0015173242190181743
8.638583223142861E-16
0.0015160034130013076
0.003021354726472967
0.004506796245606815
0.005963200715936596
0.007381627315094655
0.008753376451607304
0.010070043035634503
0.011323567895696395
0.012506287027603057
0.013610978374998419
0.017527707299217463
0.017700622991652964
0.019389504034599648
0.01730768090764437
0.016638688830996014
0.0172436655530574
0.017745704593355605
0.013749031885756827
0.007882247438224884
0.03245655939105401
0.008058265947894027
0.014277861512302011
0.018486400534750754
0.018232858470731476
0.01787765835488001
0.015993056950690768
0.018084029231512734
0.018723302671574012
0.016031442025566566
0.013505294387050329
0.012399509771531904
0.01121813874339632
0.00996850937850111
0.008658364370331077
0.007295813132388524
0.005889281682096321
0.004447460615537869
0.002979251493706452
0.0014937119704670676
1.2078051177355283E-15
0.0014926825330994224
0.0029751464147058635
0.004438271585385427
0.0058730631612043584
0.007270706647692314
0.008622622008376917
0.009920516256843375
0.0111564342504192
0.012322807374820277
0.013412499822261004
0.01777174161800701
0.015529549645427949
0.016857848548075594
0.022984853544575277
0.01613658162176047
0.016452360721534175
0.01666831814711115
0.019004806778414103
0.02416629340140936
0.014965946920624465
0.02380286304064167
0.018188964536630187
0.0157539920998782
0.015235945213517009
0.014620677705833812
0.023816830169793454
0.018076299095734945
0.014149363985787112
0.018041738692390192
0.013332175107207953
0.012241651830623854
0.01107630343981806
0.009843346313627769
0.00855040886344377
0.007205484406096305
0.005816881820237783
0.004393174290420515
0.0029431464544562914
0.0014757402795378249
5.963868572846224E-15
0.0014749835446412041
0.0029401288293678346
0.004386419477508117
0.0058049596661284624
0.007187028762768071
0.008524134858663176
0.009808066870150045
0.01103094488917273
0.01218526847442779
0.013263962587796186
0.011925251261128702
0.020563230266115416
0.012301464329144387
0.008442866633868031
0.025228918824577777
0.02578853022135883
0.026237780680822425
0.024624743579564835
0.020605004434521346
0.015912713598674983
0.020925997346363516
0.02507940606007428
0.026513756020580124
0.026155156932638982
0.02568496284663074
0.008123671819212626
0.01193834681195231
0.020367531373197346
0.011406870190501628
0.013207562550509196
0.012128285123692245
0.01097468111293552
0.009753882125008361
0.008473430582405446
0.007141233191073326
0.005765512186413842
0.004354754658461006
0.002917660267528786
0.001463087672360866
4.0685916514485835E-15
0.0014625903074046464
0.002915676929882638
0.004350315050563553
0.005757676340101326
0.007129103207223106
0.008456161982302843
0.009730694707842774
0.010944869218244578
0.012091227201863189
0.013162729950771298
0.017272697042540915
0.011128844626878754
0.021173259971901406
0.024732239450148887
0.009269370975606482
0.00984397771649719
0.010318063235985433
0.015785722598919794
0.01903240662124359
0.026923458934176227
0.01924757747250702
0.016486231921744494
0.010995958050139986
0.01076026013325726
0.010435760749784152
0.024141906308027223
0.021069740645952337
0.011505313986907533
0.016611747741248475
0.013129271780952858
0.012057423013999381
0.010911491925411144
0.009698550779606819
0.008426082790696496
0.00710193601915129
0.005734275035347525
0.004331530647310502
0.002902348001856313
0.0014555333780346066
3.0363984789296495E-15
0.001455286797782565
0.002901364716145972
0.004329329608807559
0.005730390233527666
0.007095922300629354
0.0084175214870021
0.009687055090156108
0.010896712005369473
0.01203905071914991
0.01310704502455392
0.012593562592462066
0.017178075279310277
0.015897471776668465
0.015314995209389372
0.02283664012401451
0.023191211410904106
0.023441725252885064
0.02789627235567044
0.027172277252655988
0.023819345825740322
0.02712636975342269
0.027652617759813734
0.022691036380761812
0.02219696270055001
0.021604901706376977
0.017030736027093926
0.01718746124946171
0.015947100095870994
0.013494018713317589
0.01309595515590762
0.012027846164575999
0.010885648950795955
0.009676400843695424
0.008407551610463125
0.007086917623865729
0.005722633777819041
0.00432310344645467
0.002896946794165766
0.0014529477539644811
