1.0
0.9989725854527278
0.9958941397184439
0.9907760398146885
0.9836371918337662
0.9745039478168488
0.9634099899352748
0.9503961825331807
0.935510392739227
0.9188072805050685
0.9003480590739796
0.8802002270235766
0.8306751466854869
0.7798617639159018
0.7192003114539899
0.6663402949893487
0.6493629090523836
0.6389275166498535
0.5834217830820757
0.5280060702800751
0.4794331245863198
0.4663285114614885
0.4591078939809805
0.45172765517983204
0.4019641729561758
0.3574657247049932
0.34892447147187927
0.3478450041931719
0.34029318194754055
0.33395382007963575
0.3002006862750948
0.26683328132118667
0.23395677675898263
0.20167312991975303
0.17008068053330988
0.1392737663276267
0.10934235931995452
0.08037172439209725
0.05244210162743644
0.025628413765296818
6.457683540955373E-17
0.024379622781927627
0.04745297037168272
0.06916877240348786
0.08948212364992646
0.10835460493099766
0.12575437327165556
0.1416562210946548
0.15604160438810763
0.1688986399392118
0.180222071876529
0.19001320791218032
0.22577695920223492
0.2564423566347252
0.28716523914056535
0.31261644568868
0.29966851517753645
0.28591408612091324
0.30550579356118057
0.320263123429672
0.33595432477740267
0.3108081381757737
0.28787009327999885
0.26099996365851474
0.26589463392932955
0.27263764592220563
0.24238368046235634
0.21143183653253683
0.17903164085716405
0.14055159595840233
0.1288390805231737
0.11667245240793597
0.10413347464621685
0.09130375337943844
0.07826434592780002
0.06509537670314816
0.051875662795561994
0.03868235100081242
0.025590567982650178
0.01267308518248855
1.3162825430212557E-16
0.012361565328204715
0.02434774582752741
0.03589819564672813
0.04695632858088912
0.05746953627456605
0.06738938324713026
0.0766717780093522
0.08527711967004756
0.09317041956355167
0.10032139756208588
0.10670455287113872
0.08549961386430127
0.07525243084458987
0.08998080795759784
0.09879119197049191
0.11941758533636596
0.1118899773878699
0.12819157832897327
0.1410001436508433
0.15295630946687175
0.14048329695203382
0.12707839387862907
0.10830321313988465
0.11659307408091671
0.09657783207802487
0.08592588614700443
0.06370251057361942
0.06935734983347173
0.0891969190277797
0.08219714680739924
0.07482035430154833
0.06711710121238153
0.05913896231121262
0.05093822132600368
0.04256756538062863
0.03407978162745344
0.025527457685862173
0.016962687462071212
0.008436783880031742
9.332421780557138E-16
0.0082987400595962
0.01641209904919228
0.02429457209091836
0.03190271856496294
0.039195379273757026
0.04613387787015463
0.05268220563223851
0.05880718876800581
0.06447863753739008
0.0696694765861088
0.0743558559953373
0.10458264792627506
0.11718405416828907
0.1104160172633118
0.12425334101324158
0.10693821891934648
0.11047525207465118
0.10676919478538355
0.09894223243852338
0.10962569705568488
0.09594920595487587
0.10160378988835471
0.10532913358070639
0.09795599816841652
0.11186699808529989
0.09612160166034928
0.1063072458694718
0.09578803036459962
0.06548986096701273
0.06049987700365072
0.05520449656085741
0.049639640524937134
0.04384237336355497
0.03785067190997326
0.03170319158088248
0.02543903139089984
0.0190974991199562
0.012717877975441614
0.006339196069147227
6.665457578479042E-16
0.006261866202464613
0.012409475561783883
0.01840702490262327
0.024220032755729332
0.02981552737365579
0.03516222387761037
0.040230689627297894
0.04499349698178033
0.04942536269936628
0.05350327330829062
0.05720659586665488
0.036355929215970445
0.03968603181457508
0.06816493226073642
0.06900806419341707
0.07740530651036291
0.06216573553313197
0.08769866387132175
0.08383814862470279
0.11313058006865133
0.08175238446814867
0.0849569649081269
0.05864628841498916
0.07217238686132164
0.06332597095963885
0.06419699806962488
0.036970675399894536
0.03205789646369326
0.05187727902217785
0.047993586651200806
0.043855240091815906
0.0394899742352652
0.03492661100534838
0.03019487674906425
0.025325216019943742
0.020348602879240913
0.015296350844884461
0.010199922616160354
0.005090740693765934
1.0763525006297133E-15
0.005041516417228295
0.010003617540091688
0.01485687937291331
0.019572813786122894
0.0241240302717869
0.028484389719773722
0.03262914937775082
0.03653509821676658
0.04018068198682587
0.04354611731320062
0.04661349425376635
0.07296009106040108
0.07210157187677724
0.053627583951521667
0.07238685861719754
0.07116322580822661
0.08727457809978252
0.06393326762641266
0.07586592849165846
0.044331298843852375
0.07662205128875368
0.06390672584863782
0.08708958727443872
0.07120103634085655
0.0720810083433958
0.052875953206571194
0.0676430002613153
0.06900825992500162
0.04307047863746608
0.03988390194163722
0.03647909300014325
0.03287863137833133
0.02910609616760772
0.025185915879491205
0.02114321444761149
0.0170036542840826
0.012793277347069228
0.008538345181072502
0.004265178890456333
4.39954928502758E-16
0.004231226855953744
0.008402948491872876
0.012490174076164736
0.016468621510454657
0.020314858443544925
0.02400643711855098
0.027522022293950222
0.030841511525969166
0.03394614715005894
0.036818619353296694
0.03944315978678704
0.021924896608221438
0.02650284987685832
0.03910176873992161
0.029744804242407965
0.05309781364191672
0.05788357508806067
0.054026725874048165
0.03548975718591769
0.037767999493560356
0.036353528134458524
0.054224484883940445
0.06060641704241689
0.05504059143392731
0.0283231963087991
0.034719950808260375
0.024557194404193648
0.020531735385196516
0.03692667386834065
0.03421776046338079
0.03131765050089729
0.0282454078096276
0.025021011314591078
0.021665227760589066
0.018199480544475274
0.014645715469341935
0.011026264246840127
0.0073637065820832135
0.0036807316787398365
5.669499438953E-16
0.003655993885695871
0.007265056556972952
0.010805428289308534
0.014255912122851386
0.017595998694536086
0.020805986110943843
0.023867094172388487
0.026761572296945726
0.029472800534868306
0.031985383108941334
0.034285233964677184
0.056636661054401835
0.05526768254340304
0.05782021463547446
0.07157983247517409
0.059711762135082114
0.06930356067481999
0.053632430246234465
0.07923697183487895
0.06928320746164893
0.07849380862031854
0.05224247263162054
0.06642576069383602
0.05659640120795407
0.06999885436651164
0.05761446839532886
0.053684486129767776
0.05412066477397734
0.03241281085604727
0.030050316655059396
0.027517322639369388
0.02483035701418542
0.022006789021949375
0.019064718399568664
0.016022861053659302
0.01290043166565507
0.0097170239531081
0.006492489323495025
0.003246814662535946
7.43156342024753E-16
0.003228063207315638
0.006417712443587571
0.009549632433254093
0.012604970668223229
0.015565449480288686
0.018413474000503166
0.021132235375582967
0.023705808643462382
0.026119244705548342
0.028358655871709115
0.030411294495708056
0.01736694741646159
0.017026055891110628
0.016810474926944548
0.038641743971882254
0.07293703495573775
0.08351555080837039
0.06563136677566189
0.07231633567087245
0.04670928161222542
0.07264970222211838
0.06571748928317214
0.08371091035545712
0.07333498461595267
0.04013981879147998
0.016276947525986143
0.016071738486167025
0.016962929130474813
0.028969629458262328
0.026868828375113403
0.02461377993509539
0.02221910702400038
0.019700210362085885
0.017073170655955868
0.014354647114389026
0.011561772961431014
0.00871204859493753
0.00582323304999012
0.0029132344336064027
1.0163247974851132E-15
0.0028985934653018857
0.005764848289297599
0.008581352929304127
0.011331086723560873
0.013997521750360481
0.01656472119193884
0.019017433623295655
0.02134118267357229
0.023522351538320885
0.02554826185445739
0.027407246486221122
0.045428573125538885
0.04578530962267448
0.04517746784419429
0.047191977351183745
0.018906050818187668
0.02188746171897249
0.018453356275513276
0.029456327812589073
0.04222710717815412
0.027964679515371935
0.016968753020384898
0.01819520988817537
0.014477375620061751
0.04313454816114927
0.041574483202183515
0.04357955113707031
0.04351195866693402
0.026268079742021663
0.02437107680436367
0.02233285365668141
0.020166556388835837
0.01788605536620677
0.015505857279758567
0.013041013712295118
0.010507026791994136
0.007919752519504953
0.005295302366408942
0.0026499437508159
1.6795104164205189E-15
0.0026382495895486274
0.005248668987357532
0.007815363359244315
0.01032277510273025
0.012755777411736129
0.015099764812137996
0.017340740130544235
0.01946539738242472
0.021461200092845654
0.02331645459268311
0.02502037786560788
0.01611597737037036
0.017806905753373275
0.02543402451388162
0.039447659767192216
0.058933368645367704
0.06534007564436281
0.05089497399124419
0.0576608942376856
0.05104873012486013
0.056703495880164226
0.04953442444461376
0.06262791589415546
0.05588716294059244
0.03787901512049092
0.027259063547728155
0.019460361759637907
0.01602545127843637
0.024102011149964884
0.022367460989531924
0.0205023055574427
0.01851851851851831
0.01642875242294184
0.014246258644902587
0.011984803983148974
0.009658584444420804
0.007282136745880857
0.004870248084481874
0.002437864729541404
2.192816855447456E-15
0.0024283578107902356
0.004832337001507385
0.007197272964717086
0.009508797076711295
0.011752923439938188
0.013916132957623872
0.01598545423832215
0.01794854084947657
0.01979374446275984
0.021510183461023916
0.02308780660561713
0.036565663786674404
0.029899216379272862
0.023916040486926953
0.026407323184870133
0.017233353110974868
0.018376900221123798
0.02135456638892275
0.026012178652916145
0.02248206976387605
0.02691408919990192
0.02197335577196533
0.020050546131430407
0.01928258661586187
0.026702046026534063
0.02279385505639397
0.026454666176084725
0.03498106592555436
0.022335777788464954
0.020733088768746362
0.019008557644270507
0.017173209640040793
0.015238710305111647
0.013217291849711106
0.011121676278225886
0.00896499579792634
0.006760710998608101
0.0045225273098685025
0.0022643102517689896
2.833070502365553E-15
0.002256474210776771
0.004491279322588578
0.006690762809975761
0.008841535644205725
0.010930553364368533
0.012945194766961009
0.014873337741865061
0.016703431801370402
0.018424566870800293
0.02002653793330944
0.021499905148105417
0.015924607342569133
0.029373575220140356
0.03108409351824563
0.023159498162523773
0.030078482040195302
0.03070312647253843
0.03151522338863493
0.016553472183761086
0.020975126811066648
0.015968178523461076
0.03142048873981088
0.029178762291777256
0.02842256334157217
0.02145496803476498
0.030431260752943546
0.03140477623516042
0.015947425837292736
0.02087655087877527
0.019382415367128984
0.01777374660517139
0.016060791128662977
0.014254402945589115
0.012365975136842124
0.010407368373055972
0.008390836793721566
0.006328951709567385
0.0042345236008714
0.0021205228934419646
1.3315388096011487E-15
0.0021139948823754333
0.004208491728061414
0.00627067990419917
0.008287986175753685
0.010248151021481145
0.012139302799508712
0.013950029315999759
0.01566944636728243
0.01728726284573382
0.018793842021816047
0.02018025863917825
0.029166608775394506
0.01050374585053518
0.026361714870789754
0.03151760650290433
0.025043734451322002
0.025682039455530166
0.020684615452177788
0.04140130885308683
0.04140866624999084
0.041257411093674624
0.020108944906607293
0.025232166332507182
0.02475596200836654
0.031258744875432766
0.02708744200664028
0.008208276740841467
0.027840329828768384
0.01965873761033283
0.018254951168104414
0.01674277486948936
0.015131808464325784
0.013432231125052171
0.011654737426120066
0.009810470346243945
0.007910951711351095
0.005968010510535154
0.003993709529250994
0.0020002707528314245
1.262127703092758E-15
0.001994788750868125
0.003971848879047227
0.005919076020937369
0.007824581895463558
0.009676766606713062
0.011464388985832089
0.013176634547165798
0.014803180649466348
0.016334258471108355
0.017760711428656237
0.01907404969099869
0.016179948445190606
0.03788541068494174
0.0217565303939536
0.020886363142651736
0.02372396326115179
0.02617041811848832
0.03372600400512648
0.027747113511182073
0.029675365897671606
0.02806989590500584
0.0335282420877426
0.02614966852976791
0.023250402236924525
0.02178982136380588
0.02020508203761212
0.03834849348043695
0.016268644779132143
0.018634751619662333
0.017306785855206966
0.01587562249804265
0.014350319253918758
0.012740489276203982
0.011056240820026526
0.009308114012788865
0.007507015135160923
0.005664148820683869
0.003790948594129768
0.0018990061775886855
1.598836650112704E-15
0.001894376650475023
0.0037724873907027776
0.005622823984443481
0.007434076627063121
0.009195202845305818
0.01089549459369027
0.012524643141227223
0.014072801356568219
0.01553064301646351
0.01688941878176074
0.018141008505867123
0.0230682265682715
0.013196647129155973
0.02498646495760456
0.02175276259039407
0.02504462273769448
0.02188769015625423
0.01796620099973698
0.025885538349819933
0.028260835823674457
0.025490884771516766
0.018581245999350446
0.022244403155480708
0.025644494892304612
0.02014020822308291
0.023561352327530618
0.015363485754086291
0.022018582655328595
0.017769308106982917
0.01650534428602116
0.015142585844553816
0.013689633232422815
0.012155621864996753
0.010550164881391131
0.008883293100553968
0.007165392548759211
0.0054071399464478516
0.003619436553898296
0.001813340784369283
6.3235498562534345E-16
0.0018094180900304912
0.003603794008244059
0.005372124644470338
0.007103590532065225
0.00878762185459589
0.010413962781396826
0.01197273374157771
0.013454491259361826
0.014850284989617935
0.0161517116099423
0.017350965245904633
0.016718621650932755
0.03530942327721922
0.02110578646526507
0.024313265054143156
0.01648291577487404
0.01894894990776822
0.02071759363142752
0.026621405091803118
0.03574470564946003
0.02631854136135689
0.01990131543042628
0.018185084965973607
0.016541252991675786
0.02378963187596935
0.022650810085692644
0.03357404476026748
0.016849427628606577
0.01703576891731933
0.015826024000833383
0.014521222122819939
0.013129576318167628
0.01165981713250617
0.010121138014665772
0.00852313797657545
0.0068757618774457395
0.005189238702473573
0.003474018218219901
0.0017407063958138707
6.6446365499261686E-15
0.0017373792535242745
0.0034607505683602597
0.005159539561485934
0.0068233429806488916
0.008441992249953692
0.010005615456473346
0.011504697401001426
0.012930137348570583
0.014273304129175109
0.01552608825591031
0.016680950746744378
0.01847972924427813
0.022785052906306502
0.01297177847713549
0.021629114756973863
0.028218949633531283
0.027234488438632055
0.02758135895252103
0.025031044179535136
0.01638339141541876
0.025251099972340055
0.027600704457883554
0.02722230650460338
0.027667608309888715
0.023264302925096347
0.011302997494035925
0.02366788113474823
0.017776042604225682
0.016413728601432143
0.015249972865768183
0.01399432858407989
0.01265467983793093
0.011239413419892418
0.00975736646651007
0.008217771418266575
0.006630198648211392
0.00500449711499569
0.003350733407387396
0.001679129556641075
2.9368642581871955E-15
0.0016763119168729307
0.0033394975084920548
0.004979345999422195
0.006585807068179731
0.008149052303015344
0.009659535194488344
0.011108049299677252
0.012485784224259026
0.01378437908291235
0.014995973114480558
0.01611325314607627
0.017404858856828152
0.021565729818578502
0.028819482734924455
0.014539022110816438
0.02943018421232512
0.0202068189535638
0.02142360555563419
0.018280673514171574
0.015842030840274423
0.018337452624983673
0.022145556347044404
0.0210079918375368
0.0310373616262731
0.01277550052992603
0.028847583043676427
0.018596337682677277
0.017543817410207316
0.01588737822922305
0.014762581844750164
0.013548571158451563
0.01225295098388906
0.01088381640247962
0.009449702303211679
0.007959530298472716
0.006422553345602894
0.004848298416957044
0.003246507573133294
0.001627077802790687
3.966883583425557E-15
0.0016247025454906787
0.003237035767176495
0.004827096171890674
0.006385131545150754
0.007901600640537474
0.00936723148844601
0.010773077968522582
0.012110574301546334
0.013371587129266544
0.014548464866402171
0.015634084025898026
0.015759214305572183
0.025015787209711857
0.010467880476208596
0.03054679696416413
0.01346489836333063
0.020335443223345927
0.018498794269731878
0.028494197079820337
0.03230729022091065
0.02841310060497519
0.017727539682070283
0.019522533116005804
0.011121484120016822
0.030506440371941685
0.011547987856939812
0.024811409564845836
0.015457174913969272
0.015444371757692803
0.014352440193507973
0.013173533359924173
0.011915019650557992
0.010584747402745452
0.009190996056047734
0.007742424727158609
0.006248018519873626
0.004717032902418734
0.003158936495762737
0.0015833526258721442
3.032638257395655E-15
0.0015813671279519006
0.0031510189353842763
0.00469930978405793
0.006216737382101405
0.007694000992690099
0.009122058333467487
0.010492180819396948
0.011796006812010122
0.013025592550941087
0.014173460457969909
0.015232644520588512
0.018049301977186138
0.010075770730187644
0.022872603076158925
0.008496228745273025
0.03592401821095683
0.025642899088832855
0.028934240889914444
0.023856502353501115
0.023853555043637484
0.023948153339162687
0.028784091600460648
0.02546796021169049
0.035216947345913345
0.009598518428859499
0.021242752551682325
0.011071021639442182
0.018154659227824128
0.01507502617165204
0.014010597974019455
0.012861044675935025
0.011633535736636587
0.010335712165393257
0.00897563904764238
0.007561755518894047
0.00610282249601787
0.004607868489193802
0.0030861338289843764
0.0015470136525593714
5.773741537584856E-15
0.0015453766227227787
0.003079605855293615
0.004593255909150586
0.006077031449699333
0.0075218305803145995
0.008918800579126413
0.010259392048027529
0.011535411143217246
0.012739069568688253
0.013863032028239602
0.014900460847379353
0.014982816903960586
0.022083538568539656
0.01692985812161596
0.023970473020441876
0.011289032583009192
0.01574193736782654
0.012918310240653893
0.023462775178966836
0.02335360982135975
0.023358784287483943
0.013308709200876151
0.015909318913442706
0.013275750432818595
0.022750974428713416
0.017417756614664243
0.02115324430457594
0.015020419779478555
0.01477174899577652
0.013730038049228718
0.012604699581222007
0.011402737382910134
0.010131620185265292
0.008799235330315541
0.007413839913161398
0.00598400969689479
0.004518586115966699
0.003026621694954215
0.00151732421901709
3.1794056930494216E-15
0.001516003413002367
0.0030213547264757923
0.004506796245606141
0.005963200715942948
0.007381627315089122
0.008753376451600882
0.01007004303563072
0.011323567895695675
0.012506287027603239
0.013610978374998086
0.01463090585640733
0.018445515291486917
0.020495570839895456
0.01738979224972752
0.015288847432347468
0.020964349312522067
0.023715383908489866
0.021468804711312423
0.025497926181601432
0.030313247568660988
0.025545436996559628
0.021228084936252632
0.02411307932854269
0.019131047681226726
0.015311883447373798
0.01817528938911983
0.02215157630420351
0.018478948782967446
0.014528624515098613
0.013505294387052873
0.012399509771530901
0.011218138743395946
0.009968509378500919
0.008658364370334896
0.007295813132387295
0.005889281682087289
0.004447460615538012
0.0029792514937015827
0.0014937119704686644
5.27403733822965E-15
0.001492682533095589
0.0029751464147059546
0.004438271585386125
0.005873063161205448
0.0072707066476910475
0.008622622008378844
0.009920516256844434
0.011156434250420845
0.012322807374819795
0.013412499822270047
0.01441885218057321
0.015584951454582179
0.015220561461667215
0.016441759420192794
0.02115509207300585
0.022543889982184033
0.013057646962041116
0.01637937230147513
0.01932640257197584
0.014238332685089549
0.019164989103040264
0.016118768024972585
0.012146194246971156
0.022528762064595358
0.021915310784164286
0.015637015833113117
0.01373985584302926
0.015793691096108675
0.014341113543080646
0.013332175107203083
0.012241651830627556
0.011076303439816413
0.00984334631362779
0.008550408863446468
0.007205484406094294
0.005816881820239019
0.0043931742904202795
0.0029431464544592482
0.0014757402795358338
8.446643700073569E-15
0.001474983544640229
0.002940128829369921
0.004386419477504172
0.005804959666125158
0.0071870287627689815
0.008524134858669314
0.009808066870153223
0.01103094488917368
0.012185268474427361
0.01326396258779672
0.014260420895061817
0.018425433876585122
0.025375370686194804
0.023554399459713306
0.0104690791913681
0.015101136489414035
0.033258148460696364
0.02520188785823112
0.02777810798876857
0.01409297632220338
0.027778253029941354
0.02552992697514715
0.03380195917074627
0.015878722549057627
0.00971374840483962
0.023856629798124335
0.025026514657766195
0.018362214818190305
0.014205836626886736
0.013207562550503807
0.012128285123693275
0.010974681112940619
0.009753882125004568
0.00847343058241094
0.007141233191066215
0.005765512186421058
0.004354754658457686
0.0029176602675222213
0.0014630876723688488
4.2910366620165085E-15
0.0014625903074086388
0.0029156769298856948
0.004350315050562711
0.005757676340099655
0.007129103207220633
0.008456161982296314
0.009730694707837472
0.010944869218242037
0.012091227201861128
0.013162729950769348
0.014152801518091436
0.01671483474022954
0.009322255724081348
0.010998900348426226
0.0253972834239962
0.017360141244491523
0.007249662432225236
0.01021051503541958
0.012302353643955802
0.029392194880527005
0.012282432716472587
0.010502314755028636
0.009112612749901034
0.016867816993462417
0.025113119794981365
0.011107102154574881
0.00986592517343774
0.016942926997544024
0.01412042049824407
0.013129271780948184
0.012057423014000332
0.010911491925414327
0.009698550779606303
0.008426082790695334
0.007101936019154665
0.0057342750353472196
0.0043315306473156005
0.002902348001859719
0.0014555333780340563
2.400818820124893E-15
0.0014552867977861011
0.002901364716141027
0.004329329608798364
0.005730390233530098
0.007095922300628935
0.008417521487004134
0.009687055090158953
0.010896712005369078
0.012039050719147291
0.013107045024551948
0.014094127177917647
0.01790691343830361
0.01933319113774557
0.019860181647664444
0.015342477152483285
0.018741452708496042
0.030678543578314798
0.023976062139942193
0.02175950992384368
0.022177624566060553
0.02146087824927497
0.02342748057918242
0.029570946229277553
0.018425499305250222
0.017029186554753776
0.018363774177829292
0.01753079218238811
0.017744986635688787
0.014083394332790301
0.013095955155912211
0.012027846164582622
0.010885648950798583
0.0096764008436923
0.00840755161046492
0.007086917623863389
0.005722633777817999
0.004323103446450205
0.002896946794165141
0.0014529477539620725
