1.0
0.9989725854527253
0.9958941397184423
0.9907760398146875
0.9836371918337621
0.9745039478168467
0.9634099899352725
0.9503961825331771
0.9355103927392252
0.9188072805050662
0.9003480590739763
0.8802002270235725
0.830884634303332
0.7258435492428351
0.6562851666163293
0.6033789886292497
0.6203861996619128
0.6101194132461472
0.5618440726546143
0.5405103722114115
0.49019700966541563
0.4773522532017555
0.4358464690722834
0.42200994086404703
0.37130113976071144
0.29822633664726506
0.29102252991587374
0.29922884477383926
0.34147588386713784
0.3339538200796357
0.3002006862750945
0.26683328132118567
0.23395677675898177
0.20167312991975242
0.17008068053330935
0.13927376632762672
0.10934235931995441
0.08037172439209699
0.05244210162743668
0.025628413765297106
0.0
0.02437962278192726
0.047452970371682376
0.06916877240348776
0.08948212364992533
0.10835460493099745
0.12575437327165492
0.14165622109465464
0.15604160438810696
0.1688986399392111
0.18022207187652817
0.19001320791217954
0.22250833017389254
0.2920849675186821
0.33000335179654744
0.3579446824381554
0.33205879562312646
0.31764832485365835
0.33747261158548025
0.3291326800919904
0.3477878844285626
0.3210665821586105
0.32102295176241813
0.2928856174922899
0.2986324432965382
0.3111344529851853
0.2760645509485951
0.23699366956414983
0.17371681323984223
0.14055159595840166
0.12883908052317292
0.11667245240793646
0.1041334746462159
0.09130375337943705
0.07826434592779966
0.06509537670314781
0.05187566279556104
0.03868235100081237
0.025590567982649172
0.012673085182488658
2.176432837274192E-16
0.012361565328205594
0.02434774582752931
0.035898195646728026
0.046956328580889314
0.05746953627456628
0.0673893832471315
0.07667177800935161
0.0852771196700484
0.09317041956355193
0.10032139756208515
0.10670455287113953
0.09868052457033265
0.08428508256849228
0.08279716368246724
0.09094650672373925
0.08161773293508064
0.08213346973195187
0.05455561537895992
0.06320619224744113
0.036996690629792654
0.06285245920530128
0.05402302668394478
0.08198253366141567
0.08259431996957523
0.09054933522717772
0.08151396587276463
0.08129400661310034
0.0869331415127918
0.08919691902778118
0.08219714680739787
0.07482035430154861
0.06711710121238247
0.059138962311213884
0.05093822132600425
0.042567565380627274
0.03407978162745274
0.025527457685862807
0.016962687462072027
0.008436783880033051
1.7182071883126586E-15
0.008298740059596665
0.016412099049192226
0.02429457209091778
0.03190271856496149
0.039195379273755264
0.04613387787015489
0.05268220563223913
0.058807188768006245
0.06447863753738854
0.06966947658610761
0.07435585599533759
0.08830110389282275
0.09164076993182836
0.09613644886630575
0.11073206364616853
0.12480666893340878
0.12081054830830998
0.14552085501299528
0.1495512294517995
0.17921880813961555
0.1466250726486402
0.1391950190232717
0.11134162619205418
0.11141953228521595
0.09278086851140431
0.07908858364205686
0.07372196385402047
0.07638211250693022
0.06548986096701219
0.06049987700365056
0.05520449656085671
0.049639640524936336
0.043842373363555114
0.037850671909972725
0.031703191580881813
0.025439031390899515
0.019097499119954932
0.012717877975441359
0.00633919606914757
8.633465754386943E-16
0.006261866202463792
0.012409475561786683
0.018407024902625066
0.024220032755731254
0.029815527373657294
0.035162223877608895
0.04023068962729667
0.044993496981779534
0.049425362699365816
0.053503273308290744
0.05720659586665605
0.06976222867854144
0.07418302215055457
0.075562058590143
0.08299682717063168
0.10084198844080873
0.10216227479903736
0.06953710595242797
0.06850265283057064
0.035775030603300596
0.06878589501593337
0.0708062148491227
0.10400359136754722
0.10250827689481648
0.0810842280113012
0.07286308299833945
0.07213565316198813
0.06814192841195546
0.051877279022178174
0.04799358665120097
0.04385524009181549
0.0394899742352654
0.034926611005349585
0.030194876749065194
0.02532521601994457
0.0203486028792423
0.01529635084488554
0.010199922616160137
0.00509074069376464
1.4765757661142635E-16
0.005041516417228784
0.010003617540090765
0.014856879372910586
0.019572813786122353
0.024124030271785987
0.028484389719773965
0.03262914937775006
0.03653509821676834
0.040180681986828025
0.04354611731320136
0.04661349425376514
0.041196300074985384
0.049965468988596586
0.056100935847616176
0.038358993788460534
0.02657273189522831
0.029575632062477156
0.04635567277780217
0.05495482260379513
0.086996378773472
0.053163063683504985
0.042923314923839086
0.02628500619370074
0.02130488964939759
0.036715977158437725
0.055669747972819046
0.051059155461543895
0.03448746384632716
0.04307047863746687
0.039883901941635845
0.03647909300014244
0.03287863137833139
0.029106096167605924
0.025185915879488322
0.02114321444761128
0.017003654284083545
0.012793277347068024
0.008538345181071988
0.00426517889045545
1.0479855051064723E-15
0.004231226855953619
0.008402948491873105
0.012490174076165256
0.01646862151045388
0.020314858443545553
0.024006437118553114
0.0275220222939511
0.03084151152597015
0.033946147150063215
0.0368186193533018
0.03944315978678747
0.06238577867074488
0.05364484064831198
0.04526387400732496
0.06355304428732049
0.1005003433299094
0.11176565456903147
0.08618802592881421
0.07747305673957779
0.04609573293182128
0.07752817098360347
0.08621550698200049
0.11079819653868045
0.09805416358264932
0.06223430021010476
0.041422186739203434
0.04880515929858865
0.060641847053926924
0.03692667386834089
0.03421776046337947
0.03131765050089668
0.028245407809627046
0.02502101131459124
0.02166522776058731
0.018199480544475715
0.014645715469340704
0.011026264246839173
0.007363706582083656
0.003680731678743808
6.601643231950037E-16
0.0036559938856941454
0.007265056556971682
0.010805428289309863
0.01425591212285064
0.017595998694535705
0.020805986110944752
0.02386709417238761
0.026761572296945035
0.029472800534866856
0.03198538310894111
0.034285233964672826
0.015598294044239062
0.04132782612603771
0.04082468064750791
0.02147391155454903
1.4513544720690813E-4
0.01476389747390583
0.0053009645951824485
0.012797671009708602
0.03606149771302148
0.01276619634308266
0.00487475257509498
0.013767871908642367
0.001846434830320091
0.01921623176774773
0.03771720043423516
0.03625076157200928
0.013760693285514911
0.0324128108560472
0.030050316655057637
0.02751732263936912
0.024830357014185366
0.022006789021949493
0.019064718399567596
0.01602286105365509
0.012900431665656086
0.009717023953107633
0.006492489323496157
0.0032468146625344516
1.8305969723489173E-15
0.003228063207314953
0.006417712443587712
0.00954963243325702
0.01260497066822491
0.015565449480290705
0.018413474000505792
0.021132235375584528
0.023705808643464114
0.02611924470554811
0.0283586558717134
0.030411294495708816
0.05170974013041963
0.04250348727685844
0.043371163170424505
0.06223616048616565
0.06342216165128868
0.08104563097483185
0.06989077483916968
0.06842953763718077
0.05954062760398651
0.06791821475251379
0.0683252498647701
0.07769548826439945
0.059362429917997166
0.06124229209906161
0.043885913439070966
0.04506179755212813
0.049028507558131075
0.028969629458263226
0.02686882837511521
0.02461377993509276
0.022219107024004085
0.01970021036208756
0.01707317065595148
0.014354647114388178
0.011561772961430222
0.008712048594940387
0.005823233049988863
0.002913234433605966
9.942503265175507E-16
0.00289859346530049
0.005764848289297003
0.008581352929306363
0.011331086723562204
0.013997521750360715
0.01656472119194145
0.01901743362329256
0.021341182673566078
0.02352235153832344
0.025548261854450808
0.027407246486221573
0.018284401481672444
0.011314775034578914
0.02805493523001091
0.01212515975491444
0.02724191643812202
0.010643574577361696
0.017869667011278952
0.020559600178865968
0.03628099553358844
0.020712513200078497
0.018910978441412787
0.01302755279307834
0.030013076038488944
0.014036746251350308
0.02844980923955257
0.0076395811235516935
0.02037724264237836
0.026268079742024112
0.024371076804361156
0.02233285365668061
0.020166556388833676
0.01788605536620373
0.015505857279756218
0.013041013712293957
0.010507026791994348
0.0079197525195012
0.005295302366406457
0.0026499437508174964
3.4004782950216214E-15
0.002638249589547763
0.005248668987355185
0.007815363359245445
0.010322775102727295
0.012755777411733232
0.015099764812136944
0.017340740130549197
0.019465397382424567
0.021461200092846158
0.023316454592685405
0.02502037786560405
0.037176590935109645
0.05186951929355292
0.03153136424764037
0.03696621988190766
0.04108045966452056
0.04171914013682205
0.036056632103922036
0.04316410981528941
0.052493332369094606
0.042541179979336465
0.03457523778198479
0.0400459104100991
0.04113062030825697
0.03226178822090279
0.028619763826642695
0.05041677780978326
0.03408848257627653
0.024102011149965123
0.02236746098953076
0.020502305557442976
0.01851851851852141
0.016428752422941704
0.014246258644901845
0.011984803983146507
0.009658584444422542
0.007282136745883373
0.004870248084480336
0.002437864729541837
6.674068902320745E-16
0.00242835781078876
0.0048323370015062985
0.007197272964718577
0.009508797076712809
0.011752923439939703
0.01391613295761837
0.015985454238319517
0.017948540849476988
0.019793744462761474
0.021510183461025706
0.02308780660561908
0.02683666161504794
0.010295187721370959
0.03925940990245136
0.03538266720710416
0.042569575119129156
0.034465540015933153
0.03538196710299186
0.026749504527993528
0.03369289651152245
0.02690874215223442
0.03584064595315999
0.035137301159018405
0.04227380428117108
0.037191621623575845
0.04034292730332262
0.012692337821748858
0.02777166926749373
0.022335777788461936
0.020733088768744377
0.019008557644273002
0.017173209640044245
0.015238710305112592
0.01321729184971446
0.011121676278226111
0.008964995797926914
0.00676071099860349
0.004522527309871377
0.0022643102517685377
1.2193024833733923E-15
0.002256474210774131
0.0044912793225881644
0.006690762809974156
0.00884153564420775
0.010930553364366801
0.012945194766962832
0.0148733377418657
0.016703431801371325
0.01842456687080382
0.020026537933309635
0.021499905148104487
0.022439535965500135
0.03300711282950133
0.029339422517291065
0.019658729217505663
0.04148624078716644
0.035853620325689825
0.019382738371689297
0.02883892712755062
0.031829311489474967
0.02878854120412119
0.019269940865438043
0.03609961837470673
0.040900928651227256
0.02124695522038483
0.031161933489319484
0.028894665282355868
0.019969011388844753
0.020876550878775723
0.019382415367129972
0.01777374660517377
0.016060791128661003
0.014254402945585484
0.01236597513684459
0.01040736837305765
0.008390836793721249
0.006328951709569144
0.004234523600869652
0.0021205228934433307
3.6341071702762385E-15
0.002113994882376616
0.004208491728059804
0.006270679904201343
0.008287986175749364
0.01024815102147989
0.012139302799508981
0.013950029315997517
0.01566944636727982
0.017287262845732614
0.018793842021813882
0.02018025863917822
0.028677801171168932
0.02194041666625063
0.028279542021298038
0.029275667318197533
0.02797868038468394
0.02806050367695924
0.033391302430820786
0.02924951404846587
0.02618914004394468
0.02916476297465109
0.03273591204774575
0.026454261972121453
0.02580519264318166
0.025658728381369924
0.023253866124103576
0.022549576363795648
0.0282586810778392
0.01965873761033549
0.018254951168106062
0.016742774869490103
0.015131808464320266
0.013432231125053684
0.011654737426117757
0.009810470346247857
0.007910951711350171
0.005968010510537634
0.003993709529246167
0.002000270752828115
1.334206684567407E-15
0.0019947887508701394
0.0039718488790487574
0.005919076020935375
0.007824581895463133
0.009676766606715547
0.01146438898583107
0.013176634547168978
0.014803180649465923
0.016334258471110048
0.017760711428657507
0.019074049690997796
0.013918389456606015
0.021473160898809997
0.03927922470680854
0.033035852094782554
0.03287720330786016
0.03911333930204029
0.024339325577530282
0.029856362070305006
0.02832568209308621
0.029859051154547237
0.024864218557793676
0.03940240749568288
0.03203772623103193
0.03430630068278332
0.04017297847428617
0.022162961042065124
0.013602092808644774
0.018634751619663895
0.017306785855208246
0.015875622498043123
0.01435031925391832
0.012740489276206555
0.011056240820025437
0.009308114012788086
0.007507015135161328
0.005664148820685743
0.0037909485941335793
0.0018990061775887935
6.745887727629142E-16
0.0018943766504781843
0.003772487390704
0.005622823984445387
0.007434076627064907
0.009195202845305174
0.010895494593688833
0.012524643141228994
0.01407280135656645
0.015530643016466497
0.016889418781757752
0.01814100850586496
0.024681222946214252
0.017118604237518608
0.008261729914480475
0.01181283832612048
0.016079810050578375
0.005091078868095865
0.016821265514483652
0.021034864571059617
0.02664088844047011
0.020777845723415407
0.016069334191968352
0.004894373357207018
0.01642767975400924
0.01392000069765486
0.01212002448226132
0.015465375041308323
0.023474446943101156
0.01776930810698398
0.016505344286024348
0.015142585844551778
0.013689633232424156
0.012155621864996174
0.010550164881393894
0.008883293100558782
0.00716539254876132
0.005407139946451738
0.0036194365539029385
0.0018133407843647863
3.143868229841194E-15
0.0018094180900255095
0.003603794008246827
0.005372124644472086
0.007103590532064558
0.00878762185459895
0.01041396278139876
0.01197273374157193
0.01345449125936062
0.01485028498962006
0.016151711609940306
0.017350965245904314
0.015360039016325554
0.025400383805840206
0.03726178609120241
0.03459376823191805
0.025420296734428388
0.0412790611681385
0.03465116235091089
0.028240665624335328
0.03675622703059158
0.02818951232093245
0.03498821453005982
0.04104077115934339
0.024663739149083926
0.03325114537051691
0.03507718044939078
0.025630614208543036
0.015999876587820573
0.017035768917318714
0.015826024000833265
0.014521222122821914
0.013129576318164898
0.011659817132507634
0.0101211380146658
0.008523137976575744
0.006875761877449183
0.0051892387024780025
0.0034740182182231225
0.0017407063958150408
8.66630707685477E-15
0.0017373792535249847
0.003460750568358837
0.005159539561489302
0.006823342980657363
0.008441992249957746
0.010005615456475074
0.01150469740099388
0.012930137348573734
0.01427330412917638
0.015526088255911502
0.016680950746740603
0.0187197417150088
0.020336328367119474
0.01904230955731497
0.019535437445518916
0.02005241113963638
0.01753253011977473
0.010485307425791285
0.017185246533586895
0.022378451254903727
0.017290280022679367
0.010529297178444199
0.018208952523609503
0.02018441124871492
0.018722448536445918
0.018043291972048948
0.022581988535350338
0.017824214123234348
0.016413728601432462
0.015249972865767148
0.01399432858407908
0.01265467983793237
0.01123941341989217
0.00975736646651392
0.008217771418266186
0.006630198648210433
0.005004497114997145
0.0033507334073907625
0.0016791295566423179
4.284515158918025E-15
0.001676311916872105
0.0033394975084846206
0.004979345999417299
0.006585807068182824
0.008149052303011576
0.009659535194493694
0.011108049299677146
0.012485784224255392
0.013784379082910542
0.014995973114481906
0.016113253146070226
0.01735348252739572
0.023346168309281545
0.024120891507294975
0.025152185390219538
0.01993633288979864
0.030528532536558493
0.03468671394480844
0.02689913221839189
0.03210402091954038
0.026868528282725963
0.03433027105856914
0.029182072195202774
0.019915417041459937
0.025258315159744825
0.024167501517292675
0.022150262658543973
0.0172613812834382
0.015887378229225414
0.014762581844749044
0.013548571158449924
0.012252950983888974
0.01088381640248551
0.009449702303207604
0.007959530298463245
0.006422553345600375
0.004848298416961423
0.0032465075731329287
0.0016270778027950101
2.520532422744649E-15
0.0016247025454907717
0.0032370357671784437
0.004827096171891584
0.0063851315451509015
0.007901600640545998
0.009367231488451904
0.010773077968528338
0.012110574301542526
0.013371587129263533
0.014548464866395964
0.015634084025899168
0.016795073345512553
0.024959789927719783
0.01103108212990743
0.011552336089381585
0.02049711739247057
0.02284056793169076
0.012428973246080737
0.021688032758904647
0.016815752548122648
0.021725240990491893
0.012643829884017826
0.023106144703484318
0.020491294029731294
0.011128276421781557
0.010409167482227892
0.023414665625628755
0.017192694563741735
0.01544437175769168
0.01435244019351155
0.013173533359926368
0.011915019650556684
0.010584747402746333
0.009190996056053708
0.007742424727149563
0.006248018519874909
0.00471703290241793
0.0031589364957637727
0.0015833526258745845
4.154469346370417E-15
0.001581367127953571
0.0031510189353856194
0.004699309784057437
0.006216737382102459
0.007694000992689262
0.009122058333469938
0.010492180819411518
0.011796006812023543
0.01302559255093996
0.014173460457966169
0.01523264452059549
0.0150589860913549
0.02003312465348449
0.02652462389345173
0.02517767523922619
0.021470884561778217
0.014764230258534048
0.02456871461158401
0.024886911105037258
0.018312662937870355
0.024828414646853085
0.024034425031612322
0.014308163178680229
0.021416755557750758
0.024087446778387093
0.025876858148296714
0.0214705727971475
0.014110047870659979
0.0150750261716525
0.01401059797401761
0.012861044675943607
0.011633535736640393
0.010335712165391532
0.008975639047642522
0.0075617555188973815
0.006102822496016144
0.004607868489189185
0.0030861338289830233
0.0015470136525603557
7.333138412427292E-15
0.0015453766227173668
0.0030796058552983174
0.004593255909151928
0.006077031449699959
0.007521830580311233
0.008918800579128599
0.010259392048029592
0.011535411143222915
0.012739069568691941
0.0138630320282306
0.014900460847376316
0.020077998071126996
0.01286386285975239
0.012274733771469705
0.016647654665973115
0.019750760716631035
0.024139200963736607
0.01876682883457054
0.01910521205202314
0.02882746043137301
0.01896321917003236
0.01907977515813913
0.023856277711108882
0.01970257246865441
0.018135519897056862
0.013330803165819874
0.011747595347160817
0.02084429794679443
0.014771748995778228
0.01373003804923341
0.012604699581222224
0.011402737382909051
0.010131620185260261
0.008799235330314119
0.007413839913162523
0.005984009696892863
0.0045185861159702185
0.0030266216949519156
0.0015173242190148779
2.7356271133306985E-15
0.0015160034130020257
0.0030213547264753976
0.004506796245604323
0.005963200715941492
0.0073816273150912465
0.008753376451610796
0.010070043035631172
0.01132356789569653
0.01250628702760626
0.013610978374997978
0.01463090585639741
0.009640075020247173
0.0295907240877544
0.020064543698050705
0.01407403073144974
0.017101558512912698
0.01693382340004071
0.016665463590159402
0.02399163673731147
0.00958589055934665
0.02401121746758809
0.01644207276546843
0.01738751962397695
0.016416637637008482
0.013582014424389135
0.019879921668817715
0.030076360166066917
0.008678174802173177
0.014528624515092332
0.013505294387045933
0.012399509771531198
0.011218138743397596
0.00996850937850063
0.00865836437032813
0.007295813132371998
0.0058892816820895234
0.004447460615537466
0.002979251493708881
0.0014937119704668453
4.850606256639936E-15
0.0014926825330987604
0.0029751464147051627
0.004438271585385138
0.005873063161207918
0.007270706647697592
0.008622622008378537
0.009920516256840914
0.011156434250425017
0.0123228073748178
0.013412499822260055
0.014418852180574353
0.02289481085999935
0.014779672636520066
0.01344142237415468
0.021496106567938773
0.021931255859584976
0.016632114212387965
0.022211956820285587
0.01384139411741941
0.0370057072001135
0.013762323702526138
0.022237394310615125
0.016260853008268485
0.022371697325720405
0.020418852605620496
0.01181374535249871
0.015636411599623975
0.023039093511774914
0.014341113543081777
0.01333217510720621
0.012241651830626393
0.011076303439817366
0.009843346313627323
0.008550408863452413
0.007205484406091204
0.005816881820231698
0.004393174290418361
0.002943146454452959
0.001475740279536701
9.237007738520824E-15
0.001474983544644314
0.00294012882936229
0.004386419477503493
0.005804959666124447
0.007187028762769946
0.008524134858662626
0.009808066870151875
0.011030944889168576
0.012185268474431195
0.013263962587794578
0.01426042089506169
0.00860652598678989
0.02360899174674825
0.025736441319262896
0.019010352338158287
0.013466041427705449
0.025324824165857573
0.015515237484674014
0.024309701748610114
0.005419217215155679
0.02427085484149684
0.015647244862824598
0.026157656487479405
0.013630239189055666
0.020349630794481356
0.027472036470230745
0.021093444919723554
0.009644699801776674
0.014205836626893825
0.01320756255050391
0.01212828512369094
0.010974681112932223
0.009753882124995592
0.00847343058241141
0.007141233191076113
0.005765512186423718
0.004354754658463238
0.0029176602675242765
0.0014630876723649923
2.0638679901116993E-15
0.0014625903074074315
0.0029156769298896526
0.004350315050562806
0.005757676340103103
0.007129103207222239
0.008456161982301372
0.009730694707844944
0.010944869218249742
0.012091227201867845
0.013162729950768566
0.01415280151808835
0.021837273088299733
0.01761439440810611
0.015461147081553992
0.013852393881678837
0.02387690986266322
0.02455155925008973
0.02179313281324624
0.01422824043715927
0.030427497199162313
0.01432757010678232
0.021748766937344864
0.025699141403597043
0.023617026620017124
0.015329827155503111
0.01925553557287028
0.017614403199659665
0.0210929952093465
0.01412042049824705
0.013129271780951763
0.012057423013998146
0.010911491925411465
0.00969855077960527
0.00842608279069621
0.007101936019150917
0.005734275035347507
0.004331530647304653
0.002902348001851333
0.0014555333780344826
5.7850073668699145E-15
0.001455286797780282
0.002901364716139034
0.004329329608799589
0.00573039023352552
0.007095922300629701
0.008417521487003797
0.009687055090159479
0.010896712005370346
0.012039050719145312
0.013107045024552472
0.01409412717791378
0.015226864112808125
0.014647876588510592
0.034071306826539714
0.026654647715393578
0.017895602566328366
0.03346082104606509
0.019567350906377397
0.02014045268343682
0.014263276232671885
0.01998411753291382
0.019757046324571103
0.033524278888748454
0.01855589794561595
0.026390542384501756
0.03365997703593854
0.015122866300416551
0.016621439274800413
0.014083394332787236
0.013095955155911736
0.012027846164580152
0.010885648950795739
0.00967640084369658
0.008407551610460124
0.007086917623861067
0.005722633777810411
0.004323103446451934
0.002896946794166275
0.0014529477539664537
