1.0
0.9989725854527296
0.995894139718449
0.9907760398146913
0.9836371918337705
0.9745039478168511
0.9634099899352749
0.9048455907951238
0.8077683344826058
0.7634111117119079
0.7445283570164242
0.7336859869722145
0.7307579649247973
0.7170073299949304
0.6927407028070615
0.6671122363616236
0.6494314448428918
0.6217823126133224
0.5927114768794989
0.5712409905916599
0.5315706537393439
0.508709122950921
0.46819943732360286
0.4355706165712969
0.401751947901182
0.359177314926072
0.32554846072249194
0.29181632057672197
0.2496569504734596
0.19931299298627875
0.1624293658577115
0.14447432497679752
0.14685506386005132
0.1734907826154405
0.1700806805333093
0.13927376632762734
0.10934235931995483
0.08037172439209751
0.05244210162743657
0.025628413765296777
1.1727315734087855E-16
0.024379622781928137
0.04745297037168271
0.0691687724034884
0.08948212364992797
0.10835460493099822
0.12575437327165648
0.16506535680719492
0.2501288024858886
0.2940328463722743
0.31392207970103475
0.31384823527097966
0.2991967641949252
0.29546598795917944
0.2961570038535599
0.2968804213094408
0.2888465684914403
0.2830397646009585
0.2812115926200807
0.2735855714438183
0.2748214224356413
0.2638354377941578
0.26130526013794636
0.2534792733733164
0.2514331606633517
0.25096036826770146
0.24320116228321526
0.23737967000374288
0.2353076916923477
0.24761569410876974
0.24455244871760026
0.21594792943069188
0.16821960905256506
0.0917543388158801
0.07826434592780028
0.06509537670314854
0.05187566279556222
0.03868235100081308
0.02559056798265036
0.012673085182489194
0.0
0.012361565328205005
0.024347745827527977
0.03589819564672843
0.046956328580890286
0.05746953627456718
0.06738938324713147
0.10681029387340135
0.13145763181195175
0.122553842408956
0.10440116796348158
0.08183121437177653
0.07666264789662983
0.08473885980772916
0.09147486609132546
0.09832893609479097
0.11120212131518904
0.12621581670105142
0.12847515445835425
0.13025145448960534
0.13078623591967045
0.13080202966779148
0.12965305903365856
0.12809465115427202
0.11184164744418515
0.09952071329891542
0.0915413017992528
0.08204987754465158
0.07366506715974465
0.08042144313946298
0.10636843528364247
0.11940605485321318
0.12582679050819096
0.09911597939780736
0.050938221326001905
0.042567565380629384
0.034079781627452094
0.025527457685863023
0.016962687462071087
0.00843678388003228
5.287621743869429E-16
0.008298740059595555
0.016412099049192226
0.024294572090919037
0.03190271856496306
0.039195379273755396
0.04613387787015413
0.012464358482073156
0.054536767734525794
0.09044454851927859
0.11957986750041795
0.11241426474173127
0.08819839132360222
0.08374610823088206
0.07638353527675146
0.07496342968562679
0.06745366404225611
0.05338750754963482
0.053888692818591793
0.0506326359910384
0.04091448358689569
0.04899538050272924
0.052189098345451115
0.05106220371944659
0.06318906316016253
0.06940890202296728
0.06772345025012878
0.07111559411058611
0.07104872228526427
0.08579332276700141
0.0884268637810884
0.05869337139468982
0.024452666240668715
0.026350737166459193
0.037850671909974
0.03170319158088317
0.025439031390899404
0.019097499119954897
0.012717877975442165
0.006339196069146275
9.7694678940555E-16
0.006261866202462988
0.01240947556178747
0.018407024902626933
0.02422003275573222
0.029815527373658918
0.03516222387760922
0.0672238233102384
0.0854448383979432
0.08344247490060021
0.08669640091664432
0.059686041648942985
0.06851202629642962
0.0819241009031932
0.10693806517556914
0.12444840238250644
0.1323845042931439
0.15236459864107862
0.15319593662956765
0.1558942835164448
0.16366129600547016
0.1555088628218005
0.15228746490410522
0.15104581980754767
0.1323781893997467
0.1252099850993154
0.10713830351228486
0.081771405827886
0.06738157185242351
0.05227022361603856
0.07575067951615025
0.06679555798679687
0.06646509730531318
0.04657021852872323
0.030194876749065864
0.025325216019947486
0.02034860287924425
0.015296350844887927
0.010199922616158224
0.005090740693764384
1.4506757858773193E-16
0.005041516417228515
0.010003617540089355
0.0148568793729142
0.01957281378612103
0.02412403027178533
0.028484389719771422
0.05327344945261008
0.016517798091561446
0.028767268612451734
0.027834376853247897
0.051257329993224826
0.08370662431384358
0.09302260700477503
0.09291442836084746
0.09719618839298967
0.0922184549956597
0.07103294889781059
0.07087890808868198
0.05068869085210869
0.055091082769775195
0.04993887084917017
0.06970389778979191
0.06923766539919864
0.09246731126390473
0.09784044849727151
0.09529861712303725
0.09844530929821425
0.08990908685460168
0.05540342223283204
0.02713655289899991
0.031110979802237055
0.017806767266809003
0.054824707441167804
0.025185915879487875
0.021143214447612142
0.01700365428408401
0.012793277347066492
0.00853834518106997
0.00426517889045455
2.9257739281431783E-15
0.0042312268559530665
0.008402948491871547
0.012490174076166101
0.01646862151045666
0.020314858443546444
0.024006437118555077
0.005025257518244996
0.046146937159581444
0.038417278206203984
0.04172654025078197
0.028450792491624143
0.04769699173546553
0.06128858944047874
0.07297084578301755
0.08749501959909256
0.08930820282117163
0.08247672053550471
0.08183690058034053
0.08496419384003333
0.09097521240013876
0.08232321698711065
0.07666080886187883
0.07471753325819167
0.08084819032373605
0.07712530492438929
0.06158393063158306
0.052133517645479834
0.03827009181823585
0.02163116784963216
0.03184488931862945
0.03595105558025519
0.04549179540715505
0.01127002418220767
0.021665227760586585
0.018199480544475455
0.014645715469344435
0.011026264246840603
0.007363706582085721
0.003680731678742084
2.0428882070921564E-15
0.003655993885693762
0.007265056556971242
0.010805428289309894
0.014255912122850583
0.017595998694536395
0.020805986110942913
0.04019656326391659
0.010467422929091707
0.025247406454991652
0.04214278851832808
0.06318291961738813
0.08713797264406188
0.09131056810313538
0.07700359820957699
0.0646652869461126
0.055805804298939755
0.04393197824844522
0.04487761178082943
0.0490525910496169
0.04888869659767485
0.05072727530583964
0.046129835552047777
0.04583242851267022
0.050203996567872396
0.0577220038854988
0.07091772126553651
0.08419279460172303
0.08071834478573775
0.06061999840225704
0.04278871055347002
0.020918255129498256
0.016942553127648897
0.02867533205540127
0.0190647183995644
0.016022861053657352
0.01290043166565612
0.009717023953106658
0.0064924893234957195
0.003246814662534541
1.5792406777755342E-15
0.003228063207313158
0.006417712443585697
0.009549632433252707
0.01260497066822359
0.015565449480289845
0.018413474000508506
0.027885233809131032
0.034607830270626645
0.03235530692616127
0.015826444117105345
0.006232178189545201
0.014285298524259263
0.003695055377147831
0.015391410360993212
0.03298952127563001
0.04347620317254706
0.054889588148522156
0.055847512317024874
0.05226257247351761
0.04446647916422965
0.053317896895176645
0.05812925781973802
0.05833421805913082
0.048140367361329615
0.038604771794177546
0.024179630070433396
0.014461129538353037
0.02393298351283117
0.011741167323326532
0.017285553643693007
0.028067135739966016
0.023743046092070612
0.028330706118543526
0.017073170655951802
0.014354647114389517
0.011561772961430522
0.008712048594935927
0.00582323304999063
0.002913234433605761
2.6281862327990443E-15
0.002898593465303447
0.005764848289297261
0.00858135292930696
0.011331086723558325
0.013997521750359574
0.016564721191944257
0.011590330810740776
0.03454265877573117
0.028105234222271975
0.031809829598966916
0.04111864979242379
0.047291258197239845
0.04311550629615135
0.04224356697509796
0.03368112374395874
0.035355467820547
0.0657529348767058
0.06584923635162411
0.0854241203290191
0.0903390452353942
0.0850266872004982
0.06509225665388231
0.06463378886721852
0.03599604160465954
0.03298734966181175
0.03818391093487009
0.035108131901374774
0.0389489117505726
0.0346624854663548
0.026125991334547745
0.03308146843535738
0.037069678155645304
0.013371182777743853
0.015505857279760827
0.0130410137122917
0.010507026791992224
0.007919752519506022
0.005295302366406872
0.0026499437508196283
2.5004264338741946E-15
0.0026382495895455782
0.005248668987353545
0.007815363359241318
0.010322775102726183
0.012755777411727986
0.015099764812138686
0.019830731145687654
0.008506891384631723
0.010210584768380755
0.026210392325537787
0.026687465201657545
0.051026898111885544
0.050748674855463416
0.05363991724653339
0.06665815091638173
0.07659366055807677
0.06353419432618006
0.0634761424683728
0.05409434937744981
0.05467535841521468
0.053090900083533885
0.061797431231588
0.06100823588813304
0.07607689297492905
0.0661077234077241
0.05370370508481286
0.053544305032510675
0.05267465036700649
0.028123429816673994
0.02788714551491006
0.005494894695783503
0.0198977883495319
0.016396488299335585
0.014246258644901994
0.011984803983151823
0.009658584444416557
0.007282136745881548
0.004870248084487696
0.002437864729537888
3.615957165697015E-15
0.0024283578107912695
0.004832337001506934
0.007197272964716415
0.009508797076711109
0.011752923439941734
0.013916132957617223
0.015977786406986227
0.028763620719008568
0.033143325594080765
0.01479673013007538
0.020335993439644307
0.008541663329529131
0.006839846241381091
0.012229891211156156
0.013859025765143255
0.02046121085777673
0.028525838012758046
0.02848530773636707
0.03614293120006557
0.04364515435787919
0.03495350363142954
0.027212621624116355
0.026583804900344933
0.016802212431977607
0.00980375860693825
0.009530104774445259
0.0025062103437502124
0.0014583210343594554
0.019575402676825525
0.014420945435556451
0.027596343794265826
0.020932802653999806
0.012903567046950523
0.013217291849717398
0.01112167627822816
0.008964995797926024
0.006760710998603861
0.004522527309875333
0.0022643102517692333
1.7164132155077365E-15
0.002256474210776193
0.0044912793225895045
0.0066907628099773945
0.008841535644208903
0.010930553364363006
0.012945194766964438
0.019864186440166992
0.03351684170630816
0.018243548251405815
0.027677081008142843
0.024880239193129632
0.041477542898541046
0.0456801004135685
0.03526832417264941
0.039639278988024725
0.04713131589987726
0.025473026125764846
0.02559440843324605
0.031199096920239512
0.029368012593621495
0.03164084086284453
0.024454642136658218
0.023774918526524733
0.04273657281735963
0.034567698863077846
0.030554403982990846
0.04106964409495602
0.03602760196887952
0.023559595083671656
0.026737590939070167
0.02211080974282543
0.032828784424594463
0.02179839927627719
0.01236597513684599
0.01040736837305535
0.008390836793726524
0.006328951709568156
0.004234523600871444
0.0021205228934386743
1.044762013933898E-15
0.002113994882376238
0.004208491728064054
0.006270679904201778
0.008287986175756318
0.01024815102147972
0.012139302799503758
0.007397570370399359
0.002475475630651139
0.011100273081473612
0.014193114513844508
0.023174765719570313
0.022735982870239993
0.01572127065080013
0.029052210169497755
0.029703672393653652
0.023486746263271525
0.04025282809165602
0.04079813778543782
0.046018932275201575
0.03703703703703583
0.046450050691400326
0.04137813424074311
0.041126218166554436
0.026241974521391338
0.0330089412269352
0.03194092437568969
0.018306206684874652
0.026817037594176165
0.024426286452842044
0.012957328507885401
0.015256601798551133
0.004371061174014296
0.012628102059830433
0.011654737426117553
0.009810470346243803
0.00791095171134629
0.005968010510536364
0.0039937095292445005
0.002000270752828145
6.115959535812573E-15
0.0019947887508705475
0.003971848879045357
0.005919076020939097
0.007824581895467033
0.009676766606717188
0.011464388985833879
0.017776872187512963
0.023220501376282236
0.02360335201966434
0.02647429627306426
0.0272767801250707
0.015867567888467927
0.021386400197417107
0.009164026744382478
0.008894273395890561
0.01425919811651141
0.014149901554085445
0.014292688415500066
0.0320811055992461
0.03527440448488097
0.03143505744450445
0.013934767110282667
0.013602216573135276
0.013221854894051331
0.007310411300724317
0.007834497337313139
0.01994371941021252
0.012761617583689796
0.029694682307725876
0.027419458050231927
0.02107465963755476
0.02092527178472296
0.012041312807021278
0.011056240820031298
0.009308114012796376
0.007507015135161477
0.005664148820687742
0.003790948594127663
0.0018990061775885385
6.942477374272626E-16
0.0018943766504769296
0.0037724873907060783
0.005622823984444713
0.00743407662706374
0.009195202845304059
0.010895494593687065
0.02253193093809304
0.007146720456372702
0.03152865775957443
0.009269118297941671
0.02535937111715776
0.032346550616763066
0.021254570641993677
0.03448723548425395
0.03837094711787112
0.03342153765483058
0.03384030028219338
0.033969387679180986
0.038199230154519134
0.0325127427337907
0.037649272145835855
0.033045868164684265
0.032457075858086576
0.032532345029053666
0.037096366794344963
0.03313944177225458
0.019965500489683277
0.031635768939767765
0.024444552507325964
0.009677663231365435
0.0338151889145704
0.0045497209998679585
0.02370915712323008
0.010550164881394528
0.008883293100558427
0.00716539254875963
0.0054071399464452165
0.003619436553901479
0.0018133407843618264
1.4602140215916123E-15
0.0018094180900284265
0.0036037940082517908
0.0053721246444655745
0.007103590532065031
0.00878762185459815
0.010413962781405094
0.003417179632966946
0.024339403338850582
0.00942837418548014
0.0285412270770411
0.033816493070715735
0.0113128485813699
0.024121782098308977
0.014618857103959939
0.010321668037365476
0.016595521482503213
0.018887253103173785
0.01935925042711101
0.017096346711678284
0.021425538395413026
0.01759032832213949
0.01983565563645233
0.019603328469821074
0.017349350255425652
0.011731759016673464
0.015744077094389877
0.025313195104412677
0.012853851146471711
0.03337206612976218
0.027335676101433126
0.004454093590263023
0.02471074817246236
0.010191120328443541
0.010121138014668915
0.008523137976579042
0.00687576187744971
0.005189238702480304
0.0034740182182299542
0.0017407063958165393
3.728421354540995E-15
0.0017373792535272019
0.0034607505683553713
0.005159539561487205
0.006823342980660643
0.00844199224995207
0.010005615456483477
0.017724579427419913
0.006923861599429443
0.02862344915129219
0.012928279755913956
0.019422353171917296
0.0296922588812466
0.0109229095152169
0.025416878832239195
0.027071531761943674
0.021957412140089675
0.020857636110657628
0.021154133761452112
0.021942686255231124
0.021424670762548947
0.02161712187737852
0.021037236957451397
0.02068391794107349
0.021261845000262694
0.02636033883661786
0.024987197132242032
0.009672816614361812
0.03036505464196657
0.018163394530618247
0.013271266007227007
0.02461711880739789
0.010446133858655934
0.0120045191453046
0.009757366466511135
0.008217771418265449
0.00663019864820739
0.005004497114997268
0.003350733407387346
0.0016791295566442987
3.919417475076446E-15
0.0016763119168725553
0.003339497508494896
0.004979345999428913
0.006585807068180235
0.00814905230301071
0.00965953519449038
0.01817191849698163
0.017505051617635544
0.00567873785407948
0.020085120480930536
0.029435720419914487
0.01860552829418608
0.027523859298324467
0.015829924473814084
0.017431494351319875
0.020244958313230695
0.019441028217589224
0.01967192190641734
0.02672238405634828
0.01966717396018503
0.026610079456341706
0.01929509754217268
0.018877704757065513
0.020083640267986348
0.01737295353682275
0.015201793934068623
0.027453174106305996
0.019016968740575815
0.028466392928248582
0.01842948274769549
0.007306053947760429
0.013840465229236806
0.018288550150363927
0.009449702303208832
0.007959530298468976
0.006422553345600022
0.0048482984169504915
0.003246507573133989
0.001627077802792625
4.1959536822152334E-15
0.0016247025454944374
0.0032370357671795045
0.004827096171890702
0.006385131545148487
0.007901600640543523
0.009367231488448622
0.004203707298179452
0.011301481913946346
0.020426877936915975
0.010641759630818677
0.014034892738340642
0.032289761056319394
0.007775555574295232
0.028634368691713038
0.024254584582635803
0.019761166457658155
0.024061315327275616
0.024421254664301888
0.019133274089443736
0.028377825056465
0.01953985789733055
0.0245915498058634
0.0243179305432813
0.01974595146612862
0.023850234285593797
0.029645201888584785
0.007126912407527724
0.03151762382110751
0.011964883554547686
0.008795931327797591
0.021348506843665415
0.008021881742477591
0.0077555736808982475
0.009190996056048834
0.007742424727148495
0.006248018519873654
0.004717032902422037
0.0031589364957610856
0.0015833526258724813
1.2976602387580597E-14
0.0015813671279593475
0.003151018935390316
0.004699309784063116
0.006216737382104605
0.007694000992686316
0.009122058333466306
0.012830854881961007
0.018531901450030287
0.005764139454519965
0.02300245423489031
0.026198025645782785
0.016503174904718334
0.0287728330665577
0.014695786336623474
0.015636562649115376
0.019716550774902985
0.014690845256943322
0.015010603625956806
0.02274094026352383
0.013675225972498851
0.02268856397055045
0.015100400461987185
0.01482657614676512
0.02004665771882572
0.015812757501018338
0.014851032359586867
0.029786600118513844
0.015886383414240313
0.025342200285960296
0.02578218492259331
0.0047914434136543255
0.022004379007693167
0.010183978615098467
0.008975639047640845
0.007561755518894078
0.006102822496013116
0.004607868489184238
0.0030861338289871706
0.0015470136525619904
1.5302048001620995E-15
0.0015453766227167185
0.0030796058553009434
0.004593255909149709
0.006077031449698884
0.007521830580312373
0.008918800579132967
0.010913747870442863
0.00707907018652846
0.020063506168769653
0.0018808638660547461
0.0063219368271809654
0.023811233756484647
0.0034071329928285574
0.03132094363670715
0.019363584660406614
0.018043293005240987
0.02145401866208459
0.021651959391384458
0.026534606428449396
0.02659805247519241
0.02624830245879724
0.021245014276962595
0.02084453431210776
0.017663891157955865
0.01871937508640033
0.030773281703693235
0.003437565352610472
0.021622094396319833
0.010441398453173743
0.00172357382268912
0.017479943524327513
0.01305253760930998
0.009552288679271263
0.008799235330315751
0.007413839913156526
0.005984009696899837
0.004518586115973717
0.0030266216949463185
0.0015173242190130085
1.165757025829308E-15
0.0015160034130016842
0.0030213547264732704
0.0045067962456042405
0.00596320071593918
0.007381627315081891
0.00875337645161027
0.011671874698889735
0.02142715655551041
0.009775777840952219
0.028607783335109476
0.020507156325042533
0.01784756063461546
0.03431416994204441
0.010717629636903708
0.018603573843840836
0.021993344589248662
0.019762474250339855
0.02012523748557748
0.023252428766046957
0.025491615081567203
0.023619055953412457
0.020392362072089408
0.02016410427054711
0.02181011951730483
0.018813662203661263
0.009210458644210908
0.03439704885528305
0.018548864717417114
0.01863861984469276
0.026897740933813124
0.011658075290410116
0.017148701497658618
0.012877196179708027
0.008658364370337136
0.007295813132387256
0.0058892816821029
0.004447460615540954
0.002979251493708701
0.0014937119704702656
4.152720950482491E-15
0.0014926825330973724
0.0029751464146990413
0.0044382715853817575
0.0058730631612196145
0.007270706647694814
0.008622622008381153
0.008136401471924043
0.021925653639827725
0.014644225156113843
0.010505942235108041
0.028144709489560885
0.01655174602919861
0.0032835221884814168
0.027838013715392008
0.018477313349520328
0.016050216858252343
0.016085033010312135
0.01636325785061177
0.005500762094489483
0.010209049102628135
0.005386494530512849
0.016363360941256747
0.016086756848213746
0.016341114227477305
0.019095092913749945
0.027868296776966527
0.0032140917413491154
0.016213916384576536
0.03203122287457506
0.013456490582208028
0.01734668149280726
0.02214017986532463
0.0113716060209344
0.008550408863435999
0.00720548440608595
0.005816881820226578
0.004393174290411048
0.0029431464544575196
0.0014757402795352182
6.840938310703924E-15
0.0014749835446396737
0.0029401288293599216
0.004386419477502233
0.0058049596661310845
0.007187028762765966
0.00852413485866214
0.009712718757149446
0.0031223743763711996
0.010065433465192312
0.015033919730671027
0.010807272715619905
0.01741535586460148
0.029058179965235298
0.007133524303983404
0.018253713711862005
0.017573726968967196
0.0208871369810149
0.021125528816190012
0.04283121367666627
0.05211781968265477
0.04304856619322656
0.02095105569001639
0.02062570936325951
0.017090584450477182
0.018034349340697243
0.008188124759064015
0.02723117218863649
0.01639487532369521
0.00869762508258726
0.010230746193833259
0.006632387508487268
0.004232765561672494
0.005384940905284146
0.008473430582416563
0.007141233191081272
0.005765512186410541
0.004354754658462739
0.0029176602675275703
0.0014630876723588804
1.1991237041391859E-14
0.0014625903074086627
0.002915676929886834
0.004350315050560322
0.005757676340100263
0.00712910320723063
0.008456161982302791
0.017640310448528006
0.01558602439148034
0.023247850943484697
0.019495185275886496
0.03588211722383689
0.01604732872886994
0.010517900443425734
0.027134158735724397
0.022242066379552776
0.01955080507917144
0.017534658000360328
0.017834236168452578
0.010867784305488728
0.011569718929213893
0.010737816067249112
0.01790301519058916
0.017637120832675268
0.01958853323471053
0.02212990128173176
0.026171748860138833
0.012519033170460441
0.015974984210901915
0.034012413035990174
0.019869049878272916
0.022689581400214775
0.012199405856473862
0.018059938849284037
0.008426082790694405
0.007101936019146946
0.005734275035351761
0.0043315306473120626
0.002902348001848141
0.0014555333780320492
1.6074090654084795E-15
0.0014552867977656138
0.0029013647161540024
0.004329329608807482
0.005730390233514891
0.00709592230064117
0.00841752148700776
0.006917501912465238
0.011079634867915928
0.007492207126176567
0.010932487628398274
0.015607966160398428
0.014369490934050138
0.020358563071343573
0.015167266285917701
0.01818407151646241
0.016426812792137348
0.018066767243545737
0.01834335497324463
0.029146141946674003
0.030124664839433338
0.02835173939295363
0.018320385218327333
0.01803220146544307
0.01678396366936439
0.018628933177094045
0.01683003564854958
0.019312932306802574
0.014670411336305417
0.02035357432582675
0.014497735851399653
0.013081433278911314
0.011088785419670382
0.0121791670818511
0.008407551610461595
0.0070869176238657445
0.0057226337778109185
0.004323103446447351
0.002896946794169375
0.001452947753973591
