1.0
0.9989725854527314
0.995894139718449
0.9907760398146934
0.9836371918337713
0.9745039478168541
0.9634099899352783
0.9503961825331833
0.9355103927392284
0.881786107101095
0.762240836423676
0.6691817100331582
0.6396105526532645
0.6535265007178941
0.639758526674285
0.6502287303399599
0.632282347556527
0.6141871017474391
0.5941441593280248
0.5649837159970744
0.5343967905571595
0.5031075755716331
0.4703191766760774
0.4293499115806783
0.3862405577184167
0.34499232964662113
0.27844361658945793
0.23221818881389497
0.16537564760769338
0.13591994079093034
0.1689599716839604
0.2299842142754227
0.2339567767589834
0.20167312991975384
0.17008068053330946
0.13927376632762728
0.10934235931995512
0.08037172439209725
0.0524421016274363
0.025628413765296978
3.693580462430212E-17
0.024379622781927283
0.0474529703716821
0.06916877240348801
0.08948212364992697
0.10835460493099847
0.12575437327165595
0.14165622109465467
0.15604160438810852
0.205467022253235
0.30216047371384747
0.36683626694702975
0.36567943875597114
0.33616407632908335
0.3159063417281087
0.29461180865473335
0.2918445880206487
0.27778450158436213
0.26947282670730177
0.2614624432535311
0.2566478133962263
0.2506328611375461
0.2483415436640107
0.24571945799095826
0.2505203287149928
0.2422701751868895
0.2490891209107755
0.2657484525775736
0.2856075529756997
0.29090149012619626
0.23604981624063168
0.15272927969571706
0.10413347464621632
0.09130375337943765
0.07826434592780045
0.0650953767031484
0.05187566279556168
0.03868235100081247
0.025590567982649925
0.012673085182488606
4.435525648562128E-16
0.012361565328205435
0.024347745827528158
0.03589819564672779
0.04695632858088957
0.05746953627456614
0.06738938324713169
0.07667177800935385
0.08527711967004813
0.05766719439086266
0.04272110698530357
0.05210271892718541
0.06463600031570323
0.07302523271871776
0.11327291975018297
0.12377791210784396
0.12593260451593255
0.1457913192572457
0.14870189743460602
0.15650862686585962
0.1572677724502967
0.1572548563643628
0.1503155769800286
0.14883552479378184
0.1305067996651818
0.13042164602060158
0.12516255978555646
0.08631933028139555
0.07747990650638804
0.05458009748875234
0.04535101376913895
0.04015398385667276
0.06711710121238262
0.05913896231121436
0.0509382213260022
0.04256756538062768
0.03407978162745299
0.025527457685862585
0.016962687462070872
0.008436783880031792
0.0
0.00829874005959585
0.01641209904919193
0.024294572090918332
0.03190271856496259
0.03919537927375588
0.04613387787015438
0.052682205632238556
0.05880718876800796
0.09833378974904697
0.11805834311420269
0.117836277059449
0.070970512163999
0.05926076433016048
0.029732286361888866
0.04024066193549766
0.05382911488031661
0.05136999042408825
0.06151212014095931
0.07220094476423848
0.07290110100331879
0.07340014996986641
0.06319822170571908
0.05470476449916032
0.05391102768181349
0.03434240314327858
0.016726283976464418
0.03646959300466624
0.037797003582503055
0.0825689969870658
0.08828115306921193
0.08792060303658641
0.04963964052493872
0.043842373363554565
0.03785067190997319
0.03170319158088214
0.025439031390899626
0.019097499119956663
0.012717877975440927
0.006339196069148042
1.150674506437501E-15
0.006261866202461918
0.012409475561784384
0.018407024902624934
0.024220032755729114
0.029815527373656642
0.0351622238776097
0.04023068962729725
0.0449934969817802
0.017755715172114203
0.05904431836850815
0.08023409055425174
0.12012168944891548
0.1196161653198608
0.13351121074548508
0.1407743783073484
0.15665863268855582
0.16016043371696798
0.15402966769964074
0.14809818247016363
0.14719242015648032
0.145899751274048
0.15068657098053553
0.15567945058775853
0.15339540337375066
0.13398905367201455
0.12274848354688822
0.11412112442537987
0.11805797431541289
0.08371862619635818
0.06514838683633653
0.013595455188310498
0.03948997423526388
0.034926611005348114
0.030194876749063824
0.02532521601994361
0.020348602879241343
0.015296350844879727
0.010199922616159617
0.005090740693767794
1.4876768192569454E-15
0.005041516417229344
0.010003617540091436
0.014856879372913065
0.01957281378612323
0.024124030271787878
0.028484389719772907
0.0326291493777513
0.03653509821676773
0.0691875445931204
0.021348232302305314
0.015612633895961979
0.016246821829727545
0.009072571000763082
0.01531514134533011
0.03153203003300681
0.06063828292679428
0.06347167346149461
0.06348626101498948
0.06636325000465965
0.06572779362872108
0.06485268519134049
0.060665431654365914
0.059167444699715604
0.055091855730006495
0.02994985751703344
0.02143937112698226
0.017171785004074746
0.019612126815848147
0.01233904056236623
0.00734312646331683
0.06384397330214941
0.0328786313783309
0.02910609616760851
0.025185915879489935
0.021143214447611233
0.01700365428408344
0.012793277347070031
0.008538345181073164
0.0042651788904584246
1.3606026894100752E-15
0.004231226855954125
0.008402948491872031
0.012490174076164845
0.016468621510457925
0.020314858443545875
0.024006437118550772
0.02752202229395077
0.03084151152597096
0.008006337335040324
0.07427478114781154
0.060281166066088604
0.06660294076102505
0.05695437760857005
0.06136364072416474
0.07309498774672275
0.0823562278465693
0.05939332317294707
0.05347308998393842
0.051875760140136215
0.05240764305350403
0.05271558504485171
0.05154255367745061
0.05453029473090948
0.07509301013045085
0.06788952967297238
0.05784417792540392
0.04653002043297111
0.0511049227959786
0.04629937229640599
0.07248543634024368
0.007207084160474776
0.02824540780962688
0.02502101131459081
0.021665227760588504
0.01819948054447708
0.014645715469344641
0.011026264246840738
0.00736370658208378
0.003680731678742215
2.164458055331197E-15
0.0036559938856948635
0.007265056556973978
0.010805428289310361
0.01425591212285229
0.017595998694534726
0.02080598611094223
0.02386709417238887
0.026761572296943033
0.05202497120441207
0.012282287900064536
0.04020106667038031
0.043926972670560005
0.053212530185394805
0.025157229674195532
0.020299921275705183
0.03238769193230081
0.06064650043000683
0.06821324874481276
0.07489915640732114
0.07532017161135106
0.0756079370395547
0.07038316363111366
0.0640827809668009
0.03701893491955937
0.017436180392960673
0.0217429051310183
0.05517706256040591
0.04600417204020472
0.04933602144837615
0.013093811851859722
0.04810266250168689
0.02483035701418467
0.02200678902194772
0.019064718399566662
0.016022861053661276
0.012900431665656884
0.009717023953108576
0.00649248932349351
0.0032468146625340556
9.753609502865632E-16
0.0032280632073155265
0.006417712443588713
0.009549632433255927
0.012604970668227227
0.015565449480292256
0.018413474000511677
0.02113223537558283
0.023705808643467365
0.00718345931371206
0.05496332731237733
0.00547181737684528
0.022177691730237994
0.03228516870471961
0.07335734358840114
0.06650829475425965
0.06395757021238019
0.0780453178408976
0.08768530492673339
0.09925935434495856
0.099079984295428
0.09870567994120598
0.08772625379432578
0.07820575508889792
0.06341522531214701
0.06731319775794224
0.07594268548443764
0.032680417884591376
0.025591103742039066
0.007878341560934442
0.047121135609070885
0.007729412845615231
0.022219107024006365
0.019700210362086863
0.017073170655951073
0.014354647114383081
0.011561772961425288
0.008712048594941816
0.005823233049987905
0.0029132344336105153
1.377387319882017E-15
0.002898593465301709
0.005764848289296013
0.00858135292930972
0.011331086723562055
0.013997521750362294
0.016564721191939823
0.01901743362329375
0.021341182673570033
0.03871025145947845
0.014656000407321646
0.05992084750181648
0.022958874181946545
0.04197291008135771
0.024999464786697723
0.010717815406029311
0.04734880128394057
0.05747837614864663
0.055382550160475136
0.03709176464256484
0.036166732482576576
0.03520224891889299
0.052254246986117386
0.05401524235040616
0.04589235136118859
0.012227034399807487
0.024817950681022345
0.03819606790395055
0.013549981737146386
0.05570623488586914
0.017151487093539645
0.03543948612255575
0.02016655638883439
0.01788605536620374
0.015505857279755595
0.01304101371229746
0.010507026791997954
0.007919752519504617
0.005295302366411721
0.002649943750818811
2.4400792991845873E-15
0.002638249589547597
0.005248668987355188
0.007815363359246041
0.010322775102726934
0.012755777411738068
0.015099764812142332
0.017340740130545797
0.019465397382424955
0.010052946190935675
0.02698407187938588
0.011922255506172276
0.05228780501323338
0.028144648239435965
0.05447137761921775
0.044654112850460365
0.03027917892735018
0.03291379531437927
0.03812403022584697
0.029127061475308667
0.028338038009580468
0.0273732825330575
0.034642275682562784
0.027776233497143216
0.025365940284926954
0.038319699104346
0.046380069169029356
0.024029437909049645
0.05623753702485591
0.014138216705332994
0.022645408961857683
0.011150328921433302
0.018518518518521435
0.016428752422942904
0.014246258644907802
0.011984803983148907
0.009658584444420634
0.007282136745883882
0.004870248084483733
0.0024378647295411975
9.929177058334986E-16
0.002428357810784625
0.004832337001508692
0.007197272964717972
0.009508797076714363
0.011752923439941028
0.013916132957619171
0.015985454238324818
0.01794854084947376
0.027489842446195772
0.023624858794522505
0.027958496903457936
0.012887177551185888
0.03830836135264221
0.03890540837587494
0.048798844163019224
0.04882814384650391
0.05267318355982953
0.05022391634601693
0.06782984999573582
0.0684348771807936
0.06884326588027967
0.05234688982069993
0.05471877263090795
0.04985902966240361
0.054410077433382206
0.04237124546674606
0.042148077330166074
0.012389955593428658
0.020480094887540632
0.02446933006990843
0.02472667104717895
0.0171732096400466
0.015238710305113081
0.013217291849711607
0.011121676278224727
0.008964995797924823
0.006760710998603562
0.004522527309869845
0.002264310251767922
4.466019350795497E-15
0.002256474210776762
0.004491279322587961
0.006690762809971414
0.00884153564420194
0.0109305533643672
0.012945194766962898
0.01487333774186339
0.016703431801371266
0.01427733597323749
0.015214586056799956
0.02865783529861124
0.04471594102825735
0.006005045726182498
0.01695629565045582
0.02210632081440867
0.004026748509930146
0.011170322023741361
0.020172125059843015
0.019934596013985714
0.019595066528460665
0.01938652349180353
0.020060737141746676
0.01091452115220139
0.004593551828159878
0.02147160782975806
0.015369477652335975
0.0093939776917639
0.03679076646543171
0.030000715316538615
0.014049965917200128
0.015476030472249392
0.01606079112866088
0.014254402945584135
0.012365975136841493
0.010407368373054247
0.008390836793723972
0.006328951709569299
0.004234523600872756
0.002120522893435383
1.231893365932077E-15
0.0021139948823764446
0.0042084917280629285
0.006270679904199184
0.008287986175754661
0.010248151021485175
0.012139302799506048
0.013950029315998468
0.01566944636728298
0.01813840900814215
0.02560151455099229
0.013903475390495895
0.018333356427574055
0.05136117850358402
0.03307053367347726
0.05919095040298489
0.039424604872925824
0.047040448461934
0.0545043190463274
0.05298106174428605
0.052378280087890826
0.05161015581578272
0.05282478820785461
0.04407507408700297
0.03654831599433516
0.055265354561395724
0.028101410326553205
0.04870429396423744
0.023885495179485274
0.016118373440386746
0.026250934593660187
0.01591843681751109
0.015131808464325852
0.01343223112504765
0.01165473742611686
0.009810470346246672
0.007910951711347937
0.005968010510533742
0.003993709529245916
0.00200027075283236
5.205321735174218E-16
0.00199478875087134
0.003971848879045956
0.005919076020933263
0.007824581895460266
0.009676766606715872
0.011464388985840141
0.013176634547165993
0.014803180649468102
0.018445883557376547
0.014303342524101923
0.019537290796444885
0.012967081660738152
0.01602891759701838
0.026225542492958543
0.009161416320592208
0.02265834955396637
0.023134411477920693
0.01570739084591474
0.0234079488715646
0.023985642591163536
0.024402237985971
0.017026727807405804
0.02567225186619091
0.024805356547089992
0.014378271536456043
0.02789220528149357
0.019044441146601098
0.012373808015883796
0.014070161487304184
0.014667156056601488
0.019449105261769937
0.014350319253919358
0.012740489276206066
0.01105624082002972
0.009308114012793535
0.0075070151351597485
0.005664148820683118
0.0037909485941322817
0.001899006177585028
1.2770122214983733E-15
0.0018943766504769222
0.0037724873907040097
0.005622823984447235
0.0074340766270626635
0.009195202845303696
0.010895494593686134
0.012524643141226834
0.014072801356564767
0.010858748407201784
0.027162681235079957
0.02844440604353351
0.030712839669739787
0.02275248417803815
0.01618272493235533
0.028976961153608306
0.0160908947607095
0.013474042838012155
0.019817461019101045
0.013161978953803655
0.013175335026457164
0.013069168567653739
0.018852178452966144
0.013063896595167216
0.015372443948687404
0.02641230330765631
0.018130707961839302
0.01816899664787009
0.028209905072676292
0.0313635146124448
0.026231375188299117
0.009254926508467133
0.01368963323242516
0.012155621864995778
0.010550164881392455
0.008883293100563591
0.007165392548765886
0.005407139946442882
0.003619436553903264
0.0018133407843672477
5.07097558068454E-15
0.0018094180900293441
0.0036037940082473503
0.005372124644472503
0.0071035905320645815
0.00878762185459925
0.010413962781394887
0.011972733741572638
0.013454491259361852
0.02162413380734095
0.013150685583667802
0.003453466966062617
0.015636258686979616
0.03507983999539433
0.019222475480773354
0.027131195391196274
0.032473836355021
0.03561469296792967
0.02991449786005355
0.03256150491154345
0.032415253558170494
0.03212997162812759
0.029605940531545652
0.03449591881065736
0.032183851466419285
0.025958890774254357
0.01694766359287314
0.03513561222956163
0.017110808101142076
0.003726142085179891
0.012537693592406063
0.02224035191176674
0.013129576318161577
0.011659817132512478
0.010121138014666816
0.008523137976572311
0.006875761877446536
0.005189238702478011
0.003474018218228732
0.001740706395820333
7.288121510321955E-15
0.001737379253526041
0.003460750568360177
0.00515953956148469
0.00682334298065668
0.008441992249952028
0.010005615456467644
0.011504697401005265
0.012930137348569657
0.005896633858079478
0.01932249737127456
0.030719082175844986
0.017037633741652985
0.011802075113866035
0.028627556133991042
0.019139747832710663
0.017273380716105093
0.022129942782423462
0.01861369317620942
0.019962595867537555
0.020123344146845534
0.020148482447236524
0.019096569364866128
0.023341717337420874
0.01746332219392506
0.021694262712230752
0.027616116778284596
0.013424908412556974
0.016697907606893995
0.027673109513892964
0.016462847648063335
0.0049584776551138965
0.012654679837933615
0.011239413419891963
0.009757366466501062
0.00821777141826444
0.006630198648207765
0.005004497114999015
0.003350733407383256
0.0016791295566420943
4.19245058584852E-15
0.0016763119168766742
0.0033394975084918175
0.004979345999426775
0.0065858070681770855
0.008149052303006665
0.009659535194477332
0.011108049299687811
0.012485784224264357
0.023240078985572378
0.016192526747801715
0.009059499822748208
0.01569912155174777
0.02074359338333715
0.019372292129145312
0.02626228039372806
0.023430131008814418
0.013697804712427196
0.019126739689967497
0.020768135411339844
0.02083415162362629
0.020772790685047237
0.018809793393179446
0.012463606308003436
0.021975731622827892
0.026228851184727554
0.02254451622993402
0.017621214354603978
0.01279600328045148
0.01272818949597729
0.018289881067004726
0.023370939251964637
0.01225295098388534
0.010883816402490342
0.009449702303216529
0.00795953029846841
0.006422553345599034
0.004848298416953443
0.0032465075731296293
0.0016270778027893257
2.7896243786264805E-15
0.0016247025454967361
0.0032370357671739026
0.004827096171890842
0.006385131545152007
0.007901600640552
0.009367231488452395
0.010773077968522208
0.012110574301547827
0.0033684822065332934
0.010409041439952015
0.01693721476638656
0.026216138986281366
0.02324548443750656
0.008764033513959303
0.026321099273107846
0.02367956028988563
0.03139925458787141
0.022416941633561466
0.020168442997417053
0.020279495369332025
0.020276779705545544
0.02223542124502762
0.031114236288400567
0.025879046160476777
0.024471420888249
0.0063078019457305755
0.022538992617460635
0.029823440465010866
0.015448825700931087
0.009526332087585252
0.003093331707470695
0.011915019650552444
0.010584747402740869
0.009190996056045377
0.007742424727150081
0.006248018519875524
0.0047170329024217444
0.0031589364957606996
0.001583352625866942
6.645349127428744E-15
0.0015813671279488299
0.003151018935384163
0.004699309784065907
0.006216737382102548
0.0076940009926875575
0.009122058333463596
0.010492180819394174
0.011796006812017307
0.023053624932026767
0.02010715625234712
0.020665779031543378
0.007300294011580778
0.019173094500913018
0.033393061828033456
0.017235269126044846
0.019979349671579858
0.012500458971003558
0.022080230669507154
0.02502648098470935
0.025117884915239183
0.02511331108888927
0.02263022123625151
0.013460170604379929
0.020731830703288597
0.017462402786957675
0.031670776877026414
0.022835453311669314
0.008351987121668491
0.020485186570878406
0.018552379397393237
0.02268875948085677
0.011633535736640771
0.01033571216539344
0.008975639047644072
0.007561755518893887
0.006102822496016106
0.004607868489187784
0.0030861338289885115
0.0015470136525612599
4.6294295050573976E-15
0.001545376622717653
0.003079605855299547
0.00459325590914664
0.006077031449706317
0.007521830580319242
0.008918800579133775
0.010259392048038378
0.011535411143215803
0.0031828255605250606
0.011792165891699848
0.013857419781051723
0.037027291292055606
0.006866044639029779
0.011370476615367343
0.020724468524300103
0.04157572596813902
0.019551472289396472
0.02057907545574025
0.030905940988366062
0.030928122169040607
0.03084489464428146
0.0204712421549486
0.01823137626257198
0.041350935359550305
0.021042660398819385
0.015301407394410596
0.0053507559052792045
0.03613402120739153
0.014319373365594293
0.014743450795142953
0.0035052326018962816
0.01140273738291637
0.010131620185264287
0.008799235330317219
0.0074138399131580286
0.0059840096968972935
0.00451858611597608
0.0030266216949508115
0.001517324219017866
5.557812761856063E-15
0.001516003413000824
0.0030213547264709797
0.004506796245601159
0.005963200715935599
0.007381627315086745
0.00875337645161134
0.010070043035635249
0.011323567895694208
0.021135530753204564
0.009070625023579146
0.01403648565782895
0.002531294858205547
0.039234257835978434
0.010998934863161565
0.021396906387125637
0.011987175339318715
0.028451923956584517
0.02954749299748036
0.01673171182473136
0.016800751417817717
0.016778999468822695
0.029639885758170247
0.02975649069869688
0.010167223991978688
0.02116223151483688
0.008731799245808412
0.039899505313966764
0.0013289955249567481
0.011930761459738287
0.005440605646008323
0.020344582554580583
0.011218138743395492
0.009968509378495407
0.008658364370338257
0.007295813132383139
0.005889281682095184
0.0044474606155456295
0.0029792514937116857
0.0014937119704673874
6.089947326504226E-15
0.0014926825331015232
0.002975146414708992
0.00443827158538284
0.005873063161211232
0.007270706647693207
0.008622622008377979
0.009920516256841875
0.011156434250420665
0.005019882735156525
0.02528290310619908
0.018946432662284404
0.02716557497564773
0.005545681145825009
0.026690429391897218
0.014125607833239393
0.02034061494314628
9.514464829087041E-4
0.008566222432188991
0.013850564350390275
0.013861953449155655
0.013815749735440891
0.007658211735428271
0.0022203398818416375
0.01738770782312332
0.012899265133335412
0.02520266434952417
0.004627165251218287
0.024847137634188884
0.019964427594170372
0.027762077263727685
0.0058140503508616525
0.011076303439830508
0.009843346313623496
0.008550408863431188
0.0072054844060921485
0.005816881820233892
0.004393174290419907
0.0029431464544579936
0.0014757402795399436
8.67296071047007E-16
0.001474983544650392
0.002940128829354118
0.004386419477509004
0.00580495966613429
0.007187028762758383
0.00852413485866308
0.009808066870156833
0.011030944889169992
0.01783104541371096
0.0027268637973243983
0.008015581957190349
0.012271611628411639
0.02874157342943021
0.016025268218908893
0.024497688445676978
0.03246380008972477
0.04249023915863901
0.03361343960515745
0.04858374812648958
0.048933308444016346
0.04916414033572405
0.03388751352291295
0.042746274328189046
0.0347528495324181
0.025051672092461636
0.019082637455943414
0.025814534590698313
0.013517362642548311
0.008267346498875667
0.0038868719693720038
0.016749851064063313
0.010974681112932887
0.009753882124993722
0.008473430582403291
0.007141233191079197
0.005765512186410536
0.004354754658458975
0.0029176602675274753
0.0014630876723708101
2.0631598937176126E-14
0.0014625903074109345
0.002915676929898918
0.00435031505056101
0.005757676340104871
0.007129103207232597
0.008456161982299822
0.009730694707834001
0.010944869218235823
0.008354515733842747
0.027973314172043382
0.020095709093410925
0.017180523686702254
0.019591411735892565
0.012561298241953988
0.009337433791031361
0.007083036029063829
0.009352862677177429
0.014859604353456658
0.016705626737909634
0.016364434226046245
0.016096010203071127
0.015586008300267878
0.009189836855581635
0.005826960500334949
0.01023555589561156
0.012250951072568015
0.02208800799522531
0.016004514362878003
0.019555309017368364
0.025528819776730056
0.009446860521263988
0.010911491925404991
0.009698550779599855
0.008426082790688913
0.0071019360191467455
0.005734275035346484
0.004331530647311106
0.0029023480018539193
0.0014555333780363422
6.755891003308216E-15
0.0014552867977698052
0.0029013647161495637
0.0043293296088091834
0.005730390233525527
0.007095922300624758
0.008417521487011572
0.009687055090157708
0.010896712005367445
0.013701616141725824
0.010133495172069257
0.014094942079789532
0.014927098084944421
0.023067690698577677
0.023631459344644654
0.022668091946912508
0.028069944029579033
0.028877263580753446
0.03002523340970958
0.03267918674925221
0.032101251695371695
0.03140324704719247
0.029340385548278093
0.026663317205909084
0.02477892494916825
0.02153615013538988
0.02165401111021739
0.023775022580605303
0.014977171537005665
0.015914221084373403
0.013968306947590327
0.01251247987175784
0.010885648950797314
0.009676400843697499
0.00840755161046302
0.00708691762386452
0.00572263377781699
0.004323103446456129
0.0028969467941749706
0.001452947753970867
