1.0
0.9989725854527292
0.9958941397184472
0.9907760398146892
0.9836371918337676
0.9745039478168511
0.9634099899352755
0.9503961825331838
0.9355103927392293
0.8819050144194026
0.8084501039293638
0.742784213381536
0.638605407982859
0.6162767113346083
0.5831166268941804
0.6222281220981841
0.5955169496003466
0.5943219460234129
0.5478696249893855
0.5262668644902212
0.4775804468790417
0.4640227160923094
0.42405252889783324
0.40833825476335595
0.3498450804779407
0.3169207785105848
0.21954947265864522
0.1952086427298812
0.16067733598748646
0.20731505650587606
0.21495842256081374
0.23153390709376123
0.2339567767589832
0.20167312991975345
0.17008068053330913
0.13927376632762709
0.10934235931995408
0.08037172439209697
0.052442101627436316
0.025628413765296752
1.6460752803425516E-16
0.02437962278192728
0.04745297037168194
0.06916877240348782
0.08948212364992675
0.10835460493099779
0.1257543732716552
0.14165622109465434
0.1560416043881078
0.20274238781664342
0.26086823570951917
0.30722191894792567
0.38403497467954256
0.37922320880325366
0.38518981093938465
0.32690979589613245
0.32520932146571085
0.30657162023281503
0.31324730453836025
0.3083757057523295
0.3176364375299787
0.2979457008879714
0.2916479492954097
0.2762681834007331
0.28276770491590175
0.275344168330111
0.3223305595304651
0.3110391040117635
0.31439069845444356
0.24266923415631775
0.20012831979556137
0.14752037452927122
0.10413347464621661
0.0913037533794374
0.07826434592780017
0.06509537670314773
0.0518756627955613
0.0386823510008121
0.025590567982649675
0.012673085182488273
4.2546862767516853E-16
0.012361565328204885
0.024347745827527197
0.035898195646727915
0.046956328580889196
0.057469536274565344
0.06738938324713076
0.07667177800935265
0.08527711967004645
0.07226724384778588
0.08037291723551046
0.08837970344688917
0.05852176693615566
0.04617510847157353
0.040817364178071795
0.10379355668437129
0.10811158608117855
0.10755228536156106
0.11733073869845893
0.11114616846615508
0.11280644878382211
0.11244462239490416
0.12043111976353023
0.11018622849810175
0.11515165678542505
0.1116263034958912
0.052368825982802084
0.05065687076445137
0.05406175113737417
0.09041847169843283
0.08161563651650557
0.062141855208380704
0.06711710121238218
0.05913896231121396
0.05093822132600208
0.04256756538062879
0.03407978162745265
0.025527457685862516
0.016962687462070532
0.008436783880031086
6.530226504746491E-16
0.008298740059595876
0.01641209904919224
0.02429457209091854
0.03190271856496208
0.03919537927375522
0.04613387787015411
0.05268220563223818
0.05880718876800669
0.08475388325687216
0.10489800458783673
0.11005146121877268
0.1263946322571132
0.09473088570335941
0.0848970753405845
0.04455004300177458
0.0531079975480452
0.05731178840322665
0.05554460851198646
0.06355970386179458
0.07311507569755968
0.06167525229322042
0.05187707090610381
0.04892136315557443
0.043213300450448563
0.02522304222665979
0.059936653052961655
0.0656804502207963
0.0917165006048417
0.08094749856097612
0.0824976733093261
0.0708681225215424
0.04963964052493751
0.04384237336355471
0.037850671909973474
0.031703191580881994
0.025439031390898696
0.019097499119956885
0.012717877975440717
0.00633919606914743
8.549349443785334E-16
0.006261866202463926
0.012409475561784714
0.01840702490262468
0.02422003275572987
0.029815527373657464
0.03516222387760845
0.04023068962729727
0.04499349698177867
0.056087266309183946
0.07912271192578627
0.08430253178933321
0.06766357078776233
0.10289930602949791
0.11670315240342084
0.15144174657598602
0.1521264140950367
0.12804353954144265
0.15036483011795676
0.15152047272460747
0.1732933827235335
0.15116201082947459
0.14862577179624184
0.12597059618480774
0.14927145562870417
0.14946914452400012
0.1185786050853873
0.10877555591727357
0.07634011580713486
0.08069030083880922
0.07492735355766808
0.0556176312242615
0.039489974235264715
0.03492661100534863
0.030194876749064275
0.025325216019943773
0.020348602879240674
0.015296350844882225
0.010199922616160418
0.005090740693765246
1.0126248897208379E-15
0.005041516417227965
0.010003617540090508
0.014856879372911112
0.01957281378612175
0.024124030271786643
0.028484389719771554
0.032629149377747066
0.03653509821676746
0.043269408605040575
0.02933574036972588
0.018269179770744555
0.04792813799574771
0.048407880956756084
0.02665166289065985
0.019628558251148183
0.04398129229856957
0.05616244719553659
0.06547696203813459
0.07177235088287115
0.07256139106989318
0.07197931694390063
0.06687207467311061
0.06043542429463331
0.04561832744634347
0.015294048796115536
0.022463340517705755
0.04862582212639572
0.05467749038177069
0.025919974000899126
0.019127306789568577
0.034929198785044635
0.03287863137833164
0.029106096167609497
0.02518591587948979
0.02114321444761034
0.01700365428408403
0.012793277347068352
0.00853834518107319
0.0042651788904561165
3.0078097041969947E-15
0.004231226855955073
0.008402948491872815
0.012490174076165001
0.01646862151045732
0.0203148584435454
0.024006437118550075
0.027522022293950656
0.030841511525971727
0.05312927762679883
0.05559448696181277
0.06522788219299824
0.08206764295796608
0.08863531319490967
0.07641151433761706
0.09148807699861485
0.0851340385942233
0.0893410230973394
0.08308769727785106
0.08773749782792632
0.09306085514551699
0.08553706662857809
0.07972822138009572
0.08764011241342486
0.07838303909146858
0.08304260233811936
0.06697917660949901
0.07843515616661707
0.0750761257322892
0.05936320183315528
0.047869494638237475
0.05137359159312454
0.02824540780962812
0.025021011314591245
0.021665227760588844
0.018199480544476287
0.01464571546934178
0.011026264246838004
0.007363706582082349
0.0036807316787415643
3.778749029554921E-16
0.0036559938856948254
0.00726505655697302
0.010805428289307811
0.014255912122851735
0.017595998694534997
0.02080598611094289
0.023867094172387585
0.026761572296944702
0.01717558985280345
0.033414859191424576
0.052891287537910586
0.05456418773379042
0.01925956488967672
0.041808833824902636
0.054600530407561236
0.0779227322462831
0.09388896243943166
0.08435716948474312
0.07641837194841165
0.06028495248662833
0.07626349625723039
0.08341069718772282
0.09292179812257924
0.07927400799709172
0.06125679752631758
0.0494360231388868
0.015665067509997077
0.048625771926507425
0.05478978478030285
0.04076729302323432
0.0122498114542823
0.024830357014185112
0.02200678902194803
0.01906471839956559
0.016022861053659763
0.012900431665656312
0.009717023953109374
0.006492489323495029
0.0032468146625364435
1.483876408874427E-15
0.0032280632073140407
0.006417712443586284
0.009549632433252683
0.012604970668223286
0.015565449480287355
0.018413474000506087
0.021132235375584698
0.023705808643464558
0.044654001212278714
0.02444690912075928
0.03391490632493657
0.035108315863460506
0.056787479623281234
0.06294209588046591
0.06918795303517143
0.04318097446155917
0.061895081805342866
0.02819583771698284
0.01906385703618577
0.011776476157821956
0.018451638833769542
0.026892328370577746
0.058828949803368315
0.039743415728653926
0.06833582680826078
0.06476667976937148
0.05865271970085025
0.030233569743445855
0.026249956400533004
0.017326544425860724
0.04146726380730961
0.022219107024002014
0.019700210362086475
0.01707317065595337
0.014354647114387931
0.011561772961423133
0.008712048594941787
0.0058232330499901
0.0029132344336067254
3.7443752429481996E-16
0.0028985934652999293
0.00576484828929638
0.00858135292930823
0.011331086723557458
0.013997521750359482
0.01656472119194091
0.019017433623292536
0.021341182673571282
0.008465558480086633
0.05309329620233916
0.044758655640795876
0.027525060560194967
0.023759280352712808
0.05087909382527698
0.05675449998830853
0.04509186234051128
0.03250279605771415
0.030821549722830105
0.03955551107480174
0.06270085909852392
0.03813133048489175
0.028430988308348868
0.025729360306520288
0.038138745427711125
0.04941027593245946
0.043885564541489744
0.020920946886176024
0.02520909132998048
0.038879953248778215
0.053752027694762776
0.010315740825760686
0.020166556388837454
0.0178860553662063
0.015505857279754018
0.01304101371229615
0.010507026791994306
0.007919752519504619
0.00529530236641096
0.0026499437508182306
4.831762676411578E-16
0.002638249589550064
0.005248668987355762
0.007815363359246923
0.010322775102729798
0.012755777411737501
0.01509976481213914
0.017340740130545082
0.019465397382425566
0.032191796686291345
0.006506178255515892
0.019189907176643137
0.04082185745759415
0.056100527921060295
0.0578649854624557
0.045517624901575966
0.04841013165385481
0.0650657938218756
0.07008895406674129
0.0631620027050469
0.040737016414842134
0.06441482155085516
0.07205391375918328
0.06798489781391433
0.05292423891934439
0.044155816613499946
0.05639035300745962
0.05248094054765561
0.041917714853382686
0.023261903588893598
0.009676934199981984
0.02863557697829845
0.01851851851851675
0.016428752422940292
0.01424625864490531
0.011984803983147404
0.00965858444442079
0.007282136745880893
0.004870248084486823
0.0024378647295420688
8.551660000897007E-16
0.0024283578107865966
0.0048323370015081095
0.007197272964713547
0.009508797076714075
0.011752923439940034
0.01391613295761939
0.015985454238317966
0.01794854084947522
0.015287799213281519
0.04688753921311022
0.018246284111460113
0.014157753825880295
0.014004035506616776
0.006807344064706026
0.02319600997155194
0.022175901602597883
0.03554291703558124
0.029895764130391706
0.024659748164859406
0.0040311674456962356
0.024826530580234953
0.029135554336573385
0.03684280055480597
0.023958040808728796
0.029605852939160463
0.013743135004790031
0.022290278217105122
0.012461413146725896
0.014115372014681434
0.04232287346029834
0.016458833446796273
0.01717320964004504
0.015238710305110377
0.013217291849714286
0.011121676278227991
0.00896499579792264
0.006760710998606304
0.00452252730987139
0.0022643102517660866
2.4706499590872686E-15
0.0022564742107743
0.004491279322588387
0.0066907628099745105
0.008841535644202335
0.010930553364364735
0.012945194766961786
0.01487333774186761
0.016703431801373327
0.020553727098586407
0.019027107812519796
0.03188573548287749
0.02901559589067134
0.03757330052705885
0.05112928905708094
0.05438025961632491
0.0668334243654515
0.07085616331720655
0.06552406216977456
0.07395617350726771
0.07508914649674207
0.07317629592595404
0.06361200174202016
0.06831959588007193
0.06505787217663178
0.054141668190860776
0.048284715269624356
0.03521527850910673
0.023743993888372634
0.03131625207542893
0.020962124646251332
0.018483401146994767
0.016060791128662103
0.014254402945588425
0.012365975136841498
0.010407368373056032
0.00839083679372133
0.006328951709569405
0.004234523600876773
0.002120522893438944
6.43469579130357E-16
0.0021139948823740303
0.00420849172805771
0.006270679904199968
0.008287986175755435
0.010248151021480459
0.012139302799506316
0.01395002931599765
0.01566944636728208
0.01722653070387593
0.025502561046080726
0.013809225935479877
0.03364422746726976
0.044008000506787465
0.02629517838491628
0.04685492025122034
0.01428091072192822
0.021362446916998495
0.008053124923086762
6.324234751186037E-4
0.01851851851851549
4.777029596938686E-4
0.009988444475542561
0.019690747036158137
0.012111413152993137
0.04524490951519499
0.025337547059946973
0.04367806143989388
0.03946714626518185
0.01601914420486277
0.019996461367544682
0.016683955576493426
0.015131808464328024
0.013432231125053864
0.011654737426116014
0.009810470346246079
0.007910951711346731
0.0059680105105350215
0.003993709529247161
0.0020002707528298936
2.3056784253788723E-16
0.001994788750870155
0.003971848879047561
0.00591907602093595
0.007824581895463834
0.00967676660671486
0.011464388985835135
0.013176634547167205
0.014803180649467793
0.016986438395173626
0.023084542656417534
0.020624820367566205
0.012267034993830325
0.017201591636856996
0.02215195745427917
0.03150261928576218
0.03916626484529938
0.03255087107532576
0.0342343593967325
0.030356720606667553
0.04617332453496451
0.029440682587588043
0.03331478887869669
0.030613995835554065
0.03652529347790408
0.02741396245864906
0.01931883239608026
0.013399602491858488
0.011464378243371735
0.01659766920185189
0.02270701831289258
0.017710224323482675
0.0143503192539192
0.01274048927620533
0.011056240820032802
0.009308114012791883
0.007507015135159596
0.005664148820684984
0.0037909485941288266
0.00189900617758641
2.3996691578086804E-15
0.001894376650476713
0.003772487390702286
0.00562282398444517
0.007434076627063143
0.009195202845304106
0.010895494593683143
0.012524643141225842
0.01407280135656604
0.01344743096837691
0.011957236030953585
0.023389207387566772
0.04696493632267226
0.026674446961415847
0.02737830441860611
0.028008772769468098
0.017320827500929694
0.02251319483282013
0.02141645240915758
0.029160056120508666
0.020681172770772603
0.029260481360592772
0.020997797235806855
0.0229164301433694
0.018515252115066543
0.026390174777143772
0.028522906628682194
0.022291176491324494
0.04452122598688215
0.02486768395361941
0.01344560811635485
0.011695453197187143
0.01368963323242264
0.01215562186499365
0.010550164881389145
0.008883293100557021
0.007165392548760917
0.005407139946445089
0.0036194365538994916
0.0018133407843695867
0.0
0.0018094180900263487
0.003603794008244254
0.0053721246444678895
0.007103590532064208
0.008787621854596367
0.010413962781396096
0.011972733741578107
0.013454491259359977
0.0207413979748957
0.019193070614547683
0.014535282762083606
0.0032290752581448086
0.026144494311663744
0.022376301164977394
0.018932746465722818
0.021845024023126536
0.020634966114769986
0.027411333590618887
0.01969344678754647
0.02154169277304505
0.02002100862702158
0.027692314488108934
0.020482294700639694
0.021159657882154865
0.019415746115206002
0.022234438395246768
0.029578499751423848
0.005251433399996792
0.017202350770411275
0.017504434945770576
0.021781830847848224
0.013129576318156222
0.011659817132515151
0.010121138014667998
0.008523137976577012
0.006875761877443061
0.005189238702476221
0.0034740182182237097
0.0017407063958149052
9.676248356460242E-15
0.0017373792535257122
0.003460750568359781
0.005159539561483932
0.0068233429806583475
0.008441992249949994
0.010005615456469753
0.011504697401001534
0.01293013734856916
0.006592964266334318
0.019744776572310774
0.025343496842282508
0.025046023101170517
0.010999944434955581
0.027074566844157155
0.020506559953511874
0.021935869472675694
0.022108062170614232
0.018225593688805854
0.015900280483446223
0.024797172223839137
0.015459893024750385
0.018256226753938093
0.021799050825420215
0.021526494592341756
0.02011918385442755
0.02605120077296189
0.009950330131572049
0.02017100094937658
0.0239702060514725
0.02094506936869821
0.005036478041950478
0.012654679837932555
0.011239413419894389
0.009757366466504705
0.008217771418265594
0.006630198648207292
0.005004497114993228
0.003350733407383462
0.0016791295566430905
4.466751033710759E-15
0.0016763119168786205
0.003339497508490091
0.004979345999428155
0.006585807068177625
0.008149052303004145
0.009659535194480828
0.011108049299675578
0.012485784224259947
0.02322278355288299
0.0124732542929038
0.02328846450654662
0.019065663028970135
0.03191367827684176
0.01504778680153452
0.019518631525017496
0.021563893503292474
0.021506415972837933
0.02422641288446219
0.03146432740022302
0.024228046959915765
0.031437519132391734
0.023550525217645068
0.021884025976771273
0.02245784910081852
0.01940433125217193
0.014246115847236984
0.030029771199190494
0.020392416679793166
0.02340704836238399
0.01129030947983506
0.023162917601731097
0.012252950983892027
0.010883816402483511
0.009449702303203493
0.00795953029846732
0.006422553345604501
0.0048482984169571945
0.0032465075731359814
0.0016270778027930816
1.338402224588431E-15
0.0016247025454999848
0.003237035767174784
0.004827096171889615
0.006385131545143895
0.007901600640537304
0.009367231488452248
0.010773077968526864
0.012110574301542271
0.005952592965706958
0.021216505947103715
0.016182543869501003
0.016856468183400728
0.010520386542490797
0.022398502915740807
0.01881586587522881
0.014727817217102883
0.017063029910837805
0.02219702856416411
0.013925328477167806
0.015922118107675513
0.014288238292468435
0.022577762516810214
0.016678902260891217
0.013892175236710007
0.018338497161006093
0.021666172419576003
0.012230090909001876
0.019194275132535975
0.014211830048493667
0.020570438651128276
0.007677017514323522
0.011915019650557484
0.0105847474027334
0.009190996056052721
0.0077424247271572445
0.006248018519873898
0.004717032902426829
0.0031589364957615817
0.001583352625868672
1.0099417234108975E-14
0.0015813671279527662
0.0031510189353854672
0.004699309784064441
0.006216737382098249
0.007694000992685948
0.009122058333467348
0.010492180819398105
0.011796006812017807
0.02136723097893207
0.010443188206898704
0.01951456065825289
0.013256454974451616
0.018826543426720178
0.01715447217249137
0.020969022854995998
0.03277820832601399
0.03034440397545767
0.01676788749124213
0.018844754580868813
0.02684045510112223
0.018549406599330753
0.016795908345794544
0.030931177798176626
0.033462169387854936
0.02155793295602435
0.01835969568577711
0.01688880184743175
0.009067142914972095
0.017811970612385576
0.010755388825757436
0.020128882672256553
0.011633535736642895
0.010335712165395522
0.008975639047643388
0.007561755518896793
0.006102822496012879
0.004607868489184905
0.0030861338289913465
0.0015470136525667058
7.516398999358515E-15
0.001545376622718644
0.0030796058553004915
0.004593255909149685
0.006077031449695329
0.00752183058031509
0.008918800579135232
0.010259392048041624
0.011535411143216816
0.01219782227863149
0.01870046009159238
0.014038876706942552
0.028580220673937333
0.019361455826960583
0.015216592025657647
0.01281473361595386
0.0026412691237683856
0.006387585381931721
0.018844092350593186
0.027463609778897006
0.02103507374715548
0.0275150811986119
0.01847396553242767
0.005241088962995007
0.004157666449813272
0.012213974648823333
0.01433097386922199
0.020336173708625335
0.030183059040422035
0.015094606889483633
0.01851153636579991
0.013573634631249826
0.011402737382912068
0.01013162018526974
0.008799235330315661
0.007413839913161801
0.005984009696892357
0.004518586115978808
0.0030266216949483673
0.001517324219010643
9.884503672447842E-16
0.0015160034130005105
0.003021354726476518
0.004506796245601281
0.0059632007159391345
0.007381627315080671
0.008753376451606718
0.010070043035627784
0.011323567895691698
0.015860591765772335
0.011218998136982015
0.013255996134470906
0.011266647467316697
0.010934155425631717
0.02354049438615487
0.023942958201509938
0.034352474619394384
0.034008835853209976
0.03409444974400012
0.026029239349307117
0.03898040650557162
0.026573823127157076
0.03551008080193769
0.03408277620545256
0.03411916727653274
0.02358177300448095
0.0236588657575126
0.009992419935560696
0.015220107202606786
0.012740368045935155
0.010930527901313412
0.014070804313355471
0.011218138743395242
0.009968509378497423
0.008658364370341436
0.007295813132385348
0.0058892816820938125
0.004447460615536238
0.00297925149370539
0.0014937119704666304
4.3413168103340375E-15
0.0014926825330974097
0.0029751464147051545
0.004438271585386227
0.00587306316121703
0.007270706647693441
0.008622622008380447
0.00992051625684107
0.011156434250416493
0.015819258887455983
0.019015382151428683
0.016674611876757315
0.029417143154505467
0.02399229998042795
0.015718007998515943
0.013709080754130408
0.02582787651437783
0.019058959292529695
0.02608427312304923
0.017836547513653017
0.0330909340077862
0.017590417123626613
0.02616247314909773
0.02027728625116057
0.027320545701344373
0.014661356827775597
0.016799318536681325
0.024680917835945455
0.02709672834720428
0.01641390335262124
0.019131862958766264
0.01609102750538551
0.011076303439828667
0.009843346313625757
0.008550408863436403
0.00720548440608642
0.0058168818202329504
0.0043931742904158655
0.0029431464544525422
0.0014757402795394902
9.764429149267147E-15
0.0014749835446474702
0.00294012882936295
0.0043864194775082585
0.005804959666128488
0.007187028762764087
0.008524134858663641
0.009808066870159256
0.011030944889172225
0.010120443778730994
0.009157099017005706
0.013912379273463121
0.023719646541976065
0.008175840351360496
0.020155158077624327
0.01709406803272964
0.02511563854752387
0.030200706923537213
0.04444169299490551
0.04685740090384922
0.034515816661829755
0.04706004438602698
0.04378898931189178
0.029339505479230994
0.023144250410910727
0.01615836302822533
0.019309208495699167
0.009605414661533829
0.023975550598554815
0.014741462130498166
0.008791597984019345
0.009407253317038632
0.010974681112928887
0.009753882124996522
0.008473430582408382
0.007141233191075707
0.0057655121864147235
0.004354754658461147
0.002917660267527265
0.001463087672371909
1.1875042901270702E-14
0.0014625903074087095
0.0029156769298932096
0.004350315050563845
0.0057576763400977796
0.007129103207227383
0.008456161982300462
0.009730694707833174
0.010944869218236222
0.015288119247724849
0.017866542786866293
0.01562030428244078
0.013240223730451417
0.02697335767115126
0.02136651884793269
0.020041307986481193
0.02776533456067248
0.024079214557147226
0.006181582483788626
0.009383636955320844
0.009572875830390062
0.008838456198949674
0.00501209674056424
0.023741114650511572
0.026794911108637586
0.020097403747757724
0.021383286291303445
0.027040069086425908
0.01089193805740078
0.015847760403224498
0.016795136019813903
0.014473477901609678
0.010911491925413467
0.009698550779596873
0.008426082790693352
0.007101936019157737
0.00573427503534909
0.0043315306473173795
0.002902348001856343
0.0014555333780373826
1.0355245130811476E-14
0.0014552867977704919
0.0029013647161404534
0.004329329608802453
0.005730390233524106
0.007095922300627257
0.00841752148701072
0.009687055090155446
0.010896712005373366
0.010446404724710593
0.010787912006125536
0.016853374763184048
0.01923336208803247
0.020772762246466958
0.01769266955870425
0.015257604344555772
0.0134844027658816
0.020084812077105215
0.025964094324131087
0.029476497451911922
0.02761472576771952
0.028475976001216426
0.025037883307101744
0.019980176214398383
0.014700840107823068
0.015935225958090684
0.018167211092966006
0.022796667670683387
0.016896491510933864
0.01693328487172921
0.012291607225866866
0.011544769039460341
0.01088564895079886
0.009676400843693308
0.008407551610464109
0.00708691762386734
0.005722633777814897
0.004323103446448642
0.002896946794166351
0.0014529477539625892
