1.0
0.9989725854527252
0.9958941397184425
0.9907760398146886
0.9836371918337654
0.9745039478168481
0.9634099899352743
0.9503961825331813
0.907786052441135
0.7717929639735505
0.6071261738534716
0.6249838893604446
0.6682789944891441
0.7643846133983256
0.7572759763140767
0.7315279098881278
0.7040949736175276
0.6759049751359971
0.6377375387937216
0.5065275995833686
0.45797257804889097
0.4441270147590813
0.5127030531233228
0.4886371206087056
0.4554511963493055
0.42310072386877023
0.38961833862893464
0.3422312305216332
0.19629397124397077
0.10241396829996875
0.03180430246400158
0.1346918561324387
0.20710428726546876
0.20167312991975317
0.17008068053330855
0.13927376632762647
0.1093423593199544
0.08037172439209722
0.05244210162743598
0.025628413765296485
2.1104035977548568E-16
0.02437962278192798
0.04745297037168278
0.06916877240348748
0.08948212364992726
0.10835460493099798
0.12575437327165628
0.141656221094654
0.1822194559084045
0.29043598693591954
0.4061396528669218
0.3716100351762495
0.3211733667299765
0.23344703757914728
0.24027721947313085
0.24310641086696624
0.24813917802979416
0.24828878960567233
0.2549964173337533
0.3502429942204605
0.3626845625013723
0.34128855023256555
0.23782894649842334
0.22306358662825285
0.2150889180314159
0.20170205845199934
0.19196571217689942
0.17058763006838298
0.2338147647237037
0.27060692430379507
0.29832679736148354
0.21298803004397693
0.12856983573886865
0.0913037533794374
0.07826434592779942
0.06509537670314813
0.05187566279556202
0.03868235100081216
0.025590567982650313
0.0126730851824888
0.0
0.012361565328204207
0.024347745827527127
0.03589819564672845
0.04695632858089045
0.05746953627456672
0.06738938324713085
0.07667177800935203
0.06552122641982026
0.06187033118702187
0.022551289759183284
0.0630826693097195
0.09104757355771999
0.15682573407632333
0.1480246884535311
0.15180806040169137
0.14918916272887606
0.1514269176791614
0.1537166314676966
0.09643245549763187
0.10763694517707054
0.0962136497688833
0.1525631090742615
0.1491552040093037
0.14634366642194394
0.14802716266365132
0.14389917733988122
0.1565450133817963
0.10811763784920751
0.09170517456501026
0.038582680893536656
0.06410342605675087
0.05247920327134033
0.05913896231121216
0.05093822132600312
0.04256756538062897
0.03407978162745194
0.02552745768586331
0.01696268746207074
0.00843678388003193
2.751766622893209E-16
0.008298740059596535
0.01641209904919195
0.0242945720909188
0.031902718564962705
0.03919537927375658
0.04613387787015425
0.0526822056322367
0.07760697717696023
0.0791700014437535
0.07765075689799097
0.0771874758838742
0.03626232161179464
0.040112000705034984
0.04311678934555574
0.04455004300177642
0.05345641036875603
0.053732120913522516
0.05685879760125052
0.1356656931364247
0.14216191222754576
0.1322217793743822
0.05083578171302207
0.04553483273483271
0.04258820253900554
0.03292582904024804
0.029212315649165276
0.02896456446958982
0.02190372333460714
0.0628207047591998
0.03877507075518026
0.04237697797104297
0.06556115196103732
0.04384237336355497
0.03785067190997353
0.031703191580882854
0.025439031390899713
0.0190974991199544
0.012717877975442165
0.006339196069147243
4.529325142643565E-16
0.006261866202462439
0.012409475561785574
0.01840702490262633
0.024220032755730505
0.02981552737365816
0.03516222387760992
0.040230689627296104
0.04349806246680879
0.07653764790562026
0.09250456408004759
0.1140492804049009
0.10298120068862217
0.10360506015880662
0.11292657439196055
0.11464153906210708
0.11985802602645611
0.12085864423163388
0.12733410724637298
0.06614434738988152
0.07999540032610916
0.06505624228219709
0.1251539126534935
0.11741992524255777
0.1153503201022257
0.107505851392389
0.10457194824262056
0.08654191533535613
0.08348222420646478
0.09529654472439293
0.08606935126429062
0.07969662332882309
0.042898481181071
0.0349266110053487
0.03019487674906446
0.025325216019945862
0.020348602879242828
0.015296350844884342
0.010199922616159563
0.005090740693766723
5.127007283890936E-16
0.005041516417228859
0.010003617540091547
0.014856879372911547
0.019572813786121804
0.024124030271784926
0.02848438971977105
0.0326291493777481
0.04515127816153599
0.03671289205522111
0.021213147589243565
0.031665434532745174
0.05141063616568973
0.06687911930710222
0.05754485896890432
0.05949593533853712
0.0484821109027765
0.04994242567047683
0.04395165141286222
0.07539710619027043
0.06013094814234183
0.07592350811738084
0.046892551203331426
0.05400662233340536
0.05389736111839491
0.06527051009253576
0.06443464769675268
0.07940565365859499
0.06644963596272443
0.03974229078990144
0.03590918330702082
0.04695548749675038
0.038242673561448906
0.029106096167608234
0.025185915879487656
0.021143214447610456
0.01700365428408373
0.012793277347067946
0.008538345181069882
0.004265178890455746
1.7355434260147678E-15
0.004231226855954276
0.00840294849187257
0.012490174076166264
0.01646862151045971
0.02031485844354562
0.024006437118554297
0.027522022293952918
0.04262987832840445
0.06538813912887922
0.04482886243879263
0.031565650729398896
0.030668029493108487
0.0567789634053091
0.046742795571959476
0.0468032167979997
0.062222104741718486
0.06212087382758155
0.0697313755040537
0.02877855971177211
0.03849110169817258
0.028097307361463222
0.06636346675447403
0.05700951880450065
0.05549255193428066
0.037614121894028754
0.035921029449566995
0.049854134456957334
0.026444008163229588
0.026317323298013354
0.03663772502748845
0.05117698038910596
0.04233841431721845
0.025021011314592237
0.021665227760587734
0.018199480544475136
0.014645715469343828
0.01102626424683816
0.007363706582086971
0.0036807316787426133
2.141752094351313E-15
0.0036559938856945266
0.00726505655697077
0.010805428289310809
0.014255912122850524
0.01759599869453539
0.020805986110942563
0.023867094172388765
0.024607429480143408
0.05031580425295984
0.05347912080741543
0.0533029135024645
0.0726089978709112
0.0696519806159915
0.07788563989526227
0.07922570789253597
0.07990535920333677
0.08085932627922407
0.0776172517666973
0.09628706577264069
0.08210124496004943
0.0962353824771558
0.07789532327140486
0.0810754587211586
0.08019512085146015
0.07766494773319822
0.07605289687088337
0.06019085329912718
0.06310261109083562
0.04651115611283975
0.04536741533022422
0.047650780433113306
0.01959316415442195
0.02200678902194883
0.019064718399566544
0.01602286105366036
0.012900431665654587
0.00971702395310779
0.006492489323494036
0.0032468146625335374
2.201841879511294E-15
0.0032280632073138607
0.006417712443587172
0.009549632433253078
0.012604970668222937
0.015565449480288939
0.018413474000504925
0.021132235375583095
0.04061262373563168
0.006869936799405736
0.023410736811984127
0.025710250616731933
0.026212034887426166
0.02827633739111573
0.017975023987865373
0.019029661319928934
0.00317953558299169
0.0035450191029730914
0.005333974508900908
0.010977594485420981
0.006791137697930859
0.011067565517161846
0.003133918099509589
0.007752605434567205
0.008487752230918903
0.025161418342638017
0.02521854331189366
0.040005715876341275
0.0398043982995934
0.03493201014468692
0.03181306456919866
0.014671598480344612
0.03939289355372561
0.01970021036208479
0.017073170655955427
0.014354647114387819
0.011561772961430676
0.008712048594939042
0.005823233049990128
0.0029132344336083612
1.4994395270403045E-16
0.002898593465303597
0.005764848289296304
0.008581352929307092
0.011331086723558207
0.013997521750359244
0.016564721191942734
0.01901743362329587
0.009622790061282636
0.043624487099527
0.023097910673310244
0.04005669675783494
0.04652696445656706
0.05797832030614965
0.04910072703528476
0.04949470620165051
0.06356042075264112
0.06382145562795627
0.06271249718056073
0.06703355810409599
0.05926358004443881
0.06575014545282011
0.061072659118634555
0.06114895408137108
0.06003587380518604
0.043901380337843604
0.04249588727728341
0.05514059011650223
0.04273474176358714
0.038690479781181564
0.0255422084156963
0.04130414448034117
0.00623611184632732
0.017886055366206886
0.015505857279760778
0.013041013712295805
0.010507026791994875
0.007919752519507878
0.005295302366414368
0.0026499437508207715
1.0839033645572833E-15
0.0026382495895462084
0.005248668987352919
0.007815363359242721
0.010322775102726806
0.012755777411732944
0.015099764812140709
0.017340740130545176
0.03552725423868768
0.03945336552568751
0.04683189438666972
0.03886098068908059
0.05211989161054501
0.04186282193027698
0.04864627172267645
0.0497256115965639
0.04449088451097299
0.04528052459197916
0.03669636201880672
0.03448145338485729
0.02757361559910523
0.0351644808424143
0.03780627972300331
0.046942783914716915
0.04667826407210849
0.05055282245034434
0.049614490348696895
0.0359537045275564
0.04813841686974205
0.032870668201748436
0.04052686685064657
0.04118890567797582
0.033500314710643596
0.01642875242294116
0.014246258644905497
0.011984803983149711
0.00965858444441647
0.007282136745880208
0.004870248084486406
0.002437864729539801
1.5106401866203207E-17
0.00242835781078934
0.004832337001505407
0.007197272964718805
0.009508797076709803
0.011752923439939084
0.013916132957621079
0.01598545423832075
0.004221134251480027
0.023690058513566294
0.01968031125466762
0.01880185286929225
0.003981904696183279
0.01674087546092764
0.006664592860982566
0.0072422946806225096
0.02193893873177952
0.021674832535667706
0.02485779189477164
0.014172326433255477
0.024028841696382024
0.013320707946753102
0.023122368276079233
0.01840865874505401
0.017609910561104166
0.006720336059560592
0.005916157345548863
0.01862106983360501
0.01287318976259378
0.01828518151563088
0.022104485165467463
0.013580042844694893
0.006073288192245862
0.015238710305108887
0.013217291849715521
0.011121676278227686
0.008964995797926197
0.006760710998606995
0.004522527309871208
0.002264310251768297
1.1096261010903726E-15
0.002256474210776675
0.004491279322583812
0.00669076280997374
0.008841535644206672
0.010930553364366557
0.01294519476696315
0.014873337741866917
0.028174865042757766
0.03186379446196371
0.013647886853416643
0.027700583208331145
0.04757762683449979
0.04777876938021645
0.0406627717626587
0.041285189720582885
0.049899900777665
0.05035434071323346
0.041698214491005005
0.050564431406319554
0.04196503023828791
0.050586696421831986
0.04111432788719066
0.049406315493655366
0.04864457823541197
0.03843472533878414
0.037283872023217715
0.04795963871978714
0.045727574961411825
0.02604925951897323
0.013806595818926183
0.026809297995327552
0.02574451767145394
0.014254402945588917
0.012365975136842285
0.010407368373058562
0.008390836793724472
0.006328951709563965
0.0042345236008710626
0.002120522893440732
1.9007565627625913E-15
0.002113994882373987
0.004208491728066787
0.0062706799042005264
0.00828798617575802
0.010248151021481489
0.012139302799509135
0.013950029315998603
0.010288299151298017
0.01758894501747179
0.03491252058362591
0.01917477414168119
0.025097988298042852
0.018007392817288703
0.0257409917129413
0.026665521820703073
0.01632640384657837
0.017033204240659596
0.01996172042875445
0.029045834315392254
0.03703703703703907
0.02943705662545582
0.02083067565469577
0.01896181960757772
0.018884566410458683
0.028247974794851215
0.027617391684381674
0.014791642344935279
0.024231895999467457
0.021376211379467637
0.03268878560138268
0.024722239715888883
0.011645003110147212
0.013432231125046655
0.011654737426116658
0.009810470346244372
0.007910951711347446
0.005968010510534892
0.00399370952924951
0.0020002707528317923
4.1999931559299645E-16
0.0019947887508705918
0.003971848879048498
0.005919076020935339
0.007824581895460508
0.009676766606716266
0.01146438898583597
0.013176634547164511
0.02013365983308476
0.01720116224712507
0.010975619127595806
0.01806550675933518
0.01734532440160301
0.02232868956456773
0.017651488521213246
0.01819611934031442
0.029133711279649546
0.029279882277039652
0.02354024566764022
0.038259068193734855
0.02631133820619275
0.037744152555528196
0.022695445735315817
0.027409383288216873
0.026650464976138585
0.01653671591839537
0.015642141213613472
0.017551323587815866
0.010340146988044302
0.019265287335865328
0.011682793132681802
0.013616228147926086
0.017925185526956114
0.012740489276206364
0.011056240820030531
0.00930811401279208
0.007507015135157338
0.005664148820685495
0.0037909485941293327
0.001899006177587604
8.67218038010619E-16
0.001894376650473862
0.003772487390704575
0.005622823984444586
0.007434076627064219
0.009195202845307577
0.010895494593689246
0.012524643141227747
0.01357432476367261
0.029130906369747994
0.019461201230811822
0.031116176960384143
0.03446301524256668
0.034397092373611604
0.027822997601374848
0.028506492644693963
0.030022664354590046
0.030515402846048145
0.02771301506927054
0.028162606347102666
0.030472391606157306
0.027794375842596843
0.027460111875581103
0.030477958539883627
0.02997068837526561
0.027437871536251934
0.02655317240861831
0.03562973755396893
0.0349128399323082
0.028477482432303605
0.017278784828821978
0.025641731245553415
0.013876964639852708
0.012155621864998177
0.010550164881389325
0.008883293100554211
0.007165392548761649
0.005407139946442271
0.0036194365538999404
0.0018133407843671087
8.510686801451516E-16
0.0018094180900371903
0.0036037940082522778
0.005372124644468668
0.00710359053206394
0.008787621854600315
0.010413962781398783
0.011972733741576088
0.013911568562249014
0.008590107308461051
0.019395507393073327
0.017509391639904847
0.005048974706236463
0.005989504845534215
0.017709598288019122
0.018529018242720175
0.015448069135892325
0.01598270346690299
0.02350974650035188
0.02895278812423711
0.02608061841475585
0.02915484664300217
0.024139783967036803
0.016371146604431126
0.015967084468968294
0.019241126715505017
0.018571076274644653
0.009208562975055342
0.008274711289862298
0.019315620860997248
0.019281896517637183
0.013494173552574068
0.012930177328087234
0.011659817132510096
0.010121138014668338
0.008523137976574264
0.006875761877442737
0.0051892387024766
0.0034740182182266943
0.001740706395817131
6.061497803081792E-16
0.0017373792535258189
0.00346075056836039
0.005159539561485686
0.00682334298065084
0.008441992249953647
0.010005615456476926
0.011504697401000536
0.013449354363065533
0.01083672381518794
0.011853095946507458
0.01032463875171928
0.022533193629240996
0.022779747145784804
0.019544288904988223
0.02021395465488168
0.022696114981450882
0.023036979361290965
0.014848587013755472
0.01197118430506273
0.007515000570192215
0.01175886708925132
0.014127220979138058
0.02232854278811429
0.021755563646143547
0.019866337760970187
0.01913335996504283
0.01906650273462935
0.01907382173575682
0.007587533934841056
0.012532051746684144
0.00602289629010749
0.012827680075094433
0.011239413419891398
0.009757366466511055
0.008217771418264672
0.006630198648210214
0.005004497115003263
0.0033507334073852
0.0016791295566476498
3.4754872300974524E-15
0.0016763119168728456
0.0033394975084926667
0.004979345999427113
0.006585807068183176
0.00814905230301608
0.00965953519448451
0.011108049299681047
0.01269324864629098
0.023890147094923434
0.02209765128370052
0.024947648342963265
0.017954398413960525
0.025362188583562515
0.01839000795065837
0.019029892200785214
0.020445893422111446
0.020876115726585324
0.030354553722082924
0.036506949488021426
0.04135287301234494
0.03646050525799472
0.030198979872434518
0.020702393875992698
0.020218560048848637
0.018452956887112217
0.017705483126389653
0.025316816334335288
0.01807122237258518
0.0224211353188898
0.022898421488922998
0.0239412182575871
0.01329036199611945
0.010883816402485402
0.009449702303211618
0.007959530298465332
0.006422553345593997
0.004848298416947443
0.003246507573133218
0.0016270778027903396
1.168277726614629E-14
0.0016247025455009435
0.0032370357671769787
0.004827096171890587
0.0063851315451469715
0.007901600640545065
0.009367231488446343
0.010773077968523944
0.010559934184015808
0.006394058680403998
0.011599129856822736
0.015265986970095699
0.02088000309245362
0.013080828120573774
0.02034041016198517
0.021028914935049926
0.022423245284746877
0.022964592646598014
0.0194612533814921
0.016433691410684334
0.010326753487791612
0.016662568743609784
0.020344934180380463
0.02365772718168547
0.023348565565687034
0.0211049170558539
0.02043696965454379
0.01635695635557138
0.0231244946255489
0.0197869556769557
0.009020603026726966
0.009791826816199528
0.00933488221370519
0.010584747402741415
0.00919099605604506
0.007742424727149812
0.00624801851987021
0.00471703290242162
0.003158936495762492
0.001583352625865018
1.2111601049688502E-15
0.001581367127953581
0.0031510189353831284
0.004699309784066087
0.006216737382105606
0.007694000992690841
0.009122058333465986
0.010492180819397257
0.01532001226613454
0.0136026124687528
0.019296495677035463
0.01068194605891952
0.014874301092796837
0.017158128195421226
0.016034648466276696
0.01671769336103752
0.011408237264678897
0.011679724973279031
0.017954460057707226
0.022598859517176696
0.029042571338720062
0.022064113338892806
0.016948519612328287
0.01086738222005365
0.01032396484462808
0.01712099998963547
0.016525279887118292
0.015184423726611272
0.014039725677715552
0.009039892535132337
0.01855218864332056
0.00821266151576182
0.01618972268012934
0.01033571216538659
0.008975639047644776
0.007561755518891995
0.00610282249601481
0.004607868489187427
0.0030861338289921506
0.0015470136525557038
6.772507399535736E-15
0.0015453766227246431
0.003079605855298987
0.0045932559091448315
0.006077031449695766
0.007521830580314313
0.008918800579129143
0.010259392048032815
0.006399218802582786
0.02077093364359016
0.017554781113013933
0.02216234405524531
0.01821249389343015
0.022716514413707176
0.017397439893054378
0.017949025581126928
0.028741670921378217
0.02914172541213135
0.03127828681010602
0.023956365258860347
0.019150453672553556
0.02408720907211824
0.031387109815864005
0.02901604827004941
0.028580776267169986
0.017147746767586448
0.01644087570740746
0.02109086583602692
0.013935944285803444
0.01864090620833015
0.020398896398724633
0.023661289809952028
0.005452147667269477
0.01013162018526196
0.008799235330316785
0.00741383991315759
0.005984009696896952
0.004518586115967279
0.0030266216949526637
0.0015173242190188374
2.5654414506462675E-15
0.0015160034130013817
0.0030213547264697385
0.004506796245598671
0.005963200715935585
0.007381627315090562
0.008753376451605604
0.010070043035634366
0.01770639224951669
0.011985762497563305
0.013629661259598564
0.016091737813043554
0.02349683941156385
0.015940728525357748
0.020059302178201927
0.020713807865947256
0.018712074000991497
0.019265723127906684
0.010568901325495879
0.021376306717811294
0.02143470291559286
0.021897402435139858
0.011505155846232473
0.020756889307935258
0.02069401231868592
0.020902354736877522
0.020286253017909053
0.018333219838695694
0.026403140593534175
0.019419280698280566
0.009846441571049766
0.015186327676815506
0.018045826629133125
0.009968509378499482
0.008658364370334112
0.00729581313239639
0.005889281682096951
0.0044474606155372725
0.0029792514936977264
0.0014937119704675748
3.505091549650403E-15
0.0014926825330989631
0.0029751464147046293
0.004438271585392886
0.0058730631612167565
0.007270706647686079
0.008622622008378395
0.00992051625684378
0.005592572081733813
0.021352489402610576
0.020142361647705397
0.009676368264389395
0.0027126502318436502
0.012009638615307626
0.013725950540375119
0.014369015315601481
0.01828812239349972
0.01830152080163968
0.023597570845207156
0.023791542113727436
0.020604042802494137
0.02359507654660123
0.02274547427315573
0.016758292184853578
0.016254355958031225
0.014661356827775513
0.014079849343707403
0.011280824257463153
0.003742320581022579
0.011141697037493629
0.018978560774370476
0.016355437346462227
0.006674479543008178
0.00984334631362241
0.008550408863441524
0.007205484406093078
0.005816881820233839
0.004393174290417891
0.002943146454458713
0.001475740279535949
2.6990681601509574E-15
0.0014749835446405167
0.0029401288293682474
0.004386419477503721
0.0058049596661316144
0.007187028762762667
0.008524134858657325
0.009808066870151916
0.01797994276504509
0.01908718117001736
0.010956432343383523
0.01915549970248024
0.022628747383306634
0.020436544822023967
0.018252225621403422
0.018807844309039794
0.03397700473787041
0.034459862346158825
0.026578159398309653
0.03578018788418134
0.033810496500768526
0.035827516530503485
0.026976713062063656
0.03493693743724889
0.034609206260021994
0.018245279211148508
0.01758005737433948
0.01896752495096693
0.01898194936102131
0.016182606202965074
0.013315794622882578
0.020412740044716687
0.017573314239180023
0.009753882125008473
0.008473430582410237
0.007141233191083232
0.00576551218641316
0.004354754658469279
0.002917660267526484
0.0014630876723743889
1.7522424361652515E-14
0.0014625903074053678
0.002915676929895316
0.004350315050558284
0.005757676340100846
0.007129103207230547
0.008456161982299882
0.00973069470783479
0.010063874217443603
0.0049015407127094976
0.013931098569190245
0.01891804641591544
0.01607118124471069
0.015555188946039616
0.017042647942073608
0.017673955211101947
0.006382597863361684
0.006790847703803242
0.008587414396398119
0.009696692524672042
0.009478628632147953
0.009408793158416083
0.008849540242554601
0.008804953585491682
0.009045412877005944
0.017839401504214182
0.017240826260785783
0.016536527146805455
0.018259956160209947
0.019438816477478763
0.012352044786885397
0.011483641530458154
0.011563933502317226
0.009698550779608054
0.008426082790696891
0.0071019360191525455
0.0057342750353498746
0.0043315306473118926
0.002902348001856543
0.0014555333780362195
3.953805386712858E-15
0.0014552867977724716
0.0029013647161581224
0.0043293296088102425
0.005730390233516237
0.007095922300631759
0.00841752148700356
0.009687055090160657
0.015783766056974038
0.023747746819938985
0.01447775876409914
0.010216718177254887
0.014445305872083557
0.01467228420634084
0.015914989276972453
0.016538678592567413
0.030576123016341404
0.030730374460720657
0.02446463057951005
0.02452378644399462
0.023776960910352522
0.023971606300936813
0.023831318064992457
0.029596480187330253
0.029082297241961742
0.01672884349754287
0.01614265499536316
0.015129673368242105
0.01626824604328968
0.012346823476548809
0.013623423094136267
0.022963743342951436
0.014691945038450718
0.009676400843695266
0.008407551610463672
0.007086917623866641
0.005722633777815206
0.004323103446445198
0.0028969467941653104
0.0014529477539681182
