1.0
0.9989725854527285
0.9958941397184454
0.9907760398146903
0.9836371918337667
0.9745039478168509
0.9634099899352754
0.9503961825331823
0.9355103927392272
0.91880728050507
0.854137337171536
0.8340075302729155
0.8030165008028619
0.8073789505996484
0.7641319832253046
0.7287684245011519
0.7013946246060233
0.6728513887185833
0.634061728255629
0.5485279273641326
0.48987423159747007
0.4850787591932778
0.5071272809365597
0.48294563358560405
0.4492220831635382
0.41521067422056895
0.3902793627058281
0.3744853175073672
0.3131795194986027
0.2884121727863604
0.25471986196590907
0.2668332813211877
0.23395677675898333
0.20167312991975303
0.17008068053330977
0.13927376632762742
0.10934235931995483
0.0803717243920972
0.05244210162743656
0.02562841376529707
3.0748031703620985E-16
0.024379622781927658
0.04745297037168251
0.06916877240348807
0.08948212364992585
0.10835460493099748
0.12575437327165567
0.14165622109465453
0.15604160438810763
0.16889863993921195
0.22468478451281892
0.2343934892659294
0.25151634463553757
0.23252203252259798
0.2560022341190926
0.26901104277468524
0.27135816905896115
0.27231103747624025
0.2803861071771992
0.3286789272093874
0.34905322142745754
0.3211561482032726
0.2662041128949005
0.2514976067714864
0.24415803276855427
0.2358925082187391
0.21756048966850308
0.18960468589006113
0.2034045659570056
0.1834786648210609
0.17170320532893127
0.11667245240793686
0.10413347464621657
0.09130375337943773
0.07826434592780004
0.06509537670314801
0.05187566279556177
0.03868235100081253
0.025590567982649862
0.01267308518248849
6.683278882164531E-16
0.012361565328205478
0.024347745827528605
0.035898195646728415
0.04695632858088973
0.05746953627456692
0.06738938324713148
0.07667177800935236
0.08527711967004788
0.0931704195635525
0.06264347147834484
0.0689880141255519
0.06549517112363602
0.0903068365619721
0.0765737657603906
0.07058376101549912
0.07295447213628817
0.07450588155320408
0.06850814963817228
0.028269914503435117
0.010449852409906698
0.026550109472201034
0.06387960231003052
0.06734894400537064
0.06362160543934224
0.05925239090384234
0.06344489151673308
0.07542225507918209
0.05236317707774302
0.055462455189551084
0.04914355408643313
0.07482035430154867
0.06711710121238249
0.059138962311213135
0.05093822132600452
0.04256756538062854
0.03407978162745228
0.02552745768586276
0.016962687462071246
0.008436783880032961
1.3938246800451648E-15
0.008298740059596561
0.016412099049192108
0.024294572090918266
0.03190271856496286
0.03919537927375702
0.0461338778701541
0.05268220563223867
0.05880718876800705
0.06447863753739003
0.1055582200483097
0.10999980782749888
0.1207674718263963
0.10817220356641964
0.12790668695761553
0.13942019304740413
0.14128910668969966
0.14258154179210727
0.14847816410753556
0.1764557589671368
0.18299946047166535
0.17425084771721117
0.14548289671669462
0.13847296629859307
0.13591928492703714
0.13288061926498682
0.12034602639975292
0.10008636694513902
0.10939823319003009
0.09850910958567763
0.09350303627620811
0.05520449656085526
0.04963964052493553
0.04384237336355566
0.03785067190997251
0.031703191580882306
0.02543903139089879
0.01909749911995525
0.012717877975441463
0.006339196069147418
1.2775075954384303E-15
0.006261866202463367
0.01240947556178579
0.018407024902624296
0.02422003275572991
0.029815527373655663
0.03516222387761039
0.04023068962729756
0.044993496981780116
0.049425362699366995
0.036336323369383
0.03935388480204909
0.03304658103794094
0.03925589920075136
0.025679328834303305
0.018728680624971582
0.020408311492175375
0.021644134078504594
0.021809797312436666
0.011253392059333175
0.009585890559352928
0.011426276133726805
0.020939740536259244
0.019804077170594032
0.01802048517571993
0.015848473245716435
0.02236556343444898
0.035245441858202504
0.03171991149865151
0.038135206200916504
0.03539622618090435
0.043855240091815864
0.039489974235266186
0.03492661100534986
0.030194876749065947
0.02532521601994664
0.020348602879241902
0.015296350844886524
0.010199922616159509
0.0050907406937661425
0.0
0.005041516417229066
0.010003617540091476
0.014856879372912427
0.019572813786123435
0.024124030271787007
0.028484389719774017
0.032629149377751875
0.03653509821676681
0.04018068198682712
0.06688473738283844
0.06956632873553792
0.07523012357391544
0.0753355339274742
0.09138042788667226
0.10180560892613164
0.10310336707514955
0.10403884492449379
0.1048838186054461
0.10397074468147066
0.0912258435209247
0.1024629847453811
0.10326679051693224
0.10203213198627961
0.10047154202009047
0.09858564738108988
0.08767564413737228
0.07171887053992468
0.06838810501246242
0.06295899787796727
0.059835913724160104
0.036479093000143785
0.03287863137833264
0.02910609616760721
0.02518591587948857
0.021143214447610116
0.017003654284083264
0.012793277347068026
0.008538345181072044
0.004265178890457117
1.1795351770428172E-15
0.004231226855953775
0.00840294849187244
0.012490174076164188
0.016468621510454962
0.020314858443546257
0.024006437118552132
0.02752202229395102
0.030841511525968545
0.033946147150060654
0.03368246982084214
0.03576536490039727
0.029762997319560308
0.02392152019814245
0.012004633991703696
0.004495638404138511
0.005795318917141923
0.00678899587417406
0.013535241436845894
0.026226995414247608
0.044334716140463
0.026711939997624414
0.013406169312973667
0.00627622257453466
0.0051427738476591284
0.0037296209134036707
0.011182599836416028
0.022570015578804687
0.02964262398051238
0.0350317704282776
0.03294117862340619
0.03131765050089911
0.02824540780962734
0.025021011314591897
0.021665227760587928
0.018199480544475396
0.014645715469340832
0.011026264246839546
0.007363706582084841
0.0036807316787424043
1.6980721908323368E-15
0.0036559938856948982
0.007265056556971127
0.010805428289309651
0.014255912122850933
0.01759599869453573
0.020805986110944648
0.02386709417238747
0.02676157229694583
0.029472800534867994
0.04211646144022435
0.04403217420925577
0.045644545604492597
0.05840509007813341
0.07042973092511194
0.07998741931963288
0.0809629826966407
0.08167231214913281
0.0772927336528252
0.053500219734572786
0.028831721824911113
0.05250535677991312
0.07611929980244025
0.08026997721757008
0.07911643951861037
0.07771628303711291
0.06783891080718224
0.05611864139584824
0.04110078829321743
0.03955588609751231
0.037265677265280496
0.027517322639367892
0.024830357014185345
0.02200678902194866
0.019064718399569098
0.016022861053655985
0.012900431665655788
0.009717023953105749
0.006492489323494692
0.0032468146625352374
1.7158539002285817E-15
0.0032280632073132254
0.006417712443589155
0.009549632433255276
0.01260497066822294
0.015565449480290188
0.018413474000503624
0.021132235375583706
0.02370580864346277
0.026119244705549247
0.02979012450591367
0.03164791867923268
0.029787049308211782
0.018831873158275152
0.009696239610377421
0.001799773987092882
0.0028773802416606313
0.00371920763592751
0.01290224430461612
0.04268531449992773
0.06740070764563327
0.04296370991156952
0.012965646765571414
0.003741447066287041
0.0029249149288180405
0.0018876977336682367
0.009822959754071048
0.01840919976518045
0.0298925021533237
0.030431672656363446
0.02847404791321009
0.02461377993509456
0.02221910702400509
0.019700210362089278
0.017073170655953068
0.014354647114387805
0.011561772961432095
0.008712048594939216
0.005823233049989856
0.0029132344336084584
5.503927757905133E-16
0.0028985934652992077
0.005764848289296603
0.008581352929305057
0.011331086723562023
0.013997521750361714
0.016564721191941724
0.01901743362329558
0.021341182673571567
0.023522351538322172
0.026403367407515584
0.02811836045445736
0.028255247381619365
0.04683917721113693
0.054730626766725375
0.06343172886236303
0.0642121208280849
0.06477999144527655
0.05668861306324528
0.024285885598243347
0.0014819175241322625
0.023829726026434316
0.0558118395115989
0.06364204554745054
0.06270902553306282
0.061575441048690595
0.05264182884620032
0.045110360117933644
0.02649132267608985
0.026134594263771703
0.024245291488197387
0.022332853656681438
0.020166556388835362
0.01788605536620434
0.01550585727975637
0.013041013712292385
0.010507026791996539
0.00791975251950419
0.00529530236641163
0.002649943750818019
2.5052004552299554E-15
0.0026382495895486083
0.005248668987356283
0.007815363359243387
0.010322775102729853
0.012755777411734705
0.015099764812139359
0.01734074013054505
0.019465397382424553
0.021461200092846893
0.02402219386341198
0.02568896286491961
0.029941357323688102
0.017312425117946527
0.011792323185091077
0.004051209792810829
0.004981642452317613
0.005718171245212591
0.015497667066459626
0.04697202612363209
0.06408160586875883
0.046903475223736904
0.015677808875927676
0.005980553636917085
0.005342884839074189
0.0045209331381501445
0.012297084351390122
0.01720390380401444
0.029751204327233553
0.024206784815563404
0.02243770455078102
0.020502305557441296
0.018518518518520426
0.016428752422943844
0.014246258644901545
0.011984803983148539
0.009658584444419381
0.007282136745884173
0.0048702480844839404
0.002437864729542907
3.496440484640338E-16
0.0024283578107873694
0.00483233700150729
0.007197272964720142
0.009508797076711659
0.01175292343993815
0.013916132957620016
0.015985454238325477
0.017948540849476623
0.01979374446276056
0.022345331128508568
0.02397407406134113
0.024178222535916775
0.03774937148362511
0.04184272895221504
0.049601731862462035
0.05026030952355219
0.050740140635540984
0.04198013368490026
0.015534293314181997
0.005908054877444121
0.015539622141044688
0.041403490458975525
0.049779863871478
0.04898930391772613
0.048027900317674045
0.04011124853145301
0.03632950943342034
0.024302130170953347
0.024371871170832317
0.02285712215209643
0.019008557644272273
0.017173209640041525
0.015238710305110386
0.013217291849712903
0.011121676278225384
0.008964995797927058
0.006760710998606745
0.00452252730987005
0.0022643102517706792
1.4242523480902634E-15
0.002256474210776658
0.004491279322588026
0.006690762809976526
0.008841535644207059
0.010930553364365107
0.01294519476696191
0.014873337741864218
0.01670343180137096
0.018424566870802492
0.01760424573998462
0.018974358877092375
0.027743031383729296
0.017010262878745738
0.015615194858858967
0.008390684300153396
0.00921241733883647
0.009867552154793202
0.01905222119347111
0.03934640273319607
0.04035767343916913
0.03906499316657485
0.019204302740136837
0.01021392418754118
0.009681986343271174
0.008989982242728983
0.016242562308740157
0.017018236912780708
0.026911808883664068
0.017456277594852736
0.016003986200389553
0.01777374660517537
0.016060791128663734
0.014254402945590322
0.012365975136844724
0.010407368373056447
0.008390836793719537
0.0063289517095686
0.00423452360087187
0.0021205228934426364
2.214974408958937E-15
0.0021139948823746383
0.004208491728063339
0.006270679904200365
0.0082879861757576
0.010248151021479917
0.012139302799509788
0.013950029316000515
0.015669446367281067
0.017287262845733432
0.025482707466817172
0.026897722478693365
0.024922168237980984
0.030206204641854778
0.03128673853690227
0.03794660383748855
0.03853054531744469
0.03895849401426662
0.03321835911967734
0.020531357494164213
0.0261891400439466
0.020724342425132675
0.032921864782834646
0.038164909680215055
0.0374789308508866
0.036642443501958416
0.029908787423877002
0.02902427139759507
0.024860425118361968
0.02759549938375098
0.026296830217305656
0.01674277486948798
0.015131808464326576
0.01343223112505193
0.011654737426118217
0.009810470346245256
0.00791095171135001
0.005968010510534428
0.003993709529248902
0.0020002707528290597
8.318955004206397E-16
0.00199478875087058
0.0039718488790492145
0.005919076020936802
0.007824581895460392
0.009676766606713865
0.01146438898583435
0.013176634547164608
0.014803180649466322
0.016334258471109996
0.01136399348679323
0.012411988203234355
0.02259059606408865
0.017214646126638974
0.01973270564355822
0.013164021405329424
0.013898676994248826
0.014485533096251996
0.021049174682633353
0.027763494652913463
0.013664096402982048
0.027502442071536213
0.0210824973841787
0.014817842806581702
0.014347212826444062
0.01373338809157904
0.02030955026052054
0.017284212434549754
0.021395192406424214
0.011051988086123258
0.009911766386180422
0.015875622498043834
0.014350319253918817
0.012740489276206662
0.011056240820026039
0.009308114012788003
0.007507015135160257
0.005664148820684566
0.003790948594129285
0.0018990061775901253
1.62189093447554E-15
0.0018943766504764914
0.003772487390705323
0.00562282398444419
0.007434076627061849
0.009195202845306439
0.010895494593691378
0.012524643141228758
0.014072801356566168
0.015530643016467595
0.027595513777988214
0.028848629707476883
0.023276994262943624
0.02402266315068026
0.023178097445061836
0.028511307128535883
0.02905270817068925
0.029454077408155595
0.029146031314616475
0.027322145687574573
0.04254460130026711
0.027434445534289118
0.029021333579126698
0.02883726042340606
0.028234917328715414
0.027496451560644675
0.022186778038451625
0.023090591896468855
0.02257553289943577
0.028791639505515294
0.027553874603386316
0.015142585844552267
0.013689633232427683
0.012155621864996385
0.01055016488138818
0.008883293100554702
0.007165392548763131
0.005407139946449162
0.0036194365539006985
0.0018133407843716628
2.8318319724719743E-15
0.001809418090030564
0.0036037940082465072
0.005372124644470597
0.0071035905320643465
0.008787621854597232
0.010413962781398356
0.01197273374157478
0.01345449125935865
0.014850284989617518
0.006282111562493006
0.007289930398460753
0.017477178096320024
0.017707937353942063
0.023154240933993014
0.017308602414174114
0.017970210787664444
0.01849737989154331
0.02042204340967077
0.02016027479146771
3.43450167940332E-4
0.020050828664051182
0.020323044641950058
0.0187532864346089
0.018315337202405278
0.017746254975965294
0.02356443412959293
0.017812975887383682
0.01698344053211626
0.006698895064799844
0.005578583801356692
0.014521222122825285
0.013129576318167913
0.011659817132507076
0.010121138014665645
0.008523137976575178
0.006875761877445886
0.005189238702477728
0.003474018218224743
0.0017407063958156238
4.023142843362312E-15
0.0017373792535238274
0.003460750568361786
0.00515953956148538
0.00682334298065115
0.008441992249955758
0.010005615456471472
0.011504697400997754
0.012930137348569284
0.014273304129173955
0.025943013936832876
0.027066109968213042
0.019016874133458532
0.01938711753793902
0.017709946765631656
0.021456646104574012
0.02197744328685551
0.022369624384416503
0.027330019888987058
0.02819039369624518
0.04260175627750275
0.02811330542384136
0.027262256114326436
0.021938401021012015
0.021405806547105017
0.020747404451257907
0.017118946218811038
0.018760641697129272
0.018035935284455733
0.026154800913786427
0.02495005589906014
0.01399432858407879
0.012654679837932524
0.01123941341989113
0.009757366466513167
0.008217771418262947
0.006630198648214436
0.005004497115000392
0.003350733407390757
0.0016791295566425026
1.8170262469695054E-15
0.0016763119168708587
0.0033394975084880883
0.004979345999417642
0.006585807068181865
0.008149052303016161
0.009659535194492634
0.011108049299682786
0.01248578422425739
0.013784379082910444
0.0062424404514431365
0.007412108247628062
0.017740746028782457
0.01833611042258102
0.025260684211208827
0.020178965489027666
0.020778797490498713
0.021253815308418713
0.017573809043513643
0.018688514949342747
0.005735774014625491
0.018725003542663123
0.01739985353005806
0.021399787655099388
0.020976238827132006
0.020430248595027484
0.02544234108597477
0.018446361607189713
0.018472006029852814
0.008254368170969436
0.007202589288955049
0.013548571158449985
0.012252950983886074
0.010883816402476985
0.00944970230321031
0.00795953029847061
0.006422553345596972
0.004848298416959042
0.003246507573138204
0.0016270778027894482
2.579480294956339E-15
0.001624702545491072
0.0032370357671763516
0.004827096171892519
0.006385131545155932
0.00790160064054321
0.00936723148844873
0.01077307796852504
0.012110574301541374
0.013371587129260879
0.02093897724232816
0.021955945879814052
0.01424891181426107
0.01662590914969223
0.014814994318975507
0.016850697763322747
0.017365165967213173
0.017759180142203054
0.026105971971008706
0.022140340439476054
0.027421396165710103
0.021933696733356097
0.026049394331840527
0.017510877580693127
0.01703645442153408
0.016443567655331705
0.014577639674073365
0.01634834761569581
0.01338769796092842
0.020535237954967457
0.019376572717733798
0.013173533359921524
0.011915019650557572
0.010584747402743285
0.009190996056046239
0.007742424727154657
0.006248018519872418
0.00471703290241767
0.0031589364957622127
0.0015833526258662628
1.3681775128433426E-15
0.0015813671279529247
0.0031510189353823174
0.004699309784056743
0.006216737382105983
0.007694000992690187
0.009122058333472696
0.010492180819401807
0.01179600681201607
0.013025592550940806
0.010730941213302985
0.011849810715866639
0.021910661541112764
0.01891178056034695
0.02578643782426913
0.02148935422945468
0.02203851418305395
0.0224697529311099
0.014360125802830387
0.022305365220477675
0.022239675427992146
0.0224328774840354
0.014242914974900187
0.022498065576401015
0.022078231376973387
0.021542136059581413
0.02572880231134238
0.018992096474925182
0.02265591336560843
0.012906869391984209
0.011912617796983476
0.012861044675943092
0.0116335357366427
0.010335712165389685
0.008975639047646583
0.007561755518893792
0.0061028224960169184
0.004607868489189376
0.0030861338289855664
0.0015470136525520246
2.836278312584861E-15
0.0015453766227224975
0.0030796058552996996
0.004593255909148462
0.006077031449700436
0.007521830580308597
0.008918800579123419
0.010259392048030676
0.011535411143214474
0.012739069568687958
0.014713037916187935
0.015686304632292262
0.01037761101699728
0.015789695369831637
0.014031509651415058
0.014575312421898707
0.01509165288855858
0.015493229113817494
0.025031351020754034
0.014082462353485162
0.008788507752473692
0.01392215225751598
0.024979989890101348
0.015409640378807717
0.01498179619212592
0.014440533699941731
0.014059694081191596
0.015808040334368095
0.009738612997429601
0.014492257360061754
0.01339654690325823
0.012604699581221008
0.011402737382909508
0.010131620185262567
0.008799235330315227
0.007413839913162772
0.00598400969689251
0.004518586115969118
0.003026621694958456
0.0015173242190115834
2.5452721403836693E-15
0.0015160034130027862
0.0030213547264738433
0.0045067962456051495
0.005963200715939967
0.007381627315091799
0.008753376451609722
0.010070043035635181
0.011323567895697988
0.012506287027606396
0.014994550669303799
0.016059738192962643
0.024272040295061397
0.01923778634805038
0.024793567167097436
0.021278779796548315
0.021789474162638572
0.022187015919503658
0.013680354290657672
0.026841785640253094
0.03577503060330229
0.026915916524675083
0.013745288771253854
0.02211281426727356
0.021691820965733105
0.021158757381613786
0.024531806601964863
0.019256337965612432
0.02426294876705416
0.01676540613577888
0.01579357295235603
0.012399509771530868
0.01121813874340235
0.00996850937850016
0.008658364370332489
0.007295813132387045
0.005889281682092993
0.004447460615539802
0.0029792514937067587
0.0014937119704671402
2.401876412948869E-15
0.0014926825330997177
0.002975146414705699
0.004438271585389456
0.005873063161207252
0.007270706647693294
0.008622622008377002
0.0099205162568426
0.011156434250423368
0.01232280737481832
0.011294231904484916
0.012252547985388381
0.008015486237118332
0.016329364617237548
0.014806940814354094
0.014299467561538248
0.014821144703011326
0.015231759721921053
0.023954317973137684
0.011475032759877714
3.199132323031507E-5
0.011514872443277858
0.023893091617169262
0.015279221981362119
0.014885384721837685
0.01438129284464074
0.01503221105196407
0.01650238662363278
0.007956801377381478
0.012277532342383546
0.011363843614298225
0.012241651830627373
0.011076303439813464
0.00984334631362497
0.0085504088634507
0.007205484406097478
0.005816881820238857
0.004393174290424358
0.002943146454460901
0.0014757402795409018
3.0978275896351385E-15
0.001474983544642318
0.0029401288293735687
0.004386419477510189
0.005804959666127453
0.0071870287627679805
0.00852413485866116
0.00980806687015574
0.011030944889175146
0.012185268474425253
0.017282454477214212
0.01823834878577976
0.022503991478933703
0.01915632643422162
0.02262778775943251
0.019866678330284816
0.020352612904731553
0.020728403690850862
0.016240649263012528
0.027166274620707698
0.03590158238006806
0.027101656833345974
0.01641226136391213
0.020585557837415825
0.02016284322840779
0.019630568533277958
0.022234242002622914
0.019093052368071683
0.021671318332165814
0.01835960995718199
0.017442307822394826
0.012128285123689297
0.010974681112941954
0.009753882125003322
0.008473430582411928
0.007141233191078205
0.005765512186417845
0.004354754658464784
0.002917660267525658
0.0014630876723653338
5.098453319642303E-15
0.0014625903074064292
0.0029156769298893832
0.0043503150505601555
0.005757676340100561
0.0071291032072200305
0.008456161982298368
0.009730694707841039
0.010944869218247976
0.012091227201864799
0.013227742858885137
0.014084931524355505
0.010006069827167672
0.017422899906857654
0.016744145187870034
0.015499821793310593
0.01602692791397586
0.016444982492054526
0.022394799832095108
0.015643666502072415
0.006640312659499356
0.0157948626066557
0.022293053317655624
0.01657748433036782
0.016203987327848425
0.015721767995784168
0.01711087843059381
0.017620035790671017
0.011017685430255018
0.014843679084394455
0.014083719373696842
0.012057423013997117
0.010911491925407786
0.009698550779604333
0.008426082790696711
0.007101936019154871
0.005734275035344898
0.004331530647312178
0.0029023480018599617
0.0014555333780392346
5.655783622691972E-15
0.001455286797782158
0.00290136471614678
0.004329329608806294
0.005730390233526973
0.007095922300632347
0.008417521487001582
0.009687055090154504
0.010896712005367602
0.01203905071915166
0.016870927345707557
0.017691933691875234
0.017229637967583644
0.01859556325646789
0.01984687095693711
0.017789841798461048
0.018266031430282718
0.018633527566307487
0.019668125038901935
0.022387414056181616
0.02279882783376804
0.022226397167631175
0.01982513695599136
0.01846906960436043
0.018046900999499547
0.01751616300583813
0.019417307130606725
0.018450255355041287
0.015951528004630115
0.01720536801076717
0.016350993577580845
0.012027846164579671
0.01088564895079676
0.009676400843694883
0.008407551610462416
0.007086917623864921
0.0057226337778148876
0.004323103446451957
0.00289694679416432
0.0014529477539567247
