1.0
0.998972585452728
0.9958941397184453
0.9907760398146896
0.9836371918337667
0.9745039478168519
0.9634099899352756
0.9503961825331817
0.8896372514574737
0.8548015597856693
0.8365327312798604
0.8255953147909646
0.7762704352836663
0.7436330911901331
0.7279618678041552
0.7288222594099901
0.7014594780739402
0.6729248175033675
0.5976486030706898
0.5671574562999849
0.4901970096654167
0.503737752708617
0.471032349580272
0.483083890391393
0.44937374779789857
0.4153620234413467
0.3562507469344557
0.314438464649403
0.2911918059261127
0.2853715732342955
0.24535778630095414
0.21292407712817732
0.19524417570511618
0.20167312991975322
0.17008068053330916
0.13927376632762753
0.10934235931995484
0.08037172439209718
0.05244210162743644
0.02562841376529672
7.461485449478947E-17
0.024379622781927228
0.0474529703716826
0.06916877240348784
0.08948212364992558
0.10835460493099731
0.12575437327165562
0.14165622109465442
0.1913158489298178
0.2174365570164369
0.2278913654537869
0.23053875921959774
0.26400159096202463
0.28285659807517965
0.28201491633513937
0.268345024370449
0.270777934599765
0.27170958665446715
0.3119459431723999
0.31003535433652796
0.34778788442856434
0.302519341430548
0.29703329588971
0.25077979730119093
0.24342371303210544
0.23497366252668234
0.23887615130890374
0.2324269781649386
0.20700570880033703
0.17123709181008517
0.16381872868916283
0.15160800860089335
0.1286751248800696
0.0913037533794374
0.07826434592779956
0.06509537670314759
0.05187566279556093
0.03868235100081194
0.025590567982649425
0.012673085182488152
3.9495650701381097E-16
0.012361565328205395
0.02434774582752877
0.035898195646728144
0.04695632858088903
0.05746953627456698
0.06738938324713133
0.07667177800935215
0.0891654912585706
0.10162936453761158
0.10843337705670567
0.10479782265120641
0.0834197989985942
0.07513493816950154
0.07084811569185545
0.07297230321986288
0.07647104883366705
0.07806098251972582
0.05491468553978667
0.05525351241571276
0.03699669062979251
0.053940943045297216
0.05235519936660059
0.07147636515334227
0.06791965419620576
0.062207723228554064
0.0625467715244283
0.06934348008485179
0.0763217402642694
0.0973410471161696
0.10540165040253711
0.0994990323152962
0.0863229705626235
0.059138962311212476
0.050938221326004125
0.04256756538062782
0.03407978162745187
0.025527457685863328
0.016962687462071132
0.008436783880032965
1.3759073007645472E-15
0.00829874005959632
0.016412099049191536
0.024294572090917874
0.031902718564962136
0.039195379273756034
0.04613387787015451
0.0526822056322383
0.05386451774843183
0.05942939378433787
0.0623840089134198
0.07051109654399813
0.09140657841540221
0.10968959434973846
0.12199305603779181
0.13581603860847524
0.1387346806013061
0.13997734591702793
0.1596030942536514
0.15936452800786136
0.17921880813961655
0.157234164260882
0.15536663524542882
0.13569178682262387
0.13313144585487696
0.12878578836888202
0.11162134595440544
0.09435684256383077
0.07752802271203997
0.055581308760832296
0.04091569843594598
0.03665885456734931
0.03234813499976888
0.043842373363555155
0.03785067190997213
0.03170319158088227
0.025439031390898544
0.01909749911995459
0.01271787797544201
0.006339196069147003
4.599634445692771E-16
0.006261866202462786
0.01240947556178603
0.018407024902624615
0.024220032755730633
0.029815527373657034
0.035162223877609304
0.040230689627295424
0.0789102235567658
0.08501244052389674
0.08890406405096828
0.07093689789567018
0.055288306089230285
0.05363583823538434
0.036808876830245085
0.02735910449881984
0.03596141488796116
0.036993758873981375
0.042257351670701
0.04267771553575611
0.03577503060329951
0.042698614543841266
0.04230325931113134
0.03624901190290381
0.035068307913265505
0.025444963231284538
0.033507104117598344
0.05058834491573641
0.049794399626031716
0.06102163279797489
0.0796124158413616
0.07521992965932475
0.07252794808067127
0.03492661100534893
0.030194876749065062
0.025325216019945657
0.020348602879241205
0.015296350844886892
0.010199922616160012
0.005090740693766246
1.2162761511766494E-16
0.0050415164172293
0.010003617540090663
0.014856879372912083
0.019572813786122654
0.02412403027178603
0.028484389719773507
0.03262914937774971
0.00833807345498344
0.015389062725433913
0.019040737907662843
0.04484450225669288
0.06554595246926188
0.061334711021173445
0.08657014015633259
0.09384699958544071
0.09811480279498665
0.0989698956366988
0.09127662548733492
0.09110386897497687
0.08699637877347041
0.08973171414712827
0.08854200529509947
0.09677552361420305
0.09523580626898663
0.09004465020534215
0.08557133461767272
0.06077694623767477
0.06598290492996199
0.04749475078926933
0.024786227874037746
0.022161428508762078
0.0177465507353567
0.02910609616760764
0.02518591587948832
0.02114321444761084
0.01700365428408376
0.012793277347068518
0.008538345181071874
0.004265178890456504
6.069885543973274E-16
0.004231226855954162
0.008402948491872677
0.012490174076164668
0.016468621510454192
0.02031485844354578
0.024006437118553228
0.02752202229395084
0.0516728268518581
0.04525154083924306
0.04767991786698753
0.02984567635149468
0.025578190930109927
0.03443813068602764
0.015060752871779149
0.019923604501227186
0.033553113651717925
0.03412509660849358
0.0439955830892351
0.04442292744485896
0.04609573293182159
0.044480952276035816
0.04411230619619489
0.034170787982359646
0.03363747961997395
0.019731031689395204
0.011361784660914474
0.030461485163693167
0.02080056332118971
0.0274792703660921
0.03871796805881678
0.03562506025709168
0.04152577249561882
0.025021011314592997
0.021665227760587512
0.018199480544474848
0.014645715469340157
0.011026264246838972
0.007363706582084254
0.003680731678743077
1.872490758646087E-15
0.003655993885694746
0.007265056556970008
0.010805428289310207
0.014255912122850706
0.01759599869453597
0.020805986110944554
0.02386709417238687
0.03153662474025964
0.029417017320482797
0.03195898815915929
0.048803331792791484
0.052770319692707575
0.0586801708273954
0.07649753485281151
0.06754367061265386
0.07358920142853449
0.0741924985776803
0.04714278463228846
0.04712114970028661
0.03606149771302061
0.04631770694028503
0.04553989580755756
0.07262224108557197
0.07152126438956027
0.06477416982629672
0.07320612230787411
0.05620385231097216
0.04549241186351986
0.0457480055395682
0.02997617878686099
0.027385697607328306
0.03316373313133142
0.022006789021948837
0.019064718399569178
0.016022861053655007
0.012900431665655824
0.009717023953105355
0.006492489323495091
0.0032468146625346337
1.4837930429188E-15
0.003228063207314573
0.006417712443588368
0.009549632433257033
0.012604970668224427
0.015565449480289933
0.018413474000503728
0.021132235375584518
0.020465262281399586
0.028514180156183646
0.030908151953381233
0.04442809521582094
0.034678371811298646
0.018606902190495815
0.015035217192037147
0.019923252738319748
0.03396860767934598
0.03441963014851291
0.0452912976662764
0.0456366835406113
0.05954062760398748
0.045611343187913496
0.04524360919481756
0.034380994827154836
0.03391842622906132
0.020096547879894174
0.019751130210661178
0.020731851763069076
0.04188156774506545
0.04966257958686882
0.03326402223327783
0.03123270572597874
0.015316000603122716
0.01970021036208936
0.017073170655952603
0.014354647114386639
0.01156177296143215
0.008712048594940075
0.005823233049988855
0.0029132344336075824
6.368621311192301E-16
0.0028985934652988776
0.005764848289295257
0.008581352929305232
0.011331086723561958
0.01399752175036142
0.016564721191940947
0.019017433623295547
0.029029641211060817
0.014347251237273918
0.016109025188869006
0.026130073495086815
0.010064585578368071
0.03475113168435262
0.04603230174589501
0.047808360680451814
0.05487781685790145
0.055328823860743885
0.026097685807251927
0.02629150193652297
0.03628099553358723
0.026035859411106595
0.02558900790307266
0.054072345772336834
0.053217624026166054
0.04571588848043796
0.040466244054919685
0.02906257510417364
0.0024381658248210317
0.019089689962018805
0.011690846828690846
0.0095501412662729
0.025086311356245502
0.017886055366204103
0.015505857279755848
0.01304101371229139
0.010507026791996247
0.007919752519502051
0.005295302366410712
0.0026499437508162344
7.965388916301175E-16
0.0026382495895489783
0.005248668987355168
0.007815363359245374
0.010322775102729095
0.01275577741173457
0.015099764812139154
0.017340740130547164
0.016689997242251058
0.03527368745935419
0.03713769548904068
0.0560884018101026
0.06083530471164634
0.03980696245221119
0.04137583902102777
0.02182177144047033
0.03264886623729827
0.0330896116423355
0.041520051912624464
0.04173978662150426
0.052493332369095425
0.04157938163865468
0.041201746582425494
0.032926288045302364
0.03242861618102336
0.022098931387069445
0.043502175247491746
0.04299579912595368
0.06177490502583392
0.05435257911918279
0.03572757496982496
0.033855812436943
0.018518518518516963
0.016428752422942797
0.01424625864490105
0.011984803983147238
0.00965858444442023
0.007282136745884959
0.004870248084483205
0.002437864729542278
1.0241189952856542E-15
0.0024283578107883153
0.004832337001507384
0.00719727296471974
0.00950879707671209
0.011752923439938518
0.01391613295762026
0.015985454238321775
0.016880839760655603
0.015757283493904553
0.01718026938742036
0.008376693229869423
0.02202665022731564
0.004997801745807797
0.012087597813926376
0.03342544330540041
0.03983635818474633
0.040215870409779204
0.02106294752779681
0.02131667554110551
0.03369289651152324
0.021272674868244905
0.020977018327941303
0.039228911756011724
0.038528117176951655
0.03201529788350629
0.008814142887516013
0.003349757841445548
0.024682593808976267
0.012922772420638617
0.02108542915504059
0.02000973669111027
0.01641950433969749
0.01523871030511079
0.01321729184971541
0.011121676278224715
0.008964995797929339
0.00676071099860599
0.004522527309871628
0.002264310251771341
3.0671393861451303E-15
0.002256474210774812
0.0044912793225876805
0.006690762809976425
0.008841535644208039
0.010930553364365646
0.012945194766962976
0.014873337741865326
0.01787243768459896
0.023284169280628028
0.02438445417537646
0.039215320998617874
0.050500800270896345
0.04649904623876398
0.042330253644650186
0.023741760503519043
0.0299498734180456
0.030400382331439938
0.03505247019504278
0.03524430412255449
0.03182931148947414
0.035116345111477466
0.034798468035134644
0.030163536878136436
0.02963259789275794
0.02389506452686199
0.039906647742552426
0.044714495041933706
0.04512143501622473
0.03340011216261986
0.019538608307896447
0.018057549725541515
0.015312561214101792
0.01425440294558917
0.012365975136841982
0.01040736837305719
0.00839083679371676
0.006328951709568068
0.004234523600869136
0.002120522893441937
3.787084236147214E-15
0.0021139948823744588
0.004208491728063215
0.00627067990420073
0.008287986175756996
0.0102481510214799
0.012139302799508993
0.013950029315998183
0.021658420845960123
0.024758430054261215
0.02619333363812433
0.023339511630086924
0.025173616111178902
0.015016339980703251
0.01671046465703483
0.02457167854399539
0.028586125143846168
0.028969464961831264
0.020397064009631486
0.020627572707569538
0.026189140043946752
0.020628016769324915
0.020400628553835204
0.028307326020522938
0.027705426651829474
0.023838728176496595
0.019291835109465732
0.016971603424704412
0.02374514715555192
0.024077624208461428
0.025318326832170838
0.023783879506113933
0.023949842747882727
0.013432231125052058
0.011654737426117967
0.009810470346245038
0.007910951711349711
0.005968010510534996
0.003993709529245938
0.002000270752829495
9.694501870840098E-16
0.0019947887508699074
0.0039718488790483515
0.005919076020933951
0.007824581895459906
0.00967676660671396
0.011464388985835808
0.01317663454716645
0.0059920059757863145
0.010879439205424293
0.01235382394734321
0.01716966929927581
0.025527085483203496
0.028565580640334313
0.020238957990276432
0.0240832259504727
0.02657594287887096
0.027026628131835206
0.03242510657710246
0.032636105168511655
0.028325682093085967
0.032619928380663354
0.03239441576534993
0.026761425134009118
0.02622306812260742
0.02397135233093241
0.017327378494681134
0.024599369831475284
0.023232959071885138
0.015597129019670005
0.013968276942784793
0.012662630877730296
0.0031965173273939282
0.012740489276207554
0.011056240820023783
0.009308114012788374
0.00750701513516019
0.005664148820686696
0.0037909485941301033
0.0018990061775889546
9.024731107324606E-16
0.0018943766504757194
0.0037724873907051134
0.005622823984443108
0.00743407662706301
0.009195202845304583
0.010895494593689823
0.012524643141230047
0.025252348770442926
0.0164738786806163
0.017711336667075528
0.020688054680902568
0.017317941198747685
0.023481481485658984
0.029794392273106846
0.020591376195615085
0.02206224729599176
0.02249773726854142
0.020131634164914574
0.020298606530668752
0.02664088844046722
0.020268984326890213
0.020074074062174957
0.022218912071786757
0.021691516412300476
0.0203470445856491
0.0306331505777346
0.024279738285666486
0.01613451017913083
0.018969778554594648
0.015324853829836487
0.013895577291951023
0.023793453342803278
0.01215562186499746
0.01055016488138981
0.008883293100554704
0.007165392548761991
0.005407139946449896
0.0036194365539013386
0.0018133407843682091
2.6120715315955165E-15
0.0018094180900317973
0.00360379400824936
0.005372124644473468
0.007103590532065581
0.008787621854597527
0.010413962781402757
0.011972733741572695
0.011445073865738111
0.017204772687175355
0.01851928725112302
0.017498436231407132
0.02184321754529277
0.014087753412655925
0.019898646770659275
0.02226845702176319
0.02304116832704276
0.02347580225083843
0.03113848783095189
0.0312936418589026
0.03675622703058544
0.03121138560039357
0.030974644604397947
0.023212763488954964
0.02269299957728818
0.021916044428753473
0.021691215447342704
0.014254846138105414
0.02131510533800534
0.017754556161051052
0.018245398099226248
0.016982090465515735
0.014949613313783465
0.011659817132509354
0.010121138014664795
0.008523137976574934
0.006875761877447385
0.005189238702480962
0.0034740182182258638
0.0017407063958143592
4.182279260032114E-15
0.001737379253525855
0.0034607505683574816
0.00515953956148614
0.006823342980654088
0.008441992249953399
0.010005615456476066
0.011504697400999584
0.016584493944495154
0.016229869910429573
0.017496229504026753
0.015998263787604276
0.01574556708610546
0.024892090298060714
0.02824862191656536
0.019661702368716078
0.02026681609967062
0.020730395099613583
0.01846917950620995
0.018627793372685865
0.022378451254898044
0.01860165872995239
0.01841614358479255
0.02073083829107799
0.02027029100483234
0.019681031875025828
0.026776581748067994
0.02455132890588925
0.016611255124272594
0.016136678246798764
0.02009529021815896
0.019092090541565836
0.012603741031014385
0.011239413419890123
0.0097573664665151
0.008217771418262392
0.006630198648214634
0.005004497114999992
0.003350733407392215
0.0016791295566427249
0.0
0.0016763119168674795
0.0033394975084843157
0.004979345999419357
0.006585807068182291
0.008149052303018598
0.009659535194491501
0.011108049299683452
0.019209962909967838
0.010881229549559654
0.011628335938851033
0.015917158734941123
0.016368678264365378
0.015661845855582824
0.02420208962386962
0.019168525528561086
0.019700312893984304
0.020110488230249718
0.025143265969716066
0.02522269306682588
0.03210402091954759
0.02500432617062018
0.024706712728810514
0.019875652681486805
0.01939024408822523
0.018796282534306027
0.023139244553663674
0.015249190412329904
0.015529914916395786
0.01580584448165373
0.008247434766474796
0.00722052340979145
0.019168172214982942
0.010883816402479015
0.009449702303207378
0.007959530298469521
0.006422553345594685
0.0048482984169567235
0.003246507573135622
0.0016270778027923478
3.604598333122769E-15
0.0016247025454930784
0.003237035767175797
0.004827096171890565
0.006385131545157708
0.007901600640544059
0.009367231488448329
0.010773077968525504
0.0060281539282454315
0.02346180882168926
0.024650756614731296
0.015264280314916799
0.018286553167557517
0.024112303370852104
0.0205581700959174
0.020453107547082343
0.02089484110992141
0.021341122137129364
0.020613472772895
0.02087398993391633
0.01681575254812259
0.02102574969236266
0.020916963104772396
0.021405842252433988
0.020983677375726935
0.020644317700147678
0.021096114006475118
0.024491542219254463
0.0174012506913273
0.013842003925247278
0.024304725649718122
0.023092662690620297
0.006895398476369862
0.010584747402745334
0.009190996056045113
0.0077424247271483905
0.006248018519868816
0.004717032902417234
0.0031589364957665825
0.0015833526258711111
6.077870287655792E-15
0.0015813671279515877
0.0031510189353809574
0.004699309784055058
0.006216737382105349
0.007694000992688864
0.009122058333469301
0.010492180819399718
0.015577909230666494
0.005554118910262106
0.006642953103838086
0.02098650619030603
0.01821603258343658
0.012188292262449307
0.011982273153649465
0.017148696362068536
0.01693866803070626
0.017332245265223752
0.015307008266006542
0.015364914633912536
0.01831266293787055
0.015114178600672303
0.014805870959393834
0.01716295229690951
0.016715102440123527
0.017109765520102394
0.009751564397067406
0.012066407459091188
0.019704184499761183
0.023145456297271088
0.009471032173842237
0.008687414701370811
0.013401209410188483
0.010335712165389446
0.00897563904764438
0.007561755518893838
0.0061028224960161526
0.004607868489188399
0.0030861338289881438
0.0015470136525519006
4.85308059559359E-15
0.0015453766227195352
0.0030796058553000877
0.0045932559091468195
0.006077031449695272
0.0075218305803082
0.008918800579124914
0.0102593920480297
0.010962566846367391
0.017393385292984447
0.018327341211786877
0.004950047128301515
0.009909909547920285
0.025185601332964627
0.03021935006556694
0.022379994626071015
0.02147676113057212
0.0218923143694101
0.02797704657948613
0.028244512689819295
0.028827460431370685
0.028417055536533863
0.028322447077960347
0.0218940732145694
0.021480615426442324
0.022662284801654137
0.03163467291765767
0.024427318419209327
0.009680515390468375
0.0031692270476930623
0.015707598340573746
0.014531676100796682
0.011520469062973576
0.010131620185260235
0.008799235330312415
0.007413839913162914
0.005984009696892208
0.004518586115969733
0.0030266216949552684
0.0015173242190167867
4.440484936245149E-15
0.0015160034130019895
0.003021354726476379
0.0045067962456066596
0.00596320071594218
0.007381627315093868
0.008753376451609651
0.010070043035633407
0.011561287543924796
0.013277986281039874
0.014368208917306025
0.02691577378161341
0.024501068474040478
0.015888677001134912
0.00604523016136653
0.018369750069298894
0.015334164250691559
0.015730532230692762
0.0071054051076567225
0.0072197590919257084
0.009585890559357844
0.00710018536782004
0.006866955343155263
0.015675506982103758
0.015261819504835895
0.01872850960428301
0.007209764883320918
0.01727936133372019
0.025006343104295406
0.02634123231952163
0.014196132731450218
0.013067379027296171
0.012984602181873996
0.009968509378500764
0.008658364370327678
0.0072958131323824
0.00588928168209311
0.00444746061553904
0.00297925149370402
0.0014937119704668707
4.096819422462976E-15
0.0014926825330988571
0.0029751464147065353
0.004438271585385092
0.005873063161199482
0.00727070664769332
0.008622622008375328
0.009920516256842276
0.008982012058759191
0.012535653118044733
0.013695380988257969
0.013030180575089917
0.021285451085919987
0.01478242641913927
0.03318752539409688
0.024542937410423734
0.02095485878547368
0.02134321450532318
0.03189303079496503
0.03206712743855402
0.03700570720011609
0.032063112476773604
0.031885316382835996
0.021253092736072777
0.020835555043624703
0.02476666922286606
0.03234399405481732
0.011913154569562136
0.024147466163177162
0.015844208113441765
0.01538802784649032
0.014400239297410355
0.00660430433578163
0.009843346313626183
0.008550408863452867
0.007205484406095234
0.0058168818202361805
0.004393174290419582
0.002943146454457812
0.001475740279537308
2.3781482800351395E-15
0.0014749835446392526
0.0029401288293717013
0.004386419477509737
0.005804959666125877
0.007187028762770138
0.008524134858661669
0.0098080668701551
0.01737104512682219
0.008307442161815013
0.009281680288333021
0.01868930990471452
0.022364885228661632
0.024191400160594616
0.013086850251972659
0.02172771021431303
0.0154123075111496
0.015822840943172798
0.008298341705891298
0.00852092211367532
0.0054192172151596805
0.008695283389423436
0.008647958864474337
0.015898397681701613
0.015513594512465163
0.022160733426909225
0.013885761006734217
0.025393675101477647
0.020523206630695286
0.015500809813070034
0.007607164471317584
0.006485971603288445
0.018403978547709213
0.00975388212500058
0.008473430582412593
0.0071412331910800575
0.005765512186423343
0.004354754658466325
0.0029176602675278396
0.0014630876723695921
2.7006434898424868E-15
0.0014625903074026267
0.0029156769298862087
0.004350315050559888
0.005757676340100097
0.007129103207221336
0.008456161982298493
0.0097306947078437
0.004854320880200571
0.018655621749552362
0.019741095154208972
0.020085413645193295
0.027193904622156827
0.011894584904433687
0.024689940699942098
0.025688785971571006
0.019324277207544545
0.0196952723543482
0.02783806278245224
0.02790604928637731
0.03042749719916157
0.02770876126162182
0.02744414428680581
0.019541428112889735
0.01911955131491798
0.025706800041021265
0.02334229547432636
0.014899506371389561
0.02569144098280363
0.019471931232036218
0.019768416951788506
0.018724904304212028
0.007931762642750298
0.009698550779599111
0.00842608279069531
0.007101936019152385
0.005734275035342112
0.0043315306473051
0.002902348001853023
0.001455533378035752
4.5809731349257116E-15
0.0014552867977851499
0.0029013647161451493
0.004329329608804528
0.005730390233522698
0.007095922300628997
0.008417521487000082
0.009687055090154939
0.01721579505485272
0.011027811833452198
0.01195546599411853
0.0106991428835639
0.014892222021867105
0.026708303798824762
0.017545194460992886
0.02465280848791277
0.016981380683249878
0.01740176139314569
0.017572266656243524
0.01785251089652014
0.01426327623266846
0.01811942460004399
0.018105005172199876
0.01755621527359192
0.017187431551030877
0.024900747280356725
0.018149910007187256
0.025712051581598637
0.016039739503176845
0.012626188952806955
0.014762504255643053
0.014066621203995504
0.01515394142053422
0.009676400843695322
0.008407551610460215
0.007086917623864037
0.005722633777813173
0.004323103446455077
0.0028969467941661513
0.0014529477539613673
