1.0
0.9989725854527252
0.9958941397184441
0.9907760398146894
0.9836371918337647
0.9745039478168486
0.9634099899352725
0.9503961825331796
0.9355103927392256
0.8913321525335174
0.8729439723562542
0.8528746902749842
0.7209433978931988
0.6888332237333556
0.6733309069272726
0.7301830054470491
0.7026875421640775
0.6743144734892215
0.6357330060262626
0.48580485111625826
0.4365594953530632
0.42282332408851664
0.5096728020720243
0.48568841791709705
0.4522278821203623
0.41929769571790043
0.3039201474941001
0.2619540487068724
0.23660981613320142
0.30942008267874066
0.27592077224170486
0.24282673810037048
0.23395677675898263
0.20167312991975306
0.1700806805333089
0.1392737663276269
0.1093423593199546
0.08037172439209718
0.05244210162743656
0.025628413765296527
3.909341714669477E-16
0.024379622781928074
0.04745297037168228
0.06916877240348825
0.08948212364992617
0.10835460493099743
0.12575437327165512
0.14165622109465445
0.15604160438810766
0.1894403448113315
0.20041892859424254
0.2098699344804977
0.312361640532703
0.3245327279293056
0.3243467995805668
0.2554154442511575
0.260020753798112
0.2605683339614345
0.2686945244546289
0.37510701116111433
0.38616221123747957
0.36639513506499327
0.253106159249971
0.23753342065259567
0.22987741900246225
0.21779044067409042
0.27495656963814746
0.26622259379488306
0.24981218835386723
0.15483333634870383
0.14291977254258098
0.13059268372426355
0.10413347464621643
0.09130375337943783
0.07826434592779993
0.06509537670314845
0.0518756627955615
0.03868235100081263
0.0255905679826503
0.012673085182488133
4.669916878580876E-16
0.012361565328205164
0.02434774582752791
0.03589819564672829
0.046956328580889675
0.05746953627456645
0.06738938324713095
0.07667177800935202
0.08527711967004761
0.09315377036252216
0.10045088101731083
0.10704294389685907
0.043593728431645
0.05123715297348376
0.058146140720641185
0.1257073640599611
0.12128785536822133
0.12335657853339832
0.12112711298900353
0.02373479323001519
0.018563744991370708
0.02360989236893064
0.11970744911236958
0.12079608625084202
0.11808887378849775
0.12230513802949743
0.059204852816625124
0.05566176036537545
0.04732871671942983
0.0974797451547289
0.0911366267034235
0.08446747451623254
0.06711710121238161
0.059138962311212226
0.050938221326003286
0.04256756538062867
0.03407978162745373
0.025527457685862603
0.016962687462071555
0.008436783880031802
1.1410218572236143E-15
0.008298740059596244
0.016412099049191886
0.024294572090918395
0.03190271856496271
0.03919537927375634
0.04613387787015424
0.05268220563223885
0.05880718876800621
0.056941409593427084
0.06129441622761166
0.06524372165177428
0.09876563296404128
0.09739442626727308
0.10759393753626206
0.08303249251239232
0.09404805058511889
0.0945182581343704
0.10298772787689005
0.16183880730851896
0.16257798091706638
0.15805722417726575
0.09817892637951685
0.08740824409522081
0.08470979981884066
0.07078679700142516
0.08682991145857627
0.07276264046854837
0.07286933189189279
0.04988440556694391
0.044890721819445124
0.03969533211620302
0.04963964052493825
0.04384237336355486
0.03785067190997314
0.03170319158088231
0.025439031390899276
0.019097499119957038
0.012717877975441558
0.006339196069147469
0.0
0.006261866202463746
0.012409475561785252
0.018407024902625458
0.024220032755729454
0.02981552737365703
0.03516222387760961
0.040230689627296985
0.04499349698177965
0.07340306702813998
0.07753184848241597
0.08129394853878627
0.07986921899110434
0.0923898890017384
0.08634009231895222
0.1121358033760847
0.11022443987540625
0.11158538127404447
0.1134260608032085
0.04873483842508705
0.05387616502178591
0.04996379643410515
0.11306399671909159
0.11090667782419497
0.109364102156837
0.11006983491175903
0.09024820523052487
0.09662611897409377
0.08460960459556778
0.07680899124487564
0.0729290517141858
0.06878896943246446
0.03948997423526412
0.03492661100534842
0.030194876749063317
0.025325216019943923
0.020348602879241357
0.01529635084488215
0.01019992261616012
0.005090740693767326
8.056053805029387E-16
0.005041516417229129
0.010003617540091807
0.01485687937291251
0.019572813786122637
0.024124030271785876
0.028484389719773164
0.0326291493777489
0.03653509821676986
0.01694654264257061
0.02039376309593737
0.023571455490833303
0.012999388186230086
0.005963587190004945
0.01521580019226797
0.009452192147564844
0.018518518518517782
0.01856643599765276
0.026012260950616768
0.04997196424611935
0.03884708158874396
0.048480846521415745
0.02300027158102102
0.01433891864983589
0.012853099158628317
0.010157929423091515
0.014279847087671913
0.004071762433723068
0.008623611424818026
0.02537758605477215
0.02296350011697305
0.020525688962865375
0.03287863137833054
0.029106096167609015
0.025185915879489783
0.021143214447610435
0.017003654284083392
0.012793277347070055
0.008538345181072445
0.0042651788904565285
2.161304682017678E-15
0.004231226855953744
0.00840294849187202
0.012490174076166507
0.016468621510456152
0.020314858443545847
0.024006437118553034
0.0275220222939519
0.0308415115259709
0.052277101883056676
0.05477952451260215
0.057048515787638546
0.07456850255079228
0.08250340180902005
0.0861730957898058
0.0863313970042873
0.09364930677717796
0.09440641882911464
0.09705267006554809
0.08225984594521497
0.09120376683390231
0.08243899133216749
0.09575310187352441
0.09242183613322603
0.09104143497784502
0.08181310568340527
0.08070578927430941
0.07356815984288151
0.06607115622579987
0.050221363713901915
0.0474971197045503
0.04464250020921757
0.028245407809627976
0.025021011314592355
0.021665227760589482
0.01819948054447635
0.014645715469340575
0.011026264246840474
0.007363706582084024
0.0036807316787424845
5.933784651397328E-16
0.003655993885695133
0.007265056556970598
0.010805428289311149
0.014255912122850718
0.017595998694534976
0.020805986110944745
0.023867094172387963
0.02676157229694441
0.034968423523696696
0.03725699776778863
0.03943756310389761
0.022492275737654964
0.028282916838973184
0.028759243153005088
0.04350817138268236
0.030412290053870417
0.031195099156854367
0.022862596887514727
0.0362507613844531
0.01893274928267437
0.03632310216024082
0.024614875030925614
0.033779436156957526
0.03383066482442593
0.04688843862770904
0.03216845702543311
0.035678441389484145
0.02940742194938187
0.042326841494350016
0.04047870114909169
0.0385006521693354
0.024830357014184262
0.02200678902194804
0.019064718399567755
0.016022861053658043
0.01290043166565618
0.009717023953107275
0.006492489323495045
0.0032468146625345097
2.262515622283297E-15
0.003228063207316339
0.006417712443589452
0.00954963243325676
0.012604970668225864
0.0155654494802915
0.018413474000504245
0.021132235375583848
0.023705808643465758
0.023110350979296247
0.024364124932131605
0.025571153323765174
0.027805316251060017
0.0275782950758854
0.03609885203525432
0.046237918396119425
0.06209555800550733
0.06231375270696247
0.06518605589232757
0.06239060360859629
0.06613850989223431
0.061329851701096734
0.0633735924392409
0.05956286700272092
0.05847034051875795
0.04097811095601363
0.028018772927362205
0.02063355867746824
0.0207378270681298
0.018915690202634425
0.01707038713775473
0.015243346892589838
0.022219107024007066
0.01970021036208766
0.017073170655951698
0.014354647114387229
0.011561772961427772
0.008712048594943771
0.005823233049990688
0.0029132344336095925
1.2748928327534545E-15
0.002898593465300337
0.005764848289296719
0.00858135292930829
0.011331086723561742
0.013997521750362193
0.016564721191939146
0.019017433623296078
0.021341182673572028
0.040883296423727664
0.04289933877335945
0.044753396231922496
0.04868522647600761
0.0595122319977958
0.053533227138229396
0.05806871081563925
0.05393869069936793
0.05466976393003861
0.04640621843367044
0.03867912458448455
0.02944286083070126
0.03893347579421172
0.04696087970908732
0.055485803525352026
0.055012339853489696
0.058021453029335465
0.05582823524953529
0.060121965167548495
0.049385489432303704
0.04338395473923036
0.04144703934740077
0.03936583278389747
0.0201665563888323
0.017886055366204124
0.015505857279753628
0.013041013712296112
0.010507026791995552
0.007919752519503638
0.005295302366411826
0.0026499437508153735
3.9714380831179687E-16
0.0026382495895505608
0.005248668987354837
0.007815363359246626
0.010322775102728311
0.01275577741173534
0.015099764812138587
0.017340740130545516
0.019465397382423606
0.0071834089796110785
0.008978200768533586
0.010705262898822955
0.009774410708065975
0.004223104201105757
0.00538560160387562
0.008015429330270397
0.025449303188059904
0.025279532203692466
0.029353632226981362
0.018671086678379946
0.022513102770753655
0.018021357537677807
0.02773985456110347
0.02262885015921316
0.021946236332613032
0.005299350280440746
0.0077886850044321925
0.001857864054284655
0.01001921843071076
0.014136651838004291
0.013019599478371684
0.011912463253071935
0.01851851851852148
0.016428752422943924
0.01424625864490515
0.01198480398314994
0.009658584444421884
0.007282136745882999
0.004870248084482693
0.002437864729540448
3.557272929138442E-15
0.002428357810789156
0.004832337001505867
0.007197272964721352
0.009508797076711976
0.01175292343994036
0.013916132957619499
0.01598545423832209
0.01794854084947561
0.030621344117896767
0.03206505258887604
0.03338171564327501
0.036634943869715844
0.04299690904697598
0.05098168939000229
0.04891999112032162
0.055395250772686574
0.055928616277025285
0.047605345811273216
0.05279657555363155
0.05303877570053017
0.05302098335503574
0.0471808914228702
0.05527483989774347
0.05452882161090869
0.046678206455897694
0.04723304829439511
0.03714461122744378
0.031447009907346966
0.029489861026674124
0.027856836744333927
0.026139101861922667
0.01717320964004552
0.015238710305110923
0.013217291849712317
0.011121676278224376
0.008964995797927583
0.00676071099860732
0.004522527309869812
0.002264310251768343
4.0242690209372656E-16
0.0022564742107750563
0.004491279322587438
0.006690762809973279
0.00884153564420439
0.010930553364363674
0.012945194766960854
0.014873337741864188
0.01670343180136758
0.02167671860087099
0.023167749036628976
0.024583705478333644
0.021631480229906956
0.025714718880595774
0.019451639190726233
0.02066135006612269
0.006228870973170821
0.006907589957550793
0.013465695926167944
0.02620119819857462
0.01971129289101776
0.02649407402961777
0.013966251038210692
0.008626642603180933
0.008552197251905277
0.0226641858780546
0.022290193455176386
0.030463255863452755
0.02475791724843294
0.026180925571505195
0.02491291119472124
0.02354733798129482
0.016060791128660414
0.014254402945587026
0.012365975136842436
0.010407368373059538
0.008390836793722198
0.006328951709569821
0.004234523600870049
0.0021205228934406506
6.03045667614663E-16
0.002113994882376555
0.004208491728063266
0.006270679904201991
0.008287986175754177
0.010248151021482004
0.012139302799509713
0.013950029316001861
0.015669446367281827
0.014175369309039365
0.015284150552193367
0.0163365679945325
0.01661522152075155
0.017029193476189645
0.020226625316197216
0.028746664292323688
0.041138526287890796
0.041436517087254134
0.03351500674448978
0.04739234781061124
0.04140866624999406
0.04689617572878283
0.03262124598254938
0.040003436340396506
0.03924066255927215
0.026310949599846256
0.015930024174918973
0.015151052432370908
0.01573990547943517
0.013675975209736364
0.012294985164143237
0.010838069981617134
0.015131808464323783
0.013432231125051663
0.011654737426119369
0.009810470346244701
0.007910951711350254
0.005968010510533275
0.003993709529247932
0.0020002707528316197
4.021393276784762E-15
0.0019947887508716417
0.003971848879048778
0.0059190760209359905
0.007824581895461306
0.009676766606717298
0.011464388985837775
0.013176634547165875
0.014803180649464516
0.02376368869714618
0.02515739395491119
0.02643882246139559
0.028261907708302367
0.03848854634768887
0.03650558764897774
0.029178515680331668
0.023699495852452426
0.024255350351048584
0.025615943678929012
0.02839364089767453
0.022561408816358004
0.028328395805798365
0.02599553000186927
0.02494827678458058
0.024613790781963782
0.029141464330511777
0.037548032771943705
0.0369346363850846
0.026867493830722903
0.025263393093859776
0.023881617805457993
0.022395514186275757
0.014350319253919098
0.012740489276204863
0.011056240820028596
0.009308114012789106
0.0075070151351583824
0.005664148820685472
0.0037909485941324383
0.0018990061775875184
2.6513543251302417E-15
0.0018943766504749741
0.0037724873907037824
0.005622823984446097
0.007434076627063926
0.009195202845302213
0.010895494593690335
0.012524643141229436
0.014072801356565901
0.010390733091356411
0.011820092717707415
0.01314583882663894
0.018938540993670303
0.010749403529697523
0.005284955808618362
0.016390371255339566
0.022790013047745625
0.023063190680572235
0.01900878982799672
0.023065329924756395
0.018834980049533958
0.02254491088252181
0.018751468256781388
0.022036906522314915
0.021421036277907916
0.016311214848116765
0.005916660931145525
0.011986532812235044
0.020124316574473795
0.014395224233092356
0.013244071438678551
0.012001575115557914
0.013689633232424423
0.012155621864996401
0.010550164881390616
0.008883293100557873
0.007165392548763207
0.005407139946447622
0.003619436553902082
0.0018133407843647844
1.3394796835487983E-15
0.0018094180900298702
0.0036037940082514373
0.005372124644471672
0.007103590532066704
0.008787621854604416
0.010413962781397227
0.01197273374157296
0.013454491259361538
0.017093294179963664
0.01830239201076517
0.019413264418780232
0.018313827808861385
0.02258220738732233
0.032416821683369325
0.02466224117186543
0.026191518650507332
0.026614727525182107
0.026318206596238576
0.028549049515538463
0.038238932886755575
0.028583819999952957
0.025990681171092603
0.026260910463351245
0.025721075369374045
0.023734719479901186
0.03008812099550136
0.019880206732086982
0.016740721848681046
0.017905430377632033
0.01665073087521374
0.015304446946277505
0.013129576318166003
0.011659817132509378
0.0101211380146671
0.008523137976573288
0.006875761877449885
0.005189238702474594
0.003474018218225949
0.0017407063958145013
7.118733345799191E-15
0.0017373792535234753
0.0034607505683575627
0.005159539561487358
0.006823342980652884
0.008441992249957803
0.010005615456473963
0.011504697401004148
0.012930137348571062
0.01439068875177752
0.015654195938915687
0.016820294652704564
0.020306129119617045
0.02259035940209487
0.014881109967518947
0.019229490946559936
0.018610413197512634
0.019137541915099306
0.024200505468623314
0.017491459756665377
0.020992111485490225
0.017599612861358818
0.024722342358287935
0.019534893065673273
0.019142635900464725
0.01952344142878428
0.016872303537021495
0.023764463091420922
0.018772669115593776
0.016597265825987723
0.015423524308854282
0.01415652174580527
0.012654679837932949
0.011239413419890347
0.009757366466510214
0.008217771418265511
0.006630198648211225
0.005004497115000332
0.0033507334073869426
0.0016791295566439626
4.86289272993881E-15
0.0016763119168747072
0.00333949750848565
0.004979345999421518
0.0065858070681803094
0.008149052303012657
0.009659535194487675
0.01110804929967981
0.01248578422425973
0.014046129837838584
0.015292301801998087
0.016445171189321373
0.018715524304487925
0.015948059308721233
0.016723555840688565
0.019325078723271716
0.01863498116344075
0.018984900422486066
0.015249292359721302
0.02561065928056479
0.03029155473494675
0.025431305615043354
0.014555061152782794
0.018412053252286627
0.01787481568383646
0.01922083235410195
0.015041924990415323
0.01638216722642609
0.021023274626070395
0.01700330174647577
0.01592855752580087
0.014765220998877155
0.012252950983887692
0.010883816402487522
0.0094497023032087
0.007959530298467266
0.006422553345593963
0.004848298416956167
0.0032465075731335793
0.0016270778027896338
2.570495991420419E-15
0.0016247025454929614
0.0032370357671755215
0.004827096171889945
0.006385131545153993
0.00790160064055029
0.009367231488454334
0.01077307796852527
0.012110574301543392
0.01127689351321554
0.01240157526863481
0.013435758078831891
0.010980283192573253
0.020645892332104086
0.024229544841190314
0.018481496028597874
0.023405790554117963
0.02385656909381767
0.031488650969700376
0.018818083933463063
0.019746377598876447
0.01877593774119317
0.03159346698317111
0.023933112203904452
0.02351256955380386
0.01797432629199686
0.024538643551761462
0.01881287689121531
0.010215625108955195
0.012438904561134913
0.011310904632708242
0.010097447616667359
0.01191501965055851
0.010584747402745273
0.009190996056047163
0.007742424727151813
0.0062480185198741925
0.004717032902422497
0.0031589364957633876
0.0015833526258681259
7.876742664563388E-15
0.001581367127949391
0.0031510189353847725
0.004699309784060044
0.0062167373821033585
0.007694000992690849
0.009122058333468063
0.010492180819402194
0.01179600681201696
0.01661533028041986
0.017777516156003977
0.01884993537716244
0.028231462179689505
0.01995329044379699
0.011555818597712843
0.02084698307824913
0.018205673941849937
0.01869683080375508
0.009901334750343957
0.022630959472101555
0.018776846458390315
0.022766748498282613
0.010425851269152608
0.019365752630597595
0.019103266890239105
0.02111279292214122
0.011982578145918943
0.020470718314054327
0.028087255134513253
0.018783240054740705
0.017725946887725986
0.01658714723038198
0.011633535736641212
0.010335712165391748
0.00897563904764264
0.007561755518894222
0.0061028224960143354
0.004607868489189731
0.0030861338289934143
0.0015470136525587157
8.353399893883801E-15
0.0015453766227198182
0.003079605855295525
0.004593255909142032
0.006077031449696977
0.007521830580313792
0.008918800579128038
0.010259392048034957
0.011535411143217645
0.010931979721257356
0.012044787007176146
0.013089652930330917
0.011842945607074804
0.01290536100650953
0.0225237074081933
0.014612302781739606
0.019508200900002052
0.019738311375081443
0.02794350432416311
0.016033254292660216
0.030525581214371905
0.015909005391793594
0.02747068812485142
0.01898664998751247
0.01851851851850916
0.014440999949595808
0.021878532963772904
0.013175833803150676
0.013274791698039119
0.014576279582648864
0.01372288513144195
0.012810220411625156
0.01140273738290913
0.010131620185262884
0.008799235330318365
0.007413839913160554
0.005984009696894185
0.004518586115965239
0.0030266216949566805
0.0015173242190204598
3.815474859526864E-15
0.0015160034130034265
0.003021354726472164
0.0045067962456041095
0.005963200715941343
0.007381627315090385
0.00875337645160732
0.0100700430356319
0.011323567895698146
0.013580842119711837
0.014475747303294326
0.015305191809517156
0.017386985472287855
0.017909691526778293
0.016381745438985844
0.02098238067234485
0.02893839418352117
0.02944675449391471
0.022678257238617473
0.03103432534071149
0.022950253239405537
0.031211426001647644
0.023223888052483706
0.030166010719571857
0.02989368383810215
0.020650785316879295
0.016911397628674624
0.016345052714945966
0.013017249469010613
0.01341000544979724
0.012414067996197735
0.01137501222850009
0.011218138743396841
0.009968509378500091
0.00865836437032852
0.007295813132388364
0.005889281682096114
0.004447460615537086
0.0029792514937068875
0.0014937119704672098
1.3849741276574822E-15
0.0014926825330983003
0.002975146414706743
0.0044382715853887545
0.0058730631612066795
0.007270706647695221
0.008622622008379445
0.009920516256843986
0.01115643425042314
0.01818862878650377
0.019309795857126322
0.020357797445061263
0.025407385419032553
0.01994638828496662
0.0178708145406759
0.01609375924301889
0.005850381812088413
0.005889954944693921
0.014968592002313678
0.006269490785804789
0.024182582089280882
0.005933549835103193
0.014231109944564238
0.004661818668563807
0.004195599076591978
0.01651618965507195
0.01718071452418447
0.02157651088942623
0.02857916100448392
0.021573171563073194
0.020641885030496503
0.019628931297361377
0.011076303439819994
0.00984334631362907
0.008550408863444811
0.007205484406096485
0.005816881820238056
0.004393174290415138
0.0029431464544582005
0.0014757402795369796
5.197183908982414E-15
0.0014749835446383607
0.0029401288293702354
0.004386419477508336
0.005804959666126145
0.007187028762767528
0.008524134858668788
0.009808066870154324
0.011030944889168361
0.004395142607571128
0.005327550988589666
0.0062168228524343986
0.002129494098811344
0.008811884910367825
0.017416653081059046
0.017387424387125348
0.03446248376051809
0.034862745880704635
0.028815839912115396
0.03392772221411849
0.018645017120874567
0.03389792692522144
0.028828208642152183
0.0348433410531078
0.03443988844362878
0.01698896333811475
0.017436561231240516
0.007994785372544723
0.0041222199353357185
0.005734089436470302
0.004787473762791595
0.003796191366656153
0.010974681112937004
0.009753882125006413
0.008473430582406996
0.00714123319107944
0.005765512186415295
0.004354754658462518
0.0029176602675267775
0.0014630876723670425
8.382070307238729E-15
0.0014625903074074965
0.0029156769298907745
0.004350315050562103
0.005757676340103717
0.007129103207226513
0.00845616198230012
0.009730694707841542
0.010944869218235679
0.02047529297258158
0.02150308193859352
0.02244843857386139
0.03193129576809189
0.024005062734952752
0.016438834035886054
0.01822386022710176
0.012747404310263104
0.013115151033915862
0.010218189763098727
0.0141371449516801
0.020608175305274846
0.01459685788673927
0.01079229050890827
0.014458910608423836
0.014523740059866442
0.018197897564628904
0.016951566348101636
0.02302222737013509
0.02982798486479167
0.02162572011669152
0.02062160532462381
0.01954820412546605
0.010911491925407166
0.009698550779603488
0.00842608279069399
0.007101936019150503
0.005734275035345896
0.004331530647307404
0.002902348001853517
0.001455533378032903
5.123998779792678E-15
0.0014552867977748885
0.0029013647161413216
0.004329329608808977
0.00573039023352991
0.0070959223006251335
0.00841752148700186
0.009687055090157305
0.010896712005370757
0.011137854312309431
0.012041779075244669
0.012930411668740382
0.010920980075168884
0.011635151317039882
0.018840553919145717
0.01649605261934659
0.02916986815444481
0.02935094791704653
0.023658790461924116
0.028977759180438573
0.025912263363381205
0.028739562470236388
0.02312961978992847
0.02850575926901093
0.028056585651096193
0.016719527755933026
0.018968845902755365
0.013713584010566313
0.014533359871625127
0.015436501853455586
0.014781436381765746
0.014083541838884115
0.010885648950796736
0.009676400843695164
0.008407551610463283
0.007086917623867705
0.0057226337778165225
0.0043231034464537065
0.002896946794170321
0.0014529477539661619
