1.0
0.9989725854527308
0.9958941397184476
0.9907760398146926
0.98363719183377
0.9745039478168525
0.9634099899352759
0.9503961825331833
0.9355103927392286
0.9188072805050714
0.9003480590739823
0.8802002270235806
0.8035571550017008
0.7622657746268675
0.7105761290613746
0.6847366445921116
0.6309539793776939
0.6204146391411463
0.5094458890889253
0.47331478482531647
0.40780277078175736
0.41417442915500136
0.39030373778304545
0.4331595007567423
0.3836067783942176
0.37547866584737366
0.3421725056981701
0.33363074026366524
0.31634984943236083
0.33395382007963836
0.30020068627509705
0.26683328132118805
0.23395677675898313
0.20167312991975356
0.17008068053331027
0.13927376632762817
0.10934235931995495
0.08037172439209742
0.0524421016274372
0.025628413765297366
0.0
0.024379622781927523
0.04745297037168271
0.06916877240348807
0.08948212364992515
0.1083546049309978
0.1257543732716555
0.14165622109465498
0.1560416043881075
0.16889863993921214
0.180222071876529
0.19001320791218074
0.24438064010296967
0.2648350318128463
0.2917311980877376
0.29362544270470003
0.31395872350328696
0.30137572758124326
0.33655922704537533
0.3368502332951276
0.3466698120887705
0.3248003857978466
0.31315414898207145
0.2757158254834028
0.2787789860915638
0.25336309392016987
0.2452560412127719
0.2150749195779983
0.19224305338149397
0.14055159595840186
0.1288390805231734
0.11667245240793675
0.10413347464621682
0.0913037533794381
0.07826434592780017
0.06509537670314747
0.051875662795561064
0.03868235100081253
0.025590567982649234
0.01267308518248872
4.2503651117166137E-16
0.012361565328206705
0.02434774582752968
0.03589819564672796
0.04695632858088984
0.05746953627456659
0.06738938324713203
0.07667177800935464
0.08527711967005039
0.0931704195635524
0.10032139756208619
0.1067045528711403
0.09861315226457869
0.10353849918990937
0.1108836461902609
0.10232431541404402
0.09803255461100509
0.08827478219165147
0.13542904492216956
0.1577966300323599
0.17269334707463763
0.15640939655871228
0.13195079943266996
0.0844152033147111
0.09473757127470553
0.09881104359591689
0.10964279510526663
0.09944850118517325
0.09290141597431742
0.08919691902778173
0.08219714680739923
0.07482035430154894
0.0671171012123831
0.059138962311214516
0.05093822132600392
0.04256756538062848
0.03407978162745168
0.02552745768586348
0.016962687462071226
0.008436783880032902
1.0315866123630824E-15
0.008298740059597125
0.016412099049192358
0.02429457209091735
0.03190271856496193
0.0391953792737555
0.04613387787015443
0.05268220563223872
0.05880718876800677
0.0644786375373889
0.06966947658610746
0.07435585599533798
0.09150490687515454
0.09617261106626106
0.10124498426103291
0.10294869880512338
0.10682697577415666
0.11802772706154921
0.08991873962658824
0.06183823067400513
0.0674098173185647
0.0617103766565135
0.09085105125824075
0.11307788118772683
0.0977161904107364
0.0907134941643224
0.08425744333058302
0.08068614866044807
0.07599434842270844
0.06548986096701312
0.060499877003651496
0.0552044965608571
0.0496396405249371
0.04384237336355585
0.03785067190997339
0.03170319158088197
0.025439031390900226
0.019097499119956163
0.012717877975441107
0.006339196069146972
6.464468728369956E-16
0.006261866202463101
0.012409475561785746
0.0184070249026242
0.02422003275573082
0.029815527373656826
0.03516222387760919
0.04023068962729774
0.044993496981780484
0.04942536269936574
0.05350327330829116
0.057206595866655816
0.08330094910836114
0.08352353441825483
0.0940597452558642
0.07155223184267598
0.05927106606993569
0.043478002437582916
0.053343122417919775
0.0834508264970667
0.06911205199201836
0.08166449877422369
0.04963555372862053
0.04035013419406269
0.054900354151256374
0.06656623635502845
0.088792160050717
0.07844597326817924
0.08026812526399633
0.05187727902217782
0.047993586651200744
0.043855240091817356
0.03948997423526575
0.03492661100534783
0.030194876749065815
0.025325216019945345
0.02034860287924012
0.015296350844884296
0.010199922616159832
0.005090740693766071
8.195202392301432E-16
0.005041516417229047
0.01000361754009081
0.014856879372913424
0.01957281378612345
0.02412403027178848
0.02848438971977449
0.03262914937775235
0.036535098216766454
0.04018068198682768
0.043546117313201085
0.046613494253765334
0.03219151969803148
0.03880450502985504
0.033535442228405175
0.0611643951909883
0.08178245949170763
0.09619236625099052
0.1172218278124359
0.0984403746771745
0.08650325769306133
0.0979612311194924
0.1153894903138115
0.09515652504741481
0.08222554275937488
0.06236613236562996
0.0365065466457803
0.0372669724925253
0.026102341805651665
0.04307047863746709
0.039883901941636296
0.03647909300014324
0.03287863137833336
0.029106096167607006
0.025185915879488163
0.021143214447610813
0.017003654284082684
0.012793277347068295
0.008538345181072132
0.004265178890456538
2.0069855770687547E-16
0.0042312268559554864
0.00840294849187265
0.012490174076164564
0.01646862151045377
0.020314858443545393
0.02400643711855241
0.027522022293950964
0.030841511525969246
0.033946147150061994
0.036818619353300316
0.0394431597867868
0.06240317710774875
0.04886334640069799
0.050243766063479904
0.03146276478199075
0.020422117682362538
0.015133856334526519
0.012132790509865677
0.04194954524353653
0.06800163320015339
0.04202210888949227
0.014541136066833604
0.01637533096008947
0.01843401738304941
0.02737114004608316
0.04275538900007559
0.04255286436878803
0.05695111222072823
0.03692667386834057
0.03421776046338071
0.031317650500897555
0.02824540780962728
0.0250210113145916
0.021665227760588116
0.018199480544475677
0.014645715469342777
0.011026264246840443
0.00736370658208438
0.0036807316787417824
8.513753689369411E-16
0.003655993885695215
0.00726505655697187
0.010805428289309728
0.014255912122852375
0.017595998694535903
0.020805986110943156
0.023867094172387318
0.026761572296947245
0.029472800534868664
0.0319853831089404
0.03428523396467448
0.024411430940595967
0.04393767045994179
0.06345591033040676
0.06324409880399391
0.06459608676942653
0.05816257340344249
0.05422488302010676
0.06890320704357442
0.053682929076319184
0.06870916330501685
0.05160100174318761
0.053707278168497546
0.060653213610545424
0.061125619690277244
0.06599167833585988
0.044852887114113574
0.02642521399068719
0.032412810856047226
0.030050316655057717
0.027517322639368236
0.024830357014186805
0.022006789021949975
0.019064718399568668
0.016022861053656207
0.012900431665655495
0.009717023953107796
0.006492489323494773
0.003246814662536652
7.341723605743227E-16
0.0032280632073143855
0.006417712443589787
0.009549632433255668
0.012604970668223286
0.01556544948029214
0.01841347400050271
0.021132235375583872
0.023705808643462743
0.026119244705548213
0.02835865587170972
0.030411294495707904
0.03602919098918904
0.02561974186845778
0.0034970697861931937
0.021741750066359755
0.03091755953039583
0.046816479637621325
0.04345614247409605
0.04636378069271618
0.08088533309235846
0.046062026135277954
0.04409716324035273
0.04871723904067892
0.03268293994419004
0.023660530665060377
0.0032384918741633077
0.026072515914072402
0.032170003438493994
0.02896962945826449
0.026868828375114846
0.024613779935095753
0.022219107024003336
0.019700210362092664
0.01707317065595121
0.014354647114388627
0.011561772961430848
0.008712048594938624
0.005823233049990065
0.00291323443360544
1.9273200288356294E-15
0.0028985934653003417
0.005764848289296644
0.0085813529293066
0.011331086723561808
0.013997521750358255
0.01656472119194389
0.019017433623294784
0.02134118267356853
0.023522351538325614
0.025548261854455228
0.02740724648622247
0.029843579494540234
0.039826365574236945
0.06283309940659075
0.03700690142482578
0.03184163868762955
0.024837549103062913
0.028613011029304337
0.05998010258863865
0.054413672140388565
0.059403838024873805
0.028048224672033308
0.026956009874491586
0.031098078175920474
0.033775645077670634
0.05958537636416421
0.037046963790026186
0.029125517367029945
0.026268079742024
0.024371076804359404
0.022332853656680016
0.020166556388835445
0.01788605536620425
0.015505857279754783
0.01304101371229492
0.010507026791995394
0.00791975251950184
0.005295302366406462
0.0026499437508205525
1.9193235226023704E-15
0.0026382495895477544
0.005248668987355731
0.007815363359243665
0.010322775102730533
0.012755777411734724
0.015099764812137501
0.017340740130550404
0.019465397382424705
0.021461200092846286
0.023316454592682657
0.025020377865604626
0.028080248240590567
0.0336330674418909
0.027276732001037834
0.03318969068081488
0.0321640554319629
0.051236424643080175
0.05605731565060418
0.03770237646777163
0.05977764607884863
0.0378079943475709
0.056507061188778455
0.04968029528545786
0.030419743331406894
0.03330016766809864
0.02982745779456047
0.03442129367118176
0.02932147311277358
0.02410201114996655
0.022367460989532215
0.020502305557444287
0.018518518518519298
0.01642875242294127
0.014246258644903892
0.011984803983147751
0.00965858444442218
0.007282136745883835
0.0048702480844846005
0.00243786472954163
2.0780879091248955E-15
0.002428357810790012
0.004832337001509355
0.007197272964718122
0.009508797076710443
0.011752923439939746
0.01391613295761782
0.01598545423832478
0.017948540849474334
0.01979374446275837
0.021510183461024502
0.02308780660561759
0.021023258845609877
0.02188808731356792
0.0328330761083371
0.0296453268701969
0.035515488596764185
0.04859918646370914
0.03725685904408838
0.04560263443180877
0.03972001432414994
0.04560508412119951
0.038013723378793794
0.04896898775816428
0.03566714015860877
0.030767212770862196
0.027734948697651484
0.019667672717436562
0.018143928585321184
0.022335777788462744
0.020733088768744416
0.01900855764427317
0.017173209640042823
0.015238710305111591
0.01321729184971726
0.011121676278224597
0.0089649957979285
0.006760710998604746
0.004522527309874185
0.0022643102517714616
1.1321983690996668E-15
0.0022564742107754336
0.004491279322591485
0.006690762809976072
0.008841535644205126
0.010930553364363861
0.012945194766961538
0.014873337741865203
0.016703431801373167
0.01842456687080432
0.0200265379333088
0.021499905148105247
0.03445440793352165
0.030524332352616642
0.03478997603673859
0.025217411744693597
0.02025958228629868
0.018827726124024786
0.04245574070278869
0.02817585891451097
0.06331333317621561
0.027508490204172533
0.04070125558214219
0.01643471253455575
0.021392496978367946
0.023387520808443838
0.03418149749803785
0.028332761040324922
0.034890380450026834
0.020876550878771633
0.01938241536712861
0.017773746605175337
0.016060791128661635
0.014254402945588654
0.012365975136843288
0.010407368373061492
0.008390836793718768
0.006328951709569052
0.004234523600866503
0.0021205228934411432
2.6466263387302034E-15
0.0021139948823776693
0.004208491728061569
0.006270679904199354
0.008287986175753407
0.010248151021480302
0.012139302799506525
0.013950029316002225
0.01566944636727827
0.017287262845733658
0.018793842021815433
0.020180258639179195
0.00836888445436742
0.02148814678674913
0.016862327435350224
0.03198490063889989
0.028829169277139393
0.03929480376172035
0.0297519760517042
0.03367691885192004
0.037037037037033115
0.03292992470403556
0.028215929330351483
0.037816275339251734
0.027438240317318317
0.03079955461880738
0.01930745191192767
0.023157335728432732
0.008176363069520312
0.01965873761033191
0.018254951168105472
0.016742774869489514
0.015131808464326617
0.013432231125056327
0.011654737426119234
0.00981047034624457
0.007910951711350096
0.005968010510538449
0.003993709529246089
0.0020002707528285263
3.6007976262116235E-16
0.0019947887508708134
0.003971848879047946
0.005919076020937632
0.007824581895459605
0.009676766606714328
0.011464388985830565
0.013176634547165349
0.014803180649462067
0.016334258471107598
0.017760711428655426
0.019074049690995215
0.03178492804712062
0.01707683211731442
0.02496096300032106
0.02054925688807214
0.031191740795521488
0.020265201076271725
0.036924246790045405
0.03219931784880629
0.033780828719372144
0.03282887002964823
0.03818239115364986
0.021285203505968506
0.0309927943885583
0.021994818009221026
0.022677325246252097
0.015843794140069013
0.029950759875913845
0.018634751619659003
0.017306785855207677
0.0158756224980448
0.014350319253919254
0.0127404892762065
0.011056240820027704
0.009308114012789605
0.007507015135159765
0.005664148820684014
0.0037909485941287776
0.001899006177588543
1.3763101106082276E-15
0.0018943766504771907
0.00377248739070429
0.005622823984444567
0.007434076627063007
0.009195202845305825
0.010895494593688493
0.012524643141228883
0.014072801356563271
0.015530643016463142
0.01688941878175498
0.018141008505865017
0.01469266366782295
0.027040803048884912
0.031826952377817366
0.01715751400479289
0.020287373626947033
0.022491037037148377
0.01382264463142686
0.014611766515397985
0.015673567855907063
0.015154456568580884
0.01504061235503564
0.021954238305107766
0.021014069827129278
0.015337705991395476
0.032777697709212475
0.02660046886714013
0.016229092712436638
0.017769308106982875
0.01650534428602365
0.015142585844550837
0.01368963323242333
0.01215562186499391
0.010550164881394156
0.008883293100559889
0.007165392548760382
0.005407139946452077
0.003619436553902074
0.0018133407843727257
3.1221924595352192E-15
0.0018094180900279685
0.0036037940082419275
0.0053721246444729835
0.00710359053206452
0.008787621854595399
0.010413962781395412
0.01197273374157518
0.013454491259360499
0.014850284989618193
0.016151711609943296
0.017350965245903776
0.021043759974407703
0.019747611974042824
0.010288634050511756
0.030377166108696927
0.019194161157445842
0.02309068355261872
0.038707506198155855
0.030542058414537117
0.0313189038152509
0.029799683751529228
0.03737290952392567
0.022720210507480486
0.017932601632622946
0.030496171773735224
0.008969288004160508
0.021247853371846807
0.01917899444367824
0.017035768917319314
0.015826024000829046
0.014521222122821024
0.01312957631816089
0.01165981713251041
0.010121138014667982
0.008523137976575376
0.006875761877448046
0.0051892387024808475
0.003474018218224495
0.0017407063958188543
1.215198755953791E-14
0.0017373792535239209
0.0034607505683629113
0.005159539561486017
0.006823342980649593
0.008441992249954894
0.010005615456475127
0.011504697400991396
0.01293013734856735
0.014273304129173863
0.015526088255905906
0.016680950746741453
0.01843611280546513
0.01949639319747878
0.030991915823872694
0.014762265626804225
0.03232446975017663
0.021412639333367976
0.028703989151752533
0.031955060178796804
0.04023968874575442
0.031951993545119725
0.028578432104789983
0.02132086537980572
0.03301802613838986
0.01575184113893788
0.02981106416807321
0.017499844992646826
0.01793183164908535
0.01641372860143068
0.015249972865770704
0.01399432858407308
0.012654679837935511
0.011239413419896172
0.009757366466508273
0.00821777141826424
0.0066301986482085
0.005004497114996025
0.0033507334073911658
0.0016791295566407215
3.0226296526236047E-15
0.0016763119168719622
0.0033394975084898573
0.004979345999421864
0.0065858070681845005
0.008149052303011823
0.009659535194493755
0.011108049299683644
0.012485784224260959
0.013784379082911703
0.014995973114478756
0.016113253146071937
0.017832124091222527
0.024078583260605933
0.010892396239989697
0.023386622489485125
0.02143043889788432
0.02102659629673825
0.018434976354908972
0.016069824300692273
0.008706125469298857
0.01660238684518388
0.01886658390742931
0.021149454890668398
0.02222823844178553
0.021905576620347554
0.011789480608819288
0.023515591045979292
0.018889017769892217
0.015887378229224113
0.014762581844745992
0.013548571158452281
0.012252950983883602
0.01088381640248329
0.00944970230321629
0.007959530298470532
0.006422553345598372
0.004848298416961285
0.003246507573141854
0.00162707780279473
4.2866198127338064E-15
0.001624702545490968
0.003237035767176531
0.0048270961718916
0.006385131545153766
0.007901600640544877
0.00936723148844789
0.010773077968523571
0.012110574301541749
0.013371587129267011
0.014548464866405578
0.015634084025896097
0.012698667582205156
0.013729523118210624
0.023142387925012876
0.01908071922304697
0.028733124418084583
0.020079537115754522
0.01906126811212614
0.017226644555465388
0.026004447193034776
0.01696533379996126
0.01927026701035203
0.020605105941079678
0.027531959955641637
0.018824599452994178
0.02240903178213742
0.014764401208255246
0.011039285526646564
0.015444371757689146
0.014352440193512218
0.013173533359923223
0.011915019650551311
0.010584747402743764
0.009190996056048702
0.007742424727157786
0.006248018519877837
0.004717032902415403
0.003158936495763314
0.0015833526258703246
3.2287350931099387E-15
0.0015813671279497293
0.00315101893538576
0.004699309784059766
0.006216737382101978
0.007694000992688055
0.00912205833347004
0.010492180819406918
0.011796006812016634
0.013025592550934592
0.014173460457964113
0.015232644520592024
0.023396068571274107
0.01671098139940938
0.014433253381500989
0.02082536512054011
0.0200576851431653
0.020914620550813185
0.02007062893349512
0.020842972486140487
0.013663947601402009
0.020434135033013882
0.019244070643854017
0.02060831133799968
0.018878662370009874
0.021985840583947414
0.014508125301196436
0.015015225770444432
0.023954335363613202
0.015075026171654843
0.014010597974017972
0.012861044675940337
0.011633535736641411
0.010335712165389295
0.008975639047643716
0.007561755518894047
0.006102822496016802
0.004607868489188763
0.0030861338289843035
0.0015470136525524666
7.909241236080657E-15
0.0015453766227225148
0.0030796058553012183
0.004593255909154176
0.006077031449698179
0.007521830580314254
0.008918800579128082
0.010259392048031862
0.011535411143225115
0.012739069568689332
0.013863032028235946
0.014900460847372171
0.008987757055211496
0.020932486060978008
0.020557047987363634
0.012848883974695897
0.025633450669590982
0.03374553676002895
0.03752594822808404
0.034062256549657687
0.04741570417105689
0.03447421889291936
0.03809883180309798
0.03459320599368722
0.026572731895213152
0.01171425132710452
0.020262644115004932
0.02161198216082411
0.010252992504962151
0.01477174899578243
0.013730038049235664
0.012604699581223044
0.011402737382909261
0.010131620185266822
0.008799235330314773
0.00741383991316304
0.005984009696899638
0.004518586115977014
0.0030266216949507005
0.0015173242190099632
7.483254872107375E-15
0.0015160034130019746
0.00302135472647667
0.004506796245604232
0.005963200715940693
0.007381627315088426
0.008753376451611948
0.010070043035636838
0.01132356789569349
0.012506287027608292
0.013610978374995352
0.014630905856401413
0.022511972970494114
0.01355651446043695
0.015222590380414064
0.026893393121796373
0.009495525767856044
0.012105504195402487
0.00528173994954368
0.003436051121438573
0.004962022082063213
0.003995779435657314
0.006550070899260399
0.011124585764555772
0.009603109530804434
0.026559904596032854
0.015662745895189702
0.014828988482954693
0.021284764591451625
0.014528624515090797
0.013505294387046113
0.01239950977153967
0.011218138743402804
0.009968509378498297
0.008658364370328301
0.007295813132384075
0.0058892816820934
0.004447460615543098
0.002979251493710478
0.0014937119704668562
3.1534604053752368E-15
0.0014926825330984152
0.0029751464147068796
0.004438271585385311
0.0058730631612079484
0.007270706647695016
0.00862262200837936
0.009920516256842517
0.011156434250425888
0.012322807374821186
0.01341249982226645
0.014418852180572008
0.01661576694764486
0.01978130778674277
0.01690313642385146
0.01109423147309072
0.030219886833260406
0.03240244133742971
0.029144567409698684
0.031444381529029744
0.026790246731010225
0.03105164813610007
0.027969753856733313
0.031237032965223562
0.029542398847599457
0.012342382859348165
0.016164764840205837
0.018460548977819482
0.01778675208599766
0.014341113543087211
0.013332175107202858
0.012241651830625037
0.011076303439813912
0.009843346313627148
0.008550408863445698
0.007205484406089143
0.005816881820236304
0.004393174290420654
0.0029431464544584472
0.0014757402795372927
1.1180241219366944E-14
0.0014749835446459544
0.002940128829372199
0.0043864194775036745
0.0058049596661272716
0.007187028762769477
0.008524134858667485
0.00980806687015705
0.011030944889172101
0.012185268474433995
0.013263962587796418
0.014260420895061892
0.014714138774448514
0.02061894480056688
0.019314518150321078
0.0182111255905225
0.017189404299603913
0.014047042509160024
0.02024332095922278
0.015161355576613153
0.019252963399119635
0.01516407192638271
0.02032478265620193
0.015453300850167193
0.017962512312649132
0.016884040107997073
0.019856518924339452
0.021105838001520005
0.013274606310512273
0.014205836626893972
0.013207562550505338
0.01212828512368937
0.010974681112938303
0.009753882124994175
0.008473430582407277
0.0071412331910733024
0.0057655121864222825
0.004354754658460179
0.0029176602675250675
0.0014630876723634254
3.782103331786944E-15
0.0014625903074107676
0.002915676929883802
0.004350315050560331
0.005757676340101391
0.007129103207220188
0.008456161982297358
0.009730694707839257
0.010944869218253219
0.012091227201862573
0.013162729950762071
0.014152801518088318
0.019075457510731253
0.012119432314481515
0.014952644727101104
0.020420024725825464
0.017829326625891304
0.01920498479542796
0.017532105045307986
0.024381468388249363
0.03656968910206245
0.02439267338457233
0.017724048018441154
0.019442930293880355
0.01685512920732347
0.02091767715639424
0.015488758976289232
0.011868753710101437
0.018518057594944834
0.014120420498239054
0.013129271780949248
0.012057423013988973
0.01091149192541007
0.00969855077960368
0.008426082790694059
0.00710193601915392
0.005734275035346301
0.004331530647310863
0.002902348001853008
0.0014555333780337627
3.689416664108724E-15
0.0014552867977839395
0.002901364716141008
0.00432932960880328
0.005730390233523716
0.007095922300637133
0.008417521486997601
0.009687055090150831
0.010896712005369376
0.012039050719150159
0.013107045024552651
0.014094127177918511
0.012890268582340329
0.0185462638247908
0.02015952860862441
0.017098441937257014
0.019349922406638343
0.026541458630385904
0.017881689469458006
0.017781700014290285
0.00979626852818908
0.018047836595850526
0.01790926840415581
0.026562178668288205
0.01884284599505784
0.01808158096000139
0.019665926341702403
0.017173296400529326
0.014026142314083789
0.014083394332786612
0.013095955155908764
0.01202784616457688
0.01088564895079654
0.009676400843694512
0.008407551610461271
0.007086917623866529
0.005722633777814713
0.004323103446451903
0.002896946794169789
0.001452947753968452
