1.0
0.9989725854527299
0.9958941397184441
0.9907760398146891
0.9836371918337706
0.97450394781685
0.963409989935276
0.9503961825331821
0.9262568303381138
0.8725468827773546
0.8356502511050335
0.8248487685486874
0.8218047439107841
0.7988241718265577
0.7014662091039421
0.6394750721571059
0.5589984359166256
0.5422254324608976
0.5144537473633296
0.519538020267141
0.479343172743695
0.45787228692589416
0.39246802558698485
0.3592073998257443
0.3140497899086626
0.331678550319599
0.33275769658666304
0.3683677516448111
0.33325042905788965
0.27990603119572005
0.23644582923555632
0.2209689429822061
0.22479132163614526
0.2016731299197528
0.17008068053330982
0.13927376632762728
0.10934235931995487
0.08037172439209712
0.05244210162743651
0.025628413765297488
0.0
0.02437962278192738
0.04745297037168221
0.06916877240348777
0.08948212364992594
0.10835460493099754
0.1257543732716559
0.14165622109465423
0.1651097499632075
0.21416897871897536
0.24220623616969877
0.24196339084829666
0.22925046486178674
0.23260382916571332
0.29168051942795603
0.32131251161631047
0.35735735636523663
0.3315690950378836
0.3209335858689383
0.300908485967145
0.3059122833909801
0.28961682218543305
0.2959466928642859
0.29572441461783155
0.31350591134506556
0.2744312593971911
0.24098732375991233
0.18503369515332138
0.1789872228741621
0.1898419109663204
0.18819670765124538
0.16084645761334734
0.11297579210696965
0.09130375337943757
0.0782643459277999
0.06509537670314813
0.05187566279556125
0.038682351000812375
0.02559056798264998
0.012673085182489411
4.869491172621425E-16
0.012361565328205695
0.0243477458275289
0.03589819564672799
0.04695632858089011
0.057469536274566656
0.06738938324713142
0.07667177800935411
0.07677048123699859
0.050589556116094316
0.045125934663253965
0.06835563923293315
0.10025068786271216
0.11475245316127852
0.08551285487874108
0.07985880843265694
0.085012646741606
0.13445344419092853
0.15463928340871125
0.14400274200877952
0.12814250366268218
0.14562022984327042
0.16043546022004
0.14190449370317038
0.09252512282003728
0.08336222001142378
0.08582805669365655
0.10717986297209064
0.09123117744473397
0.058086257168611204
0.031667780497291576
0.03440744864647042
0.0591017376965753
0.05913896231121413
0.050938221326004396
0.04256756538062781
0.034079781627452926
0.025527457685862284
0.016962687462071045
0.00843678388003235
1.1433873590980534E-16
0.00829874005959628
0.01641209904919228
0.02429457209091817
0.031902718564962046
0.0391953792737554
0.04613387787015405
0.05268220563223821
0.06683982629136533
0.10407708996616026
0.11692890417544602
0.11087875827894288
0.08652172888898234
0.07689507469843795
0.09202936474179679
0.08821143557744875
0.05906714262109836
0.03953375845326629
0.046607630977072496
0.04320607874021731
0.04636259356543771
0.041578090957160335
0.0478904676987603
0.03606674929645758
0.042663076598468214
0.0750108603151187
0.08141381352845507
0.06315732896637694
0.07284028813641476
0.09761498793644607
0.10264362876166179
0.0925042937248592
0.057220701930151614
0.04384237336355454
0.03785067190997312
0.031703191580882785
0.025439031390899976
0.019097499119955907
0.012717877975441244
0.006339196069148213
1.5282892555155835E-15
0.00626186620246333
0.01240947556178564
0.018407024902624993
0.024220032755730928
0.02981552737365747
0.035162223877609734
0.04023068962729668
0.03861283196386285
0.017052558058820243
0.019557462633244038
0.04839495894540583
0.07901953967582401
0.09077892052661102
0.0884225848087968
0.09569390946917106
0.13589351098812585
0.1699531623112093
0.18747812998648475
0.15177186102390267
0.14516069300295062
0.14974705239285882
0.18273836692349957
0.16448532286464287
0.13347079834542266
0.09146283297686589
0.0834574393903812
0.0875240607063508
0.0772043291133195
0.04739055058799607
0.019504152672730177
0.015001645399172656
0.03399793423462824
0.034926611005349856
0.030194876749064768
0.025325216019945092
0.02034860287924118
0.015296350844882484
0.010199922616159656
0.005090740693765746
1.7945036094899932E-16
0.005041516417229177
0.010003617540090255
0.014856879372913204
0.019572813786122436
0.024124030271786955
0.028484389719772747
0.03262914937775051
0.042861276184145244
0.07026979917304962
0.06875857110344924
0.06302272119830349
0.0323498464080125
0.023136552267798035
0.06314051167834557
0.04230351086683149
0.01229750950095917
0.019629424781842247
0.023884845879011334
0.04494703993891036
0.06789354899806746
0.046528043156645896
0.02343129329358979
0.02043287097024839
0.014892425555452164
0.04390678503751002
0.06278422976463242
0.0218355662948227
0.025231904807435233
0.05516977479310686
0.05936510143971403
0.06350648754208857
0.03859257447515035
0.02910609616760535
0.025185915879488357
0.02114321444761226
0.01700365428408399
0.012793277347068708
0.008538345181070942
0.004265178890455592
1.844120228510422E-15
0.004231226855952469
0.008402948491872602
0.012490174076165964
0.01646862151045448
0.020314858443544404
0.024006437118552153
0.027522022293950007
0.027727227562386842
0.013604261784304753
0.02373017720396075
0.042636201753237575
0.06715272026325518
0.06718254120778927
0.029622978900431973
0.042726846808786786
0.06156495562095545
0.06215037654059266
0.04729914042805146
0.05544694447436947
0.08478634295431924
0.05428639006347058
0.041498769739563464
0.05620037152765075
0.05241016342431716
0.03896551945715786
0.021034606897137827
0.06196821957054272
0.06378747103278336
0.0406947638838465
0.025906783814183952
0.01377119991689022
0.026222014710698682
0.025021011314590783
0.021665227760587248
0.018199480544475583
0.01464571546934336
0.011026264246838786
0.007363706582086336
0.0036807316787418596
1.3840654362729226E-15
0.0036559938856946354
0.007265056556972431
0.01080542828930945
0.014255912122852474
0.01759599869453566
0.020805986110943957
0.023867094172388446
0.030904040507443782
0.04800587500407581
0.03590596622646133
0.03509729486711445
0.015837667898958824
0.034825971444533935
0.0704266324036899
0.06517162349607422
0.06049889436551718
0.064739561030106
0.08319141227019251
0.08896649266291895
0.09493822606151602
0.08826431841713289
0.08318889663362275
0.06415600748759595
0.06301247814392881
0.06518034271980493
0.0707842537617466
0.037428272073753786
0.018092181785662614
0.03163822372649122
0.029772464890725266
0.0428017377694129
0.02824681861157192
0.02200678902194946
0.019064718399566288
0.016022861053659136
0.012900431665656187
0.00971702395310813
0.0064924893234937844
0.0032468146625344828
1.0497410864220403E-15
0.0032280632073133707
0.006417712443586389
0.009549632433253453
0.012604970668226776
0.015565449480290797
0.018413474000508964
0.021132235375584063
0.024219883305427323
0.015321802324397431
0.032270727795505834
0.0324920252333689
0.0478881099137062
0.036473272993671556
0.030730444171957222
0.04242601718510131
0.01909668275094928
0.04543962140377076
0.01242056427494374
0.03351540273543931
0.05021900240685106
0.03394440348976905
0.014926636121353757
0.04760646836083943
0.019423157067813467
0.04309286623525583
0.03214022193158487
0.031529751570595246
0.04362111829667622
0.029824437236292304
0.03387347732764212
0.016263209998365627
0.02377104708436266
0.01970021036208748
0.017073170655952062
0.014354647114389486
0.011561772961430829
0.008712048594939965
0.005823233049988285
0.0029132344336103054
2.777066597232644E-15
0.0028985934653010742
0.005764848289297165
0.008581352929306786
0.0113310867235627
0.013997521750361345
0.016564721191941027
0.019017433623293552
0.022964917407279233
0.030680423530558706
0.01733630877472935
0.028401188036383505
0.027266689001777145
0.0417967160612426
0.048977677987196405
0.03447789744959231
0.04281906107668113
0.012798930534836137
0.028993875894975006
0.013660613901197364
0.015425255115143074
0.014017830842355675
0.026104162676920617
0.0084867647938547
0.03813570801431345
0.02801312832643136
0.042209649754710005
0.04111618028651595
0.02857494033264487
0.029218861764875464
0.015266724011244128
0.026727525718614822
0.020986877406486193
0.017886055366202046
0.015505857279758598
0.013041013712292108
0.010507026791997848
0.007919752519499277
0.005295302366404758
0.0026499437508175853
4.019999930171812E-15
0.002638249589547589
0.005248668987354535
0.00781536335924495
0.010322775102726023
0.012755777411733896
0.015099764812141333
0.017340740130548017
0.023228895182533238
0.01924482386343294
0.03592093976881039
0.020419928521372938
0.027951826816226818
0.01758179387156948
0.03242164717825542
0.04893692648598684
0.041473031666262886
0.07425820991292094
0.06359320691135291
0.09364642429489949
0.09656773485131376
0.09433699889857612
0.06398553585989934
0.07392803574408077
0.044220404094320424
0.04908355875776981
0.03331601582196593
0.017451666369318445
0.02494185959433516
0.017773933532674865
0.03557118766159812
0.020409454419097625
0.023122333712559184
0.016428752422943407
0.014246258644903058
0.011984803983148752
0.009658584444420084
0.007282136745886495
0.00487024808448078
0.0024378647295414616
2.658134786407207E-15
0.0024283578107901515
0.004832337001506025
0.00719727296471461
0.009508797076712937
0.011752923439940001
0.013916132957618562
0.01598545423832201
0.016833660222894217
0.018336833715349013
0.013244213522073686
0.032935461317072055
0.02907730214752332
0.03285792293379843
0.02087523992984288
0.015622167043089854
0.031143545215396716
0.020532828748813545
0.01688495983466838
0.04451182139243684
0.056559556891916205
0.04365884544599501
0.017119405919623475
0.02149492477966969
0.03262954791304306
0.018720750537493558
0.021442010535069382
0.0305820199512637
0.028163967385589777
0.03363112646674239
0.013174921315625093
0.01604786751116237
0.015210211632128918
0.015238710305112965
0.01321729184971586
0.011121676278229
0.008964995797926636
0.006760710998604149
0.004522527309870117
0.0022643102517698284
2.892757844444026E-15
0.002256474210773501
0.004491279322592544
0.006690762809973294
0.008841535644207074
0.010930553364365232
0.012945194766962216
0.0148733377418637
0.022992490784195234
0.023056020564968645
0.03161528262569708
0.00984374489872919
0.01964543674799464
0.021824451961116466
0.031647614690048766
0.03280743232391009
0.040168963922248904
0.034492318760205934
0.026158905857339165
0.05389442215849742
0.045611939794876266
0.05184063215607168
0.023387813494181744
0.030238828160899147
0.03663297305823879
0.028920932686727005
0.029373000352697125
0.02239197516779186
0.019897609878221253
0.00821331377979698
0.029511288919822208
0.023787085067421186
0.022951997662364918
0.01425440294558726
0.012365975136840271
0.010407368373056234
0.00839083679372607
0.006328951709567309
0.0042345236008690945
0.0021205228934388395
2.324705927079576E-16
0.0021139948823761376
0.004208491728063032
0.006270679904200858
0.008287986175755187
0.010248151021480576
0.012139302799504472
0.013950029315999353
0.011708992390517361
0.012609562913838844
0.01347465104544767
0.033397798838541035
0.022052200380844416
0.02262186218966358
0.023119676991602264
0.03861291915837754
0.0398223337183815
0.04508225557540972
0.04564619606516843
0.03271895169919853
0.04140866624999588
0.03388468237194898
0.046251820764153205
0.04598797591519615
0.04056549831546383
0.0402978437447019
0.02362572773178097
0.02216585873707256
0.02034559659945049
0.03253469521222391
0.013867992971325842
0.012165879835510448
0.010318064300319618
0.013432231125048244
0.011654737426115539
0.009810470346248459
0.00791095171134657
0.005968010510537332
0.0039937095292446765
0.002000270752828587
1.8673705323779223E-15
0.001994788750873539
0.0039718488790452255
0.00591907602093652
0.007824581895465383
0.00967676660671453
0.011464388985831605
0.013176634547162478
0.022822965880473625
0.024730772738146216
0.02209602271439373
0.007504168484212904
0.022441883682578146
0.02033943819619898
0.02305410921058725
0.011834940847266565
0.005767137146724677
0.005766105470911565
0.013095816077543307
0.019946795674747466
0.04125968445908899
0.019955484615190824
0.013841763026235143
0.007315435408847758
0.007968026798766991
0.011574379819350819
0.023986909093975127
0.019027506044436586
0.02278948097706951
0.008531932579770352
0.019653039870682135
0.024679106454287662
0.022738326405635032
0.01274048927620653
0.011056240820026202
0.009308114012790544
0.007507015135159336
0.005664148820685053
0.003790948594131474
0.0018990061775889873
3.162904002984822E-15
0.0018943766504785978
0.003772487390704793
0.005622823984447644
0.007434076627064216
0.00919520284530469
0.010895494593687419
0.012524643141221583
0.007326316592862833
0.012139854234935245
0.016355223928804168
0.027315034966464
0.01643476301316374
0.024691270700321108
0.026685954776453708
0.035422166113855034
0.040128965427155654
0.031543999307446426
0.02135667113278265
0.03533367384545446
0.04117802648512992
0.03445910718672798
0.019165638145831932
0.029328846536399077
0.038844462658769945
0.03288847027615118
0.026075802339465153
0.025441322200397513
0.016680861528764877
0.02534846076051127
0.017474561025283622
0.012257783991319285
0.006171544400703025
0.01215562186499589
0.010550164881396283
0.0088832931005578
0.007165392548761389
0.005407139946447922
0.0036194365539015017
0.001813340784365167
6.858953887639906E-15
0.0018094180900293235
0.0036037940082437785
0.0053721246444707604
0.0071035905320627445
0.00878762185459664
0.010413962781400945
0.011972733741574355
0.022443703772658294
0.023461136767396907
0.014283766787600252
0.012795401225631716
0.02133654384879417
0.012486489108499728
0.02351223923308509
0.02201372827293582
0.029052896538841654
0.024372061222150188
0.040537273234792656
0.02668729134320494
0.05156756039527572
0.02750672646595097
0.04136854203954195
0.02505204651994571
0.030511697305467086
0.023902756940235317
0.022275043482372418
0.012046019120073111
0.020232294376010707
0.013903434451188126
0.013468640797935647
0.022623000709826434
0.02226986213589227
0.0116598171325031
0.010121138014667535
0.00852313797657553
0.006875761877445273
0.005189238702476509
0.0034740182182252865
0.0017407063958203052
9.356150075079936E-15
0.0017373792535207674
0.0034607505683571854
0.00515953956148224
0.006823342980652235
0.0084419922499534
0.010005615456476297
0.011504697400989942
0.003975629204698063
0.012352413143452909
0.0204895110939201
0.018554778223701923
0.02110206256130571
0.025942377768389965
0.02007269712079006
0.014558115348842715
0.023560705672318175
0.021999710987861895
0.010320578193849832
0.02865830410960927
0.013481110316405675
0.028849939306549915
0.010387797116138709
0.023146686508012184
0.022082790684404427
0.012484737512136988
0.01956293605801973
0.025196811509029922
0.022426753901663536
0.01700898310312505
0.021110527072174725
0.01228547716300794
0.003416377922673563
0.011239413419892258
0.00975736646650513
0.008217771418260886
0.006630198648209516
0.005004497114996098
0.0033507334073909507
0.0016791295566428242
4.645735506992347E-15
0.001676311916877057
0.003339497508495248
0.004979345999426179
0.006585807068181907
0.008149052303010787
0.009659535194485694
0.011108049299679717
0.021741804529610873
0.019665537717134314
0.013306624170031237
0.016588707419261925
0.013537529031330382
0.01741732645874229
0.019395696635332617
0.02944376015627626
0.032104439031711146
0.025790151715383642
0.029985918365489903
0.029328545217941072
0.045544688110307555
0.028511058530486334
0.028695058119729167
0.025613213879112424
0.030976999004311806
0.02979739394674303
0.020045224392264027
0.0191895172211878
0.011547197477639179
0.01697438740691757
0.013522434453545718
0.018363816798447362
0.021460823634895924
0.010883816402493167
0.009449702303216047
0.007959530298464213
0.006422553345605701
0.004848298416955034
0.0032465075731358
0.001627077802796415
4.739378780837891E-15
0.0016247025454924945
0.0032370357671777108
0.004827096171888175
0.00638513154515401
0.007901600640549115
0.009367231488445732
0.01077307796852566
0.0036098244760381835
0.012048078498473365
0.02116328845125024
0.015260467546829595
0.026036536327881946
0.01791923843588206
0.014033342401447673
0.020005939288266147
0.01635958759750345
0.025307543863081552
0.02059048083167956
0.028024111095196303
0.023967193531176767
0.028302382917805995
0.02119089556137678
0.023860098957395888
0.016804333509561977
0.022291002729168206
0.012053728226735283
0.015809977916585036
0.026316981186710053
0.015810178521040788
0.02055451195906511
0.012029227460917087
0.004225206516818196
0.010584747402743098
0.009190996056051535
0.007742424727153624
0.006248018519876138
0.0047170329024155706
0.0031589364957584527
0.0015833526258729861
2.392927488014632E-15
0.001581367127956334
0.0031510189353962407
0.004699309784063878
0.00621673738210335
0.007694000992687259
0.009122058333470209
0.010492180819400896
0.02067408855816744
0.014965971764761412
0.013644682946372104
0.016787021606718674
0.006194369325894355
0.025351867971556478
0.028466999982283456
0.03206011063911134
0.018428075046199675
0.03163442684842567
0.026561994017752655
0.016715420926963927
0.015242678000933913
0.017096014872738846
0.027234334738422628
0.0331318671186778
0.017893426587218167
0.03123273806115999
0.03008546392162523
0.025901135277246783
0.006720106604307409
0.01629539470885544
0.013483288914328253
0.01387056075138788
0.020280325398472313
0.01033571216539063
0.008975639047646344
0.0075617555188956945
0.006102822496017252
0.0046078684891869845
0.0030861338289839635
0.001547013652556819
8.180652079364553E-15
0.0015453766227164537
0.0030796058552984965
0.004593255909150913
0.006077031449703347
0.0075218305803169605
0.008918800579127258
0.010259392048034062
0.00613519676458081
0.012427998552516912
0.017349496014002295
0.019086276616115148
0.024641868917784023
0.007483082299128174
0.0026106894682661522
0.023446882573725215
0.023137687171446566
0.004487867041665186
0.014998476266928918
0.028439972873369645
0.03008504953216529
0.0278596136810436
0.01392973558550416
0.00442616230913973
0.023657115757063217
0.021954125924471032
0.0023880743180802696
0.007406068770655469
0.023589154338934302
0.019971809311359057
0.016087238146666863
0.01276119765973785
0.007025562613319016
0.010131620185260893
0.008799235330311503
0.007413839913163338
0.005984009696897436
0.004518586115970612
0.003026621694951688
0.0015173242190183816
2.873921276427561E-15
0.0015160034130006655
0.003021354726476173
0.004506796245607147
0.005963200715937243
0.007381627315087824
0.008753376451610208
0.010070043035632558
0.01922995963634167
0.012144813660026954
0.013097796150411532
0.013365517567714745
0.012701939158504295
0.02440971462461066
0.029604755223921572
0.016802380583115777
0.025903483509664368
0.03703039679621526
0.0323738818836796
0.022622369135753956
0.02960146967007797
0.022987347693989302
0.032027002518161166
0.03508214920125553
0.02700437655177042
0.01548060902345291
0.027432020926972327
0.02333621467204142
0.014142005415770573
0.012290753824620025
0.013215537132857206
0.012028199691571175
0.018723993322096098
0.009968509378499886
0.008658364370333039
0.0072958131323815675
0.005889281682093562
0.004447460615541904
0.0029792514937061008
0.0014937119704672545
1.5588753852169626E-15
0.0014926825330938468
0.002975146414706014
0.0044382715853856815
0.005873063161209808
0.007270706647693595
0.008622622008381542
0.0099205162568417
0.009110645197682236
0.01391762574965714
0.013329081487295502
0.02149181660918371
0.017891211484752458
0.013712800330530538
0.015061723356292685
0.02411702655276522
0.02176541960078874
0.018408453232065077
0.01663037861479969
0.015497759402820836
0.027161908781784316
0.015729538493785878
0.018129752716571603
0.02182808740431296
0.02042799924676333
0.02563631386752657
0.018371133371513068
0.015062986353239306
0.0163978287823987
0.021385334627757133
0.013096075327464051
0.014365410465889074
0.00998614405478854
0.009843346313626088
0.008550408863442393
0.007205484406092981
0.00581688182022972
0.004393174290423023
0.002943146454454385
0.0014757402795433376
1.2354562718184842E-14
0.0014749835446540892
0.0029401288293611997
0.004386419477504883
0.005804959666130144
0.00718702876276442
0.008524134858663476
0.009808066870148725
0.017416020085679284
0.012851155565850472
0.014488194472855449
0.009286581694434979
0.01766650558616197
0.016815861990582142
0.011595028310491164
0.015624145712771214
0.027273954921926965
0.0033630040858322378
0.019469103927872152
0.03126514323929993
0.036194547399310155
0.031029977680930798
0.0189099518350159
0.005797981305823287
0.02662701720862278
0.014942846552513179
0.009529972460189549
0.015617123468268601
0.017898082380836577
0.00910035249051154
0.015045423586217726
0.013388758256508372
0.01680210156268534
0.009753882124995231
0.00847343058240782
0.007141233191068617
0.0057655121864172345
0.004354754658459787
0.0029176602675279324
0.0014630876723621133
1.4124751836981263E-14
0.0014625903074019597
0.0029156769298922204
0.004350315050563762
0.0057576763401035016
0.00712910320721992
0.008456161982301097
0.009730694707844868
0.011953728535807135
0.015228658332134612
0.014283120318663991
0.019116075256208145
0.012791445355206443
0.018088372400622
0.02851881983704482
0.02633838068449927
0.011789425637354403
0.047061214560678064
0.03453938323694397
0.012921742445979241
0.008472218491814279
0.012963905783539956
0.034308022093115016
0.04630240566563549
0.013696719823606233
0.02520084373353042
0.02776777421238443
0.01796595306468746
0.012846095675801271
0.01798098596145408
0.014920762397676788
0.01536244098061286
0.012758641458028401
0.009698550779600832
0.008426082790690572
0.00710193601914827
0.0057342750353455195
0.0043315306473114875
0.002902348001858573
0.001455533378034304
3.227110642169869E-15
0.001455286797774012
0.0029013647161458757
0.0043293296088011135
0.005730390233523366
0.007095922300628944
0.008417521487008545
0.009687055090164036
0.015249789789802909
0.014722437338753464
0.016125501514805695
0.011813103981250581
0.016425109475673202
0.01447320838029653
0.009957062676273012
0.013320622693335737
0.026458064992083356
0.009266159897599267
0.015083920198163112
0.021780097918518405
0.02758654846902306
0.021710022972591402
0.01582636512746301
0.011351321072757412
0.026425369882333575
0.014733721846793571
0.012800651336647817
0.015105754762171578
0.015624041925597994
0.013197759004986057
0.01612077943437267
0.01507120785103152
0.014535009055791644
0.009676400843694831
0.008407551610460992
0.007086917623864688
0.0057226337778185045
0.004323103446455256
0.0028969467941711803
0.0014529477539682349
