1.0
0.9989725854527273
0.9958941397184452
0.9907760398146894
0.9836371918337671
0.9745039478168495
0.9634099899352739
0.9503961825331804
0.9355103927392254
0.9188072805050677
0.9003480590739802
0.8802002270235757
0.8584372731615416
0.7984938784671107
0.7372405689056498
0.6749478872348696
0.6478122299712293
0.6195222605438566
0.5813078266124206
0.4501527895804805
0.4365594953530639
0.387475046901165
0.4557481147952638
0.43145100615062404
0.39808518421326344
0.3644461945956389
0.3655638470772157
0.3668416087369834
0.3679847175671994
0.33395382007963625
0.30020068627509555
0.2668332813211869
0.23395677675898324
0.2016731299197528
0.17008068053330996
0.1392737663276269
0.10934235931995488
0.0803717243920974
0.05244210162743663
0.025628413765297134
4.628131854783068E-17
0.024379622781927648
0.04745297037168258
0.06916877240348798
0.08948212364992612
0.10835460493099779
0.12575437327165512
0.14165622109465542
0.15604160438810802
0.16889863993921156
0.18022207187652822
0.19001320791217965
0.1982798258215165
0.23594138027478298
0.271450566862591
0.30218804547036765
0.303752218081267
0.3039107444210272
0.308346733752404
0.39956173362097036
0.3861622112374798
0.3900534338405981
0.2904706562751779
0.27810003792506655
0.26989040863377844
0.26074460681985284
0.22732504980041404
0.18977221575772846
0.15172847667181655
0.1405515959584024
0.12883908052317353
0.11667245240793633
0.10413347464621646
0.0913037533794378
0.07826434592780009
0.06509537670314831
0.05187566279556174
0.038682351000812645
0.025590567982650008
0.012673085182488827
0.0
0.012361565328205463
0.024347745827528636
0.035898195646728415
0.04695632858088983
0.057469536274566545
0.06738938324713158
0.0766717780093522
0.08527711967004827
0.09317041956355233
0.10032139756208558
0.10670455287113921
0.11229920923996635
0.09894839066642261
0.08557433281635865
0.0760759977846055
0.07956035842541545
0.08223004114661331
0.08457411233341902
0.018499023561726596
0.018563744991371006
0.01856034758136838
0.08484748951374932
0.08186908230317089
0.07928699222708377
0.0760661037443869
0.08072130283062232
0.08907425908753355
0.09577043133222563
0.08919691902777988
0.08219714680739892
0.07482035430154914
0.067117101212382
0.059138962311212524
0.05093822132600499
0.0425675653806278
0.03407978162745249
0.025527457685862353
0.016962687462072742
0.008436783880032602
1.0217965184374273E-15
0.008298740059596486
0.016412099049192247
0.024294572090918218
0.03190271856496289
0.0391953792737558
0.04613387787015479
0.052682205632239444
0.058807188768006106
0.06447863753738932
0.06966947658610766
0.07435585599533816
0.07851724266229318
0.08784235377685844
0.09441552740451585
0.08769722687871827
0.08841939845553058
0.08856822738299011
0.08297097416828517
0.15048085700329758
0.16257798091706563
0.14595816307438358
0.07520317951027275
0.07767426145253545
0.07400410225266696
0.06985356237552653
0.07868575009410708
0.07517711774760413
0.07013989843314569
0.06548986096701262
0.06049987700365156
0.05520449656085708
0.04963964052493719
0.043842373363555044
0.037850671909972974
0.03170319158088194
0.025439031390900636
0.01909749911995599
0.012717877975441608
0.006339196069147742
4.175549645992253E-17
0.006261866202464772
0.012409475561787077
0.018407024902625527
0.024220032755730547
0.02981552737365657
0.03516222387760954
0.040230689627296645
0.04499349698177968
0.04942536269936597
0.053503273308291424
0.057206595866656294
0.06051717361937988
0.0762959096520545
0.08744109147317478
0.11213018922041958
0.11469686908775448
0.11681011333360716
0.12735835726874134
0.07054721376203521
0.05387616502178588
0.07210303481507395
0.12962095108171545
0.12002533414791455
0.11904827570783041
0.11767219534431998
0.0903528640471014
0.07621195222210182
0.055479847234251575
0.051877279022178306
0.04799358665120173
0.043855240091815614
0.03948997423526472
0.03492661100534924
0.030194876749063706
0.02532521601994371
0.020348602879240753
0.015296350844882548
0.010199922616160578
0.005090740693765649
5.290172977818846E-16
0.005041516417228707
0.01000361754009149
0.014856879372911
0.019572813786123217
0.02412403027178683
0.028484389719773046
0.032629149377750445
0.03653509821676861
0.04018068198682783
0.04354611731320145
0.046613494253766624
0.04936686681015335
0.03392454242129391
0.012945406494374196
0.018487404141622983
0.017612157709171995
0.017086109834249033
0.02581410676043491
0.0276947065200246
0.038847081588745135
0.026460956144975074
0.02845097603213192
0.021272700828872573
0.02315020698859204
0.025339696207410858
0.005488436240142617
0.028440187459443322
0.046017388331821264
0.04307047863746814
0.03988390194163669
0.036479093000144
0.03287863137833003
0.029106096167606153
0.025185915879489398
0.02114321444761183
0.017003654284083253
0.012793277347069662
0.008538345181072608
0.004265178890456027
2.294861121856843E-15
0.004231226855953563
0.008402948491872283
0.012490174076165912
0.016468621510455257
0.02031485844354511
0.024006437118552628
0.027522022293951523
0.030841511525971275
0.03394614715006287
0.0368186193533031
0.03944315978678772
0.041805625227192784
0.07374237665698921
0.09818248800522182
0.13132596050287404
0.13251864652415712
0.1333925697425642
0.13926927028146527
0.09444204383172691
0.09120376683390165
0.09395120093961054
0.13777641402355142
0.13189654880205529
0.13055568465339173
0.1289228540235541
0.09716740425884199
0.07195425395562874
0.03942636457364475
0.03692667386833989
0.03421776046337919
0.03131765050089552
0.028245407809627053
0.025021011314591616
0.02166522776058965
0.018199480544475878
0.014645715469340176
0.011026264246840528
0.00736370658208423
0.0036807316787426238
1.5044276189978442E-15
0.0036559938856950296
0.007265056556972572
0.010805428289310562
0.01425591212285099
0.017595998694535216
0.020805986110944637
0.02386709417238705
0.02676157229694453
0.02947280053486684
0.03198538310894066
0.03428523396467209
0.03635965386519084
0.013586625369826275
0.01419189196571485
0.03333310576420779
0.031802017108880413
0.030528042435256298
0.0304409538254288
0.019094323580712877
0.018932749282674126
0.019271563898158168
0.0284977456542979
0.028357932675174627
0.028886481784066727
0.02965354174700353
0.014167869282958483
0.012292496562688021
0.034589224142183066
0.03241281085604699
0.030050316655058786
0.027517322639368805
0.02483035701418636
0.02200678902195003
0.01906471839956815
0.016022861053657456
0.012900431665656752
0.009717023953107494
0.006492489323495511
0.003246814662533646
2.517911924724002E-15
0.003228063207315866
0.006417712443587043
0.00954963243325709
0.012604970668224873
0.015565449480292273
0.018413474000504342
0.02113223537558458
0.023705808643465887
0.026119244705549063
0.02835865587171491
0.030411294495709385
0.032265624262940114
0.056386741310015934
0.07754801389989988
0.08708523293800961
0.08734708389731509
0.08736956659174018
0.08152916239892838
0.050225433842687135
0.06613850989223402
0.0488828907175503
0.07775233182203622
0.08240856382269256
0.08075166129386854
0.0788716545012759
0.07225647169251345
0.05192848110338753
0.03090243173085769
0.028969629458262144
0.026868828375114128
0.0246137799350925
0.022219107024003464
0.0197002103620853
0.01707317065595179
0.014354647114388792
0.011561772961429942
0.008712048594938921
0.005823233049991468
0.002913234433605972
9.355774057619495E-16
0.00289859346530079
0.005764848289298322
0.008581352929307723
0.011331086723560854
0.013997521750361997
0.016564721191939233
0.01901743362329734
0.021341182673566994
0.02352235153832163
0.025548261854452203
0.027407246486222007
0.02908871580949108
0.01805119116939311
0.010015416943371989
0.012148940732678411
0.01377714712410827
0.015190852459011908
0.025482063399975975
0.04390471579411512
0.029442860830697744
0.044561785487312384
0.02814220006442592
0.01907945403161509
0.018974990477192834
0.018667019005719244
0.011988499193654025
0.021089970914285303
0.028011524569113613
0.026268079742020885
0.02437107680436043
0.022332853656678895
0.020166556388834772
0.017886055366204832
0.015505857279755418
0.013041013712297428
0.010507026791995142
0.007919752519503075
0.0052953023664066195
0.002649943750816351
3.1696607066893774E-15
0.0026382495895495807
0.005248668987354809
0.007815363359245332
0.010322775102729064
0.01275577741173464
0.015099764812138405
0.017340740130548996
0.01946539738242534
0.021461200092845627
0.023316454592684374
0.02502037786560678
0.026563159556024788
0.030536835848212738
0.04030791257437593
0.02408429389803243
0.024330875930721422
0.024389501024271145
0.01616045419171823
0.018830022182777444
0.022513102770753166
0.018740903531733508
0.014170121786532834
0.020713084009716522
0.019440974133859062
0.017991032522946482
0.03525400780909422
0.026779031007916808
0.02569473747984456
0.024102011149963402
0.02236746098953319
0.02050230555744261
0.01851851851852144
0.016428752422942967
0.014246258644902782
0.011984803983146303
0.009658584444422578
0.007282136745881458
0.004870248084480487
0.0024378647295409174
2.1151664432593913E-15
0.0024283578107910818
0.0048323370015045915
0.007197272964718565
0.009508797076712787
0.011752923439940452
0.013916132957618503
0.015985454238318937
0.01794854084947851
0.019793744462761626
0.021510183461027167
0.02308780660561916
0.024517451394460488
0.03474867517391978
0.0287698266663394
0.0517564066628349
0.052823767526987316
0.05370498514421447
0.05959020925090133
0.05014194705148954
0.05303877570053055
0.0497522148922677
0.0599623292489158
0.05499768106210154
0.054556755962323684
0.05393761652052964
0.03105679090270314
0.03669171979499193
0.023806309798953443
0.02233577778846128
0.020733088768744547
0.019008557644272298
0.01717320964004554
0.015238710305111083
0.013217291849712511
0.011121676278226833
0.008964995797928236
0.006760710998606413
0.004522527309869438
0.0022643102517675476
1.0769057019390863E-15
0.002256474210774974
0.004491279322587819
0.006690762809972598
0.008841535644203345
0.010930553364362708
0.012945194766960667
0.014873337741865346
0.016703431801368858
0.018424566870799877
0.020026537933309052
0.02149990514810584
0.022836049090253035
0.01710266375252629
0.015329729308241863
0.004462357157471278
0.0037665374714261927
0.003230960110618007
0.009376169818198506
0.019784590856394186
0.019711292891016516
0.01997487134327589
0.009218821622277917
0.0034714395800573014
0.004079954869273062
0.004842624061168501
0.013439724539120733
0.01651678663751652
0.02224657896333781
0.020876550878777142
0.019382415367131225
0.017773746605172468
0.016060791128659983
0.014254402945586287
0.012365975136842653
0.01040736837305977
0.00839083679372158
0.0063289517095685005
0.004234523600869907
0.0021205228934421633
1.0691696434780731E-16
0.0021139948823768913
0.004208491728062596
0.006270679904201699
0.008287986175751392
0.010248151021480974
0.012139302799509227
0.013950029316001838
0.01566944636728035
0.01728726284573513
0.01879384202181415
0.020180258639181055
0.021438351486316
0.038336208063987645
0.03648643356735414
0.051473778092980774
0.05197837143064997
0.05232330769250565
0.046662722103980474
0.026376987312431436
0.04140866624999501
0.02584398843771447
0.04528563703804209
0.050959071570478034
0.05016662054485925
0.04922062442913593
0.03631006960086247
0.0370692169703587
0.02094517451159389
0.01965873761033408
0.01825495116810431
0.016742774869490863
0.015131808464322317
0.013432231125048674
0.011654737426119275
0.009810470346247
0.007910951711351583
0.005968010510535701
0.003993709529246806
0.002000270752829447
1.4287052078908715E-15
0.0019947887508699473
0.003971848879048185
0.005919076020934942
0.007824581895462802
0.00967676660671582
0.01146438898583078
0.01317663454716478
0.014803180649464233
0.016334258471107015
0.017760711428656654
0.01907404969099584
0.02026650046584672
0.016496936566276352
0.009577536837407648
0.004892993787958657
0.005792508754277982
0.006544799164592171
0.016342910273878367
0.03260846133005108
0.022561408816357806
0.032841620222346324
0.017265647596026164
0.007877823953348958
0.007574682257280054
0.00712836454218358
0.009774635932431669
0.01710243176420114
0.019851074618273422
0.018634751619663686
0.017306785855209384
0.015875622498043425
0.014350319253919028
0.012740489276207221
0.011056240820028655
0.009308114012788738
0.007507015135159997
0.005664148820685006
0.003790948594132821
0.0018990061775891146
2.2142655032032107E-15
0.0018943766504766436
0.003772487390704023
0.005622823984445327
0.0074340766270646445
0.00919520284530488
0.010895494593687993
0.012524643141228118
0.014072801356563832
0.01553064301646604
0.016889418781761027
0.01814100850586625
0.019277969564483365
0.025829375593883236
0.03273660089277528
0.030388563347914326
0.03079143505711706
0.031056020990174574
0.02326312258442965
0.01846279776110517
0.018834980049535887
0.018461923741583605
0.022721800661155627
0.029657399966735668
0.028931590383120497
0.028071705434434786
0.03202634652211063
0.022892171604411912
0.018926465904996505
0.017769308106982445
0.016505344286022447
0.015142585844551061
0.01368963323242659
0.012155621864996188
0.010550164881391681
0.008883293100557695
0.007165392548762997
0.005407139946450159
0.0036194365539027693
0.0018133407843625013
4.901506180683829E-15
0.0018094180900284
0.0036037940082481435
0.0053721246444745395
0.007103590532065717
0.008787621854604001
0.010413962781395981
0.011972733741571057
0.013454491259361592
0.014850284989618566
0.01615171160994027
0.017350965245903467
0.01844088412787307
0.02305124836122605
0.011311760119251883
0.019293930156962267
0.020001832727376996
0.020572668881984158
0.026504193298084257
0.030551741873696758
0.03823893288675901
0.030253125686047197
0.026365620858102713
0.021035351064888887
0.020622669797336186
0.020076236716813294
0.011225406837383425
0.02446082645991526
0.018142812882808442
0.017035768917323568
0.015826024000835968
0.01452122212282196
0.01312957631816651
0.011659817132505983
0.010121138014666064
0.008523137976576535
0.006875761877447721
0.005189238702474631
0.0034740182182237114
0.0017407063958148183
9.728608109464521E-15
0.001737379253523519
0.003460750568358361
0.0051595395614881774
0.00682334298065529
0.00844199224995827
0.010005615456476881
0.011504697400994319
0.012930137348574545
0.014273304129174252
0.015526088255914366
0.01668095074673877
0.01773096835676515
0.01114601072832375
0.02893342033462291
0.019609867277599686
0.020182634388990307
0.020628850363207656
0.02430457676320254
0.0198587675148851
0.020992111485492564
0.019981170559051374
0.02475799846704155
0.020563563945522993
0.02009862980280114
0.019509709902539193
0.02859745505450722
0.009745453794800126
0.017478263788010286
0.01641372860142886
0.015249972865768133
0.013994328584080819
0.012654679837933731
0.011239413419893284
0.009757366466511319
0.008217771418264337
0.006630198648206577
0.005004497114997321
0.0033507334073903596
0.0016791295566430224
4.28528668025352E-15
0.001676311916875905
0.0033394975084895433
0.004979345999417657
0.006585807068180497
0.00814905230301495
0.009659535194487999
0.011108049299675302
0.012485784224256434
0.01378437908291586
0.014995973114483327
0.016113253146074726
0.017129497620323734
0.027411574629129784
0.009745090131272624
0.018660269094460814
0.019152067845161765
0.019518430942516127
0.014514753937394924
0.01964878885582643
0.030291554734939913
0.019524220688887355
0.01365621780826989
0.019001684569100334
0.01846626082465924
0.01780809685244915
0.010044660589901248
0.026906701777009216
0.016915893288924348
0.015887378229221587
0.014762581844753535
0.013548571158452056
0.01225295098388663
0.010883816402490688
0.00944970230320909
0.00795953029846435
0.0064225533456017374
0.004848298416957361
0.0032465075731387197
0.0016270778027923278
3.073156438403774E-15
0.001624702545492283
0.003237035767176229
0.0048270961718936386
0.006385131545148562
0.00790160064055238
0.009367231488451313
0.01077307796852773
0.012110574301545048
0.013371587129261122
0.014548464866401876
0.01563408402590407
0.01662189223757381
0.011018418305408841
0.028299088468190067
0.022783374136263426
0.023400218435632322
0.023895723430355707
0.033479036830932216
0.024476855772353277
0.019746377598874727
0.024495605646943558
0.033742540695342944
0.02423602802404018
0.02385603462761096
0.023356450898445
0.028420805866710582
0.012611239845580251
0.016442485557057157
0.015444371757692789
0.014352440193510249
0.013173533359925653
0.011915019650551995
0.010584747402741373
0.009190996056050475
0.007742424727147753
0.006248018519877641
0.004717032902416838
0.0031589364957607217
0.0015833526258707676
2.8836960417226594E-15
0.0015813671279530813
0.0031510189353897073
0.00469930978405577
0.006216737382103529
0.0076940009926915204
0.009122058333469437
0.010492180819410068
0.011796006812020053
0.013025592550937904
0.01417346045796677
0.015232644520591303
0.016196732480066308
0.019324133931145137
0.016026268316547812
0.012421703288291805
0.012923769699200838
0.01330966908863134
0.0072085232529081915
0.018461558022477183
0.018776846458385992
0.018461771911861737
0.007668605564727854
0.013103293607365231
0.012650641458713422
0.012083544147261803
0.017087093698069815
0.016963484085557444
0.016047675986887174
0.015075026171650624
0.014010597974024444
0.012861044675942762
0.011633535736641599
0.010335712165392199
0.008975639047642241
0.0075617555188931896
0.006102822496013764
0.0046078684891892084
0.003086133828984561
0.0015470136525614383
4.966520384536023E-15
0.0015453766227194142
0.003079605855296071
0.004593255909150609
0.006077031449697245
0.007521830580314254
0.008918800579130486
0.01025939204802858
0.011535411143220688
0.012739069568688605
0.013863032028237342
0.014900460847382715
0.01584505749412319
0.022893014727606388
0.02698098600275384
0.024116781389081392
0.024608355984704143
0.02498348580536215
0.030152239466938933
0.021088284364115917
0.030525581214375565
0.02096285837764054
0.029510830527402446
0.02470670892976187
0.024241055451386908
0.023660423352769643
0.026014359913323095
0.02518060002390125
0.015723337082126886
0.014771748995777769
0.01373003804923547
0.012604699581225972
0.011402737382907214
0.0101316201852643
0.008799235330316225
0.007413839913158618
0.005984009696896078
0.004518586115963234
0.0030266216949557147
0.001517324219020106
3.771842005208149E-15
0.0015160034130008724
0.0030213547264769216
0.004506796245602101
0.005963200715942518
0.007381627315088449
0.00875337645160883
0.010070043035630616
0.011323567895696777
0.012506287027604673
0.013610978374997008
0.014630905856392266
0.015559860370933546
0.006534044744994306
0.01916548219664622
0.013866491971392884
0.014454554060163357
0.014930299593169738
0.01959746426079207
0.019097671435310163
0.022950253239392884
0.019127598626901176
0.020284820502528476
0.015341358327662953
0.015003658643619721
0.014554505361260637
0.018950236938349126
0.005165760833954385
0.015463134670328525
0.014528624515096244
0.013505294387049508
0.012399509771526073
0.011218138743394227
0.009968509378501416
0.00865836437033424
0.007295813132385447
0.005889281682093533
0.00444746061553738
0.002979251493707565
0.0014937119704672556
5.402885936926466E-15
0.0014926825330986331
0.0029751464147068055
0.00443827158538788
0.0058730631612059275
0.007270706647694702
0.008622622008381979
0.009920516256841965
0.011156434250423963
0.012322807374818
0.013412499822260613
0.014418852180571727
0.015335722067307489
0.03263367218424128
0.017101945726302796
0.01823884304287117
0.01867136119963385
0.01899308311512417
0.013516973020065694
0.01851565110951933
0.024182582089277607
0.018506711661300062
0.012695706805511115
0.01851418627369261
0.01803402006613876
0.017444063011074002
0.01569531083391051
0.03308272209584521
0.01526220590133221
0.01434111354308005
0.013332175107207868
0.012241651830623897
0.01107630343982095
0.00984334631362884
0.008550408863452296
0.007205484406092988
0.005816881820235806
0.0043931742904161205
0.0029431464544546694
0.0014757402795350242
9.395177765460598E-15
0.001474983544643192
0.0029401288293685046
0.004386419477501721
0.005804959666127207
0.007187028762766344
0.008524134858669371
0.009808066870150421
0.011030944889165816
0.01218526847443162
0.013263962587794784
0.014260420895064166
0.015168546166194386
0.002374534176419928
0.019528770477250483
0.019058980463793118
0.019606373208746468
0.020042578170894415
0.029612584514662865
0.019240991693190927
0.018645017120874414
0.01921510794338488
0.02975562266692454
0.020239687377625225
0.01986978561167958
0.019389201507749806
0.02033997112773628
0.001832985636285824
0.015116926671638746
0.014205836626893825
0.013207562550510244
0.012128285123695102
0.010974681112935527
0.00975388212499976
0.008473430582405697
0.0071412331910724195
0.005765512186422535
0.0043547546584625845
0.0029176602675269453
0.0014630876723631383
5.9710196882480044E-15
0.0014625903074118299
0.002915676929890227
0.004350315050564695
0.0057576763401028545
0.007129103207226607
0.008456161982297856
0.009730694707843735
0.010944869218242056
0.012091227201870556
0.013162729950766727
0.014152801518088256
0.015055369018602561
0.02861755810865731
0.018205009989280676
0.014733208815871519
0.015244851112770144
0.01564857321026893
0.009630956531251582
0.018462531302671073
0.020608175305275214
0.018462774367554464
0.010216868298230196
0.015718392221954803
0.015338249965646412
0.014850445235014493
0.019812420981222118
0.026409531100985484
0.015024746775899617
0.014120420498244643
0.013129271780949978
0.01205742301399949
0.010911491925411016
0.009698550779606767
0.008426082790697516
0.0071019360191495315
0.005734275035348406
0.004331530647308146
0.0029023480018503796
0.0014555333780303297
2.4609523967186785E-15
0.0014552867977782327
0.0029013647161423273
0.004329329608803378
0.005730390233527528
0.007095922300624296
0.008417521487000675
0.009687055090158674
0.010896712005369793
0.012039050719147272
0.01310704502455434
0.01409412717791528
0.014994228232284131
0.010100611839863024
0.02493819010565616
0.01840322284761221
0.01885934158464288
0.019206227697224555
0.02424511477960647
0.018477350246940367
0.025912263363385993
0.0184738393010122
0.023605414153296176
0.01890797180569955
0.01846201502837187
0.017907122018077624
0.02507055914231948
0.013004285701598985
0.014984078339838855
0.014083394332789649
0.013095955155915079
0.012027846164580792
0.010885648950794066
0.009676400843692931
0.008407551610461493
0.007086917623864159
0.005722633777814753
0.0043231034464525945
0.0028969467941681658
0.0014529477539697894
