1.0
0.9989725854527325
0.9958941397184508
0.9907760398146926
0.9836371918337709
0.9745039478168541
0.9634099899352782
0.9503961825331854
0.9355103927392302
0.9003486021874386
0.8452949840856421
0.7619301525063498
0.740564792164645
0.7176974596183545
0.6934124984108994
0.6674282814853849
0.6493895151053759
0.612061287253609
0.519078217924622
0.4891290206694961
0.4221455465551847
0.4268813260939794
0.39480658296876514
0.4254682780661438
0.40161914370783197
0.3599552107395244
0.3276326392561552
0.2942726637719704
0.26100129284494455
0.22793177007641452
0.24917105973140327
0.24905548151510565
0.23395677675898466
0.20167312991975436
0.17008068053331055
0.13927376632762756
0.1093423593199551
0.0803717243920975
0.052442101627436837
0.025628413765296933
0.0
0.024379622781927728
0.04745297037168263
0.06916877240348819
0.08948212364992685
0.10835460493099842
0.12575437327165626
0.14165622109465514
0.15604160438810907
0.18586491088533066
0.22450282614846728
0.2689502135328174
0.2757054291422529
0.28093232283985675
0.28465165177385815
0.29079946668339407
0.2874669341176095
0.29597253317778216
0.35053572047749904
0.34720780556012
0.37740865876935714
0.33681346976942733
0.3298670926485816
0.26698032465882404
0.24947828635412658
0.2425588164850816
0.22676346107586748
0.21517342685348723
0.20287729757671583
0.18995550465736682
0.1640330660333167
0.13210211824162318
0.1041334746462168
0.0913037533794384
0.07826434592780039
0.06509537670314826
0.05187566279556201
0.03868235100081296
0.025590567982649973
0.012673085182488837
3.7504637975199777E-16
0.012361565328205718
0.024347745827528532
0.03589819564672827
0.04695632858088995
0.05746953627456697
0.06738938324713203
0.07667177800935315
0.08527711967004863
0.08110047230609041
0.0817239661245567
0.09681139123101908
0.1042018083167039
0.11078408749182357
0.11654690676108827
0.11439737284670987
0.11622864769701849
0.11077823938402867
0.07354520191051148
0.0752871432616235
0.07209967812515848
0.07649839860915919
0.07600409023372658
0.11280525987337632
0.11884482996561943
0.12003319442412674
0.12404133479634816
0.12020468860364192
0.11585243489201891
0.11103344705700105
0.07744954590314274
0.06620414140495506
0.06711710121238267
0.059138962311213704
0.050938221326004784
0.04256756538062864
0.034079781627451476
0.025527457685863567
0.016962687462071836
0.00843678388003291
3.8607046800796863E-16
0.008298740059597215
0.016412099049192875
0.024294572090918117
0.03190271856496216
0.039195379273755555
0.04613387787015459
0.05268220563223906
0.05880718876800644
0.07415226797723318
0.0792337877288691
0.041104114072892765
0.04352469968576855
0.04570118372259988
0.047576183853900375
0.04546237754347833
0.05033713151516677
0.06014956615190621
0.07711370102750968
0.07588486092344697
0.0979710054414059
0.07183927677553942
0.06905250504833602
0.054577289308809555
0.043270558413076136
0.03902499568775059
0.04730482771260323
0.04699094768014498
0.04710766942796178
0.04776820346305933
0.06585304388481032
0.062240088116951066
0.04963964052493751
0.04384237336355512
0.0378506719099739
0.031703191580882965
0.02543903139089925
0.019097499119955987
0.012717877975441765
0.006339196069147174
2.2141275316300986E-16
0.006261866202464922
0.012409475561788343
0.01840702490262695
0.024220032755733104
0.02981552737366018
0.03516222387760863
0.040230689627295556
0.04499349698177909
0.050944261925949606
0.0781671336457482
0.14647273373498867
0.14973604243945124
0.15260209206868527
0.15505619972149923
0.1577602352330329
0.1516456835844707
0.1494565463662225
0.13221850843751276
0.13313682175139196
0.12112952868628729
0.13361534295353827
0.1331914854179232
0.14987929428720206
0.15171069694138223
0.15676304156243318
0.1512457426266357
0.1483986465680382
0.14524773352226744
0.14182055607354907
0.07563095580600872
0.048889029075108545
0.03948997423526595
0.03492661100534846
0.030194876749064826
0.025325216019945973
0.020348602879243092
0.015296350844886598
0.010199922616158558
0.005090740693766233
1.0017326210606272E-15
0.005041516417228294
0.010003617540090446
0.014856879372910978
0.019572813786120555
0.024124030271784037
0.028484389719770783
0.03262914937774569
0.03653509821677049
0.03963802031931669
0.04358729779278058
0.06663798419853534
0.06569231452076313
0.06494081447916958
0.0643446262568923
0.06113483779071527
0.06690721887835341
0.0738590715621669
0.04390351901542598
0.04388968036428663
0.002888471673033682
0.04383440704665519
0.0437864066185678
0.07357426020917157
0.06607129507714199
0.05844789443061712
0.05886085987831938
0.058244256330692266
0.05765045718642861
0.05710550886289653
0.037053771310518756
0.032973489865966155
0.0328786313783318
0.029106096167607
0.02518591587948788
0.021143214447610303
0.017003654284081397
0.01279327734706732
0.00853834518106971
0.004265178890454603
3.291886722315891E-15
0.0042312268559540666
0.008402948491871643
0.012490174076166384
0.01646862151045773
0.020314858443545882
0.024006437118554495
0.027522022293951783
0.030841511525972965
0.046023486663306856
0.055571266193103395
0.07579242907494471
0.07653950081899066
0.07707704693741609
0.07738872812182451
0.09406926741316772
0.0994771627873446
0.10047743258888706
0.09000882622585975
0.08929659113771368
0.08283024546137431
0.08698202962706053
0.08538547173130129
0.09303896384713836
0.08929762500740851
0.08013571764475703
0.06084082331007872
0.05780658525906646
0.05455995231751534
0.051117334569709766
0.0478694946382362
0.04513344526219337
0.028245407809627372
0.025021011314591283
0.021665227760588147
0.018199480544476
0.014645715469342182
0.011026264246839456
0.007363706582085954
0.0036807316787419884
7.618869495860414E-16
0.003655993885695323
0.007265056556970647
0.010805428289310208
0.01425591212285004
0.01759599869453576
0.020805986110943003
0.023867094172388872
0.02676157229694625
0.01852450139925086
0.02239800822628231
0.039605900086564595
0.04225771741368765
0.04467707308795529
0.04685236162852785
0.04474599222878107
0.0412118562437468
0.04820397005961108
0.042060713830106775
0.043032973866204284
0.052388059803644325
0.044195259424026065
0.04438850208742056
0.04804251590928337
0.04280048732565974
0.04961627181600308
0.05276806638535694
0.05172697126328047
0.05051154200211604
0.049144158060304075
0.022253531231297956
0.014159833726377817
0.024830357014184654
0.022006789021949476
0.019064718399567165
0.016022861053657685
0.012900431665654844
0.009717023953107496
0.0064924893234949614
0.003246814662533514
8.682128908302244E-16
0.0032280632073137423
0.006417712443586544
0.009549632433254341
0.012604970668221856
0.015565449480290346
0.018413474000504016
0.02113223537558506
0.023705808643462372
0.042189265373287
0.03738864107389483
0.041934585282878564
0.043309953943180435
0.04463324546795885
0.045881802549553416
0.02864590243977794
0.03550880617688698
0.029455606159817696
0.035398743484770054
0.035928634662026386
0.05116110767723905
0.03663253067896929
0.0368283305288331
0.032213406709328464
0.040109772684298474
0.03450319828945305
0.05180706429908299
0.051622455159170764
0.05138936333550283
0.05112697845079365
0.037106665262234564
0.04074103309841271
0.02221910702399981
0.019700210362083474
0.017073170655952586
0.014354647114388861
0.011561772961430976
0.008712048594939431
0.005823233049988325
0.002913234433603583
3.2179738577421024E-15
0.002898593465304623
0.0057648482892968984
0.008581352929306691
0.01133108672355863
0.013997521750357978
0.01656472119194292
0.01901743362329567
0.02134118267357214
0.00775763119836647
0.021927495921375204
0.060652896690365346
0.061325248591824866
0.061900223232874384
0.062366029131309994
0.07172268131787282
0.07274841764159283
0.06620249486706208
0.0745867311756079
0.0747554549888509
0.08987930062772682
0.07453428566853373
0.07414908040081636
0.06620320530530133
0.07327934908198781
0.07014491808703152
0.05788960030840361
0.056791769582221485
0.05563874111581106
0.05445084799926517
0.018887780392553226
0.00840400148689573
0.020166556388840347
0.017886055366207087
0.015505857279761
0.01304101371229592
0.010507026791991027
0.007919752519505266
0.005295302366408453
0.0026499437508195538
2.5334517479487634E-16
0.002638249589546193
0.005248668987352267
0.00781536335924411
0.010322775102727855
0.012755777411730817
0.015099764812138771
0.01734074013054806
0.01946539738242464
0.035984270672509984
0.033518114275770165
0.05370130602906394
0.05455425446376917
0.05532985505898877
0.05601043877034485
0.05528438402236424
0.06383335642686629
0.057367620680322966
0.042844167239412506
0.04265410078656151
0.042746522982013244
0.04201022251268723
0.0415478300337078
0.05681468523028298
0.06250823186509956
0.054956576694256076
0.05318922686965758
0.051958137893553386
0.0505915168690264
0.04909891174084407
0.0316995164403796
0.033851595568090205
0.01851851851851671
0.01642875242294159
0.014246258644901135
0.011984803983145755
0.009658584444417827
0.007282136745882279
0.004870248084487129
0.002437864729538083
1.214752088882948E-15
0.0024283578107918273
0.0048323370015026755
0.007197272964716866
0.009508797076713546
0.01175292343994072
0.013916132957618907
0.0159854542383221
0.017948540849475756
0.013886167616381393
0.014318227517649464
0.01855916535779781
0.018649175302699963
0.018794994836791534
0.018960268585189288
0.03485669417223313
0.043478437789141365
0.033939340341361694
0.03631745124981346
0.03604275742475651
0.05811693773279809
0.035024112348642514
0.034276818309718536
0.029880720452107577
0.03804425969688549
0.028601697416668584
0.014673269950472054
0.013552947110539011
0.01233180074261814
0.01102764027710774
0.017839775101428493
0.016067983164192647
0.017173209640046042
0.015238710305109312
0.013217291849716139
0.011121676278228895
0.008964995797927503
0.006760710998604662
0.004522527309872581
0.0022643102517672987
1.3736159399248931E-15
0.002256474210775758
0.004491279322585799
0.0066907628099752295
0.008841535644208642
0.010930553364365173
0.012945194766965493
0.0148733377418658
0.01670343180137632
0.027546908863681246
0.028330073548851538
0.03066844126110317
0.03172964867140236
0.032643847410215567
0.03340420026711359
0.04435887936229486
0.03598443547176581
0.04035722129620993
0.03130197983056925
0.031735937101196474
0.012994485208515559
0.03212845109737131
0.03209412512707998
0.039641655799904175
0.033680044689990044
0.04193628202061862
0.02949723570106126
0.0281260838269303
0.026620385536009213
0.024990446922815136
0.0266890877710018
0.02496354625592173
0.016060791128661944
0.01425440294558697
0.012365975136842925
0.010407368373060255
0.008390836793721422
0.006328951709564102
0.004234523600867525
0.002120522893440068
3.289318420509332E-15
0.002113994882376075
0.004208491728061948
0.006270679904201373
0.008287986175753794
0.010248151021477555
0.012139302799507704
0.013950029315998766
0.015669446367279773
0.020777900185861085
0.023361913419740105
0.024937791154783326
0.02645057960847938
0.02783517189850031
0.029083043625740157
0.016998906256483266
0.02683758692703818
0.026265590168889557
0.0365782360483373
0.036868418254423774
0.05856069741052649
0.03708419302561042
0.03701158973785143
0.02821782953322469
0.029397023592861955
0.020656436755234545
0.03197224483636259
0.031212833097377386
0.030318397964570705
0.029296430778284994
0.02159001006459867
0.02208282705812796
0.015131808464324666
0.01343223112505127
0.011654737426116545
0.0098104703462463
0.007910951711346715
0.005968010510537018
0.003993709529245563
0.0020002707528303937
6.436897220013003E-15
0.001994788750870364
0.003971848879046935
0.005919076020936121
0.0078245818954626
0.0096767666067156
0.011464388985833919
0.01317663454716503
0.014803180649468475
0.01792574389622122
0.018982418372529092
0.005980115043432658
0.006849496047711652
0.007645572991255354
0.008343280133668871
0.019353249218658365
0.024681239190965248
0.0339997630478131
0.03179489842873731
0.031717084191055976
0.022603878094376337
0.031234938003537212
0.03082895594907491
0.03304277975264619
0.023533931538744095
0.016135821847301498
0.006282374442909874
0.005218874891314485
0.004034696360533061
0.0027367548548509636
0.019219455337715984
0.015261801572580507
0.014350319253920508
0.01274048927620807
0.01105624082003141
0.009308114012791842
0.007507015135159329
0.0056641488206870105
0.0037909485941332133
0.0018990061775870024
1.0600323950343688E-15
0.0018943766504757153
0.0037724873907031167
0.005622823984444447
0.00743407662706595
0.009195202845307329
0.010895494593689756
0.012524643141230384
0.01407280135656529
0.024178918549869678
0.013402072443964099
0.03459075430907605
0.035702891607231196
0.036689890364836
0.03754586202588396
0.03832690943055268
0.03555703161053754
0.030371290379549828
0.026819687373633595
0.026809650680434147
0.04472919570257359
0.026384464034406415
0.025967130523862236
0.029141883304098393
0.03449650712440829
0.0389046831562248
0.03660474346816908
0.03560887093252784
0.034489524214803176
0.033253481833023006
0.013223327251026139
0.02447361797592212
0.013689633232422563
0.012155621864997933
0.010550164881392377
0.00888329310055519
0.007165392548761009
0.0054071399464477865
0.0036194365539012965
0.0018133407843641744
1.7748108692226781E-15
0.0018094180900328095
0.003603794008249761
0.005372124644473418
0.0071035905320637575
0.008787621854600365
0.010413962781393737
0.011972733741576251
0.013454491259360447
0.008710421135096322
0.03027536104393177
0.004389552074358261
0.00555461165514166
0.006623526588014201
0.007581464981096749
0.005678926468003703
0.01531141930714189
0.025090560970055863
0.024846863916349014
0.025190063258379105
0.012533065717721817
0.025468035045154404
0.025404708917873345
0.025522013542338007
0.015884197117308273
0.006570285681624303
0.008864600257190814
0.008129861754598313
0.007286119374029162
0.006343697502154594
0.0326797562295292
0.006656248685597794
0.01312957631816006
0.011659817132507973
0.010121138014668496
0.008523137976577583
0.006875761877448599
0.005189238702478725
0.0034740182182244846
0.0017407063958140418
1.0731277289394542E-14
0.0017373792535256831
0.0034607505683610287
0.00515953956149146
0.006823342980652748
0.00844199224995655
0.01000561545648353
0.011504697400996654
0.01293013734857792
0.024031535579811025
0.012718775077562531
0.025027412332154268
0.025965190883048994
0.02679402665738734
0.027508435822074264
0.030084679338734186
0.02236781099840511
0.013520493085669697
0.019367178904823024
0.019488939490976447
0.023959813915510424
0.019386915502844354
0.019163644273937304
0.012807588906881539
0.021472904526735743
0.028145089298104158
0.02626472880740817
0.02536769765149632
0.024368479816135876
0.023275057080161855
0.009886849719207056
0.0234453035004262
0.0126546798379374
0.011239413419894278
0.009757366466512658
0.008217771418267364
0.006630198648209337
0.005004497114997357
0.0033507334073886647
0.0016791295566415284
1.818497111910592E-15
0.0016763119168736343
0.0033394975084892415
0.0049793459994231055
0.006585807068185418
0.008149052303015828
0.00965953519448904
0.011108049299676308
0.01248578422425801
0.004816342010876865
0.02827175344255873
0.015355299076963279
0.01630791543733216
0.017185836584867203
0.017977181784474796
0.01982220143773739
0.019955474488660134
0.029561226291600427
0.024203252794806267
0.024211401556856055
0.02172631175994633
0.023839360158131703
0.023458977264543976
0.02910856666702197
0.019415443369902415
0.021185347640662135
0.01889624666861532
0.018257379736517518
0.01752956571723366
0.016722425817551432
0.023848205850276107
0.005798243178354963
0.012252950983884228
0.010883816402487275
0.009449702303212069
0.007959530298464763
0.006422553345601875
0.004848298416959533
0.0032465075731389487
0.0016270778027904988
6.668253631452727E-15
0.0016247025454994115
0.003237035767175126
0.004827096171894703
0.006385131545143525
0.007901600640545528
0.009367231488450197
0.010773077968522723
0.012110574301551517
0.021006482093120664
0.010322240099539463
0.01716598681616583
0.017932124687277864
0.018613971721109075
0.01920281263717002
0.021931008819754644
0.024217716972154364
0.015626347972893348
0.024828638736557794
0.025243813859347607
0.031234057685364785
0.02570543390329071
0.02575298535331446
0.01658493357812834
0.025441145057960707
0.02161559299454396
0.017504589139072543
0.01662271473948737
0.015641901029741608
0.014569001584422637
0.015490129845569042
0.01981755941151347
0.011915019650556724
0.010584747402744728
0.009190996056044249
0.0077424247271467
0.0062480185198748525
0.00471703290242144
0.0031589364957616203
0.001583352625867778
6.147761727133249E-16
0.0015813671279564557
0.0031510189353879743
0.004699309784056936
0.0062167373821044375
0.0076940009926904215
0.009122058333466779
0.010492180819402149
0.011796006812016124
0.009386165834958543
0.010443188206903754
0.018896418601338488
0.019923167892554904
0.02085119457993085
0.021674752807268747
0.01741321629107587
0.00851123853515231
0.016941360673526154
0.013643498394871124
0.013716485818514916
0.026513500691214387
0.013627226901248238
0.013469717477188762
0.016175537723406762
0.007318375044987756
0.015889444815674083
0.022398505664002026
0.021701213821228194
0.020901915846994967
0.020006595638485405
0.007207982373607369
0.010623797124607067
0.011633535736642267
0.010335712165387907
0.008975639047643223
0.007561755518896816
0.006102822496015281
0.004607868489190846
0.0030861338289877903
0.0015470136525558647
3.794838307117185E-15
0.0015453766227254374
0.0030796058553002608
0.004593255909149396
0.006077031449689484
0.00752183058031305
0.008918800579131456
0.010259392048028148
0.011535411143216302
0.01632566125104183
0.023501531107446127
0.010646083280601605
0.011517960165214195
0.012311974384587598
0.013019229687868865
0.02364092756271402
0.031475865664402414
0.02550870743724219
0.03160678919674805
0.031616659415109945
0.0386221335396684
0.03126912998266878
0.03091155519012318
0.025624598579812145
0.030989657833537028
0.02489498247792566
0.013528695743237265
0.01294351075066508
0.012291826661614725
0.01158798163026784
0.0225742480618296
0.014986298802512893
0.011402737382911882
0.01013162018526461
0.008799235330314329
0.007413839913160029
0.005984009696898723
0.0045185861159705125
0.0030266216949505205
0.0015173242190157572
6.599978127479604E-16
0.0015160034130024629
0.0030213547264734872
0.004506796245603361
0.005963200715939058
0.0073816273150816075
0.008753376451610626
0.010070043035629177
0.01132356789569723
0.013039303501943562
0.008654488806930694
0.020665504855843387
0.021450363174598724
0.022146071122546948
0.022746315744504475
0.02319124440945572
0.015333413362652308
0.025143928527995848
0.017197707201716442
0.017690089964615022
0.020415692923563176
0.018339682093771795
0.018496302479878206
0.026732531286672388
0.01750565411399655
0.024938558300690764
0.021403681866115326
0.020585328390725844
0.019674376741738785
0.018677813538571862
0.0137326583858182
0.013592791296380176
0.01121813874339622
0.009968509378499248
0.008658364370328235
0.007295813132389451
0.005889281682094035
0.004447460615539619
0.0029792514937006954
0.0014937119704676646
5.804406468479457E-15
0.0014926825330980112
0.0029751464147012635
0.004438271585389642
0.0058730631612128464
0.007270706647691787
0.008622622008379736
0.009920516256845079
0.011156434250427448
0.011967985440699467
0.013885140754927382
0.015572162767021428
0.01654095349635913
0.0174302881935593
0.018231900349768966
0.02486367650365383
0.016242156593548194
0.01948466411020547
0.008080258758672503
0.008024655625918389
0.009388790905949426
0.007704151276122303
0.0074634813850210134
0.01856706904322346
0.013901111572826233
0.02247640293729809
0.019565105179248542
0.018967980959090514
0.018272902505548905
0.01748483527305081
0.01143099700820457
0.011197379232854484
0.011076303439824874
0.009843346313624568
0.008550408863450619
0.007205484406085943
0.005816881820232163
0.004393174290412647
0.002943146454457336
0.0014757402795336644
6.584851289694333E-15
0.0014749835446403426
0.002940128829366147
0.004386419477499854
0.005804959666125371
0.0071870287627688765
0.008524134858662477
0.009808066870152402
0.011030944889169544
0.014086555247086791
0.02718108586871601
0.008469344555614378
0.009270620605312979
0.009981737969335427
0.010597651811264881
0.026364231669216965
0.034493418583931075
0.04070629085153063
0.043083145253481135
0.04339215560277041
0.03926707772270708
0.043645579521081196
0.04358985701190549
0.04091045351739883
0.03546003834163285
0.026261417824610313
0.00974642462849158
0.009017626425749594
0.008212548813165655
0.0073451446041281265
0.02878962460355418
0.013934369384940104
0.010974681112937989
0.009753882125001487
0.00847343058240207
0.007141233191078343
0.005765512186418518
0.004354754658464997
0.002917660267527928
0.0014630876723654021
4.679553105644684E-15
0.0014625903074151202
0.00291567692988786
0.004350315050559701
0.005757676340100013
0.007129103207227336
0.008456161982303562
0.009730694707839958
0.010944869218242767
0.01059529091758603
0.005913922330169969
0.022809194132153873
0.02369736000032196
0.024491606314186707
0.02518685861283188
0.012912220272605388
0.007440732547784982
0.00256158176246881
0.006661523775365533
0.006322822582208024
0.00253659244728737
0.005888601616851064
0.005789730636603245
0.0013357934488525823
0.009753212436056332
0.016932779752229964
0.024926580201479257
0.024200215395671455
0.0233811916906071
0.022476045077342254
0.003372031319861134
0.010871261220351452
0.010911491925413326
0.009698550779609382
0.008426082790698307
0.007101936019154089
0.005734275035351707
0.004331530647309175
0.0029023480018462414
0.0014555333780320717
7.444829853344075E-15
0.0014552867977780763
0.002901364716142425
0.004329329608801041
0.005730390233524361
0.00709592230063082
0.008417521487009891
0.009687055090162877
0.010896712005373912
0.01284530485231271
0.021502982359449085
0.012700858306781327
0.013515687435851362
0.01428724398131549
0.015000920584812704
0.033134692540180324
0.031192366426369463
0.02836296138296638
0.02865706185573739
0.028382154050979744
0.0269234737627849
0.027480105088384884
0.026853285099345436
0.02635150669617435
0.029467148609231497
0.03341812788467399
0.01677618891912106
0.016334133346763154
0.0158189012923378
0.015239102350963886
0.01603938747394673
0.012269513584412776
0.010885648950795341
0.009676400843693728
0.008407551610465032
0.007086917623867419
0.005722633777814173
0.004323103446455313
0.0028969467941639244
0.0014529477539754949
