1.0
0.9989725854527287
0.9958941397184459
0.990776039814692
0.9836371918337669
0.9745039478168505
0.9634099899352775
0.9503961825331833
0.9355103927392275
0.9003938665958563
0.872823217733154
0.84352319531437
0.8036236753846439
0.7712076412259466
0.7372124324966529
0.6928332687694422
0.6291949034131337
0.6008975600182521
0.5895510728591561
0.5622542059773896
0.5313954255823751
0.4998270180297121
0.4635080854789165
0.4128402295847808
0.37949804698232126
0.3812573155568344
0.36546762635669805
0.34114682335790214
0.3164333377907994
0.2994519312441033
0.2748071015594577
0.24960945384542554
0.23395677675898371
0.20167312991975334
0.17008068053330977
0.1392737663276274
0.10934235931995503
0.08037172439209717
0.05244210162743643
0.02562841376529712
5.993963402293877E-17
0.02437962278192747
0.047452970371682654
0.06916877240348825
0.08948212364992551
0.10835460493099786
0.1257543732716562
0.14165622109465417
0.15604160438810763
0.18471767614380677
0.20280085011084048
0.22006067208429675
0.24072331382550738
0.2559594684599631
0.27220600997672045
0.2928503801278301
0.32765560368883595
0.3280012880012179
0.311125571945017
0.28962699129287534
0.28561112674925915
0.28041289925632584
0.2949789743223893
0.3035958911825075
0.2956759884337858
0.25494968517353506
0.22857076358517203
0.20560858113196212
0.1856872086228882
0.16531744717821148
0.14713035038581793
0.12986442318187535
0.10413347464621649
0.0913037533794372
0.07826434592779974
0.06509537670314763
0.05187566279556115
0.038682351000812236
0.0255905679826496
0.012673085182488834
0.0
0.012361565328205721
0.024347745827528872
0.035898195646728095
0.04695632858088944
0.057469536274566545
0.06738938324713148
0.07667177800935356
0.0852771196700492
0.08527977925824516
0.09336449137498212
0.0928112706345781
0.09369530401014024
0.09051229681079999
0.08194742177874212
0.07302758832532313
0.06742284155977564
0.06912464691709728
0.06426260977331016
0.1115779728899453
0.11143281204413144
0.11054951464261986
0.061622177859164455
0.06708813795607395
0.06490801252704755
0.06800884414014881
0.0752923058905379
0.0849435709654326
0.0878131184352518
0.08325662878865069
0.08307081443389654
0.07196017834362856
0.06711710121238315
0.05913896231121423
0.050938221326003924
0.042567565380628024
0.03407978162745141
0.025527457685863283
0.01696268746207097
0.00843678388003249
9.564623573416552E-16
0.008298740059596469
0.016412099049191532
0.02429457209091769
0.03190271856496254
0.039195379273756194
0.04613387787015407
0.05268220563223857
0.05880718876800708
0.06820675077320766
0.07122538831191212
0.07473555117619987
0.0709181180928132
0.0820327949730736
0.10277261848755602
0.11623885740152291
0.14181328992376374
0.1423800919264104
0.1384502795805843
0.09131240177389242
0.09089307048930059
0.0899620598958986
0.13415892690418205
0.13446744491206036
0.1313664728126928
0.10387700282174238
0.08948991360662248
0.06667560864671863
0.053717713676067154
0.058282885633755464
0.055969283686178685
0.05481640670688086
0.04963964052493693
0.04384237336355565
0.037850671909972794
0.03170319158088156
0.025439031390899255
0.019097499119955563
0.012717877975440562
0.006339196069147338
9.427968882761987E-16
0.006261866202463049
0.012409475561785472
0.018407024902624476
0.024220032755730852
0.029815527373656628
0.03516222387760891
0.04023068962729731
0.04499349698177997
0.058734468939730194
0.07197809669066335
0.07537850387325011
0.09001449437533712
0.08803238975906326
0.06674287718041677
0.06176673452343197
0.0452123111356206
0.04635380276969029
0.037506754124496895
0.07638006566906484
0.07619240326245855
0.07566961873356465
0.037048916225507204
0.044574796112945396
0.04285917039401904
0.062234710036069334
0.06674137523678747
0.08954395881999205
0.09105673631994766
0.07506390649495528
0.0695326334058349
0.05645972715720657
0.03948997423526648
0.03492661100534704
0.030194876749064885
0.02532521601994395
0.02034860287924135
0.015296350844884381
0.010199922616159849
0.005090740693766011
3.2925503679683415E-16
0.005041516417228605
0.010003617540091946
0.014856879372911127
0.01957281378612336
0.024124030271784492
0.0284843897197719
0.03262914937775137
0.03653509821676653
0.029148767226836
0.02296572309486745
0.018941837677404715
0.0290242656641172
0.039470849194487075
0.049761512219052964
0.05292078596457654
0.08006828342289062
0.08112428746765338
0.10013982865834638
0.12516433116580344
0.12587900161712864
0.12626745159426592
0.10001505239774798
0.0799969944056845
0.0786087068046586
0.05078581852710896
0.0483796741752401
0.04020646929734492
0.03033933418460565
0.013520940077286419
0.01659491292624273
0.02213455656275369
0.03287863137833254
0.029106096167607436
0.025185915879488447
0.021143214447610387
0.017003654284083992
0.012793277347068982
0.0085383451810724
0.00426517889045769
6.682706637454145E-16
0.004231226855955349
0.008402948491872968
0.012490174076164498
0.01646862151045332
0.02031485844354505
0.024006437118551594
0.02752202229395125
0.030841511525969482
0.0509216971918326
0.059790140146470695
0.07048145061054474
0.08149460292419211
0.08288647169312642
0.06033805617504869
0.060294740782216485
0.024106458503945317
0.024814267178843382
0.03129807938091643
0.0523535202568398
0.051930412078209746
0.05167932939491807
0.030678002828255193
0.02331580977869722
0.02217403150042099
0.05863983766172913
0.0574033113893152
0.07802427241612349
0.07521327722664184
0.06730767531249429
0.055532836981707315
0.048415456724933435
0.02824540780962769
0.02502101131459176
0.021665227760588043
0.01819948054447484
0.014645715469341439
0.01102626424683927
0.007363706582083662
0.0036807316787425544
9.81333996824726E-16
0.0036559938856959152
0.007265056556972245
0.01080542828930944
0.014255912122851828
0.017595998694535844
0.020805986110943635
0.023867094172387086
0.0267615722969473
0.013496857354624458
0.01983983982181157
0.017106336244631835
0.028870671302664016
0.03875944125282779
0.0474173647155171
0.04943157350223621
0.074396428095904
0.07521695095854275
0.09367800339979147
0.12371868614000679
0.12325684259236809
0.1225132533128371
0.09263129307419285
0.07443175117859441
0.07337040250133402
0.04917391022630235
0.046669094338753984
0.03701541900237214
0.027396983326429987
0.01925989779475572
0.02396624356217059
0.014842874797376792
0.024830357014186417
0.022006789021949334
0.019064718399569684
0.016022861053655336
0.012900431665655411
0.00971702395310784
0.006492489323495186
0.0032468146625369136
7.494967780864397E-16
0.0032280632073124513
0.006417712443588694
0.00954963243325523
0.012604970668222365
0.015565449480290284
0.018413474000505952
0.02113223537558364
0.023705808643462646
0.040207461767190096
0.04038542979154375
0.04954874876766554
0.04198835020587923
0.04543423112582273
0.03311346126001665
0.038005631625720786
0.008327220554533346
0.009206388897427252
0.007301211205194929
0.02073061922974036
0.02041256699117211
0.020246659950286308
0.005751287984141117
0.00970314007587897
0.009007330575889979
0.03451613169446688
0.02900348205982548
0.03850404088238468
0.034438406085470476
0.042938044822546054
0.03486187662340854
0.036529629167257334
0.022219107024003128
0.019700210362088782
0.017073170655952423
0.01435464711438669
0.011561772961432055
0.008712048594938999
0.005823233049987775
0.0029132344336072124
8.503188505564721E-16
0.002898593465299364
0.0057648482892985325
0.00858135292930478
0.011331086723563017
0.013997521750359104
0.01656472119194189
0.019017433623296155
0.021341182673572552
0.022406628215410503
0.033148462607969845
0.025685303324774658
0.03211104007915944
0.03311808562009051
0.040035927752027696
0.04268007362678565
0.05387043913453039
0.05425847153046848
0.0589204167767347
0.0529063078153483
0.05208594278648993
0.05106359400567575
0.056696550881096174
0.0520553557781634
0.050950735382293916
0.041500749445074966
0.039200138459123256
0.03367362349995327
0.035093386751615024
0.0278399478903117
0.034706737007539026
0.025083978435941567
0.020166556388836403
0.017886055366203118
0.015505857279753562
0.013041013712294524
0.010507026791997052
0.007919752519499765
0.005295302366408402
0.0026499437508193634
1.1905178700188883E-15
0.002638249589549621
0.005248668987356214
0.007815363359244477
0.010322775102729104
0.012755777411735425
0.015099764812140351
0.01734074013054562
0.019465397382424605
0.025791326172221803
0.01859573848052845
0.02028004801421976
0.02686703971032552
0.02480195638590385
0.030045405795398796
0.022733338869004412
0.025740738455344518
0.02658027456244009
0.028573659604330174
0.03776189577234357
0.03814785597794143
0.0383362894519713
0.0300062637557777
0.027688659580490906
0.02722061647175264
0.0235775431324022
0.0333378018459092
0.02591835159223006
0.028794686080354504
0.01535888179361495
0.013874051210878036
0.02149544925589911
0.01851851851852138
0.016428752422941874
0.014246258644902763
0.01198480398314748
0.009658584444421617
0.007282136745884635
0.0048702480844839005
0.0024378647295427687
1.3968758644544692E-15
0.002428357810789126
0.004832337001506396
0.007197272964715393
0.009508797076712221
0.011752923439939066
0.013916132957618782
0.015985454238326806
0.017948540849477928
0.029889171588185014
0.034909400715049214
0.035204669193098476
0.040033672135997574
0.03319251018784473
0.037153309737234255
0.034471119962849586
0.027588984697917495
0.02799912512465748
0.019201539878669394
0.04282805743253856
0.04335644232909885
0.0437592279467438
0.017970815838615147
0.026812612772840333
0.026013007354427832
0.03355929921362588
0.036632310319166195
0.03148020936781147
0.03864845185312832
0.03658565320213213
0.033668679188032194
0.030752201513274836
0.017173209640043565
0.01523871030511178
0.013217291849714334
0.011121676278225825
0.008964995797925207
0.006760710998605802
0.0045225273098695624
0.002264310251769116
1.6047116176584848E-16
0.0022564742107749705
0.004491279322591449
0.006690762809973702
0.008841535644205834
0.010930553364365672
0.01294519476696116
0.014873337741865472
0.016703431801372393
0.010377918511299654
0.008332651446783442
0.012757111736386429
0.030324316576549857
0.030097375844794567
0.04602725232172975
0.029909823832495016
0.0304593876695971
0.030974351261724598
0.04418592709812724
0.04021979913945407
0.040003626773823756
0.03972673293618164
0.04419078472430301
0.030423172904345125
0.029732232536747807
0.029870304605117803
0.046469091090196736
0.03008486169304896
0.02881788412833211
0.013933288527224197
0.010222063680889478
0.006667920324455655
0.01606079112866255
0.01425440294559056
0.012365975136842827
0.010407368373055505
0.00839083679371889
0.006328951709568122
0.00423452360086922
0.0021205228934414303
2.1672740298406626E-15
0.0021139948823752433
0.004208491728061494
0.006270679904199316
0.008287986175758183
0.010248151021477768
0.012139302799506703
0.013950029315997802
0.01566944636728176
0.030528092640580134
0.027228332341308652
0.03622474860546975
0.026485349172372056
0.01838425627402712
0.029079450928516087
0.02774835526182713
0.02459852396131781
0.025235623963567835
0.01807396516332416
0.05860448614270565
0.058560697410521056
0.058365732549123465
0.018504722893770895
0.025698413845086476
0.025221444263979764
0.0273217295321347
0.027149024578413044
0.015939246966295312
0.023480623208264342
0.03466426175216077
0.02455843463426682
0.029566565096931383
0.015131808464327302
0.013432231125052582
0.011654737426116555
0.009810470346246845
0.007910951711348908
0.0059680105105342955
0.003993709529246012
0.002000270752828413
4.661524686659909E-16
0.0019947887508684416
0.003971848879048752
0.005919076020936378
0.007824581895462203
0.009676766606712956
0.011464388985833275
0.013176634547166416
0.014803180649466905
0.006127888309863343
0.016430682931119364
0.013801304820864663
0.021454032816084996
0.02924914657934475
0.04015613851775152
0.02275379919089993
0.020347380730834214
0.020791487788871882
0.03435266741300287
0.009793375412856608
0.009455506024222265
0.009110595593065297
0.03357525655056374
0.020386834471292484
0.019819450905706967
0.02121939180041085
0.038092193524135856
0.02913875209205789
0.02024813978788382
0.01271564099158765
0.017693294156511444
0.008942186687814688
0.014350319253918742
0.012740489276207861
0.011056240820026186
0.009308114012787007
0.007507015135159546
0.005664148820683588
0.0037909485941307612
0.0018990061775889656
7.202782077183592E-16
0.0018943766504765868
0.003772487390703985
0.005622823984446317
0.00743407662706202
0.009195202845306488
0.010895494593689612
0.012524643141228477
0.014072801356562659
0.025125602510774322
0.01706893521259655
0.027263248588678318
0.01969949494059155
0.013756619472849658
0.019100150011784934
0.02924752495330326
0.02836989292675983
0.028831515558875455
0.022056870412838245
0.03578950055557411
0.03552062187487356
0.035107961174571926
0.022042159616626658
0.028673314674104725
0.028170002199900727
0.029797597911805467
0.0187189599766871
0.013999723837590693
0.020008449125146075
0.02547395192745636
0.015360761628942357
0.02286577698565712
0.013689633232424274
0.012155621864990725
0.010550164881390801
0.008883293100555413
0.007165392548760309
0.005407139946448351
0.0036194365539017823
0.0018133407843731353
1.9909523142134017E-15
0.0018094180900300732
0.0036037940082433322
0.005372124644472084
0.0071035905320641106
0.008787621854590501
0.010413962781398394
0.011972733741574815
0.013454491259360055
0.015569641498881067
0.01844476830206722
0.010741293020946974
0.01755414186575062
0.027733409085575794
0.02740511417499782
0.01362042113573537
0.023886633015518192
0.02439184702639384
0.023634002632017016
0.020573977369995
0.020783008913442577
0.020847733385441124
0.02344716388358586
0.02491806685942904
0.024588768049708127
0.013461012911682568
0.02625940766907442
0.02734904378785194
0.01711080788664695
0.01141732318603234
0.017808757206174832
0.01745110126966928
0.013129576318165026
0.011659817132512127
0.010121138014667106
0.00852313797657515
0.006875761877442486
0.0051892387024797555
0.0034740182182236372
0.0017407063958156152
6.226516502021928E-15
0.0017373792535268176
0.003460750568359539
0.005159539561488282
0.0068233429806526386
0.008441992249952573
0.01000561545646621
0.011504697400993412
0.012930137348567149
0.016031594461228274
0.014212756689878602
0.022907378906180595
0.018932550499696346
0.011010373458746203
0.01806368359568851
0.028872427507452864
0.020886003066894008
0.02113695496462632
0.020845227893896225
0.020987491449494553
0.021050468759563044
0.020982120389353126
0.020846620764003378
0.020276830615327805
0.01973888701196736
0.027775281448448715
0.017481912865276856
0.009885822344528528
0.018029535644618924
0.022633920961410058
0.014783760849927226
0.013330542960249997
0.012654679837934023
0.011239413419893256
0.00975736646650616
0.008217771418264219
0.006630198648214276
0.005004497114997522
0.003350733407392288
0.0016791295566422554
2.0862844147623474E-15
0.0016763119168748473
0.0033394975084889813
0.004979345999417857
0.006585807068184576
0.008149052303015462
0.009659535194489977
0.011108049299681752
0.012485784224257536
0.020457575290240483
0.014537526209898913
0.014578206212640436
0.017733789082033092
0.027953963574997184
0.025552501877070137
0.019115827190316074
0.025480665528154638
0.02585820157666518
0.019709739025166578
0.02034760267665576
0.02038779434961432
0.020303115599489774
0.019327059899092214
0.025446961345914492
0.024931049680408154
0.02059322727459557
0.026203700248901802
0.028500955240867043
0.018373515539479135
0.01518860693461417
0.013513834290744133
0.020856409248987212
0.012252950983880134
0.010883816402484108
0.00944970230321102
0.007959530298470817
0.00642255334559957
0.00484829841695992
0.0032465075731341053
0.0016270778027950065
5.095634195673039E-15
0.0016247025454948173
0.0032370357671770494
0.004827096171887336
0.006385131545148521
0.007901600640546352
0.0093672314884463
0.010773077968521168
0.01211057430154589
0.007212649144799423
0.016371141514429744
0.019141928792309356
0.014648730134763333
0.007946901673761967
0.010389264355783051
0.01450722687657417
0.017237858985510942
0.017781084347115478
0.025468738622779707
0.021904656694214052
0.02192916793329013
0.021839459478325603
0.02591273469521903
0.018479275664343035
0.01817256364107524
0.012207181945150596
0.008838597067551409
0.00813778408833726
0.014252102342551892
0.017052470130641137
0.01639005452373343
0.00603272500028984
0.01191501965055416
0.010584747402740633
0.009190996056047153
0.007742424727154226
0.006248018519874107
0.004717032902420292
0.003158936495761548
0.0015833526258657439
3.086000093505649E-15
0.0015813671279563733
0.0031510189353862617
0.004699309784059052
0.006216737382102107
0.007694000992691968
0.00912205833346958
0.010492180819399021
0.011796006812016181
0.02013688774158023
0.01319058504803872
0.018108879928242696
0.018296935533802773
0.028075335516027932
0.03016736976941443
0.03133626175661784
0.01698254831767646
0.017265808672501194
0.010108066387540379
0.03127368546795867
0.031516873916113346
0.031649032144723525
0.009832025774204198
0.016549784711584834
0.016035844801862726
0.032515051624798424
0.030435942242574194
0.02681771862898927
0.017120550671540655
0.019809303784440215
0.014159515623266746
0.019292505263226286
0.011633535736640528
0.010335712165390233
0.008975639047645707
0.007561755518891658
0.006102822496013485
0.004607868489188857
0.003086133828981505
0.0015470136525485311
6.075931199381191E-15
0.0015453766227264297
0.003079605855300963
0.004593255909152735
0.006077031449699822
0.007521830580308869
0.008918800579125754
0.010259392048032188
0.011535411143220426
0.007729733190564771
0.014172631800550733
0.007519360530619097
0.017190734115363062
0.01111348776135221
0.005090237186385674
0.004534873840387964
0.026283013100322397
0.026735484857997253
0.032454323890167634
0.012740042917718858
0.012567224019062347
0.012347290433828055
0.03253783783363151
0.026952431916168605
0.02657273189522037
0.005699784950494685
0.005752873510560121
0.012843509666344097
0.01929572368396509
0.0048520751781665795
0.012701850526958752
0.009143982528161421
0.011402737382909377
0.010131620185260478
0.008799235330313961
0.007413839913164686
0.005984009696894404
0.00451858611597664
0.0030266216949501315
0.0015173242190121218
4.079124447529511E-15
0.0015160034130009478
0.00302135472647796
0.004506796245603548
0.005963200715943386
0.007381627315096507
0.008753376451608754
0.010070043035635665
0.011323567895693191
0.016100733956766877
0.01831088561414018
0.02742831512505395
0.009530470961576158
0.016052141214931658
0.026851336126381426
0.034680081160236916
0.011671420018732673
0.012081056176866044
0.015817676202239585
0.03259821436158844
0.03245655939105288
0.0321920280728123
0.01636038476878692
0.012308105742953318
0.011971332797989792
0.03403824086274334
0.025377526108757358
0.013360951515955104
0.007895422738989053
0.029294971582933295
0.01956633686240142
0.014734917090521216
0.01121813874340324
0.009968509378505606
0.008658364370337537
0.007295813132382542
0.005889281682093957
0.0044474606155414
0.0029792514937049064
0.0014937119704637846
2.958155397810996E-15
0.0014926825331004
0.0029751464147153785
0.004438271585380297
0.0058730631612090006
0.00727070664769118
0.008622622008375899
0.009920516256841297
0.01115643425041803
0.012236177538250459
0.007073598656630795
0.0037719619694623206
0.02879017273003301
0.02362851789472574
0.012166969252597798
0.011277763775048865
0.022321634308903285
0.022606130817513975
0.02687287208617765
0.016723761251041913
0.017128911208930696
0.017418883123356543
0.026245911900049962
0.021940980773866185
0.021438736221356572
0.011705368034936915
0.013686433276326094
0.025485662955190953
0.030321600856592492
0.004154966171590537
0.005547257771952617
0.012949456244013611
0.011076303439809993
0.009843346313625833
0.008550408863451705
0.007205484406094312
0.005816881820235379
0.004393174290424502
0.0029431464544617805
0.0014757402795398543
8.422711857910075E-15
0.0014749835446492548
0.0029401288293672513
0.004386419477507396
0.005804959666125786
0.007187028762766292
0.008524134858657583
0.009808066870155462
0.011030944889178988
0.011719459240342397
0.021539487247260358
0.030941158394645337
0.005125672608082075
0.0054871589710596
0.017906631724224603
0.02533228752770507
0.020021895359019836
0.020523368161234602
0.023312803277074804
0.010071657488299083
0.010136756014106943
0.01014407794579789
0.02343706645716046
0.021303968442594988
0.02106798576938543
0.023938848418561687
0.017796566847225352
0.005847197001500812
0.004262227463161015
0.02970435360029563
0.021434874992121624
0.011101135778655366
0.010974681112941698
0.009753882124994518
0.00847343058240899
0.007141233191075308
0.005765512186417991
0.004354754658463212
0.0029176602675251542
0.0014630876723651048
7.247720417764278E-15
0.0014625903073974581
0.0029156769298927278
0.004350315050561224
0.005757676340102178
0.007129103207221342
0.008456161982298024
0.0097306947078413
0.010944869218250507
0.013458363253053886
0.008164556070864868
0.001966269414982646
0.028744798460765365
0.027350904867610795
0.02238910453855336
0.01476482939263618
0.01976223240882653
0.02013996699949642
0.015105695021380252
0.040876469022888114
0.04109743930236984
0.04121771729837771
0.014912007130253794
0.020665577697001787
0.02047360387712528
0.015220999087863729
0.023487761715816936
0.026159030568771044
0.026338617664675955
0.004027573321371855
0.010471081849420616
0.013186720510177025
0.010911491925414804
0.009698550779603311
0.008426082790695889
0.0071019360191576135
0.005734275035351222
0.0043315306473166735
0.0029023480018537324
0.0014555333780388983
4.71965503251793E-15
0.0014552867977833937
0.00290136471614115
0.004329329608800762
0.005730390233526849
0.0070959223006282655
0.008417521487008176
0.009687055090146281
0.010896712005370537
0.011261941763583744
0.01866568179424068
0.02019760667973685
0.008440698630367302
0.013663579420753138
0.023205227579592452
0.017876109385889946
0.02626656808195758
0.026555707502518653
0.020568247330066108
0.036638325933667344
0.036934067896535965
0.03719010367088312
0.02017874751445268
0.026480568069457075
0.026173922557671307
0.01753408465268654
0.02409798441448167
0.016037673336560417
0.012092857459439684
0.016445533557446015
0.016991793111968426
0.011786801372522962
0.010885648950799888
0.009676400843690645
0.008407551610459717
0.0070869176238643064
0.005722633777817398
0.004323103446454672
0.002896946794165753
0.0014529477539640791
