1.0
0.9989725854527296
0.9958941397184463
0.9907760398146903
0.9836371918337696
0.974503947816852
0.9634099899352753
0.9503961825331811
0.9355103927392284
0.9188072805050698
0.8822219859086408
0.8254138866582883
0.7760642746852635
0.7529314316927644
0.7281276946266522
0.6749728322900965
0.6569194700562913
0.5734862621524168
0.5441801221539383
0.5316882970266233
0.5282383683006118
0.4686147650352203
0.41861745973208436
0.38570223603596143
0.40706468094002995
0.3645639947520185
0.3567711555396773
0.32365520059972797
0.2898158723882699
0.2837055993720011
0.28524309925622576
0.2668332813211879
0.23395677675898338
0.20167312991975384
0.17008068053330994
0.13927376632762759
0.10934235931995492
0.08037172439209743
0.05244210162743664
0.025628413765297172
0.0
0.024379622781927637
0.047452970371682605
0.06916877240348837
0.08948212364992578
0.10835460493099838
0.12575437327165545
0.141656221094655
0.1560416043881078
0.1688986399392127
0.19056762644827355
0.23056880536036492
0.2649324436960358
0.2710844943220483
0.27847301922807366
0.30299537256862213
0.2981657980966862
0.34978233074798
0.34856245232086164
0.3327162777398805
0.301608517457758
0.3242621615077708
0.3311425674481094
0.32395176867918213
0.26549004790162584
0.26198709472491427
0.23344636370352248
0.21917315394951292
0.20791556561046312
0.17021426581335666
0.13276636994155755
0.11667245240793693
0.10413347464621679
0.09130375337943773
0.07826434592780018
0.06509537670314813
0.05187566279556181
0.038682351000812396
0.025590567982649748
0.012673085182488827
1.7583887016980992E-16
0.01236156532820596
0.02434774582752867
0.03589819564672847
0.04695632858088941
0.05746953627456658
0.06738938324713165
0.07667177800935296
0.08527711967004872
0.0931704195635523
0.10655945961158685
0.09307988491408523
0.07392030276540577
0.07945877808354411
0.07902984648043956
0.07650933220342201
0.08504291196242529
0.05293875254326158
0.054326097469506965
0.050842190656719924
0.07523701544777524
0.05028242575640693
0.05395542703549909
0.05246142869021114
0.08280459869857605
0.07515613059188085
0.07457758765057715
0.07470611571910925
0.06935734983347355
0.08737830671810835
0.09462925602883876
0.07482035430154889
0.06711710121238203
0.05913896231121381
0.05093822132600418
0.04256756538062818
0.03407978162745243
0.0255274576858623
0.01696268746207179
0.008436783880032597
1.0162236745432585E-15
0.008298740059596478
0.01641209904919264
0.024294572090917742
0.031902718564962254
0.03919537927375648
0.04613387787015438
0.05268220563223901
0.058807188768006516
0.06447863753738976
0.0543498484097252
0.06357698810965907
0.09053168002019836
0.09361495059056778
0.09998266536409668
0.09525040659849522
0.09908197509184266
0.1332754899732954
0.13279023394227668
0.1331878536639714
0.10572964937464037
0.1297952864913946
0.12534204929882112
0.12216015414268443
0.08667805914229483
0.07911143667057655
0.08644314374361295
0.0806053484875587
0.07622623289680898
0.048289833486838
0.04251832807094266
0.05520449656085726
0.04963964052493683
0.043842373363555336
0.037850671909973294
0.03170319158088272
0.025439031390899494
0.019097499119955497
0.012717877975441898
0.006339196069147562
1.0397664598490154E-15
0.006261866202464849
0.012409475561786336
0.01840702490262457
0.024220032755729978
0.02981552737365696
0.03516222387760989
0.040230689627297034
0.044993496981779645
0.049425362699365746
0.07077294793730807
0.08364158330937824
0.07410641789959826
0.07706561031296834
0.08340112722496618
0.09676893495594778
0.09212286968753697
0.07293607463778813
0.07452015389394319
0.06938818054278452
0.09513600265138726
0.07037759208339521
0.07640441741675982
0.07579707625993508
0.09421519412096724
0.10057427088369165
0.08601378185005788
0.07721699638297093
0.07465213063417869
0.0809736520086539
0.062436193690339835
0.043855240091816426
0.039489974235264444
0.03492661100534985
0.03019487674906424
0.02532521601994248
0.020348602879240882
0.015296350844883067
0.01019992261616023
0.005090740693765395
5.565620870172828E-16
0.005041516417228545
0.010003617540091568
0.0148568793729109
0.01957281378612345
0.024124030271787316
0.028484389719773538
0.032629149377750015
0.03653509821676735
0.04018068198682886
0.03947315897231974
0.04122970629417524
0.06335890141731595
0.06523560720192789
0.055741955862654
0.039885104750985695
0.041350935359547335
0.03825842939777364
0.038834603309640045
0.04407144199291971
0.03734670756477415
0.04360177328034381
0.03863504097885782
0.038060403614418904
0.044676603066581694
0.04422033583267159
0.05571208688823949
0.06550721145030063
0.0638134199393664
0.04300544360633515
0.04308263636222261
0.03647909300014291
0.03287863137833206
0.029106096167607422
0.02518591587948929
0.021143214447611747
0.017003654284085134
0.012793277347068368
0.00853834518107404
0.004265178890457854
2.433623180463992E-15
0.004231226855954794
0.008402948491873013
0.01249017407616431
0.016468621510454
0.020314858443544876
0.024006437118551747
0.02752202229395099
0.030841511525969773
0.033946147150060633
0.03441827481338087
0.0557514157938941
0.0582433421706862
0.05925249161932237
0.08561382969897152
0.10796725701356402
0.10234012474399885
0.0986223392272241
0.09934183943393207
0.09862330969933218
0.12148632984825608
0.0988407924846614
0.09937617005283524
0.09869730174083044
0.10130027455170217
0.10552391533400547
0.08226722780626376
0.05168834447373904
0.04974478760027822
0.04467565335309899
0.025212086603511357
0.03131765050089608
0.028245407809628066
0.025021011314592542
0.02166522776058947
0.018199480544474584
0.01464571546934062
0.011026264246839449
0.007363706582083329
0.0036807316787418973
2.5809078508131527E-15
0.0036559938856966915
0.007265056556973449
0.010805428289307169
0.014255912122851603
0.01759599869453623
0.0208059861109447
0.02386709417238715
0.026761572296945653
0.02947280053486871
0.048093458556771856
0.04421248812059398
0.05723190681193895
0.0587878176342265
0.05132838012099996
0.05976104789011447
0.06757924359254872
0.05426528608483331
0.05440406607932727
0.05623500908325168
0.06542934881025236
0.05640876352074873
0.054383587160446376
0.05422919419515608
0.06779012361625426
0.05911358038587391
0.04898689303843208
0.056334052557384336
0.05440220806051449
0.044910026024176396
0.04671365883045117
0.027517322639370706
0.024830357014186375
0.022006789021949517
0.019064718399569237
0.01602286105365574
0.012900431665655063
0.009717023953108514
0.006492489323495829
0.003246814662535831
1.3311566025316406E-15
0.0032280632073144982
0.006417712443586543
0.009549632433256032
0.012604970668221943
0.015565449480290181
0.018413474000504033
0.021132235375584823
0.02370580864346187
0.026119244705546968
0.015154973021970936
0.01596139913756807
0.014912576173758543
0.01634472457401689
0.05068657439834948
0.06819242640186092
0.07291198899450338
0.0763711494327589
0.07632872750013503
0.08196261852240652
0.1006619129338377
0.08095132051144464
0.07421203860700507
0.07320318978914331
0.0681422986150542
0.06112735730189886
0.04448856320565786
0.015559717248656532
0.014056707526816993
0.019042473822754882
0.02014286212107999
0.024613779935092363
0.0222191070240034
0.019700210362087762
0.017073170655954425
0.014354647114390294
0.01156177296143032
0.00871204859493756
0.005823233049989445
0.0029132344336039806
6.088208285372016E-16
0.002898593465303164
0.005764848289298012
0.008581352929305976
0.011331086723560297
0.013997521750360632
0.01656472119194087
0.019017433623294715
0.021341182673569607
0.023522351538325978
0.03407529318770219
0.04793300816618092
0.04541760028009777
0.04677666935964174
0.03590073104688038
0.04824426981120137
0.0533001804770821
0.0363576003149158
0.03636859671007798
0.04634430663673009
0.04835725037861757
0.04587635323616151
0.03507621828856553
0.034395038832331346
0.050785984137306485
0.04709365462365751
0.03470060196182248
0.04471382289536033
0.04318000920345701
0.04689258599923719
0.02777648801114051
0.02233285365668217
0.020166556388833315
0.01788605536620432
0.015505857279755654
0.013041013712293485
0.010507026791994676
0.007919752519501838
0.005295302366409921
0.002649943750816801
2.712448060805556E-15
0.002638249589549016
0.005248668987356482
0.007815363359244985
0.010322775102731106
0.012755777411734913
0.015099764812134918
0.01734074013054697
0.019465397382425576
0.02146120009284921
0.03342972002868815
0.03004511850819934
0.02905749918538532
0.030177148394567966
0.025727874068115317
0.017815811556572136
0.02697170043524463
0.03876501974971439
0.03902606997243886
0.03309652004337377
0.0481597341650353
0.031985340267700814
0.03821173523748996
0.037543988535806795
0.02456429462538567
0.015023200573116272
0.026230091735172743
0.031015437488479985
0.029991832160483456
0.028741613875871173
0.03539119989233554
0.020502305557443763
0.018518518518520963
0.016428752422941645
0.014246258644902584
0.011984803983144826
0.009658584444422717
0.007282136745882629
0.004870248084483095
0.0024378647295422357
1.3725206407283602E-15
0.0024283578107910752
0.004832337001507187
0.00719727296471614
0.009508797076712731
0.011752923439939701
0.013916132957618394
0.015985454238323836
0.017948540849477827
0.019793744462760537
0.008247890003327964
0.034242376245524946
0.02982101065848315
0.030717838737464448
0.03055680963602735
0.042549989474498444
0.03408155114804905
0.02561482397921351
0.026103429796221787
0.04048722068129787
0.029533977133525298
0.0407130525722465
0.02637795466930372
0.02604511729322395
0.03321115840937128
0.04157112441938216
0.02929562381803771
0.027870381115790318
0.026543795122663007
0.030489781275104877
0.006850726253277219
0.01900855764426976
0.01717320964004212
0.015238710305110136
0.013217291849714522
0.011121676278226222
0.00896499579792731
0.006760710998607414
0.004522527309870924
0.0022643102517670146
1.6663604196688498E-15
0.00225647421077503
0.004491279322590998
0.00669076280997632
0.008841535644202281
0.010930553364366949
0.012945194766962969
0.014873337741866995
0.016703431801372216
0.018424566870804692
0.032787604440991026
0.014835055520680755
0.022746076052998384
0.023776345498662345
0.03132460187803251
0.0236045750078335
0.032850742269432964
0.039180119150136895
0.03959025278651036
0.029560369764730213
0.03083626141126797
0.030118424418798428
0.03970479762047644
0.03935841301619088
0.03422719365212972
0.024902605475202646
0.03144494317553347
0.021425890538605018
0.020066548715846007
0.01248510321220077
0.02942219246486336
0.01777374660517518
0.01606079112866164
0.014254402945589656
0.012365975136843229
0.01040736837305504
0.008390836793721972
0.0063289517095693444
0.0042345236008733585
0.0021205228934425436
2.712854132771066E-15
0.00211399488237522
0.0042084917280592335
0.006270679904203235
0.008287986175752174
0.010248151021480417
0.012139302799507432
0.013950029315997562
0.01566944636728114
0.01728726284573514
0.020704973602066325
0.033785992206410626
0.02732040378117874
0.028600239634367988
0.018811655579619273
0.028657673754466366
0.027301441508539467
0.027430320107909082
0.027657383792561278
0.04629082097599285
0.03703703703704042
0.046183684624620136
0.027441219348431693
0.027104697498050032
0.026461913165892904
0.02637690980845313
0.017329769777108265
0.03059177352865123
0.02963510011177427
0.03713704523627827
0.02439229614557747
0.016742774869487786
0.015131808464323777
0.013432231125051191
0.011654737426117901
0.009810470346251196
0.007910951711353694
0.005968010510536355
0.003993709529247401
0.0020002707528287986
4.925123197857353E-16
0.001994788750872147
0.003971848879048469
0.005919076020938821
0.007824581895463749
0.009676766606715124
0.011464388985830829
0.01317663454716628
0.014803180649467083
0.01633425847110977
0.014733139824164566
0.018871737426766833
0.013739999774548326
0.014470990705237033
0.028729227639731247
0.02808882608649633
0.03460054406779008
0.031229743301049405
0.0313528536163301
0.03914505596753815
0.03827668508239074
0.03902045794775586
0.030482620911980795
0.029924631557926983
0.03347391000919435
0.028015154344615156
0.02793951164865283
0.01354204425502918
0.012758692917098123
0.020156883418565478
0.009456306824969828
0.015875622498045895
0.014350319253918829
0.012740489276205982
0.01105624082002741
0.009308114012789399
0.007507015135160808
0.0056641488206827595
0.003790948594132824
0.0018990061775866745
4.0754370183117654E-15
0.0018943766504761499
0.003772487390703456
0.0056228239844449855
0.00743407662706352
0.009195202845306758
0.010895494593687235
0.01252464314122806
0.014072801356566971
0.01553064301646426
0.02851225797982062
0.04032417477619971
0.03216139857474083
0.0330898695854198
0.017377273498731315
0.016667692106688215
0.02153782803599465
0.02653278445726078
0.026953816733797025
0.0323194755685937
0.027166030745824108
0.03184304265700927
0.02726488143373612
0.026997333209104198
0.02182402316552011
0.016588732090629128
0.018051492983903714
0.03171390387330389
0.030600789054761785
0.038272099254128916
0.02754951888574394
0.015142585844551405
0.013689633232426276
0.012155621864992262
0.010550164881391518
0.008883293100554464
0.00716539254876111
0.005407139946451569
0.0036194365539008967
0.0018133407843686506
3.1491893093155546E-15
0.0018094180900306899
0.003603794008245475
0.00537212464446951
0.007103590532063428
0.008787621854600601
0.01041396278139815
0.011972733741575824
0.013454491259364211
0.014850284989617574
0.010183346746010454
0.019618690060502077
0.011152330580545555
0.012126306962589312
0.0225345037636902
0.02488744803356656
0.019606158370613132
0.01451633732177519
0.01471480518887913
0.027589485523177224
0.028063596858113382
0.027272769858110467
0.014169619617539691
0.013699160224350406
0.018125957782372627
0.02410144370872401
0.021582319170600665
0.013273701927915047
0.012422563245895074
0.01982465667296479
0.014226513795621376
0.014521222122821914
0.013129576318163137
0.011659817132514735
0.01012113801466357
0.008523137976573095
0.006875761877446305
0.005189238702476177
0.003474018218220916
0.001740706395815843
5.856688950718069E-15
0.0017373792535247624
0.003460750568362825
0.00515953956149073
0.0068233429806552216
0.008441992249953305
0.010005615456478453
0.011504697400997294
0.0129301373485699
0.014273304129175586
0.019156987990622078
0.026979507642660033
0.02061859796285341
0.021425432705199025
0.019403170898416505
0.01894871362135906
0.02832823506337052
0.03127506426350536
0.03158863592328199
0.021287811146054148
0.02074903133773716
0.021270435465613708
0.03147651442606135
0.031108625547135477
0.028870406450630954
0.01928621593995184
0.019264050457089867
0.019561880476718814
0.018502611676240864
0.024198507147440068
0.015218175654957878
0.013994328584082782
0.01265467983793368
0.011239413419893459
0.009757366466508191
0.008217771418262455
0.006630198648204598
0.005004497114999647
0.003350733407392862
0.001679129556641558
4.514401566629892E-15
0.001676311916872593
0.0033394975084903205
0.004979345999424367
0.006585807068182285
0.008149052303015788
0.009659535194489428
0.011108049299678163
0.012485784224257855
0.013784379082915047
0.02205167141563242
0.023331369028525877
0.017782666056521405
0.018728491632725035
0.018898043772896077
0.018915961911279748
0.010356579118311343
0.012856049392393718
0.01328233168996339
0.020857444620527202
0.020427823224760975
0.02084563959262831
0.013722052300948896
0.013517013760253086
0.010214668255476247
0.01847303040745497
0.01881937749303583
0.01876246777042147
0.017834596643474875
0.023557787903594914
0.022800532462504165
0.013548571158451537
0.012252950983892225
0.010883816402489897
0.009449702303208983
0.007959530298465743
0.006422553345603062
0.004848298416957188
0.003246507573137735
0.0016270778027942835
4.088182489654571E-15
0.001624702545493852
0.0032370357671776123
0.004827096171890844
0.0063851315451463565
0.007901600640544218
0.009367231488446493
0.010773077968524206
0.012110574301546455
0.01337158712926322
0.00648659255541698
0.019316144281089576
0.016820634477945275
0.017771888620125898
0.01845786264569505
0.021183169446873266
0.02837117923999124
0.021072807244654546
0.021176324612286256
0.01884738063579422
0.019852943971610464
0.018622753372064465
0.020326851989952023
0.01980013905427688
0.027838862425519792
0.02138562886131214
0.018550497163644007
0.01888419327519542
0.018107472601718275
0.018706426045466483
0.007824532082292132
0.013173533359926992
0.011915019650553402
0.010584747402741032
0.00919099605604676
0.007742424727156
0.006248018519872034
0.004717032902417163
0.003158936495766236
0.0015833526258746755
2.2146196795027957E-15
0.001581367127954724
0.0031510189353891045
0.004699309784058029
0.006216737382100905
0.007694000992685963
0.009122058333470734
0.010492180819403115
0.01179600681202335
0.013025592550934564
0.01982819390310396
0.018099379311162133
0.013747966839227696
0.01448508246732576
0.016066951092431808
0.015853080970243346
0.013851337906962325
0.02646217886762981
0.026957292490904068
0.027101575083958194
0.02631858959971553
0.027458836211292623
0.02770668525441106
0.027587098483255416
0.014561611480536762
0.01523617705456658
0.014949130522362776
0.013945517133498717
0.013218532061997176
0.015533241818934911
0.017544551962224025
0.012861044675941886
0.011633535736638147
0.010335712165394433
0.008975639047643171
0.007561755518896257
0.006102822496014541
0.004607868489195899
0.0030861338289801038
0.001547013652562877
5.5063877710180285E-15
0.001545376622718143
0.003079605855299904
0.004593255909154243
0.006077031449698435
0.00752183058031142
0.008918800579127339
0.010259392048028953
0.011535411143221628
0.012739069568691589
0.015298768570260246
0.01791682053799758
0.02532087572485228
0.026183285662930527
0.023863420361011772
0.023228858540712445
0.023334339940912933
0.004941460629125299
0.00509235267523026
0.006387137608493952
0.011804762612471442
0.006232352623252139
0.004521551752257837
0.00408619242234836
0.023122333712555634
0.02377098673439495
0.02575887940059705
0.0271624728837328
0.02646543586061395
0.01770559706312529
0.016856694962169502
0.012604699581222794
0.011402737382903651
0.01013162018526585
0.008799235330312384
0.007413839913161801
0.005984009696890769
0.004518586115973674
0.0030266216949512374
0.0015173242190151066
6.1335008671354526E-15
0.0015160034130015057
0.003021354726479528
0.004506796245606444
0.0059632007159401215
0.0073816273150888664
0.008753376451607396
0.010070043035628813
0.011323567895697518
0.01250628702760587
0.010394253610801183
0.012385832929051927
0.01684397592469241
0.017350917874893654
0.010257235143158403
0.010626242230105548
0.01984679810629308
0.03643278516943932
0.036761413712023586
0.04385867859349983
0.04385291209689597
0.04421281300224186
0.03687533678752237
0.03660438698952082
0.02014269586530972
0.010565368462694026
0.010592762169129482
0.01816982473963807
0.017756726755020023
0.013636276173577435
0.009312819725888417
0.012399509771529989
0.01121813874339825
0.009968509378500861
0.008658364370334001
0.0072958131323834635
0.005889281682092172
0.004447460615537635
0.002979251493707313
0.0014937119704695834
1.0328658100798403E-14
0.0014926825330984369
0.0029751464147018073
0.004438271585379724
0.005873063161207533
0.007270706647693153
0.008622622008380331
0.009920516256845065
0.011156434250423189
0.012322807374815775
0.01740889389704063
0.013513772394392344
0.02340346701627576
0.023920925889749343
0.03652764369970572
0.029584680298515364
0.023414117486179713
0.0013826394133012619
0.00163597360705531
0.011745838677495818
0.01525435953757473
0.011805205365650986
0.0019178733107153788
0.0018025580391244818
0.023482493538349927
0.030351832127751176
0.03759723752390643
0.021591927656695334
0.02074299349397784
0.01138476899723348
0.01647881502844922
0.012241651830631072
0.011076303439821236
0.009843346313627535
0.008550408863448888
0.007205484406090869
0.005816881820237384
0.004393174290423066
0.0029431464544580643
0.0014757402795371206
8.828706190524179E-15
0.0014749835446454464
0.0029401288293628316
0.00438641947750168
0.0058049596661241265
0.007187028762768321
0.008524134858662812
0.009808066870154453
0.011030944889169397
0.01218526847443477
0.011666012909353367
0.019434626051249217
0.018425433876582253
0.019162882976130613
0.012809637944003664
0.015397774389672794
0.019939803115129277
0.03269970673857625
0.0328787114686583
0.047659824666893766
0.04711092325972452
0.047434111828498035
0.032447011041078055
0.032053212474746066
0.019736105129782616
0.01628822907402209
0.012442468368505228
0.019246060422345997
0.018468325385731926
0.021106220959309977
0.012796753466766668
0.012128285123694765
0.01097468111293411
0.00975388212499507
0.008473430582406525
0.00714123319107702
0.005765512186416738
0.004354754658463875
0.00291766026752901
0.001463087672367251
6.793856653527401E-15
0.0014625903074089823
0.0029156769298925777
0.004350315050564404
0.005757676340101471
0.007129103207224349
0.008456161982301272
0.009730694707848531
0.010944869218245378
0.012091227201863949
0.013023778187683969
0.012849885534183847
0.011328504587690873
0.012135480179918504
0.03428478752655086
0.03118811795552994
0.02247170816785524
0.011156117206311498
0.011537317575158069
0.005952123596630856
0.003958505041399651
0.005931750917339449
0.01214801571182504
0.01207000674940241
0.022181370987714243
0.030570522657508883
0.03205493954460592
0.012692495928306192
0.011998852770879219
0.016063603487647463
0.012475578896928522
0.01205742301399665
0.010911491925410797
0.00969855077960457
0.00842608279069719
0.007101936019152861
0.005734275035344399
0.004331530647310531
0.0029023480018516633
0.0014555333780338381
5.198691689019044E-15
0.00145528679778035
0.002901364716142749
0.004329329608798498
0.005730390233521036
0.0070959223006282195
0.008417521487005282
0.009687055090157068
0.01089671200537135
0.012039050719150297
0.013776521599609652
0.024472556897604514
0.019002385827015914
0.019722774666133768
0.013402870230443495
0.022553818405354805
0.019211124469777525
0.023189344949352247
0.02332647965841663
0.027967790684056106
0.025981550466284125
0.027281175977948456
0.02282311622624038
0.0224367543128652
0.019397228541034216
0.02359037976419624
0.015676685428188133
0.01918094717847064
0.018416174432300078
0.023993007210657804
0.013359833389112619
0.01202784616458133
0.01088564895079607
0.009676400843691457
0.00840755161046464
0.007086917623866773
0.0057226337778153846
0.004323103446452812
0.002896946794169378
0.001452947753964897
