1.0
0.99897258545273
0.9958941397184481
0.9907760398146923
0.9836371918337694
0.9745039478168531
0.9634099899352783
0.950396182533184
0.9355103927392291
0.9188072805050723
0.8545179214496184
0.8160551799258245
0.7851808013814825
0.7620256340721268
0.7464288722886332
0.738638556739214
0.7297667106052917
0.7013006905522351
0.6537147477777171
0.6141382251384782
0.5650417420460883
0.5508797384870336
0.5273637333356389
0.5119646013302876
0.4783550680788116
0.4262212859103961
0.37475459721269744
0.3326259214649799
0.29885162041725943
0.2743437431795818
0.25849224012671873
0.2668332813211885
0.2339567767589838
0.2016731299197537
0.17008068053330966
0.13927376632762764
0.10934235931995526
0.08037172439209733
0.05244210162743675
0.02562841376529699
8.786871778614196E-17
0.024379622781927516
0.047452970371682585
0.06916877240348819
0.08948212364992587
0.10835460493099787
0.1257543732716554
0.14165622109465492
0.15604160438810805
0.16889863993921195
0.21784998026039218
0.2448406681992353
0.26185671473467936
0.2681339998254821
0.26598488849832796
0.25346912517886344
0.23765135499502976
0.2383970629982049
0.2532843362630871
0.2601257084523721
0.272183803089433
0.25242696716798474
0.23804680494469282
0.21637992572264478
0.20885223408347733
0.21820557650183908
0.22402771535336716
0.21998047304413604
0.209233026998789
0.1886797252761412
0.15963398678050342
0.11667245240793675
0.104133474646217
0.09130375337943793
0.07826434592780013
0.06509537670314806
0.0518756627955613
0.038682351000812645
0.025590567982649557
0.012673085182488112
3.0043409117071123E-16
0.012361565328205669
0.02434774582752966
0.03589819564672809
0.04695632858088997
0.05746953627456721
0.06738938324713203
0.07667177800935371
0.08527711967004951
0.09317041956355294
0.09533564302013871
0.09712603802696312
0.09767386799277433
0.10227242586208594
0.10183590827879466
0.10594602212852579
0.12095609781131612
0.12278669620688724
0.1211581664946217
0.11754020849600119
0.11895072378519471
0.1164842158821026
0.1187275136744271
0.11767623961684069
0.11435635389473187
0.0993310924549994
0.09798502271370374
0.10060727074010788
0.09664541658086022
0.09588241308626799
0.09105587725504734
0.07482035430154911
0.06711710121238228
0.05913896231121372
0.050938221326004285
0.0425675653806284
0.034079781627453086
0.02552745768586307
0.016962687462071867
0.00843678388003359
1.3130645468848386E-15
0.008298740059597302
0.016412099049191338
0.024294572090917774
0.0319027185649613
0.0391953792737549
0.046133877870154646
0.052682205632238556
0.05880718876800664
0.06447863753738849
0.0745145756105466
0.09375819706498904
0.10557772391980601
0.10780575991346823
0.10946494636401152
0.10294869880512197
0.08800202566615642
0.08894684100528258
0.09555403692737974
0.10327123190899376
0.1100636912712958
0.10103961793954794
0.09116084629286973
0.08328317251229872
0.08056380711176818
0.09355721386401925
0.09711246344641355
0.09261992376047967
0.08885948984782632
0.07585987281472309
0.05589296316248819
0.05520449656085693
0.0496396405249361
0.04384237336355473
0.03785067190997312
0.03170319158088231
0.025439031390897867
0.019097499119954564
0.012717877975441747
0.006339196069146893
3.7074143047285375E-16
0.006261866202463579
0.012409475561787509
0.018407024902627307
0.024220032755732736
0.02981552737365867
0.03516222387760809
0.04023068962729646
0.04499349698177955
0.04942536269936664
0.08888366028464983
0.09878236728814625
0.09938002485128018
0.102079174626027
0.09536888255993209
0.0827815088686172
0.08859260636098579
0.08990387616370121
0.10327331569525161
0.10477478078969234
0.1157260122232472
0.10462269427818677
0.10283379027165314
0.08864337479563385
0.08697018418558418
0.08147948069274037
0.09484684703343087
0.10115892597002815
0.0984350319288273
0.09799241903621105
0.08717326354631631
0.043855240091816954
0.03948997423526571
0.03492661100534914
0.03019487674906546
0.025325216019945064
0.02034860287924278
0.015296350844886243
0.01019992261615888
0.00509074069376564
1.4237480032838505E-16
0.0050415164172291655
0.010003617540091518
0.014856879372911441
0.01957281378612165
0.024124030271785318
0.028484389719772445
0.03262914937774929
0.03653509821676837
0.04018068198683052
0.011401143711428445
0.027383152571216547
0.03547010981707577
0.0355620060210531
0.04208421112268185
0.04537367577228337
0.03475636585925703
0.035622291539745284
0.026948490840459575
0.03310240461016659
0.033145964992673756
0.03173423528236598
0.024447056592647433
0.0335016563621857
0.03195914792608389
0.04051801972138691
0.03427455726867428
0.025762065919293316
0.0246524073537822
0.01679886917682685
9.348033853769249E-4
0.036479093000141516
0.0328786313783325
0.02910609616760683
0.0251859158794891
0.02114321444761113
0.017003654284082997
0.012793277347069176
0.00853834518107175
0.004265178890456091
1.6579646020545064E-15
0.00423122685595276
0.008402948491871587
0.012490174076165728
0.016468621510455708
0.02031485844354795
0.024006437118552274
0.027522022293951846
0.03084151152597255
0.03394614715006563
0.07578486609205058
0.08744310203049964
0.08605598742788904
0.0879981518311309
0.08518282120111068
0.06935021236959198
0.07094834980874294
0.07176748614459999
0.08918882848359724
0.09233834917582485
0.100060898632857
0.09184884448858639
0.08815083087455478
0.0701641032483059
0.06884480517293742
0.06709069311767837
0.08234180265622217
0.0835736663064481
0.08111390454479588
0.08239404953388431
0.07007997540891767
0.031317650500894245
0.02824540780962791
0.02502101131459191
0.021665227760588632
0.018199480544475902
0.014645715469343352
0.011026264246839708
0.0073637065820825985
0.0036807316787411657
2.2621438699056076E-16
0.0036559938856953857
0.007265056556971099
0.010805428289309327
0.014255912122850958
0.017595998694535857
0.02080598611094371
0.023867094172387755
0.026761572296944026
0.029472800534866683
0.02882920590543891
0.01923690349965465
0.010343664247037233
0.011121975992307744
0.005303392477048634
0.022765614795030784
0.029968006230634156
0.030958528409516343
0.02343950296752965
0.014792023781487976
0.015116646677206382
0.015569127275868401
0.024971301125574188
0.03191999797970703
0.031281074761509646
0.022672077656760964
0.008737584353582252
0.016989563172724337
0.016765834517036223
0.025443272694270044
0.035666105038411465
0.027517322639369277
0.024830357014186042
0.02200678902194996
0.019064718399568355
0.016022861053655787
0.012900431665654646
0.009717023953107997
0.006492489323495363
0.003246814662535084
1.0086383985798814E-15
0.003228063207312788
0.006417712443587664
0.009549632433255902
0.012604970668222363
0.01556544948029117
0.01841347400050651
0.021132235375584684
0.023705808643463947
0.02611924470555069
0.04897899552054695
0.060344346403031615
0.05653351726591712
0.05771240571957052
0.061626322734677316
0.049022273354447324
0.047401218743994014
0.04785484819843179
0.06348480584471175
0.06752010012752861
0.0687375489433343
0.06679737793657513
0.0619909104625315
0.04593088952420304
0.04486207492670451
0.04636318671056665
0.05742078602033884
0.051597439559569684
0.04967683639068479
0.05308966504282261
0.04113439805200598
0.02461377993509359
0.022219107023997597
0.01970021036208728
0.017073170655952315
0.014354647114385905
0.011561772961433105
0.008712048594936508
0.005823233049988931
0.0029132344336064526
0.0
0.002898593465301095
0.005764848289298922
0.00858135292930584
0.011331086723561447
0.01399752175036049
0.016564721191943285
0.01901743362329405
0.021341182673568642
0.023522351538321648
0.04846083575080866
0.03985166963750902
0.03412698652984401
0.03549903786608935
0.028214275428321313
0.027740711214946957
0.04138511187269266
0.04215765650216928
0.0470068794136702
0.03889849324869909
0.03837191553936164
0.03927522662147966
0.04773019876494985
0.04261121485268358
0.04199417863002142
0.02834763271237688
0.03046024352899818
0.03753654467208337
0.036386409691998536
0.04182437306939625
0.0502215401598308
0.022332853656680564
0.02016655638883376
0.017886055366204932
0.015505857279758502
0.013041013712294377
0.010507026791993418
0.007919752519503713
0.005295302366407561
0.0026499437508176607
1.4436378260448762E-15
0.0026382495895470987
0.005248668987353144
0.007815363359241673
0.010322775102727588
0.012755777411732389
0.015099764812137647
0.017340740130548912
0.019465397382423748
0.02146120009284812
0.017619667956959417
0.02776258755172477
0.022860216346995543
0.023608264504524096
0.03325881316764748
0.031134846708461165
0.023531360077774663
0.023887983598080833
0.032493195047296405
0.03781635698945939
0.03521900863522448
0.03709813225200101
0.030958387077908652
0.02245724230611048
0.021625630493124205
0.02983775011039936
0.029315960464326496
0.018706869555459794
0.017242292340261298
0.020870595321577347
0.010665482093633029
0.020502305557442386
0.018518518518520155
0.016428752422941888
0.014246258644901026
0.01198480398314763
0.009658584444421766
0.00728213674588438
0.00487024808448305
0.002437864729540122
1.050494058340264E-15
0.002428357810787188
0.004832337001506894
0.007197272964718766
0.009508797076713186
0.01175292343994184
0.013916132957618305
0.015985454238323343
0.01794854084947701
0.01979374446276003
0.04870931936230429
0.041589079737976
0.037886130095383753
0.03913967898578014
0.03638929491916803
0.028152998357893137
0.04188944569996766
0.042459459486823725
0.053464696482069314
0.04574018054462396
0.039355296978501826
0.04571454914726981
0.05338085679824471
0.0420197731860433
0.041310822721989555
0.02748285674305027
0.0363451840568342
0.037979500040555385
0.03659705159137739
0.03974094488263047
0.046216354670728564
0.019008557644272644
0.017173209640043766
0.01523871030511232
0.013217291849713406
0.011121676278225853
0.008964995797929006
0.006760710998605715
0.00452252730987026
0.0022643102517694393
1.511554906173731E-15
0.0022564742107763986
0.004491279322588573
0.006690762809976573
0.008841535644205215
0.01093055336436402
0.012945194766963335
0.014873337741864657
0.01670343180137234
0.018424566870801778
0.012078650771409277
0.006401347394738857
0.014940441840819536
0.01621822455114276
0.015041683423037197
0.028556985349344744
0.015488047387419313
0.016138992813901288
0.005649363536692521
0.014842791116142178
0.022302368643505512
0.014536651806131394
0.004919040038514096
0.01655141449110243
0.0160511380157409
0.029140100912332698
0.014961588070730036
0.019202142830819217
0.018417344692346398
0.00900392498181342
0.016915398115334365
0.017773746605177995
0.016060791128661732
0.014254402945585413
0.012365975136844043
0.010407368373056409
0.008390836793720033
0.006328951709568145
0.004234523600871665
0.0021205228934386483
2.236572440075215E-15
0.0021139948823751613
0.004208491728062411
0.006270679904199526
0.008287986175756693
0.010248151021479942
0.012139302799507425
0.01395002931599826
0.01566944636728061
0.017287262845730438
0.03430627763779341
0.029139066137212517
0.026562481985305468
0.027372327684929927
0.03133789108902149
0.019526744256419138
0.03271480438115191
0.03311858930815091
0.04627535596353228
0.039335763502815264
0.026189140043945465
0.03906937080919746
0.04567481891120798
0.0322306017670624
0.03153958029079081
0.01811645788681679
0.029807990096888226
0.024357528549362108
0.023196307442531226
0.025352708514507986
0.02929368185781118
0.016742774869488018
0.015131808464323986
0.01343223112504861
0.011654737426118503
0.00981047034624554
0.007910951711348117
0.00596801051053594
0.00399370952924354
0.002000270752828302
3.555880854955262E-15
0.0019947887508718993
0.003971848879049045
0.005919076020936653
0.007824581895461157
0.00967676660671615
0.011464388985834592
0.013176634547166584
0.014803180649466766
0.01633425847110865
0.027268009672694885
0.019402508382240283
0.029561942135603526
0.03067800125802273
0.022531438153030107
0.03313972676348612
0.02253955996337771
0.023110663628386985
0.016656105468724567
0.01670339320594515
0.03000837994390495
0.016916740688897237
0.017345148582864005
0.023477690472873566
0.02303145503452149
0.03340446400805168
0.0239871477194895
0.031984283990966804
0.031043441028286684
0.021114212143760847
0.02902440477108143
0.015875622498045205
0.014350319253920388
0.012740489276205746
0.01105624082002805
0.00930811401279104
0.007507015135161658
0.005664148820689661
0.0037909485941339032
0.0018990061775861912
8.499522876445583E-16
0.001894376650475963
0.0037724873907035183
0.0056228239844461755
0.007434076627064283
0.00919520284530522
0.010895494593685877
0.012524643141231341
0.01407280135656453
0.01553064301646585
0.013166561537513157
0.014237369133585658
0.009137364534122613
0.00976322283194455
0.019521335453467476
0.010411135918934474
0.022069672728189643
0.022467528850399217
0.032470448216256435
0.027811375674818034
0.019257740903149557
0.02754816027477551
0.031756627017214205
0.021935100492129957
0.02136244351410481
0.010192857620786113
0.017683278733696732
0.00755432057059414
0.006512533832289741
0.013168356198344795
0.008055023204220583
0.015142585844549984
0.01368963323242555
0.012155621865000263
0.010550164881394064
0.008883293100557648
0.007165392548761172
0.005407139946448697
0.0036194365539018902
0.0018133407843659425
2.837833309565273E-15
0.0018094180900294454
0.0036037940082501566
0.005372124644470023
0.007103590532066282
0.008787621854599107
0.01041396278140076
0.011972733741573056
0.013454491259362333
0.014850284989615489
0.029178756700729353
0.021699359751720056
0.03125028290223771
0.032177855489875666
0.028925621156681725
0.0317954875538625
0.02379597442817239
0.024244557878231987
0.02569364262956274
0.022183256438338617
0.028919333181023108
0.022219206019868456
0.025900014484874997
0.024026418832033672
0.02350830971825806
0.031085032492491713
0.02916647672006798
0.031061638655964667
0.029998365493488402
0.02043866658713855
0.02767815532360573
0.01452122212282012
0.013129576318163761
0.011659817132513123
0.010121138014665014
0.008523137976574861
0.006875761877447795
0.005189238702481776
0.0034740182182256807
0.0017407063958148035
6.9735526375531635E-15
0.0017373792535305946
0.0034607505683631173
0.005159539561488858
0.006823342980653925
0.008441992249952185
0.010005615456477705
0.011504697400997818
0.01293013734857151
0.014273304129176123
0.007951995072199465
0.01865939216891818
0.011189899933350664
0.012116879611040536
0.010272055045959242
0.014895621495935854
0.019685618300076764
0.020172900270143082
0.020406124188637815
0.021445010592424596
0.031556503879844544
0.021409455260868782
0.01998275261079586
0.020316683884795808
0.01988032745019344
0.015824594532528106
0.009873873131318807
0.014113639156558477
0.013467562772932566
0.021033258852131954
0.01156168242656563
0.013994328584079393
0.012654679837938774
0.011239413419896909
0.00975736646651148
0.008217771418265239
0.006630198648211469
0.005004497114995956
0.003350733407389584
0.0016791295566388345
4.154843496000306E-15
0.0016763119168721622
0.0033394975084896387
0.0049793459994200255
0.006585807068179026
0.008149052303009847
0.009659535194490095
0.011108049299682433
0.012485784224258984
0.013784379082914194
0.019714416308954617
0.012367775022708478
0.021474992272590285
0.022177494492397642
0.027702480427041345
0.023954806231292952
0.019353109440298808
0.019744680412185855
0.026788341116046246
0.020437358479055284
0.016062586096261218
0.02033576768918763
0.02673039739959289
0.019408162013421954
0.018907522095375044
0.02281805252035679
0.02710435421090153
0.01996695416011577
0.01896394306899288
0.009330706628664974
0.01633970713526846
0.013548571158452635
0.012252950983886209
0.010883816402483464
0.009449702303215908
0.007959530298464638
0.00642255334559323
0.004848298416950353
0.0032465075731335953
0.0016270778027910983
2.300571331726617E-15
0.001624702545492846
0.0032370357671763017
0.004827096171891915
0.006385131545153659
0.007901600640547726
0.0093672314884506
0.010773077968525212
0.012110574301541287
0.01337158712926597
0.019103748856500992
0.02658693174803984
0.019098718145588993
0.020001158573324403
0.011557462975311546
0.020137862473528244
0.021392207193715315
0.021826658361423754
0.015441329872886867
0.02246219968406556
0.03993933513102523
0.022503765973845416
0.015327994843584342
0.02180175331439791
0.021362048963589408
0.020329027863753627
0.01201809388493822
0.020302148107301823
0.019433279657841
0.027089103211711728
0.020259564591312465
0.013173533359926342
0.011915019650559655
0.010584747402742768
0.009190996056042462
0.007742424727154147
0.006248018519874912
0.0047170329024168196
0.0031589364957630957
0.0015833526258721082
2.149952745163078E-15
0.0015813671279536012
0.0031510189353861438
0.004699309784054487
0.006216737382107077
0.007694000992690034
0.009122058333470054
0.010492180819402024
0.011796006812017663
0.013025592550939973
0.007833403119698849
0.005300836773134276
0.013314176092776757
0.01420944289345917
0.02357225773505931
0.017256935564828227
0.018155876129116354
0.018610455244664984
0.025603387189556518
0.016803383715964387
0.002315514638031439
0.016758852689902577
0.02558288333729742
0.018865585944449367
0.018499456205828064
0.01708096388417536
0.023108759131842564
0.014911348418320078
0.014132717960632337
0.008209779953511478
0.007745731276024213
0.012861044675946984
0.011633535736641469
0.010335712165388372
0.008975639047644741
0.007561755518893361
0.006102822496015543
0.004607868489189152
0.003086133828989123
0.0015470136525590275
4.178388265274197E-15
0.0015453766227192984
0.003079605855298015
0.0045932559091516525
0.006077031449698517
0.0075218305803129715
0.008918800579129504
0.010259392048029458
0.011535411143222015
0.012739069568682714
0.01954206684935939
0.024558506587812286
0.016321985850484198
0.017038536103160886
0.013197694063183637
0.018553344343894357
0.01825408592332665
0.01857482859128143
0.013208477015057875
0.022496929774374137
0.03659393189381496
0.0224477258902668
0.013070755000655632
0.01809060990423623
0.01761215770916653
0.017923238084688323
0.013143813143491289
0.015433027654453788
0.014522333311296334
0.022661881622642543
0.018024595820733465
0.012604699581220317
0.011402737382906973
0.010131620185261344
0.00879923533031472
0.007413839913163266
0.005984009696895899
0.004518586115976636
0.0030266216949504958
0.0015173242190149297
1.110885633189675E-15
0.0015160034130033409
0.003021354726474825
0.00450679624560627
0.005963200715941861
0.007381627315085465
0.008753376451610761
0.010070043035627457
0.011323567895698577
0.01250628702760874
0.014665139412166071
0.01820563310041299
0.022273758204818785
0.023221425334453594
0.022131907188340853
0.019801376421957884
0.023259158926257278
0.023725127245315197
0.026109087423495405
0.01758962391885167
0.018025293887568697
0.017655139524169628
0.02615662618411989
0.0241105138731363
0.023772509791717838
0.020435207684826377
0.02218677884427873
0.02505067385798458
0.02435788752938039
0.020433883875718966
0.017080261904497185
0.01239950977152752
0.01121813874340079
0.009968509378500896
0.008658364370335037
0.007295813132386797
0.0058892816820943815
0.004447460615533893
0.002979251493709952
0.0014937119704665166
1.5718418095631403E-15
0.0014926825330974218
0.002975146414705433
0.004438271585377835
0.005873063161209903
0.007270706647694311
0.00862262200837694
0.00992051625684096
0.011156434250421647
0.012322807374816124
0.010710563706055784
0.013122805273154422
0.0044909540458104745
0.0050402795614165104
0.01252779920878285
0.012850217631470115
0.010980252576570091
0.011300698325871654
0.011109544400824853
0.019332352893389356
0.024020291809099578
0.019244176833188964
0.01112305721702922
0.010891940380658448
0.010432329967454374
0.01234238285934822
0.012573200483232185
0.0030884521091963228
0.00217725547803035
0.009834003136358328
0.007853421543430751
0.012241651830630024
0.011076303439815707
0.009843346313618601
0.00855040886344441
0.007205484406089541
0.00581688182023618
0.004393174290417585
0.0029431464544580057
0.00147574027953759
1.5779668629920412E-15
0.0014749835446422738
0.002940128829361842
0.004386419477506591
0.005804959666124648
0.007187028762767964
0.008524134858665777
0.009808066870158935
0.011030944889170531
0.012185268474424605
0.02150713432432533
0.024512053281122843
0.0296409267112473
0.030483254160386622
0.02245921433772871
0.023470242228879844
0.02610864337668143
0.026502558438161964
0.02607793648030444
0.019750326764981403
0.024668817325516148
0.019772159272010245
0.025990028874730137
0.02645210138048554
0.02604316826350728
0.023562786750195186
0.022360630225767765
0.030766250405355626
0.02998326060242196
0.024535134246605476
0.0218260730000248
0.012128285123689977
0.010974681112935604
0.009753882124995472
0.00847343058240752
0.007141233191077752
0.005765512186421266
0.004354754658460481
0.002917660267523578
0.001463087672364754
1.4405620822602637E-14
0.0014625903074090441
0.002915676929891639
0.0043503150505625225
0.00575767634010329
0.007129103207226505
0.00845616198229912
0.009730694707841308
0.010944869218244948
0.01209122720186668
0.00638708245233129
0.005470877261184559
0.01225531500716193
0.012671307409433338
0.014861290592509306
0.013748188398145187
0.012561181388110383
0.013015691145497148
0.014997686493437115
0.01735974722467843
0.014314602646967782
0.01736553296916006
0.01534018673249197
0.013662998851290908
0.013429183286441833
0.01455326360712232
0.015560706903631809
0.01540075561425315
0.01530982474385384
0.008397676035954184
0.009126247127699131
0.012057423013992204
0.010911491925413672
0.009698550779605917
0.008426082790696347
0.007101936019156502
0.005734275035350605
0.004331530647312991
0.0029023480018471213
0.001455533378035217
4.652680895812303E-15
0.0014552867977836456
0.002901364716147833
0.004329329608808611
0.005730390233525579
0.0070959223006313845
0.008417521487005867
0.009687055090149428
0.010896712005366673
0.012039050719151052
0.019172991028675555
0.020596398581106495
0.02708460774343673
0.0276106498131814
0.02032236705039078
0.021323821205008153
0.022267088750530427
0.02254053232286365
0.02224407564071741
0.019017217619913075
0.020625125180915027
0.018966518202795723
0.021944654465352403
0.021981730324174175
0.021526754188530953
0.020628742384762623
0.01970918467398968
0.02604116597882277
0.025352191112618692
0.018394456681098414
0.017195956428861937
0.012027846164575097
0.010885648950796365
0.009676400843691063
0.008407551610463493
0.00708691762386581
0.005722633777810659
0.004323103446458373
0.0028969467941728512
0.0014529477539677645
