1.0
0.998972585452729
0.9958941397184471
0.9907760398146916
0.983637191833769
0.9745039478168537
0.9634099899352775
0.9503961825331833
0.9355103927392286
0.9188072805050711
0.9003480590739819
0.8802002270235793
0.8400252356374824
0.8076249581694426
0.7829170038539242
0.7570681391296773
0.7297667106052911
0.6740217083778783
0.6442304456659445
0.6137742005930116
0.5824712211409322
0.5504323095559103
0.5177702777931593
0.48514071829076844
0.47835506807881134
0.44446379428874094
0.40974166083824715
0.375578513689274
0.3500597974183652
0.33395382007963714
0.30020068627509594
0.2668332813211879
0.2339567767589835
0.20167312991975334
0.17008068053331016
0.1392737663276274
0.10934235931995509
0.08037172439209753
0.05244210162743669
0.025628413765296947
0.0
0.02437962278192808
0.04745297037168269
0.06916877240348825
0.08948212364992651
0.10835460493099772
0.12575437327165548
0.14165622109465553
0.15604160438810805
0.1688986399392113
0.18022207187652953
0.1900132079121802
0.21502899776490733
0.22911652677856817
0.23423498368412435
0.23551238751360662
0.2376513549950303
0.26286043270356035
0.26456985019622126
0.26263099323402705
0.2594482481965258
0.25508005124816385
0.24958923749013984
0.24025129295140552
0.20885223408347692
0.20040503369919588
0.19437759673246616
0.18439119550087218
0.16732361780205995
0.14055159595840278
0.1288390805231744
0.11667245240793682
0.10413347464621722
0.09130375337943819
0.07826434592780027
0.06509537670314855
0.0518756627955621
0.038682351000812736
0.0255905679826501
0.012673085182488705
9.223119588857113E-17
0.012361565328205008
0.024347745827528244
0.03589819564672871
0.04695632858088978
0.057469536274566795
0.06738938324713162
0.07667177800935343
0.08527711967004872
0.0931704195635525
0.10032139756208588
0.10670455287113915
0.10042174765298124
0.10361573476243213
0.10776199318534917
0.1183259775181503
0.12095609781131648
0.11575108405321076
0.10933004806096955
0.10978764177169628
0.10953417700764026
0.10859193692480046
0.10698954133961427
0.11277699262610522
0.11435635389473116
0.11041843654449968
0.09767376636888896
0.09254121110216583
0.08629763619022839
0.0891969190277792
0.08219714680739938
0.0748203543015486
0.06711710121238167
0.059138962311212746
0.05093822132600403
0.04256756538062856
0.03407978162745335
0.025527457685862193
0.01696268746207141
0.008436783880032269
9.315795347307094E-16
0.008298740059596495
0.016412099049192223
0.024294572090918534
0.03190271856496289
0.03919537927375654
0.04613387787015488
0.052682205632239215
0.058807188768006724
0.06447863753739007
0.0696694765861083
0.07435585599533827
0.08750134084207847
0.09152410099219718
0.0942204222682613
0.08650909606200435
0.08800202566615616
0.10354130190148594
0.11303943617019815
0.11276197879888962
0.11198093712747142
0.1107084608617771
0.10896132068464875
0.09696385477244943
0.08056380711176757
0.0773926957793005
0.08459921906363788
0.08066995446374875
0.07711298833928458
0.06548986096701359
0.06049987700365213
0.05520449656085777
0.049639640524938015
0.04384237336355537
0.03785067190997343
0.03170319158088268
0.025439031390899525
0.01909749911995634
0.012717877975441716
0.00633919606914773
3.099031303233872E-16
0.0062618662024635325
0.012409475561784884
0.0184070249026253
0.0242200327557296
0.029815527373656007
0.0351622238776103
0.04023068962729798
0.04499349698178054
0.04942536269936615
0.05350327330829096
0.05720659586665568
0.06190930944714263
0.0726873497156805
0.07523134884973921
0.08684720911916048
0.08859260636098594
0.10329779473005739
0.09699042855720443
0.09755743211118212
0.09773920125054429
0.09753860116805872
0.0969621858637751
0.10287911812841291
0.08697018418558154
0.08491156514486227
0.07367924478366691
0.07106167721832857
0.05944705767727514
0.051877279022178896
0.047993586651200695
0.04385524009181607
0.0394899742352652
0.034926611005349516
0.030194876749064996
0.02532521601994354
0.02034860287924167
0.015296350844882161
0.010199922616160765
0.00509074069376661
4.700459325719576E-16
0.005041516417229628
0.010003617540092494
0.014856879372912454
0.019572813786123473
0.024124030271787333
0.028484389719774135
0.0326291493777521
0.03653509821676835
0.04018068198682825
0.0435461173132012
0.046613494253766485
0.047625952120822206
0.0430807661239531
0.044694912160819264
0.03354982714365928
0.03475636585925638
0.03357522360873481
0.04849943128970592
0.04818234549262992
0.04764345398012852
0.04688723101085531
0.04592468264207939
0.029509913091618337
0.03195914792608348
0.03009993816003456
0.03941888760936873
0.03705774499989407
0.04205631005845071
0.04307047863746851
0.03988390194163801
0.036479093000142675
0.03287863137833079
0.029106096167607426
0.02518591587949021
0.021143214447611386
0.01700365428408379
0.012793277347070503
0.008538345181073227
0.004265178890457181
1.6701965416591556E-15
0.004231226855953425
0.008402948491872508
0.012490174076165353
0.016468621510455226
0.020314858443545906
0.02400643711855219
0.027522022293951655
0.030841511525970883
0.033946147150060335
0.03681861935330077
0.03944315978678784
0.053816874944320824
0.06448509290328835
0.06630754235540787
0.06982050040042286
0.070948349808742
0.09157769458907568
0.09237045742543884
0.0926947537661818
0.09271520103415302
0.09243309681176462
0.0918517554244491
0.09013417183917248
0.06884480517293558
0.06724591275136213
0.06484867121431082
0.0628660169656652
0.05278381920631796
0.03692667386834022
0.03421776046338064
0.0313176505008956
0.028245407809627546
0.02502101131459182
0.02166522776058938
0.018199480544476062
0.014645715469342221
0.011026264246840252
0.007363706582084253
0.0036807316787429867
5.237945607579828E-16
0.0036559938856958285
0.007265056556972816
0.010805428289310729
0.014255912122850337
0.017595998694536208
0.020805986110944977
0.023867094172388366
0.026761572296945972
0.029472800534867345
0.03198538310893962
0.03428523396467339
0.02427938813370647
0.017350901808243807
0.01888242796537777
0.028749162187895555
0.0299680062306343
0.013479141769273478
0.004747682521803652
0.004430270562577509
0.004042799078193271
0.0035536298821187843
0.002972864327407871
0.015850381473633338
0.03128107476151357
0.03044008934196378
0.017429244452818488
0.015699817812535103
0.020909245664668206
0.03241281085604746
0.030050316655059386
0.027517322639369464
0.024830357014185893
0.022006789021949386
0.019064718399569202
0.01602286105365808
0.012900431665656149
0.009717023953108058
0.006492489323495092
0.0032468146625356077
7.805880028762148E-16
0.003228063207315998
0.006417712443588612
0.009549632433257052
0.012604970668224462
0.015565449480292131
0.01841347400050811
0.02113223537558376
0.023705808643466154
0.02611924470554992
0.028358655871715703
0.030411294495710697
0.04834272962517595
0.053274254524627924
0.054620257984250534
0.04673024765374956
0.04740121874399429
0.06733806463026494
0.07692703644084153
0.07703133035316058
0.07689516627365997
0.07652029793562815
0.07591000819219916
0.06519585995201006
0.04486207492670203
0.04359860245962396
0.05248919736684738
0.0508533111196336
0.047040841813927564
0.028969629458262963
0.02686882837511527
0.024613779935094074
0.022219107024002604
0.019700210362087783
0.017073170655952194
0.01435464711438694
0.011561772961429974
0.008712048594938038
0.005823233049990092
0.0029132344336091345
1.7307728610491765E-16
0.002898593465300755
0.00576484828929737
0.008581352929307395
0.011331086723562644
0.013997521750361605
0.01656472119193867
0.019017433623294534
0.02134118267356938
0.02352235153832295
0.025548261854452782
0.02740724648622278
0.013405285065990083
0.019698142120256567
0.020979180603139403
0.04042312858997056
0.04138511187269309
0.03793313890277066
0.024347415617201315
0.024732822404918767
0.02504369471163016
0.025274382524024402
0.025424699035350495
0.03905069143703436
0.041994178630023866
0.04119062474649869
0.02244926967283372
0.02146884076906196
0.013375894047177915
0.026268079742021423
0.0243710768043614
0.02233285365668123
0.020166556388835303
0.01788605536620583
0.01550585727975637
0.013041013712296056
0.010507026791996707
0.007919752519504596
0.005295302366408312
0.0026499437508169655
1.4767158050962791E-15
0.0026382495895499953
0.0052486689873559415
0.007815363359244615
0.010322775102729794
0.012755777411735373
0.015099764812140058
0.017340740130545085
0.019465397382426166
0.021461200092845828
0.023316454592687226
0.02502037786560847
0.040861194758194296
0.03831136791025699
0.039283722650058875
0.023017483151017457
0.02353136007777486
0.037946054266391846
0.053824514688162864
0.053765224002672425
0.05353499083101109
0.05313551167459344
0.05257013539836285
0.03580864265331737
0.02162563049312409
0.02063803783551233
0.03687150919026363
0.03554888428709528
0.0390837079764476
0.024102011149965838
0.022367460989533253
0.02050230555744212
0.018518518518521467
0.016428752422943862
0.014246258644906038
0.011984803983149819
0.009658584444422313
0.007282136745883398
0.004870248084481588
0.002437864729542655
3.1449853205114977E-15
0.002428357810788224
0.0048323370015061285
0.007197272964718963
0.009508797076711525
0.011752923439937949
0.013916132957621011
0.01598545423832057
0.01794854084947577
0.01979374446276117
0.021510183461022986
0.02308780660561819
0.017795225014674614
0.028043798584856654
0.029124476738806127
0.04114046198120128
0.041889445699964924
0.045078774111903676
0.0392416122985323
0.03954175171717061
0.0397075937579215
0.039736717448623164
0.03962876362025877
0.045000532763393275
0.041310822721988126
0.040429231881678795
0.029820877743192233
0.028860314185313964
0.019263833360117177
0.022335777788463188
0.02073308876874666
0.01900855764427116
0.017173209640044432
0.015238710305111728
0.013217291849712973
0.011121676278225965
0.008964995797927262
0.006760710998606947
0.004522527309867198
0.0022643102517683365
2.6731019890233957E-15
0.0022564742107764797
0.004491279322587754
0.006690762809975402
0.008841535644203705
0.010930553364367658
0.01294519476696285
0.014873337741867476
0.016703431801370267
0.01842456687080414
0.020026537933310856
0.02149990514810448
0.031248102476253092
0.023347281678849943
0.02413664949041441
0.01467410243037587
0.015488047387421235
0.014600028951079203
0.02910544308670646
0.028991277252024345
0.02876236998169659
0.028418677691434094
0.02796248175356782
0.013662813835225966
0.01605113801574157
0.015399704760107326
0.022255564253960365
0.02116803989265022
0.02915827685354509
0.020876550878777864
0.019382415367131905
0.017773746605174702
0.016060791128661916
0.01425440294558655
0.012365975136842174
0.01040736837305411
0.008390836793722154
0.006328951709569039
0.0042345236008723445
0.0021205228934395963
1.0158099562748028E-15
0.002113994882376621
0.00420849172806184
0.006270679904202217
0.008287986175754897
0.01024815102148198
0.012139302799508611
0.013950029315997526
0.01566944636728277
0.01728726284573419
0.018793842021814583
0.020180258639180108
0.024401692574048103
0.029776285326844988
0.0307400673833992
0.032157175426950235
0.032714804381152464
0.03895314200730629
0.041196345613616486
0.04137951665015447
0.04140866624999905
0.04128312714842916
0.04100339195151832
0.03815972510463708
0.03153958029079138
0.030702250913461116
0.030408484630934724
0.02939928220625742
0.025377044090730223
0.01965873761033101
0.0182549511681025
0.01674277486948814
0.01513180846432595
0.013432231125048237
0.011654737426119183
0.009810470346245435
0.007910951711350138
0.005968010510534535
0.003993709529246314
0.002000270752829525
5.295186009089614E-16
0.0019947887508685977
0.003971848879048496
0.005919076020936248
0.00782458189546351
0.00967676660671524
0.01146438898583575
0.013176634547165689
0.014803180649467005
0.0163342584711101
0.017760711428656744
0.019074049690997342
0.020662235729337904
0.014947854576906418
0.015854240019033603
0.021829115197198223
0.02253955996338116
0.01589740654703547
0.012563689747611977
0.012702663203191987
0.01271027640560301
0.012583598532052606
0.01232162887083341
0.016543516702052192
0.023031455034522457
0.022447717239996345
0.015612215923640439
0.014669123125675955
0.01858707627726893
0.01863475161966587
0.01730678585520783
0.015875622498044188
0.014350319253919592
0.012740489276205991
0.01105624082002824
0.009308114012790787
0.007507015135161585
0.005664148820686842
0.0037909485941316568
0.0018990061775884062
3.4172627697895314E-16
0.0018943766504755776
0.0037724873907047183
0.005622823984446359
0.007434076627062371
0.009195202845303436
0.010895494593689707
0.012524643141228392
0.014072801356565396
0.015530643016466823
0.01688941878175868
0.01814100850586743
0.0277771425757992
0.025646179642082607
0.026483437777983787
0.021538095486052216
0.02206967272819339
0.027506146187171638
0.03355797010163228
0.033643185361203046
0.03358226559124791
0.03337529012022473
0.033023239172469916
0.026720736804280477
0.021362443514102377
0.020658184502653106
0.025550801664571084
0.024573144601998734
0.027996748607358235
0.017769308106983975
0.01650534428602128
0.0151425858445504
0.013689633232427967
0.012155621864996368
0.010550164881388662
0.008883293100558616
0.007165392548762796
0.005407139946447821
0.0036194365538995982
0.001813340784367138
3.4452173146870333E-15
0.0018094180900337148
0.003603794008246265
0.005372124644471589
0.007103590532065685
0.008787621854600306
0.010413962781399931
0.011972733741573975
0.013454491259360542
0.014850284989615653
0.016151711609940705
0.017350965245905074
0.01124736555983112
0.016391952200560757
0.017302638745434324
0.023213204251481385
0.023795974428175996
0.021592711913032678
0.017013493051848325
0.017315919228649983
0.01747982428005106
0.01750514141861054
0.017392706162078157
0.02170256650529876
0.02350830971826474
0.022858639210933642
0.017760525476269776
0.016938160774178933
0.009880223134684648
0.01703576891732147
0.01582602400083625
0.014521222122822135
0.013129576318168391
0.011659817132510727
0.010121138014665765
0.008523137976574328
0.006875761877444369
0.0051892387024747464
0.003474018218224767
0.0017407063958142831
3.1959592547733012E-15
0.0017373792535270772
0.003460750568361469
0.00515953956148559
0.006823342980652816
0.008441992249956405
0.010005615456473922
0.011504697401002984
0.01293013734857374
0.014273304129176767
0.015526088255913884
0.016680950746744
0.027446074653741135
0.019612201596340213
0.020388912467706095
0.019070043107675884
0.019685618300076688
0.02095128815865973
0.02300018631697471
0.02309728902047644
0.023062127365710075
0.022894619277929934
0.022595514321710055
0.02084698849462062
0.019880327450192425
0.019318195225717278
0.01969845301144299
0.018816956590309852
0.026982181913353907
0.016413728601436445
0.015249972865778609
0.013994328584081556
0.012654679837933279
0.011239413419892345
0.009757366466510322
0.008217771418265754
0.0066301986482107935
0.005004497114998575
0.0033507334073867878
0.001679129556641051
1.3148062045786692E-15
0.0016763119168733303
0.003339497508493334
0.0049793459994198685
0.006585807068181401
0.00814905230301563
0.009659535194488924
0.011108049299683084
0.012485784224259845
0.013784379082911044
0.014995973114481231
0.016113253146076527
0.00825424521437331
0.018275717184258796
0.019084568702734367
0.018837516148479193
0.019353109440299575
0.020020133624990163
0.021421312423312897
0.021618847276327503
0.02168569309979036
0.021621874591847015
0.021428240900767906
0.019718039424726493
0.01890752209537624
0.018285490795008904
0.018996797269339078
0.01818345409281792
0.008821440096110703
0.015887378229223807
0.014762581844750535
0.013548571158455
0.012252950983888254
0.010883816402489354
0.009449702303213382
0.007959530298470843
0.006422553345595921
0.004848298416954706
0.0032465075731352455
0.0016270778027918382
1.29540026868039E-15
0.0016247025454900258
0.003237035767175568
0.00482709617189098
0.006385131545154707
0.007901600640547466
0.009367231488450584
0.010773077968525419
0.01211057430154265
0.013371587129264258
0.014548464866404773
0.01563408402590655
0.024089134500504077
0.017700630316938425
0.018499203139622826
0.020836286344206513
0.021392207193715988
0.021917192609634775
0.02117747691505079
0.021422940826650208
0.021547799389866684
0.021552105496156833
0.02143678739444154
0.022043751531433356
0.021362048963593804
0.020803504324676182
0.018778734421347584
0.018036819283236603
0.02316478556263025
0.015444371757691207
0.014352440193509668
0.013173533359922112
0.011915019650556512
0.010584747402742881
0.00919099605604472
0.007742424727155122
0.006248018519869895
0.004717032902417238
0.003158936495760661
0.0015833526258670861
3.1245719192494007E-15
0.0015813671279532172
0.0031510189353853944
0.004699309784058572
0.0062167373821053725
0.00769400099269144
0.009122058333467652
0.010492180819401216
0.011796006812012953
0.013025592550939656
0.01417346045796623
0.015232644520593306
0.01238970340763128
0.0158522724452632
0.016543108023218626
0.01758761458489566
0.018155876129110137
0.01636154315277228
0.017545124671767786
0.017613805117811906
0.017569774162085848
0.01741331805236606
0.01714587615933462
0.01622984094195608
0.01849945620582969
0.01802262300410576
0.015811602429449814
0.01500936844821001
0.013280535447983839
0.015075026171644962
0.01401059797402117
0.01286104467593966
0.011633535736638088
0.010335712165392277
0.008975639047642323
0.0075617555188944655
0.006102822496015973
0.004607868489189553
0.0030861338289880657
0.0015470136525604524
3.1180665026616333E-15
0.00154537662271731
0.003079605855298984
0.004593255909148951
0.00607703144970248
0.007521830580313415
0.00891880057912427
0.01025939204802983
0.011535411143218915
0.012739069568690892
0.013863032028239703
0.014900460847375714
0.019108287878998324
0.020967899764824903
0.02175680264596574
0.017822949003703098
0.018254085923334617
0.022065785698386707
0.028697576245039855
0.028969772752052057
0.029125133298956236
0.02916318833111693
0.029084269442151266
0.021920031125410525
0.017612157709167596
0.01702664016068412
0.022327785455489118
0.02163620742403742
0.01809753441357894
0.014771748995777458
0.013730038049231879
0.012604699581222352
0.011402737382906238
0.010131620185262393
0.008799235330316764
0.007413839913160231
0.005984009696896073
0.0045185861159686355
0.003026621694956689
0.0015173242190122558
5.462347696016269E-16
0.001516003413001276
0.0030213547264747007
0.004506796245606194
0.005963200715935538
0.007381627315088763
0.008753376451603755
0.010070043035632782
0.011323567895693248
0.012506287027603391
0.013610978374997128
0.014630905856402577
0.016008157061073756
0.010393286330017635
0.011051566522839522
0.022683258645084473
0.02325915892625656
0.01706081009763144
0.007101546256267949
0.007109033192895519
0.007017358925239636
0.006824324641264979
0.006529729929782653
0.017258614520278895
0.023772509791714577
0.02332404092504695
0.010337788495533119
0.009556987675029072
0.01643217246311522
0.014528624515097685
0.013505294387051902
0.01239950977153069
0.011218138743397275
0.009968509378502374
0.00865836437033226
0.007295813132388506
0.005889281682092305
0.004447460615538934
0.0029792514937089162
0.001493711970466187
2.5078759637575263E-15
0.001492682533097128
0.002975146414702146
0.004438271585379835
0.005873063161198036
0.007270706647695497
0.00862262200837877
0.00992051625684176
0.011156434250418318
0.012322807374816782
0.013412499822263417
0.014418852180571732
0.014744143326054164
0.023735189875212167
0.024474728032744555
0.01055490037740907
0.010980252576571635
0.018963075516929356
0.03402520557408602
0.03422558571819821
0.03430863687320592
0.03427420011287729
0.03412285332113434
0.018699377548096825
0.010432329967450645
0.009864858518103682
0.024574490343527513
0.023856133911809577
0.01419685694548253
0.014341113543073622
0.013332175107202377
0.012241651830624272
0.011076303439816183
0.009843346313627857
0.008550408863446416
0.0072054844060951175
0.005816881820238851
0.0043931742904213715
0.0029431464544581766
0.0014757402795338174
1.3315505231086847E-15
0.0014749835446379587
0.002940128829364808
0.004386419477499892
0.005804959666126048
0.007187028762768401
0.008524134858663407
0.009808066870151434
0.011030944889170573
0.01218526847442854
0.01326396258779383
0.014260420895061103
0.017033328417770752
0.009400589035116617
0.010112320077781404
0.025603592338534157
0.0261086433766859
0.019269922883849246
0.009435769186773394
0.00968171127693215
0.00987967889217164
0.010028384749451835
0.010129994707933037
0.019335479877580632
0.02604316826351278
0.025524683556997527
0.010838268739475848
0.010274893231369306
0.01692666654004499
0.01420583662689238
0.013207562550506782
0.012128285123689964
0.010974681112938277
0.009753882125000148
0.008473430582407078
0.007141233191071697
0.005765512186419502
0.0043547546584598576
0.0029176602675257826
0.001463087672364755
3.938703339318992E-15
0.001462590307413459
0.002915676929890342
0.0043503150505636995
0.005757676340103255
0.0071291032072264655
0.008456161982301555
0.00973069470784161
0.010944869218247649
0.012091227201864074
0.013162729950769584
0.014152801518094334
0.013578000661980052
0.022566985291776705
0.023203431911347074
0.012013766657998104
0.012561181388107353
0.016901205197292535
0.032352904579399815
0.032436905141840236
0.032417218110635575
0.032294266316222134
0.032069369565274376
0.016918585268126427
0.013429183286444447
0.01310673513347912
0.022620961694677456
0.02190023561488483
0.013780777711300554
0.01412042049824373
0.013129271780947808
0.01205742301399646
0.010911491925410393
0.009698550779605406
0.00842608279069608
0.00710193601915382
0.005734275035345251
0.004331530647310133
0.0029023480018554727
0.0014555333780322535
3.0533316740094395E-15
0.0014552867977841695
0.002901364716144769
0.004329329608804515
0.005730390233525876
0.007095922300629371
0.008417521487001782
0.009687055090154668
0.01089671200537377
0.012039050719147591
0.013107045024550115
0.014094127177917552
0.015726836712267312
0.015982380235745837
0.016669068286532373
0.021892959463069024
0.022267088750528432
0.018612293205503505
0.022914873845797712
0.02317153836321144
0.023357229575867045
0.0234699254415481
0.02350905798023733
0.018460382097670227
0.02152675418852721
0.020975429707915896
0.017733421779329454
0.01721485649262788
0.015305537851433225
0.01408339433279025
0.013095955155913382
0.012027846164580264
0.010885648950795813
0.009676400843692447
0.008407551610462348
0.00708691762386565
0.005722633777816575
0.004323103446454051
0.0028969467941697665
0.0014529477539607777
