1.0
0.9989725854527269
0.9958941397184458
0.9907760398146891
0.9836371918337693
0.974503947816851
0.963409989935275
0.9503961825331818
0.8984963279836868
0.790103803608228
0.7718619221540951
0.7157559060684558
0.7222035506884352
0.7357380575552078
0.7021618877035761
0.6854079536338048
0.6754743908290287
0.6638906870565662
0.6252320612000986
0.5947197473669881
0.5633572573009653
0.531255270018707
0.4985264431279383
0.47424976164563276
0.4257486466485895
0.37748550459363955
0.336060670586994
0.31184291177432505
0.2467046951216315
0.186319094189229
0.18153051982765503
0.1491610941986699
0.19730919911930908
0.20167312991975359
0.170080680533309
0.13927376632762709
0.10934235931995476
0.08037172439209735
0.05244210162743661
0.025628413765297082
4.499075957181423E-16
0.02437962278192793
0.04745297037168262
0.06916877240348863
0.08948212364992658
0.10835460493099776
0.12575437327165598
0.1416562210946546
0.19234020595842202
0.27546808486749
0.2858264198331496
0.3244035762243131
0.30930929166180665
0.280609837557304
0.2940753127643946
0.2895666656388926
0.2832980820221025
0.2791718314629955
0.28675179557029995
0.28493068021513446
0.2818627063881347
0.2776057741276796
0.27222203184032706
0.2578967560813737
0.2521818862253619
0.24843938028555926
0.24535285008514318
0.2256580655185137
0.24768680285185535
0.25261232932612715
0.2145989011247695
0.201500721270195
0.13957653789404695
0.09130375337943777
0.07826434592780016
0.06509537670314837
0.051875662795561744
0.03868235100081254
0.02559056798265003
0.012673085182488606
6.993368688462294E-16
0.012361565328204326
0.024347745827527117
0.03589819564672873
0.046956328580889904
0.05746953627456646
0.067389383247131
0.07667177800935228
0.05168718031790156
0.04748111649134238
0.05341524696137691
0.09755020053568608
0.1338389139879821
0.11903278334577838
0.11846067930033642
0.11661924010292068
0.10336145901645007
0.07949742419654002
0.07922148229876728
0.0795286454492723
0.07915223478334865
0.07811815904926496
0.07646132212291888
0.07444680471096886
0.09926626511454105
0.11247481753185738
0.11513349911096726
0.11531844098560569
0.13660453596240965
0.0984517734979459
0.05313227804565043
0.04755842779617861
0.03605930515774024
0.05913896231121374
0.05093822132600287
0.04256756538062888
0.03407978162745219
0.025527457685863
0.016962687462070605
0.008436783880031969
1.4363882756535746E-15
0.008298740059595869
0.016412099049192205
0.024294572090919217
0.03190271856496301
0.03919537927375727
0.046133877870154244
0.05268220563223792
0.0912248763275012
0.08402657019662259
0.08814843527541885
0.0930121902732518
0.10507328689538463
0.0869777571295049
0.09798264906754799
0.09994168162483254
0.11518190581855585
0.14152217421500252
0.14627915200377592
0.14620061643718887
0.14558702426276915
0.1444495614792444
0.14280309929041976
0.13671559518967344
0.10742026179287374
0.08970249654304986
0.08396055032152767
0.07089198201358833
0.07963691203176834
0.058528534033218255
0.06296133652855582
0.057060144438683444
0.08038352070398859
0.04384237336355527
0.03785067190997387
0.03170319158088222
0.02543903139089908
0.01909749911995588
0.01271787797544116
0.0063391960691474725
9.428843849737905E-16
0.006261866202463592
0.012409475561784625
0.018407024902623574
0.024220032755729634
0.029815527373656205
0.035162223877611136
0.04023068962729856
0.02258611341040062
0.0564309731187037
0.06086004234022248
0.09167841807603846
0.11763074097311692
0.0811379923662803
0.07868854245610316
0.07099515032481357
0.06957072204198761
0.05749425812187297
0.06664158841628043
0.06708987916635994
0.06727131260977592
0.06718741911661329
0.06684664248487697
0.05758123399733464
0.06621003948077858
0.06387149222099804
0.07015666718773543
0.07127205872296163
0.10714785702347382
0.0884631313641853
0.06151649561965128
0.05782141426316308
0.02118462141955025
0.03492661100534962
0.030194876749065798
0.025325216019944686
0.02034860287924362
0.015296350844883882
0.010199922616160331
0.005090740693767177
0.0
0.005041516417228378
0.010003617540091539
0.014856879372910746
0.01957281378612383
0.02412403027178695
0.028484389719772997
0.032629149377749335
0.06267349129320982
0.040125400145120234
0.04293932722816641
0.03406053715613507
0.011368629999253014
0.05151984792999573
0.060980357207602295
0.07223834015452402
0.0741982649554414
0.09332444147853998
0.09294171129248328
0.09285737960741636
0.09247633795681359
0.09180304864160528
0.0908451584030412
0.09059213351398665
0.07301400580684933
0.07304002822804188
0.0621939294699857
0.053392598498342554
0.0164840171797863
0.045423256688770786
0.04320689424579479
0.04072474638959708
0.05680348822583896
0.029106096167608647
0.02518591587948875
0.021143214447611736
0.01700365428408365
0.012793277347068607
0.008538345181073118
0.004265178890457206
7.331186178779244E-16
0.00423122685595477
0.008402948491871572
0.01249017407616556
0.016468621510454876
0.020314858443546406
0.0240064371185515
0.027522022293951665
0.020569077439654478
0.04420558440227661
0.04634503178706196
0.0660983464730457
0.056771508333752836
0.03837963281384181
0.04066405651079959
0.042977480812760926
0.05143312211473386
0.059169415116650394
0.06841259196525593
0.06870360535288213
0.0687823513814191
0.06864754638008984
0.0683014005005461
0.059158713032184895
0.05229527659465461
0.04592557005783671
0.0418752253431159
0.038372980352896546
0.044913941246306016
0.05591480480004737
0.03825661921696297
0.03540545030963818
0.02051649259824165
0.025021011314591887
0.021665227760589024
0.018199480544475004
0.014645715469342426
0.011026264246837881
0.007363706582082841
0.003680731678741682
1.033913405344736E-15
0.0036559938856956338
0.0072650565569730785
0.010805428289309247
0.014255912122851324
0.017595998694536468
0.020805986110943357
0.0238670941723887
0.04516174719721696
0.031676988287069954
0.03398246260289623
0.05284577671170223
0.04177531448893002
0.049446738612074236
0.05781437525430774
0.06463827037354918
0.060126588046387985
0.06186910972985673
0.056348787090701805
0.056215287701257236
0.055906459987760386
0.05542369429260939
0.05477166540720286
0.059861945889411114
0.05767516350292711
0.06096496848647864
0.054263006148109375
0.045249877774766974
0.04305052367107473
0.04793911900284795
0.02991383774385983
0.027288875464429097
0.040782073176056394
0.022006789021949497
0.019064718399568914
0.016022861053658115
0.012900431665654907
0.009717023953108056
0.0064924893234953205
0.0032468146625362336
1.2651975778007063E-15
0.0032280632073142393
0.006417712443588589
0.009549632433255427
0.012604970668224379
0.015565449480289128
0.01841347400050512
0.021132235375582304
0.020057190139093555
0.029851154786042222
0.03225563837967458
0.02542239267984512
0.028020898120351335
0.05045419426616552
0.056127977160649156
0.0661998941795998
0.0660148400050201
0.05642941882709463
0.06239419442240907
0.06257877503913165
0.06255852553024603
0.06233272342085749
0.061902685779102774
0.056008545280546405
0.0668431927822676
0.0669156774161183
0.05674584248027202
0.051311101433607266
0.032005100612610374
0.025818155881740704
0.03557618014407548
0.033697305328298954
0.019687667743631305
0.019700210362087512
0.01707317065595683
0.014354647114388327
0.011561772961430329
0.008712048594938045
0.005823233049990157
0.0029132344336067887
2.141303880521149E-15
0.002898593465302862
0.0057648482892967
0.008581352929303118
0.01133108672355938
0.013997521750360672
0.016564721191940728
0.019017433623294524
0.03165295331363425
0.020182129397447398
0.021570548333271312
0.023939758005301848
0.03146913120976989
0.019390329720755828
0.026932043323237394
0.025992141122533494
0.026250540388097824
0.03846683104986953
0.029455236197247082
0.02939562616486536
0.02920399029133495
0.02887812428905208
0.028419519811435517
0.037013862923633914
0.02217172710699108
0.020949777156490768
0.022816441652454878
0.01559756281568956
0.025789552820374022
0.017683656296624307
0.018729646629624792
0.017227583132353858
0.028196284211961024
0.017886055366205838
0.015505857279760055
0.013041013712296844
0.010507026791995304
0.007919752519504176
0.005295302366415285
0.0026499437508225223
1.1365469645717507E-15
0.0026382495895482354
0.005248668987357165
0.007815363359242763
0.010322775102731364
0.012755777411734889
0.015099764812137179
0.01734074013054386
0.01853263061598307
0.03366130731028411
0.03530581432135136
0.03896140516004948
0.04318147790668535
0.041482221091452456
0.04597188264280649
0.05465178106838119
0.05936050711922553
0.048869818008706635
0.04998070982228986
0.050084676823519324
0.04999632113371351
0.04971561710461659
0.049243900054155194
0.04816172445028927
0.05691374119412509
0.0512684839588995
0.04272618682760806
0.03754385658487828
0.042870060653675685
0.039138606292921416
0.030798334745258976
0.028745001854823145
0.017963755286315816
0.016428752422942807
0.014246258644903082
0.011984803983151684
0.0096585844444197
0.007282136745879552
0.004870248084484774
0.0024378647295409685
3.276518269049722E-15
0.002428357810787769
0.004832337001507013
0.007197272964718407
0.009508797076711302
0.011752923439937722
0.013916132957620935
0.015985454238325217
0.02137083158145599
0.01627330102077178
0.01820766006800441
0.010617785797213031
0.009082928475906553
0.020976866190997735
0.020431587446733283
0.014644237530498249
0.014258583233090524
0.02344577975222691
0.018487968799782394
0.01876214887640865
0.018866786199287028
0.01880033668615656
0.01856300263688068
0.02276163252309741
0.01718632239315413
0.016592813675375614
0.02150964630154142
0.02247719942944968
0.012540183498564839
0.014675140444382884
0.022699697015014213
0.021252883840693012
0.019094759829245172
0.015238710305109242
0.013217291849714695
0.011121676278225313
0.008964995797925483
0.006760710998605993
0.004522527309870319
0.0022643102517690594
1.2080134992003943E-15
0.0022564742107763613
0.004491279322589511
0.006690762809974031
0.008841535644205211
0.010930553364367528
0.012945194766962742
0.014873337741862863
0.01660165806431195
0.011730214320158852
0.01307966001478128
0.02424552610657266
0.030472088562819997
0.02588425013362193
0.03398734945652694
0.03216878207658916
0.02782136070292804
0.03852485812230618
0.034202729048352476
0.03425672955354123
0.03413897036779827
0.03384972659188304
0.03339033425792285
0.03770402457897959
0.02489016960912273
0.031333393615519615
0.034940766869363364
0.026455897761868567
0.025628704798893422
0.017400405173711265
0.008551328663409099
0.0068402716910000265
0.016033336729389523
0.014254402945592094
0.01236597513684242
0.01040736837305446
0.008390836793720886
0.0063289517095680104
0.00423452360087454
0.002120522893440431
2.186606578075573E-15
0.0021139948823747697
0.004208491728064336
0.0062706799042012715
0.008287986175755465
0.010248151021482126
0.012139302799508528
0.013950029315998383
0.01572936776219638
0.030248821903215484
0.03179553513549462
0.031234544418933984
0.02753572557190266
0.018366834316528875
0.01778028649654033
0.019262536524729562
0.032013905165312675
0.01995140280777912
0.025636694017324397
0.025993882928334416
0.026189140043944556
0.026222654926631544
0.026095606958929082
0.020096326633094547
0.03216814584083108
0.018344885765096356
0.015366673684907468
0.015759073371228272
0.02920781332291053
0.03447144333971822
0.030883836343216738
0.029296090405529357
0.015189673882763929
0.01343223112504935
0.01165473742611749
0.009810470346247747
0.007910951711351814
0.005968010510534249
0.003993709529251778
0.0020002707528296946
3.323154635669945E-15
0.001994788750870365
0.003971848879047949
0.005919076020936656
0.007824581895463046
0.009676766606713004
0.011464388985835303
0.013176634547165741
0.014777876016038806
0.006286281012965847
0.007835849033551312
0.007751250260077908
0.010673479679271593
0.031317101983111856
0.04032345747786801
0.03187570053028584
0.027297476564408667
0.027920887081984105
0.019267893937477888
0.01934555458906758
0.01927204146484194
0.019047612634285054
0.01867349981536797
0.02719768452446376
0.029510495700863518
0.03151163261617828
0.03989573085293208
0.03095271387963068
0.011270705543374638
0.011283755103482338
0.0113033453754488
0.010107399304080795
0.01426288299316401
0.01274048927620682
0.011056240820027298
0.009308114012793023
0.007507015135160614
0.005664148820681957
0.0037909485941297976
0.0018990061775903003
2.0131276825899673E-15
0.001894376650475841
0.0037724873907047556
0.0056228239844468226
0.007434076627062017
0.009195202845306753
0.010895494593688358
0.012524643141231123
0.01564743968428892
0.01736433443175226
0.01849144106706856
0.034475769071563314
0.02666714051839928
0.014282398240335134
0.006064854321141498
0.015106423738272394
0.0215974102631754
0.02345227449991245
0.03300912554104913
0.033285348338214886
0.033416380944183956
0.03340243393582709
0.033244649527508996
0.02374377975035654
0.019402972650485975
0.015828619200438307
0.00857454190103914
0.017222259970384388
0.024350640067546746
0.03141509549119825
0.01397122895812389
0.012449380567929191
0.0162998679767712
0.012155621864992354
0.010550164881388598
0.008883293100556312
0.007165392548762984
0.005407139946448985
0.003619436553897015
0.0018133407843739222
2.3701398604383624E-15
0.0018094180900345101
0.003603794008248157
0.005372124644470621
0.007103590532064585
0.008787621854597645
0.01041396278139911
0.011972733741576824
0.01305143217818978
0.020820656895151127
0.02223970888357148
0.016714701456924594
0.01908482076159995
0.02043762923498561
0.028512959006887825
0.02374007688887951
0.04132737694056626
0.020182150455340213
0.01448459272158721
0.014693924706139137
0.01479620402750233
0.01479267602774049
0.014686808103235095
0.01981273230931958
0.0413764696338585
0.022856626463238897
0.025780438817044938
0.017089360809539187
0.01980185166098346
0.016780756215865035
0.02396379186199069
0.02277614104907618
0.01250041718997066
0.011659817132512459
0.010121138014663477
0.008523137976574452
0.006875761877443683
0.005189238702473726
0.003474018218223146
0.0017407063958171378
2.177782338118672E-15
0.0017373792535265488
0.003460750568361103
0.005159539561489011
0.006823342980654855
0.008441992249953149
0.010005615456471077
0.011504697401005053
0.01807853659049423
0.011010439473562719
0.011932100863170638
0.018487155751574842
0.016465014789012983
0.027342595763072124
0.018977694206962926
0.019208326274924113
0.0037147622155948054
0.026335283800550013
0.03487725272663889
0.03504725631415639
0.03509295743778366
0.03501476168629665
0.034814084341328974
0.026442857569316348
0.005939767863106163
0.018633342323110445
0.019294335753322962
0.027727456956398992
0.01657355123238097
0.016649988023214178
0.012875642133955575
0.012007105235813574
0.018769249869415774
0.011239413419892054
0.009757366466507919
0.008217771418266158
0.006630198648208006
0.005004497114996738
0.003350733407384781
0.0016791295566423495
3.771752689957963E-15
0.0016763119168768002
0.003339497508488971
0.004979345999426268
0.006585807068182162
0.008149052303016746
0.00965953519448999
0.011108049299686463
0.011063269602167478
0.018871397726913167
0.019855701689276584
0.016094744332570632
0.015891449322119413
0.009580910109528162
0.01955464377256731
0.02789230566103367
0.03180791934709413
0.018063305930632153
0.02185916980403372
0.02207985094786244
0.022223225236882593
0.022288313728987808
0.02227603715619855
0.01811720692793499
0.029997682096533855
0.02934060895056121
0.020421235648650303
0.010901392848071935
0.013761548076591162
0.015749069277454338
0.016791222534972207
0.01548438706172546
0.010367069579662864
0.010883816402482824
0.009449702303209765
0.007959530298468144
0.006422553345601134
0.0048482984169515575
0.003246507573127472
0.0016270778027951014
7.852520059424255E-15
0.001624702545497854
0.0032370357671777216
0.004827096171889147
0.006385131545151705
0.007901600640542435
0.009367231488446126
0.010773077968521786
0.019890746117243566
0.013260577008688532
0.014482390399797668
0.017180595792196957
0.02268680274799716
0.022722450277146623
0.014170127124480734
0.006398562333234201
0.020994306147377885
0.0264370592912489
0.03103421462118658
0.031100077252556983
0.0310679001213645
0.030938074747115976
0.03071221443969703
0.026337560521203316
0.021819074617119263
0.004725982286213767
0.013188101731260459
0.02145579578481105
0.023986177184240214
0.016842066563554237
0.015248567149404889
0.014158744821280616
0.020107305330856907
0.010584747402737993
0.00919099605604682
0.0077424247271608605
0.006248018519870116
0.004717032902420311
0.0031589364957633507
0.0015833526258673886
2.1110923964115657E-15
0.0015813671279466342
0.0031510189353803355
0.004699309784066753
0.006216737382102845
0.007694000992686571
0.009122058333465409
0.010492180819395354
0.008568213568693767
0.014725784419958296
0.015846410530201086
0.015566210050603626
0.008498577079080997
0.013467735083435028
0.022764825445194908
0.03219689074309988
0.015837811231462426
0.019853818108642955
0.028668826646118833
0.02886049993900504
0.028963314022917977
0.028975995929618234
0.028898559981261687
0.020022160285833795
0.01517647463921224
0.031159229268605468
0.02186335010055058
0.01236457958485931
0.009451161370410166
0.01675338387920631
0.017635685961792037
0.0167479977450918
0.007758734433702678
0.010335712165392643
0.008975639047643036
0.0075617555188939025
0.006102822496018311
0.004607868489193229
0.0030861338289892505
0.0015470136525558998
2.784451105188314E-15
0.00154537662271773
0.0030796058553016195
0.004593255909147309
0.00607703144970235
0.007521830580314977
0.008918800579131064
0.01025939204802939
0.019929405926721693
0.014221718106376709
0.015018053139494395
0.01080809013178812
0.02448585912844846
0.024386338684116323
0.018409528471496114
0.019896261099111016
0.022438549715858198
0.02426337884474996
0.022907815889302238
0.022900961621209703
0.022819668774701374
0.02266370013389902
0.022434430329380792
0.024049840492902083
0.022055240844911117
0.022335828580452258
0.020157862831072085
0.026260504439611695
0.02358726850653823
0.008433156021675171
0.01353871787031573
0.012587357640447942
0.019560625178735767
0.01013162018526102
0.008799235330318334
0.007413839913162307
0.005984009696891146
0.004518586115974499
0.0030266216949506883
0.0015173242190139062
5.397431154346404E-15
0.0015160034130010833
0.0030213547264716202
0.0045067962456003
0.0059632007159382185
0.007381627315093015
0.00875337645160276
0.010070043035630803
0.006074592441102237
0.016489049007670547
0.017446074569714254
0.023420927399998424
0.014950304214509637
0.005161681430144658
0.011431380873117458
0.015307814935151516
0.015816260397682816
0.021588586967388138
0.030813673923098188
0.030963472639566704
0.031008691518495682
0.030948386077164505
0.030782556795771115
0.021655776608504075
0.01586073367514106
0.012353200341755492
0.010122898602991221
0.006800703707023691
0.015679037607317807
0.02475019035249039
0.015362289770146776
0.014157031216113359
0.00563135054860682
0.009968509378504492
0.008658364370336687
0.007295813132387704
0.005889281682094125
0.004447460615542478
0.002979251493699966
0.001493711970465654
3.916579612739064E-15
0.0014926825331015418
0.002975146414705036
0.004438271585387745
0.005873063161210633
0.007270706647690194
0.008622622008376908
0.009920516256844104
0.01806607489634437
0.012737027099266692
0.013958192261243793
0.0035653351204791013
0.019308168184627612
0.030683483699767842
0.0240130506137686
0.03110124044501799
0.020917025159071956
0.02146046064349709
0.013797702429048507
0.01382512100900227
0.013776005431652309
0.013648140691993174
0.013441327274385882
0.02128254882115711
0.02122088570230703
0.03103733647833106
0.023298082733399686
0.030050894065911195
0.018707998808017608
0.00389083536303239
0.01686836807315039
0.01595294280640335
0.017182158042774176
0.009843346313626792
0.008550408863442847
0.007205484406092905
0.005816881820237609
0.004393174290422348
0.0029431464544633465
0.001475740279538841
3.038436364493081E-15
0.0014749835446466173
0.0029401288293637484
0.00438641947750684
0.0058049596661262
0.007187028762763903
0.008524134858660352
0.009808066870152581
0.005926480744126513
0.007745381805898107
0.008573832250560793
0.023968729603206788
0.01578905574667415
0.01863937511539834
0.01655922579996874
0.009152649974867953
0.01303019259608257
0.021664428914019648
0.027797654423108407
0.027899145280435897
0.027887512702211455
0.02776222455993666
0.02752351194150055
0.02160680545101723
0.01275466241611041
0.011131029759110227
0.018052560321995186
0.020170931967804485
0.015596707154296799
0.022467400647566863
0.007032250671715881
0.006180765542274604
0.0066518466361344996
0.009753882124999795
0.008473430582405189
0.00714123319108069
0.005765512186411362
0.004354754658467269
0.0029176602675303346
0.0014630876723752196
9.274795642302517E-15
0.0014625903074067465
0.0029156769298972025
0.004350315050562988
0.005757676340098158
0.00712910320722582
0.008456161982300812
0.009730694707841898
0.014670085276382002
0.020882315850347978
0.021924305666939793
0.008187950379087873
0.018573515750599276
0.021536130450182937
0.014932098981079962
0.02457708484691626
0.023713344945134947
0.019974441263964433
0.01244248377720438
0.012676977643675001
0.012800834626376125
0.012813262715212331
0.012714300316399672
0.019949690355180988
0.023623175936381725
0.023408057133281417
0.013935423877600474
0.019664631539844518
0.018609794801850477
0.00978648786030229
0.020822603519599234
0.019665257383345725
0.013449737411235953
0.009698550779607297
0.008426082790693318
0.007101936019159817
0.005734275035345116
0.004331530647315186
0.0029023480018627195
0.0014555333780372048
5.622850588610396E-15
0.0014552867977777482
0.002901364716151124
0.004329329608807802
0.005730390233515563
0.007095922300627181
0.00841752148700378
0.00968705509015294
0.009189823644337234
0.006729887551847374
0.00792579366234833
0.01649800277951213
0.016584192734029984
0.020180872820099865
0.019034348650249704
0.018599160434544945
0.017137405018244276
0.02056036220558339
0.020647699329254126
0.02071293736979808
0.020664100556304153
0.0205008561216938
0.020223575752548562
0.020472912492162248
0.018083105573951565
0.01895716186600825
0.01796519501883451
0.019172857602262214
0.017179014908651678
0.0149755924290563
0.011227068262339329
0.01034302536068952
0.010454951314196421
0.009676400843691688
0.008407551610462156
0.007086917623867005
0.005722633777815926
0.004323103446447717
0.002896946794166177
0.0014529477539617518
