1.0
0.9989725854527283
0.9958941397184441
0.9907760398146894
0.9836371918337681
0.9745039478168512
0.9634099899352756
0.9503961825331826
0.9355103927392278
0.91880728050507
0.753528259618661
0.6788235743650667
0.6659587896835214
0.7252581836756478
0.7281275780411538
0.7025545981339286
0.666151364401581
0.6554667435941085
0.6432422623917897
0.6126694433835196
0.5812423839336752
0.5490715195245379
0.5162691970833291
0.4665051874476376
0.416260757741592
0.3918483543075405
0.3569080653105584
0.2968299494487822
0.18473158980267276
0.14709237530149682
0.1637536271525513
0.2668332813211883
0.23395677675898396
0.20167312991975428
0.17008068053330894
0.13927376632762759
0.1093423593199548
0.08037172439209714
0.05244210162743674
0.02562841376529706
5.617422639913204E-16
0.024379622781927894
0.04745297037168268
0.06916877240348848
0.08948212364992653
0.10835460493099795
0.1257543732716562
0.14165622109465414
0.1560416043881082
0.16889863993921275
0.2972360884403904
0.3493992508168205
0.3598871197536345
0.30136040154591986
0.2810064559508229
0.28060888051257327
0.29111961920449436
0.28018153765655446
0.2719522481565812
0.27025247050803297
0.26730276050986274
0.2631604738010243
0.25788708406153404
0.257343228961979
0.2595193471418415
0.24223248666031824
0.2375497104293688
0.25116820071820734
0.292464536663716
0.26828300651322107
0.21978793620705028
0.11667245240793715
0.10413347464621675
0.09130375337943777
0.07826434592779989
0.06509537670314847
0.05187566279556195
0.03868235100081264
0.025590567982649953
0.012673085182488454
8.4952161254688245E-16
0.012361565328205036
0.024347745827527884
0.03589819564672838
0.046956328580889745
0.05746953627456708
0.06738938324713124
0.07667177800935243
0.08527711967004735
0.09317041956355267
0.03888733898458624
0.049491614027322384
0.04685762562639732
0.07677994821306826
0.08043737149249577
0.08923701182047723
0.08263136514483135
0.0834391600563996
0.07563666670995706
0.07558515996483577
0.07475530363405875
0.07316820399154318
0.07084920512207488
0.07817044804014919
0.07669803312356949
0.08208332319800674
0.07327031035521271
0.07405268428874287
0.05273812524004964
0.06159859800290423
0.050258498116548034
0.07482035430154842
0.06711710121238232
0.059138962311214
0.05093822132600331
0.04256756538062874
0.03407978162745253
0.025527457685863557
0.01696268746207054
0.00843678388003245
1.272468559897202E-15
0.008298740059596315
0.01641209904919201
0.024294572090918898
0.03190271856496259
0.039195379273757325
0.046133877870154355
0.052682205632238424
0.05880718876800787
0.06447863753739091
0.07538864996816078
0.08762932592604437
0.11965127304677453
0.12896190057112436
0.1180592365711123
0.11460254301064314
0.12340420481614915
0.1256981505429431
0.14368103502759053
0.143828890357665
0.14341244457943533
0.14244189387098355
0.14093060640291488
0.12090034228991894
0.11735967786281135
0.10723557468778318
0.10714859420749237
0.11292623102244116
0.08953518743549686
0.056596266344118976
0.04586829860947067
0.0552044965608565
0.04963964052493657
0.0438423733635554
0.03785067190997335
0.031703191580882376
0.025439031390898457
0.01909749911995554
0.012717877975441636
0.006339196069147854
7.676344394634394E-16
0.006261866202462232
0.012409475561784365
0.01840702490262449
0.024220032755730068
0.029815527373656878
0.03516222387761106
0.040230689627296895
0.04499349698177994
0.04942536269936742
0.08102165651274999
0.099222993195574
0.0880977240522807
0.05598566824260219
0.04274144866887205
0.03868624943291043
0.034651334570144014
0.03850899907578809
0.02591830115275335
0.026245469140931694
0.026189140043946128
0.025756839080326575
0.024964168701299517
0.036076522772428565
0.030517245108099136
0.03220821655967928
0.036931773579908504
0.05007476638450135
0.09317961366987544
0.09877493791490163
0.08050448450534273
0.04385524009181589
0.03948997423526581
0.03492661100534956
0.030194876749065198
0.025325216019946167
0.02034860287924273
0.015296350844886926
0.010199922616160515
0.005090740693766387
6.577717384608705E-16
0.005041516417228889
0.010003617540090529
0.014856879372912935
0.019572813786122904
0.024124030271786473
0.02848438971977265
0.03262914937774995
0.036535098216768334
0.040180681986829996
0.013222158411507418
0.018082635098653262
0.022306352293346716
0.07090696115614294
0.08523665426407291
0.10170520557719338
0.10983061270482929
0.10036544920165524
0.10568986819989745
0.10589866616537573
0.10574665026952823
0.10523754783749528
0.10437729063381056
0.10053322917441315
0.1109652766437428
0.1035749323575005
0.08643998178256322
0.06897145493220731
0.015600817349410205
0.017059098234346263
0.017262281264154942
0.036479093000143126
0.032878631378333065
0.0291060961676085
0.025185915879488874
0.02114321444761029
0.017003654284085727
0.012793277347067531
0.008538345181071763
0.004265178890457852
1.9191047346735097E-16
0.004231226855954394
0.008402948491872536
0.012490174076164784
0.01646862151045715
0.02031485844354675
0.024006437118553933
0.027522022293952574
0.030841511525968826
0.0339461471500619
0.04850296931395588
0.06359797859611589
0.07759039358591474
0.019682424114066836
0.006337165067263337
0.01281915815357446
0.017029024544737977
0.01506156194590522
0.018309234574931284
0.018496338542050263
0.01855454080278094
0.01848285848193269
0.018293732570354992
0.014327132428592387
0.018397663693381403
0.01715807160024056
0.006637517524866622
0.014115411479167969
0.06641824691776725
0.05101882042734864
0.034217760463383005
0.031317650500899255
0.028245407809627927
0.025021011314592913
0.02166522776058801
0.01819948054447498
0.014645715469341838
0.01102626424683909
0.007363706582084282
0.0036807316787414958
2.6734496150498794E-15
0.003655993885695471
0.007265056556972883
0.010805428289310253
0.01425591212285154
0.017595998694537162
0.02080598611094409
0.023867094172387512
0.026761572296945525
0.02947280053486807
0.04213591065274566
0.033352316813562724
0.02520837941224025
0.07217453698743492
0.09485178505870914
0.10327031708792586
0.1052753814560882
0.09810369731752089
0.08402884320815884
0.08419824214573071
0.08410267861840717
0.08374389962612665
0.08312536273985578
0.09693002679997641
0.10237147821517799
0.10055540270601569
0.0947984927894187
0.07240429847857156
0.03421612801629197
0.03569765761414623
0.047094458063379634
0.02751732263936692
0.024830357014183995
0.022006789021948168
0.019064718399567946
0.016022861053657134
0.012900431665655087
0.009717023953106167
0.006492489323495242
0.0032468146625354655
2.2715927856598693E-15
0.0032280632073135303
0.006417712443587962
0.009549632433252886
0.012604970668223631
0.015565449480289975
0.018413474000505935
0.021132235375581867
0.02370580864346043
0.02611924470555037
0.00861070201910261
0.02730578778092184
0.018564500053473983
0.013885754339554584
0.027034739616121548
0.03620314822187162
0.027360041917982223
0.013380540540479182
0.018933174990218866
0.019026429640136008
0.019063574652222293
0.019040638477211713
0.018962518160194272
0.013617953698519222
0.027667355993852862
0.03691842823203604
0.029445639083095578
0.016511882425309158
0.01069965881675998
0.027085123788969268
0.0086678603767827
0.024613779935094858
0.022219107024006604
0.019700210362089302
0.017073170655952534
0.014354647114389073
0.011561772961430917
0.008712048594941985
0.005823233049988581
0.002913234433608098
8.122440756934153E-16
0.0028985934653031737
0.0057648482892945895
0.008581352929303853
0.011331086723559777
0.013997521750359896
0.016564721191943185
0.019017433623294184
0.021341182673576257
0.02352235153832168
0.03868852069185877
0.025136442758751303
0.05539479650881713
0.06318229296153431
0.08124220207955278
0.06767028067509562
0.06306730832235932
0.06933698142227035
0.06769806887364434
0.06782595137977908
0.06774405207596866
0.06745325136423878
0.06695585753590448
0.06639213388397654
0.05833530135628941
0.06220152036632036
0.07684756277074996
0.059310810523137136
0.054706737982934565
0.020627552446087025
0.03026509408958638
0.02233285365668394
0.020166556388834165
0.017886055366202556
0.01550585727975363
0.013041013712290456
0.010507026791996511
0.007919752519504162
0.005295302366415456
0.002649943750818792
1.0309591723465845E-15
0.0026382495895476885
0.005248668987354764
0.007815363359243807
0.010322775102728603
0.012755777411732729
0.01509976481214069
0.017340740130542917
0.01946539738242283
0.021461200092845696
0.02523050437466427
0.03640416338103418
0.013513010105740238
0.02181230742046746
0.03399027970698597
0.030287187658935805
0.026339980450074338
0.01917604472585007
0.018989374922782902
0.01908525360682629
0.019115209678558454
0.019075339893869073
0.018967629880851405
0.01972274818716331
0.02579339202593572
0.028140090036571284
0.03338989179513526
0.02146942546236473
0.017275129254841513
0.03720216027369106
0.031058595735666075
0.020502305557440956
0.018518518518518618
0.016428752422944254
0.014246258644902346
0.011984803983148908
0.00965858444441903
0.007282136745885104
0.004870248084484682
0.002437864729541686
3.284273542520409E-16
0.0024283578107856247
0.004832337001507344
0.007197272964719151
0.009508797076713144
0.011752923439938839
0.013916132957621317
0.01598545423832656
0.0179485408494753
0.019793744462760457
0.008337940022731983
0.013461445504573654
0.03308143886728779
0.039744350794990606
0.048043481700795206
0.038903172399011116
0.03463212911697096
0.036308932390974276
0.05374818589550834
0.05384654128272768
0.05376987495827971
0.05351858171050547
0.05309430793671921
0.03530398877392607
0.03472744693365837
0.03885641288365986
0.04345091601964164
0.03687625569467877
0.026029129700851823
0.013227373880298618
0.006097384364051361
0.01900855764427328
0.017173209640042326
0.015238710305110176
0.013217291849712447
0.011121676278227077
0.008964995797927115
0.006760710998607964
0.00452252730987041
0.002264310251769828
1.6957029684984533E-15
0.0022564742107774997
0.004491279322590061
0.006690762809975777
0.008841535644207716
0.01093055336436668
0.012945194766962029
0.014873337741864815
0.01670343180137333
0.01842456687080338
0.03302930511406893
0.027637652832405945
0.036998591394011966
0.01542663601953929
0.025190472766425238
0.011374844772833589
0.01683599997567732
0.022376070784446773
0.01844196076176492
0.018582694428508323
0.018627191756320084
0.0185723712367949
0.018418949361758086
0.022063277625165318
0.015571413471166638
0.009534887082361918
0.023296146763800988
0.013609069439183868
0.040191945285140564
0.024897513988453066
0.02819210067582261
0.017773746605175472
0.016060791128663196
0.014254402945591353
0.01236597513684568
0.010407368373055153
0.008390836793720996
0.006328951709567598
0.004234523600874339
0.002120522893439428
1.1491386436137184E-15
0.002113994882376879
0.004208491728065535
0.006270679904200943
0.008287986175756667
0.01024815102148353
0.01213930279950537
0.013950029315997585
0.015669446367283794
0.017287262845732884
0.015729129337840195
0.02285949351592202
0.007913019068284403
0.034986255800746
0.030635188535025067
0.044311508482766195
0.03819343465928596
0.040350588260562904
0.04139168942832738
0.041476656852864634
0.04140866624999741
0.04118777806440434
0.040815178295659955
0.04107655467605678
0.03775139487796566
0.04423988413473044
0.030642668342654722
0.03585433579910515
0.005708957229298341
0.024288014423606636
0.021231786895743662
0.016742774869488573
0.015131808464325238
0.01343223112505258
0.011654737426115653
0.009810470346244125
0.007910951711348771
0.005968010510532571
0.003993709529249424
0.0020002707528298043
2.7956044996460814E-15
0.001994788750872317
0.003971848879048575
0.005919076020937816
0.00782458189546488
0.009676766606715187
0.011464388985836805
0.013176634547164221
0.014803180649469535
0.016334258471107574
0.00968812214701853
0.024526838775788897
0.03529146185266311
0.005745525507369321
0.013833638974765474
0.01224403183902754
0.015082223796324875
0.01084819390105931
0.018393111027932764
0.01858639498343374
0.01865607169899528
0.018600398026787163
0.018419655729573877
0.009531616734276063
0.016512957250102996
0.01358002267084406
0.012881434592880414
0.0051790142611264234
0.03016011732891339
0.024875295824066567
0.006069890697793829
0.015875622498044462
0.01435031925391878
0.01274048927620666
0.011056240820024323
0.009308114012790646
0.007507015135159271
0.00566414882068618
0.0037909485941266317
0.0018990061775885525
5.096812869104421E-15
0.001894376650474769
0.0037724873907060657
0.005622823984444862
0.007434076627063007
0.009195202845305266
0.010895494593689622
0.0125246431412305
0.014072801356567117
0.015530643016469921
0.028811836305456532
0.012432179013186656
0.017409902927963936
0.03556667926073245
0.031136739701051082
0.03420022910593406
0.0253796900306632
0.041003157776016645
0.03076377651348715
0.030855451087006266
0.03080692983496254
0.030618040125430478
0.030289605647301297
0.04020145054967641
0.02353318433512211
0.03195115263520688
0.0304101191776353
0.034064367668499435
0.022774329359556394
0.0073854704945964
0.026612762168454554
0.015142585844551006
0.013689633232427747
0.012155621864997171
0.010550164881389027
0.008883293100553734
0.007165392548764524
0.005407139946444413
0.0036194365538993684
0.0018133407843721567
1.7197454336234251E-15
0.0018094180900324215
0.00360379400824932
0.00537212464446659
0.0071035905320651314
0.008787621854594632
0.010413962781400516
0.01197273374157433
0.013454491259356948
0.014850284989612971
0.0098757779199935
0.03148274931752638
0.007428954131378747
0.010981705756055338
0.014125900650986211
0.01964328379134617
0.027986805408839934
0.0135724547701985
0.01952513035689375
0.019749115873283454
0.01983856650976997
0.019792937202436245
0.019612705911797954
0.015086869179934676
0.02863608454973182
0.019944123318785797
0.015081855925233933
0.012718495908965344
0.004588712575806346
0.033646954409981084
0.014526864316498746
0.01452122212282529
0.013129576318165628
0.011659817132510774
0.010121138014665227
0.008523137976576894
0.006875761877443378
0.005189238702479643
0.00347401821822888
0.001740706395817249
3.1753852898218348E-15
0.0017373792535251003
0.003460750568361736
0.00515953956148286
0.006823342980657669
0.008441992249950745
0.010005615456474538
0.011504697401001532
0.01293013734856682
0.01427330412917321
0.01177118512680749
0.01654541145176103
0.03454796285737178
0.02238427545088344
0.022034747717909312
0.020608459931476746
0.011880570048477082
0.02391771223972206
0.02270017547935205
0.0228219004761758
0.022810607243271767
0.02266614256433006
0.0223891948821008
0.02235425091937293
0.011494174025646446
0.020128132555535142
0.02049788351569394
0.0199680159334892
0.03376425021155092
0.017614688995281704
0.007406441596952265
0.013994328584073608
0.012654679837931176
0.01123941341989213
0.0097573664665123
0.008217771418265482
0.006630198648218276
0.005004497115001777
0.0033507334073878446
0.0016791295566421461
3.609110788129176E-15
0.0016763119168706443
0.0033394975084865713
0.004979345999423033
0.006585807068183732
0.008149052303017141
0.009659535194489399
0.011108049299691615
0.012485784224257628
0.013784379082911516
0.025154258505646777
0.02735161272759304
0.010631583065104326
0.019136411706772303
0.019701012471285504
0.019549928232563095
0.029326420512368022
0.02860107282235893
0.0216503572255422
0.021874131388907297
0.021968583686254553
0.021933711350190073
0.021770328227174347
0.029090820551644588
0.029238481741310645
0.01950704544173659
0.020073488494920168
0.019845655789898227
0.013850017126783713
0.021918701808664145
0.025042715936232578
0.013548571158447962
0.01225295098388515
0.010883816402476565
0.009449702303206143
0.007959530298467752
0.006422553345601805
0.004848298416954217
0.003246507573130975
0.0016270778027905114
5.993367006682493E-16
0.0016247025454970737
0.00323703576717559
0.004827096171889214
0.006385131545153245
0.007901600640545646
0.009367231488448915
0.010773077968524654
0.012110574301543001
0.013371587129263987
0.006296768376702113
0.01714649383642714
0.019387736448954914
0.018730530141967072
0.01851330796127334
0.017861360619248104
0.009229020229199442
0.009950800041714945
0.018616941165014316
0.01877839086618412
0.018818534686474264
0.01873759995612121
0.018536743227693383
0.010135046746515771
0.00862621339567012
0.017042034513672213
0.019148561888295734
0.020233842459052957
0.015079651650373081
0.018941584924185798
0.009797708458425758
0.013173533359927301
0.01191501965056334
0.010584747402739413
0.009190996056042724
0.007742424727155021
0.006248018519870911
0.0047170329024219795
0.003158936495763252
0.001583352625869421
4.211184677076617E-15
0.0015813671279508578
0.003151018935381856
0.004699309784059838
0.00621673738210406
0.007694000992687229
0.009122058333471118
0.010492180819392172
0.011796006812018334
0.013025592550938483
0.014173460457963255
0.011431054363738117
0.02850256065958619
0.019111455228660784
0.019097144247235166
0.023752410406028057
0.03252914105606903
0.027182482106529834
0.024040241501443106
0.024242712865373984
0.02432871915769464
0.024298338128953503
0.024152559405540903
0.026518901181496895
0.03320921862568461
0.024923128415135807
0.018618533746866242
0.01818998208405325
0.030448410554293162
0.01243013623834151
0.009564349506201072
0.012861044675943314
0.011633535736641443
0.010335712165393533
0.008975639047644255
0.007561755518893329
0.006102822496019043
0.004607868489192502
0.0030861338289912502
0.0015470136525512284
4.175748184039962E-15
0.0015453766227227705
0.0030796058553047064
0.004593255909143717
0.006077031449694992
0.007521830580309079
0.008918800579125944
0.010259392048035696
0.011535411143210807
0.012739069568687601
0.021725960094834268
0.019438613382264037
0.004708142085545567
0.024927723284705626
0.02043371480237495
0.013064329156133113
0.004692094796941028
0.01749568899478197
0.01894606358207344
0.019120804456006193
0.019195628897655855
0.019170681588165026
0.019047416393328284
0.017938782835756877
0.00572253693288122
0.014076523669443312
0.0197898059364498
0.024763262837418133
0.0037528823851322303
0.01656653753090035
0.023291145564954704
0.012604699581220217
0.011402737382913749
0.010131620185260372
0.008799235330313595
0.007413839913161468
0.00598400969688946
0.00451858611597487
0.003026621694949597
0.001517324219019881
2.777871475117234E-15
0.0015160034130053575
0.0030213547264747705
0.004506796245605047
0.00596320071593903
0.007381627315095865
0.008753376451609767
0.010070043035636057
0.011323567895696704
0.012506287027608313
0.004390889639800358
0.01649676117449907
0.024726736416063544
0.014201280872210493
0.019389353085785127
0.0314294295894651
0.03522941426615045
0.018323501672897924
0.02594864521279026
0.026120131626279162
0.02618914004395491
0.026155653079141288
0.026020684839885434
0.018016579224691336
0.034668404428975015
0.03164917113960707
0.020569560676289466
0.014396514245292027
0.02052473807702418
0.019031406282803014
0.006559105055968324
0.012399509771535314
0.011218138743398921
0.009968509378498244
0.008658364370332988
0.007295813132385298
0.005889281682097215
0.0044474606155371155
0.0029792514937066507
0.00149371197046651
4.5420324801363315E-15
0.0014926825331014902
0.002975146414704579
0.004438271585382652
0.005873063161213596
0.007270706647689782
0.008622622008375859
0.00992051625684168
0.01115643425042431
0.012322807374820407
0.016656242658291517
0.011603056753453142
0.017150446698787177
0.01920794063885269
0.013363690985122542
0.02662856604335994
0.017817308026551865
0.018975105011992434
0.021643472252369685
0.021806871297948824
0.02188662894540364
0.021882424413838454
0.021795343861385343
0.0187627053651473
0.018953077348538697
0.0280473884894138
0.012911445617936614
0.017749434990833736
0.02146995687535455
0.01275982352317978
0.012237735695083811
0.012241651830627894
0.011076303439820637
0.009843346313623927
0.008550408863443507
0.007205484406098385
0.005816881820237369
0.0043931742904258645
0.0029431464544608897
0.0014757402795439107
3.385652828789538E-15
0.0014749835446449756
0.002940128829362841
0.004386419477511915
0.005804959666130852
0.007187028762768486
0.008524134858660246
0.00980806687015665
0.011030944889174596
0.012185268474422467
0.018417828114697724
0.024270760509343688
0.0042560143372736186
0.020742655091803265
0.029884514747804663
0.025964512153101933
0.022611226199824506
0.019486586021451743
0.026833300210166427
0.02697154678335377
0.027019374279765796
0.026976609460052346
0.02684420613869523
0.01970709405065472
0.02086464741826921
0.0243079539744254
0.031329224770141606
0.022291075980681217
0.003712248201507074
0.02324978444532594
0.021295509799162993
0.012128285123693176
0.010974681112939984
0.009753882125002543
0.008473430582412836
0.007141233191087235
0.005765512186411655
0.004354754658468827
0.0029176602675282798
0.0014630876723713587
1.3229074937996235E-14
0.0014625903073971888
0.0029156769298946997
0.004350315050559704
0.005757676340099098
0.007129103207222616
0.008456161982295327
0.00973069470784729
0.010944869218240103
0.012091227201861347
0.0038710210854376145
0.011512782842068348
0.029294811490561828
0.01755937394183643
0.021560436824230006
0.02934858983346343
0.023458797565402385
0.01604618881586349
0.024475702356200786
0.024624042867024347
0.024693927255458232
0.024684707208134413
0.024597054649145963
0.01602782273037837
0.023197610334901166
0.028265104992169856
0.023910540602678408
0.018994144265618275
0.028034403241166312
0.011078013602316694
0.004604739743058559
0.012057423013995533
0.010911491925412832
0.009698550779601564
0.008426082790693437
0.007101936019156793
0.005734275035345133
0.004331530647311569
0.0029023480018583445
0.001455533378041761
9.055788912004821E-15
0.0014552867977825619
0.0029013647161458154
0.004329329608803031
0.005730390233522047
0.007095922300623244
0.008417521487011586
0.009687055090155857
0.010896712005367555
0.012039050719151562
0.01906445228293862
0.01652323323022617
0.01135570443014413
0.025525155073109165
0.034170758566926515
0.01674159125605724
0.014678342177424466
0.019188241565301363
0.026393447987202667
0.02650164292107419
0.02652798213133929
0.02647208608928577
0.02633479257423532
0.0189003838484282
0.015542700898656423
0.017498587284531443
0.033518847564345824
0.02508894722281134
0.014776270458373845
0.014974465498755184
0.015231513166266628
0.012027846164579413
0.010885648950798299
0.009676400843695018
0.008407551610464217
0.007086917623865865
0.005722633777814648
0.004323103446449567
0.0028969467941701472
0.0014529477539601274
