1.0
0.9989725854527265
0.9958941397184443
0.9907760398146886
0.9836371918337657
0.9745039478168503
0.963409989935273
0.9503961825331806
0.9077550648923658
0.8266169102600555
0.7622832926186149
0.7520916977483412
0.7488745276773708
0.7354912689188138
0.7206178020308124
0.7036208108999017
0.6766097868810375
0.6563888685090836
0.643407442033924
0.612854177651758
0.5814479496314415
0.5492992592616041
0.5165205367234272
0.46821550677714513
0.42824969175013544
0.39484536594853004
0.35389482136308437
0.3105304158301797
0.2663862535365574
0.21761977091599344
0.17058624222352706
0.17948740288986242
0.20656469126494495
0.20167312991975267
0.17008068053330855
0.13927376632762675
0.10934235931995467
0.08037172439209714
0.05244210162743601
0.025628413765296596
0.0
0.024379622781927686
0.04745297037168224
0.06916877240348825
0.08948212364992646
0.10835460493099747
0.12575437327165562
0.14165622109465406
0.18312600205394305
0.251629006949334
0.30451188291942427
0.3005896832827887
0.2902794066839997
0.2821085207122696
0.2739801612073649
0.2720562264171057
0.2736118131598491
0.27412238906314973
0.2707064486075601
0.2689658284576253
0.2659763181642566
0.261795467834789
0.2564849947419285
0.2504418367438868
0.2405775685287912
0.23166917382678429
0.22503892328208244
0.22773993543316576
0.23295990371466974
0.23891018418215146
0.24114756796306006
0.18985580689322643
0.1304413953465658
0.09130375337943719
0.07826434592779996
0.06509537670314844
0.05187566279556151
0.03868235100081222
0.025590567982649987
0.012673085182488272
1.0644163095651066E-16
0.012361565328204075
0.024347745827527075
0.035898195646728685
0.04695632858088934
0.05746953627456646
0.06738938324713023
0.07667177800935181
0.06093777368603529
0.04763783355571812
0.07007813771557506
0.11012236356323894
0.09573019058604118
0.10506930674403558
0.1081193894367833
0.10430918568354562
0.10679983745531381
0.0993523582729873
0.08266321626745234
0.0827424464780976
0.08207045814501922
0.0806703027099618
0.0785707026747104
0.09399092822023705
0.09931377540443911
0.09524611048208555
0.09883922485683319
0.09916277070277385
0.09391882969192825
0.11490771711135182
0.07429213880498248
0.045082017981246274
0.04523632995267302
0.059138962311213523
0.050938221326002446
0.04256756538062833
0.034079781627451906
0.025527457685862946
0.016962687462070143
0.008436783880031731
9.45797884541308E-16
0.00829874005959552
0.01641209904919159
0.024294572090919196
0.03190271856496287
0.039195379273757325
0.04613387787015393
0.05268220563223708
0.08249286454517395
0.10423070173632012
0.13374498262383136
0.12200360810374286
0.11177853406653332
0.0958139966260904
0.09931292566824321
0.11059604054187466
0.11271523187290627
0.12010736381531201
0.13834831452397367
0.13841800228042872
0.13793491548413453
0.13690968682487628
0.13535634860021686
0.11658627943998566
0.11013228285328557
0.10752357291967463
0.09522856020993749
0.0832036646132937
0.09331783732252709
0.09776974345430048
0.10660183676926606
0.08162824331441604
0.07192881681076409
0.04384237336355438
0.03785067190997266
0.031703191580881945
0.025439031390898745
0.019097499119955275
0.012717877975440824
0.006339196069147497
4.451280693772017E-16
0.006261866202463191
0.012409475561783566
0.018407024902622617
0.024220032755728985
0.02981552737365497
0.0351622238776106
0.040230689627298574
0.03110719678019234
0.04127312802351084
0.0718059594269323
0.10854135328745454
0.07223112473423975
0.056593758634039204
0.034119806375928756
0.02978054952974181
0.030908847627664673
0.03985379551778392
0.05007717843398945
0.050491949661018005
0.050593533473497175
0.05038722945671719
0.04988578549297393
0.036753953645374995
0.02582691136540742
0.023752942901834415
0.023212926472909175
0.045287032621132095
0.06371864734276673
0.1012082578087663
0.06880258725736205
0.04000337626074798
0.029383069830670596
0.03492661100534906
0.030194876749066124
0.02532521601994505
0.020348602879242696
0.015296350844884704
0.010199922616160088
0.005090740693765982
6.696954112644322E-16
0.005041516417227858
0.010003617540090517
0.01485687937291267
0.01957281378612363
0.024124030271787774
0.02848438971977329
0.03262914937774945
0.055102806419819544
0.04137832995799627
0.03988397499274428
0.03224195941930712
0.058681429651409184
0.07940527572655846
0.10713972128788134
0.11158490742240021
0.1130889587520708
0.10498666250582737
0.09525909567331665
0.09535900407013387
0.0951267149532463
0.09456642397576241
0.09368499633445823
0.10444984415791303
0.11219607959637573
0.11056983509742126
0.10766897028604304
0.08258394411928294
0.058405183145166045
0.019783171458275736
0.023963326708458844
0.035607742514998215
0.04969969690277495
0.02910609616760809
0.025185915879488475
0.021143214447612076
0.017003654284084638
0.012793277347068683
0.00853834518107303
0.004265178890456368
2.0538735376312126E-15
0.004231226855954244
0.008402948491871587
0.01249017407616408
0.016468621510454633
0.020314858443545455
0.02400643711855164
0.027522022293950878
0.028582940678085825
0.03738737439618057
0.05916989708376515
0.06585532049264746
0.034579892331234346
0.024467514586330757
0.05024432669030549
0.057882977658908236
0.05868941493472446
0.05051733843387012
0.051095884386893
0.05140404657055578
0.051527069394075996
0.05146444972030324
0.05122032559525275
0.053280759778589856
0.06266647694038499
0.06276469053190589
0.05711361759082172
0.031404039049946174
0.032741494424962735
0.054526740486897644
0.055532836981709605
0.03568776443909003
0.028681974274668006
0.02502101131459217
0.0216652277605868
0.018199480544474723
0.014645715469342254
0.011026264246838348
0.00736370658208204
0.0036807316787413015
4.498346512872936E-16
0.0036559938856953896
0.007265056556974754
0.010805428289309164
0.0142559121228518
0.017595998694535864
0.02080598611094363
0.02386709417238934
0.0392812890546338
0.037283533388538743
0.02217344756315635
0.02724487733658306
0.061186612459693354
0.08174001213804855
0.08381833710074181
0.07724904599620433
0.07725095965691615
0.08035598151878988
0.06849186064457062
0.0685290643218089
0.06834868587342943
0.06795276670092901
0.06734579492586856
0.07701403157844214
0.0712442414708619
0.06983044387732329
0.0760466888472715
0.07776557459873086
0.059797462183058064
0.032563459579843884
0.02752235607754075
0.03821942628434601
0.0354502208343041
0.02200678902194978
0.019064718399568772
0.01602286105365715
0.012900431665654426
0.009717023953108889
0.0064924893234951766
0.003246814662536475
2.296423879014457E-15
0.0032280632073126937
0.006417712443588855
0.009549632433253071
0.012604970668224299
0.01556544948028826
0.01841347400050464
0.021132235375581603
0.028791775761322597
0.0270527467174105
0.04097309358780378
0.024880491875573126
0.04368379039431692
0.05473407152772752
0.06800513157350029
0.06679541784792933
0.06733830767915731
0.06787682181745407
0.052309525723241435
0.052546721488661643
0.0526217578200302
0.05253349751216236
0.05228358675844089
0.06719687212901305
0.06473060359296665
0.06351059063863683
0.06549195665290164
0.05598208470859074
0.04632601528886996
0.023422846004240733
0.03504852153911552
0.022827085408800418
0.028656507541178818
0.019700210362088622
0.01707317065595602
0.014354647114389581
0.011561772961431497
0.008712048594937759
0.005823233049989964
0.0029132344336066608
1.796201930002189E-15
0.0028985934653018267
0.005764848289296318
0.008581352929303177
0.011331086723558467
0.01399752175036048
0.016564721191942234
0.019017433623294187
0.027524227754170582
0.03358334190225317
0.0315754573307056
0.03841738187505336
0.043607063193621586
0.050420548103099046
0.034315402429047084
0.02921292224204901
0.029782433802803883
0.03354912273542043
0.04774667936771068
0.0477331000402856
0.04757222827395796
0.04726480164960466
0.046814057798940635
0.031216516862958444
0.029559672775517878
0.028863306111387592
0.03063328832510468
0.04487580224244173
0.03792424897564418
0.03675261145765148
0.02951135292771652
0.029515126312714236
0.024493193974455516
0.017886055366205304
0.015505857279756724
0.013041013712294805
0.010507026791994539
0.00791975251950473
0.005295302366411799
0.0026499437508217356
1.3876260548416409E-15
0.002638249589546432
0.005248668987357206
0.007815363359239555
0.010322775102728334
0.012755777411732862
0.01509976481213962
0.017340740130545474
0.027790685226161616
0.017932681369878283
0.021684512443830337
0.035496916284099136
0.04592209187708007
0.049122444162136916
0.04322625308527937
0.034725931575870804
0.035281546869325484
0.04334564401828067
0.050139058316556545
0.05032915297040258
0.05036016297993485
0.05023123885679328
0.04994336333525166
0.04109435841385688
0.03395650777862825
0.03312315688522987
0.04061659014047758
0.04676522822109272
0.0432395190081207
0.03858427488079487
0.022079481165719134
0.020317825537924102
0.0271819335096603
0.016428752422943
0.014246258644903953
0.011984803983152974
0.009658584444419614
0.007282136745880388
0.004870248084483604
0.0024378647295389363
1.6026250136202196E-15
0.0024283578107867506
0.0048323370015081165
0.007197272964718553
0.009508797076709851
0.01175292343994051
0.013916132957621327
0.015985454238326362
0.018225956954921508
0.01668138567259126
0.01877738040796466
0.02326025949784273
0.02036043664757572
0.03146576751387889
0.0299298594871172
0.03967585321831027
0.040317306379914895
0.034304104726450055
0.030826461907264627
0.030803942814283725
0.030672399501675624
0.03043116654594332
0.030082351813459727
0.03518757421382356
0.040129212315845444
0.03949344752317991
0.029510868612043616
0.030574243523078838
0.019691599519873662
0.01810460891506528
0.015114034667493545
0.01216494058322398
0.01591558935043006
0.015238710305108209
0.013217291849714777
0.01112167627822684
0.008964995797927752
0.006760710998603939
0.004522527309871047
0.002264310251769453
2.2797159303216113E-15
0.002256474210776634
0.004491279322588991
0.006690762809971964
0.008841535644204425
0.010930553364364909
0.01294519476696241
0.014873337741863854
0.025249089240115815
0.028589698080205214
0.032889777680440546
0.04030082512348181
0.02898347076567667
0.04376634816250794
0.04037069799406397
0.04508861725933963
0.045849843331643866
0.037390108008515596
0.044862339514576056
0.0450135777446623
0.045008717572035575
0.04484729077533787
0.04453013693009461
0.0387992255122769
0.04717135280838798
0.04672156049845822
0.040661968064539915
0.04467755617343016
0.026444073581612795
0.03832087620305106
0.0360772691376515
0.030153911001685917
0.02422313631842426
0.014254402945593323
0.012365975136841525
0.010407368373053737
0.008390836793717864
0.006328951709567937
0.004234523600871628
0.002120522893441742
2.2667229989885424E-15
0.00211399488237475
0.004208491728065619
0.006270679904199826
0.008287986175757014
0.010248151021484374
0.012139302799508877
0.013950029315997078
0.011659071593079459
0.004258653601754026
0.007503618888739252
0.005847885708682151
0.0246219632184459
0.02158364834233177
0.01774037905493484
0.022051750728466837
0.0218600321105494
0.029818957838722845
0.01851153987369402
0.01857012476823109
0.01851851851851518
0.01835432331388564
0.01807794511829025
0.02806827824435384
0.018809556066821786
0.018266883686919498
0.015665499601994332
0.017916263044571414
0.024999407973721126
0.008274810381497551
0.005806268020194791
0.004124520991995492
0.010461692802642374
0.013432231125054522
0.011654737426117065
0.009810470346247368
0.007910951711354194
0.005968010510531939
0.003993709529251044
0.0020002707528294903
3.3951036714900877E-15
0.001994788750871295
0.003971848879047829
0.005919076020935211
0.007824581895463197
0.009676766606711379
0.011464388985835183
0.013176634547166654
0.021450100320875517
0.027711758649298562
0.03847553390492411
0.02637944473223281
0.026963626064723505
0.04504287680017746
0.033113666573978
0.042848685352287606
0.04329665772383982
0.04872644062777732
0.037253201555273674
0.03737048825603483
0.037338591197070184
0.03715733777141006
0.036827567947125044
0.048363575085825825
0.04143790489424931
0.04052972198242992
0.030859781367963208
0.04325202074052525
0.02826034059830121
0.022586580828992942
0.03680867553190118
0.024634459916318116
0.02013017400072554
0.012740489276203242
0.011056240820024415
0.009308114012792348
0.007507015135161999
0.0056641488206826685
0.0037909485941287537
0.0018990061775872474
2.1458510095836674E-15
0.0018943766504770931
0.0037724873907048076
0.005622823984445627
0.007434076627060476
0.009195202845307011
0.01089549459368812
0.012524643141229783
0.009484943092364886
0.009939173347620157
0.001680492657922786
0.017517553591514336
0.018905254107625075
0.004457460591297232
0.017570891497893742
0.011056231187077544
0.011904975348056814
0.0033786955594484603
0.014839468759304347
0.015070304977971663
0.015163674853914767
0.01511864844399974
0.01493553497736939
0.0052826937807798945
0.013480594322195583
0.013031641747760309
0.018201869462572965
0.009257675515944695
0.01613398883632173
0.01870309305439442
0.003868743501196729
0.012761572982235314
0.00978241027593392
0.01215562186499516
0.010550164881389846
0.008883293100555426
0.007165392548761899
0.005407139946446372
0.0036194365538967247
0.0018133407843743529
1.828306538523419E-15
0.001809418090031215
0.003603794008246524
0.0053721246444690725
0.00710359053206454
0.008787621854594217
0.010413962781401673
0.011972733741577776
0.016853587374393356
0.01471666192673131
0.026907353224485488
0.01668112932811161
0.028313647411980978
0.02621104215489333
0.026833544933066805
0.024772784174691437
0.025256527266956416
0.03018084030515968
0.02825425317264116
0.028346316746254267
0.028299219570423476
0.028112921608191486
0.027788246416100875
0.028004094330957973
0.02430915001287376
0.02359392354468564
0.027684109668058128
0.02163049603878584
0.026560871421876964
0.017761429148556634
0.022982503299199382
0.012133731958283283
0.015408498452932778
0.011659817132511699
0.010121138014661435
0.00852313797657417
0.006875761877444411
0.00518923870247451
0.0034740182182230375
0.001740706395814432
2.6487184425530304E-15
0.0017373792535255658
0.003460750568359888
0.005159539561486371
0.006823342980655256
0.008441992249948595
0.01000561545647187
0.011504697401001684
0.011416253320035768
0.018863615942170668
0.01206574735157443
0.017122352086130315
0.012835549974348192
0.02532898189949094
0.0118330581596766
0.018954464096289154
0.019567343226585883
0.027626157581762675
0.019450239267345838
0.01972686398885321
0.019869485143987602
0.01987803821816316
0.01975328404072617
0.028496360345907103
0.019739893121381247
0.01917683984643484
0.010194393770314758
0.026786358385902046
0.015247504911635446
0.015367403882490414
0.014238630487183629
0.01997998885297784
0.012279232605680602
0.011239413419892246
0.009757366466508181
0.008217771418264477
0.006630198648210358
0.005004497114998868
0.003350733407385056
0.0016791295566420583
1.0157557481632984E-15
0.0016763119168719744
0.0033394975084910456
0.004979345999424698
0.006585807068183616
0.008149052303015046
0.009659535194490407
0.011108049299685592
0.012115347896390306
0.012783782070967196
0.014187771045682968
0.02309202446817931
0.014943251930940087
0.008916739239018834
0.026676254323607488
0.018220943335698223
0.018674434340789154
0.011634572810450699
0.01916490144349644
0.019253545907686933
0.019212932685910174
0.01904297770150468
0.01874439517191935
0.01226581577578513
0.01763492946453254
0.016926841648265738
0.024593689437521746
0.010009281610050722
0.012245512444785054
0.023839507649314508
0.01306824771584621
0.014032797198558036
0.010818353168199653
0.010883816402484637
0.009449702303210671
0.00795953029846846
0.006422553345599768
0.004848298416953377
0.0032465075731269964
0.001627077802794987
3.666770573331479E-15
0.0016247025454945246
0.003237035767178177
0.0048270961718874265
0.006385131545150868
0.007901600640544302
0.009367231488444804
0.010773077968519975
0.014212626581955082
0.01857209712184622
0.017100126988941682
0.00855462103316368
0.02433426091987223
0.02556284965850819
0.023106855874965894
0.02572190771057668
0.026412577563195094
0.02699910198958783
0.02520131052827297
0.025452561817478122
0.025577804686733926
0.025576933927987686
0.02545062554423342
0.026225685234874882
0.027448375470829577
0.027019336834284566
0.026583500570705323
0.024576349095987837
0.02524535892156389
0.007738513691023261
0.016794286002636803
0.016664716686446965
0.014925188985399114
0.010584747402738197
0.009190996056048362
0.007742424727160215
0.00624801851987111
0.0047170329024220645
0.0031589364957639674
0.0015833526258693408
1.2840150739128992E-15
0.0015813671279492193
0.00315101893537999
0.004699309784068701
0.006216737382102275
0.007694000992684311
0.009122058333465804
0.010492180819395661
0.008429252726770446
0.014843204110222776
0.013190585048040767
0.022259785348063617
0.013807009841665342
0.013064801062586348
0.004143393317878159
0.009274779859328557
0.00979085653293514
0.019075879093291614
0.012649950354454029
0.012782954867763303
0.012798897918247175
0.012698123543010609
0.01248201849797337
0.01887782180788513
0.010535369435051137
0.010254840530932344
6.741559336469064E-4
0.012292528346245469
0.01573741422063115
0.020867927808436156
0.013460969748519772
0.014164809051817178
0.00784089973482379
0.010335712165391633
0.00897563904764143
0.007561755518893918
0.006102822496019881
0.004607868489191343
0.0030861338289886672
0.0015470136525556591
2.085089850500631E-15
0.001545376622719726
0.003079605855300234
0.004593255909145131
0.006077031449700698
0.007521830580314636
0.008918800579128463
0.01025939204803325
0.01618150992839084
0.012434780357092355
0.014174422097966925
0.011162609073925148
0.022557303833379293
0.02563663798560334
0.03649314327731248
0.029096890208806802
0.029500402232082445
0.023050017490014108
0.029085236401430747
0.029293660845873617
0.029384334909388098
0.029357222307418947
0.02921308427979637
0.02368673205568067
0.028715699388196278
0.028129012965544056
0.03609704348769957
0.02702764905497447
0.020919160774023435
0.01246057167900478
0.013674064905745471
0.0129804023352336
0.016522791053343325
0.010131620185259172
0.008799235330316846
0.0074138399131631625
0.005984009696890863
0.0045185861159764895
0.0030266216949505803
0.0015173242190158834
1.7063072166681923E-15
0.0015160034129984134
0.0030213547264714034
0.0045067962455992904
0.005963200715938032
0.007381627315092432
0.008753376451604785
0.010070043035633624
0.007828785900502686
0.01140784327124419
0.013938797719553028
0.015761432223464093
0.018571690448880816
0.0114515183020519
0.018552100566515312
0.01849866484615489
0.018923735838236068
0.010464550610671112
0.013282823597459028
0.013461085528397414
0.013556496436465669
0.013569214600149166
0.013501444717802636
0.010079310691827005
0.01892962692718025
0.018487777593345252
0.020086513826737457
0.013485514840802295
0.01775942209631906
0.014870389105419638
0.014067893157919049
0.010354330778354568
0.00834701365221286
0.009968509378501323
0.008658364370338465
0.007295813132390716
0.005889281682094135
0.0044474606155419346
0.0029792514937014808
0.0014937119704638204
5.521759203007622E-15
0.0014926825331011745
0.002975146414707167
0.004438271585386717
0.005873063161211053
0.007270706647687403
0.008622622008376518
0.009920516256842942
0.01682630858657972
0.01822114467793894
0.015316717050836946
0.014456038655656454
0.01822927306906245
0.030523072687562238
0.026382542288585695
0.0219840526425928
0.02252184347243387
0.03221972108429751
0.030344973608982653
0.030502146770892316
0.030552811446267633
0.03049701264650514
0.030335683376525584
0.03250621332870033
0.02314948623847399
0.022760921574317177
0.024765145529334752
0.029822136200610954
0.019370763165409643
0.01432661168292872
0.0163122609161948
0.0197888170322822
0.016743060787038445
0.009843346313622714
0.008550408863436125
0.00720548440609419
0.005816881820237614
0.0043931742904206135
0.0029431464544604977
0.0014757402795380838
6.0686568070912396E-15
0.0014749835446467622
0.0029401288293617878
0.00438641947750633
0.005804959666129438
0.007187028762766043
0.008524134858655124
0.009808066870152447
0.010223131999387439
0.007342072857027577
0.014369872091198527
0.014706699161168898
0.012546797001547328
0.023639951142321796
0.019352155522592496
0.010481237426982318
0.010797261668622824
0.018405640404977535
0.018934685480889897
0.019115061142405576
0.019227117630290252
0.01926995188931852
0.019244402662218416
0.019274022036591783
0.010566038975009517
0.010272363750334962
0.018579822224638373
0.024643083150126133
0.012553801896123352
0.014987000935980776
0.014438347307944169
0.006201165893039798
0.011144307898667776
0.00975388212500023
0.0084734305824133
0.007141233191078463
0.005765512186411042
0.004354754658464092
0.0029176602675290548
0.0014630876723713557
1.5750494532066898E-14
0.0014625903074078905
0.0029156769298914675
0.004350315050561187
0.005757676340098599
0.0071291032072274664
0.00845616198230202
0.00973069470784439
0.016065146197560765
0.01967550736580931
0.017746404501339234
0.013203904420688051
0.02533541801563764
0.02063752296676531
0.025134677677253393
0.03440132170033169
0.03496958678766728
0.029836361619732934
0.028882571980964163
0.028985272910635407
0.028995740362219975
0.028914014919239707
0.028741192127936
0.029349420387965976
0.03573646523741546
0.0353780341194616
0.025827973108234165
0.018606859998343647
0.025974613464824044
0.013146887470532786
0.017515459942043936
0.017963421022640293
0.01557830192158602
0.009698550779604362
0.008426082790696631
0.0071019360191591
0.005734275035346246
0.004331530647317954
0.0029023480018594587
0.0014555333780364842
1.028088850221295E-14
0.0014552867977759042
0.002901364716147812
0.0043293296088068355
0.005730390233516407
0.007095922300628831
0.00841752148700158
0.00968705509014953
0.013234549106206705
0.00809815753169979
0.01516465390363578
0.014801765191304607
0.020300388980107675
0.021544266215804523
0.021939118021830437
0.027039450096120896
0.02748149494696705
0.025053712029227168
0.024704727912656786
0.024883002386987957
0.024984875567712637
0.02500919302564865
0.024956123279735853
0.025251018500335762
0.029504572977534702
0.029532285145297404
0.02336416505950626
0.01981143986043705
0.022462719060634646
0.014375479133485474
0.015716749673539
0.01082100810975594
0.01403947876537741
0.00967640084369054
0.0084075516104626
0.007086917623864203
0.005722633777812831
0.004323103446446663
0.0028969467941703177
0.001452947753959471
