1.0
0.9989725854527283
0.9958941397184465
0.9907760398146912
0.9836371918337675
0.9745039478168519
0.9634099899352769
0.9503961825331814
0.9355103927392271
0.9188072805050707
0.8725811461981205
0.8524355980705065
0.8306751466854848
0.8351383556816376
0.7551840915975878
0.7106107657939376
0.6650966096224113
0.6547186945604857
0.6524717419298133
0.6218954552764693
0.5812423839336756
0.558289963745098
0.5254835268644514
0.46514526913904897
0.4139054535262834
0.3977378855490766
0.3821484593579557
0.4021830558279345
0.3402931819475408
0.3062687699095344
0.2725224281647356
0.2668332813211875
0.23395677675898335
0.20167312991975328
0.17008068053330974
0.1392737663276271
0.1093423593199549
0.08037172439209742
0.052442101627436344
0.025628413765297012
1.6956237815990636E-16
0.024379622781927585
0.04745297037168257
0.06916877240348812
0.08948212364992586
0.10835460493099736
0.1257543732716557
0.14165622109465456
0.15604160438810788
0.1688986399392118
0.20774108907313157
0.21752135031736447
0.22577695920223584
0.20503605084075038
0.26175302865918754
0.28380590744750717
0.30149398650513715
0.2872951608933205
0.2629586085214848
0.2612678462073321
0.26730276050986274
0.2541938423696505
0.24892938971018033
0.26576978944185664
0.27242522394965385
0.24938403558285543
0.22181771444134474
0.1622888435183255
0.17903164085716444
0.16784217676672708
0.15611724874363844
0.11667245240793676
0.10413347464621711
0.09130375337943791
0.07826434592779988
0.0650953767031481
0.05187566279556146
0.03868235100081237
0.025590567982649887
0.012673085182488424
3.6073927757771883E-16
0.01236156532820462
0.024347745827528185
0.03589819564672824
0.04695632858088951
0.057469536274566704
0.06738938324713119
0.07667177800935242
0.08527711967004785
0.09317041956355196
0.07349233715748539
0.07988938318060788
0.08549961386430231
0.11708953465262356
0.0850743602470034
0.07147156684623361
0.06960152768914961
0.07090985301598253
0.08375942673648759
0.08368505336489435
0.07475530363405915
0.08121122225001572
0.07885730718026819
0.06567394381878822
0.06554819287788001
0.06463444955620684
0.07668522354499235
0.10187006638129381
0.06935734983347229
0.06282220438597838
0.05586590451906707
0.07482035430154842
0.06711710121238178
0.059138962311213704
0.05093822132600381
0.0425675653806281
0.03407978162745286
0.025527457685862447
0.016962687462071708
0.008436783880032649
7.169953587882674E-16
0.00829874005959604
0.016412099049191848
0.02429457209091806
0.03190271856496346
0.03919537927375684
0.0461338778701542
0.05268220563223871
0.058807188768006925
0.06447863753739061
0.09579640992726283
0.1004516207405702
0.10458264792627588
0.08213649173906615
0.121196915059752
0.140699402573885
0.14756883306496799
0.14500152976792616
0.13576819738798626
0.13593568918074211
0.1434124445794347
0.13458499635170068
0.13309027413040583
0.13980018240231712
0.13951338959046322
0.13215828651849884
0.11147655849421112
0.07441703225767174
0.09578803036459956
0.09111814488583747
0.08610998093565221
0.05520449656085602
0.04963964052493653
0.04384237336355542
0.03785067190997327
0.03170319158088177
0.02543903139089935
0.01909749911995545
0.012717877975441454
0.0063391960691474005
7.704875405556303E-16
0.006261866202462966
0.01240947556178474
0.018407024902623755
0.02422003275572928
0.029815527373655053
0.03516222387761067
0.04023068962729759
0.04499349698177966
0.04942536269936584
0.029394623732441002
0.03306151671588835
0.03635592921597067
0.06341940615119956
0.06293397776137175
0.0518664933528299
0.05345111005138555
0.041578170006843385
0.029754538196895945
0.03006922674586131
0.026189140043945954
0.029409358993161418
0.0284507225448768
0.040796263808752654
0.052276645543154
0.05137667323477395
0.06235364709999981
0.05877625830867457
0.03205789646369275
0.02858913811497041
0.024877198492272094
0.043855240091816336
0.039489974235266644
0.034926611005349474
0.030194876749064934
0.025325216019944835
0.02034860287924196
0.015296350844884682
0.01019992261615966
0.005090740693766375
0.0
0.005041516417228829
0.010003617540091957
0.014856879372913308
0.019572813786123845
0.02412403027178716
0.02848438971977441
0.03262914937775236
0.036535098216766364
0.04018068198682645
0.06724664873923836
0.07025903302186583
0.07296009106040055
0.051792330960252396
0.07069788080016788
0.087411774754696
0.086108767178621
0.09315375209513269
0.0995180854018293
0.09975633028868067
0.10574665026952872
0.09914633594322099
0.09830762310679626
0.09040400006731
0.08199595026302138
0.0824827762640959
0.06516077730035023
0.048704480630814555
0.06900825992500485
0.06604105994349493
0.06283801990231323
0.036479093000143466
0.032878631378331725
0.02910609616760669
0.025185915879489384
0.021143214447609873
0.017003654284083212
0.012793277347069053
0.008538345181072283
0.004265178890458064
1.018890301671852E-15
0.004231226855952443
0.008402948491871879
0.012490174076164923
0.016468621510454105
0.020314858443546167
0.02400643711855131
0.027522022293951613
0.03084151152596788
0.033946147150058344
0.017308153206016533
0.019706957720579985
0.021924896608221937
0.04389357085926379
0.057946605459000135
0.04565815594203517
0.03716478516315345
0.030652566569232813
0.014183349523458932
0.014467299251201618
0.018554540802780784
0.014281727282868055
0.01382442907645623
0.029694656156394904
0.03513701761934222
0.044427200638513596
0.05673299173457007
0.0416999612559711
0.02053173538519591
0.018336394284653355
0.01603750747749102
0.03131765050089819
0.028245407809626845
0.025021011314591238
0.02166522776058845
0.01819948054447508
0.014645715469342267
0.011026264246839444
0.007363706582083681
0.0036807316787414814
1.1839413494138969E-15
0.00365599388569496
0.007265056556973261
0.01080542828930994
0.014255912122851174
0.017595998694535684
0.020805986110944422
0.023867094172387315
0.026761572296945542
0.02947280053486807
0.052414470652435326
0.05463581961589553
0.05663666105440082
0.03819739861926013
0.04069868023772662
0.05607460672466392
0.06107409181908005
0.0668806273709146
0.0801359763257922
0.08034352995697755
0.0841026786184076
0.07995225161333519
0.07935848952390702
0.06578459274600774
0.060337371875001045
0.053479700667390655
0.03760510011603155
0.03656502344139447
0.05412066477397615
0.051927242858779345
0.04955377589046247
0.02751732263936785
0.024830357014184748
0.02200678902194958
0.019064718399569795
0.01602286105365642
0.01290043166565463
0.009717023953107536
0.006492489323495087
0.003246814662535614
3.487429249891616E-16
0.0032280632073138135
0.006417712443588413
0.009549632433254587
0.01260497066822322
0.015565449480290138
0.018413474000505352
0.02113223537558258
0.023705808643461307
0.026119244705549913
0.0141165294822359
0.015778295616275362
0.017366947416464048
0.03391138373905995
0.04751363895521146
0.03382310039692144
0.01701955689056986
0.016835963059985595
0.01058702394622203
0.01075228814947257
0.019063574652221246
0.010718316465649877
0.010525131008261608
0.015775187686481226
0.015257434899357634
0.03215504399350478
0.04559453728533184
0.03265444392710934
0.016962929130476638
0.01542260000516418
0.01384004466323839
0.024613779935094542
0.022219107024004783
0.01970021036208952
0.017073170655952596
0.014354647114388629
0.011561772961433115
0.00871204859493775
0.00582323304998962
0.0029132344336074505
3.728800843412897E-16
0.002898593465301471
0.005764848289298273
0.008581352929303634
0.011331086723561389
0.01399752175036035
0.016564721191941162
0.019017433623294916
0.0213411826735732
0.023522351538322248
0.0420750022261849
0.043837052513809587
0.04542857312553818
0.030583217122955846
0.02750811211156264
0.04335863904298247
0.059594052978003076
0.05982402542690369
0.06650241744389286
0.06667529927246284
0.06774405207596783
0.06637434938272167
0.06590360045809206
0.05974886728687312
0.059593000756024146
0.04286709352323037
0.02693328679788149
0.02958996092175577
0.04351195866693321
0.04175518818609842
0.039852583490213256
0.02233285365668256
0.020166556388833745
0.017886055366203912
0.015505857279754664
0.01304101371229109
0.010507026791997302
0.007919752519504886
0.005295302366410147
0.0026499437508185906
1.4113447903869648E-15
0.0026382495895480506
0.005248668987356424
0.00781536335924086
0.010322775102729716
0.012755777411734294
0.01509976481213876
0.017340740130546498
0.019465397382423987
0.021461200092846192
0.01347890530606596
0.01482487603019502
0.01611597737036849
0.02793601778524432
0.034673735928664094
0.021212154207474826
0.00814839360386647
0.004611380896084949
0.009791744643347812
0.009907763593218802
0.019115209678559467
0.009891498062945646
0.009759426165210913
0.004150896621371408
0.008636294699879591
0.01994488832289455
0.03296514143796887
0.02713524842484347
0.016025451278433387
0.014760571017201648
0.01344500640067208
0.020502305557442157
0.018518518518521765
0.016428752422943588
0.014246258644901496
0.01198480398314853
0.009658584444421624
0.0072821367458839195
0.004870248084482365
0.0024378647295422427
1.4691424375884283E-15
0.002428357810787996
0.004832337001506975
0.007197272964718267
0.009508797076712518
0.011752923439938662
0.013916132957622118
0.015985454238324474
0.017948540849478868
0.019793744462759628
0.033760318857863486
0.035232850668474376
0.036565663786675175
0.025790896774973832
0.02707844154106113
0.04214388780155807
0.055326125153939094
0.0592337775525001
0.05552107154246649
0.05566815327741531
0.05376987495827961
0.05541630209346976
0.05501937748152558
0.05906950369222935
0.054292937373691175
0.04210032033842642
0.027274236328116208
0.02513514610505795
0.03498106592555542
0.033497981513522526
0.03189098983359912
0.01900855764427225
0.01717320964004328
0.015238710305110462
0.013217291849711375
0.0111216762782264
0.008964995797927413
0.0067607109986069416
0.004522527309869444
0.0022643102517711892
5.820349124939086E-16
0.0022564742107775006
0.0044912793225912835
0.006690762809974541
0.008841535644203414
0.010930553364365271
0.012945194766960903
0.01487333774186397
0.016703431801370655
0.018424566870797392
0.013482087294036963
0.014740184193945878
0.01592460734256412
0.02402722079094978
0.02676040279098309
0.015609333419207115
0.014925021417708394
0.00895051447478467
0.009183043731339505
0.009323662223086282
0.018627191756321014
0.009313266495855524
0.009160230557275686
0.009561148469311331
0.01550854322026257
0.015723453137591464
0.02644396276325828
0.023483658768740992
0.015947425837292986
0.014778700651737814
0.013533047961705635
0.017773746605173064
0.01606079112866261
0.014254402945589365
0.01236597513684365
0.010407368373054624
0.008390836793721004
0.006328951709568401
0.00423452360087044
0.002120522893439457
1.7258896612998237E-15
0.0021139948823762104
0.004208491728064121
0.006270679904201336
0.008287986175756247
0.010248151021482247
0.012139302799506247
0.013950029315998898
0.015669446367281323
0.017287262845736673
0.02670915857031608
0.02799805981095739
0.029166608775393434
0.022560771136900432
0.026951775413641275
0.03985124806126891
0.04105315295553119
0.0536527282841431
0.04619213314261664
0.046324109607922936
0.04140866624999622
0.04610886268095013
0.04576299113351411
0.05291312945468828
0.03933446216196546
0.03916944450977654
0.02653346154536057
0.022105999136024207
0.027840329828767694
0.0265365675302946
0.025122315637923925
0.016742774869486863
0.015131808464327243
0.013432231125050263
0.011654737426118679
0.009810470346244944
0.007910951711349836
0.005968010510534937
0.003993709529247709
0.0020002707528293663
1.39552536417992E-15
0.0019947887508709955
0.003971848879047741
0.005919076020936425
0.00782458189546198
0.009676766606712635
0.011464388985833207
0.01317663454716391
0.014803180649467697
0.016334258471105464
0.013799364348254541
0.015036890020321873
0.01617994844518912
0.021331053762262228
0.028330056497300988
0.019441232160059052
0.01900554421040628
0.01630817237007467
0.009134073041400447
0.009327197065990295
0.01865607169899242
0.009341224556088105
0.009160523465263118
0.016799269208287147
0.019215892152762964
0.020124415920648356
0.029035460017648736
0.0209479756763306
0.016268644779130415
0.015145536423304597
0.01392637229280174
0.015875622498042887
0.014350319253918959
0.012740489276203932
0.011056240820025787
0.009308114012789461
0.007507015135160412
0.0056641488206836225
0.0037909485941279917
0.0018990061775915345
1.9071024635189777E-15
0.0018943766504761507
0.0037724873907062544
0.005622823984446722
0.007434076627062126
0.009195202845305703
0.010895494593688984
0.012524643141227889
0.014072801356566897
0.01553064301646615
0.020816053437928854
0.021996794476796457
0.023068226568271868
0.020293580919802334
0.0219378403407164
0.03187595244049459
0.026174607217533518
0.040445203237287945
0.03827819269781043
0.03840535942792837
0.030806929834963373
0.03822599313797261
0.03792039334457153
0.039211354603932755
0.025323658128058053
0.03053626624401655
0.020771427852564556
0.019969445908414197
0.02201858265532874
0.020835112578670576
0.01954808843323146
0.01514258584454859
0.013689633232426602
0.012155621864993946
0.010550164881389403
0.008883293100554647
0.007165392548762901
0.005407139946446828
0.003619436553900138
0.0018133407843727483
4.756963193530176E-17
0.0018094180900319076
0.0036037940082469726
0.005372124644471182
0.00710359053206503
0.008787621854596027
0.010413962781401375
0.011972733741575441
0.013454491259357569
0.014850284989616025
0.014412639981921715
0.015617567149868415
0.01671862165093483
0.01941499320140554
0.032773157239523704
0.024146786728113018
0.019609290342308596
0.022462074292013714
0.010267663866901183
0.010492360342019941
0.019838566509770044
0.010536166555627197
0.010355265480343214
0.022892797990196334
0.01948056208506175
0.02454099674264481
0.033216475096308165
0.019140129092510682
0.01684942762860992
0.01577730051420701
0.01460392388439594
0.014521222122820802
0.013129576318167111
0.01165981713250969
0.010121138014664561
0.008523137976574358
0.00687576187744451
0.005189238702476344
0.0034740182182236984
0.0017407063958158112
1.4200230634294128E-15
0.0017373792535248429
0.003460750568362354
0.005159539561485527
0.006823342980653039
0.00844199224995582
0.010005615456471113
0.011504697400997485
0.012930137348569324
0.014273304129172147
0.016340790819097777
0.017462126262885475
0.018479729244274053
0.01866987495032426
0.012822330427124391
0.020408787043256854
0.024898784577347587
0.022889668923284874
0.03185967286289848
0.031990545171404476
0.02281060724327655
0.031850897384955744
0.03158107353484179
0.02158467530369412
0.0253350915902692
0.019032508720897918
0.011297441068120266
0.01843684456112021
0.01777604260422467
0.016685692278540974
0.015496318295319823
0.013994328584081958
0.012654679837936163
0.011239413419892421
0.009757366466507471
0.008217771418262547
0.006630198648214514
0.005004497115001489
0.003350733407389648
0.0016791295566441927
2.8842538837402254E-15
0.00167631191687328
0.003339497508489484
0.004979345999419927
0.006585807068179976
0.00814905230301712
0.009659535194490584
0.011108049299684791
0.012485784224255916
0.01378437908291358
0.015226744914191867
0.01636637606982373
0.017404858856832406
0.01803861692133788
0.03370346909152437
0.02565898123756385
0.016866528541573046
0.027614802189727346
0.01239214544522044
0.01261617513706898
0.021968583686254577
0.012676089918310195
0.012512733083847606
0.027928702283755005
0.016462434822216702
0.025575327978445368
0.03340668060468213
0.01784164208043082
0.017543817410208194
0.016539157058149206
0.01543910307319199
0.01354857115844762
0.012252950983885342
0.01088381640248179
0.00944970230321114
0.00795953029846899
0.0064225533456010574
0.004848298416957429
0.003246507573134402
0.0016270778027911905
4.9711481695243664E-15
0.0016247025454883635
0.0032370357671769392
0.004827096171888857
0.006385131545151534
0.007901600640546548
0.009367231488444053
0.010773077968523516
0.01211057430153962
0.013371587129260407
0.013725318633494273
0.01479026891937546
0.015759214305565598
0.017505947700947686
0.0046237078068914975
0.013054770059429623
0.027912515302562668
0.01055679801441592
0.02709400064633638
0.027233212823916247
0.01881853468647355
0.027136139880658917
0.02690047089418941
0.010473200211366827
0.027856935555035583
0.012990660531282268
0.004653959128956705
0.017340507776021925
0.01545717491396971
0.014470390631467624
0.013395624635708316
0.013173533359923547
0.011915019650557078
0.010584747402741124
0.009190996056044431
0.00774242472715456
0.006248018519874315
0.004717032902416344
0.00315893649576305
0.0015833526258695026
2.635495413466133E-15
0.0015813671279521749
0.00315101893538437
0.004699309784057648
0.006216737382103754
0.007694000992688953
0.009122058333469492
0.010492180819400057
0.011796006812016752
0.013025592550939056
0.016037507477488708
0.01708904025144634
0.018049301977185097
0.017059904568938907
0.029730919892485462
0.02337863558705486
0.013882242975083703
0.030474128935016626
0.01485975615305786
0.015068006555129949
0.02432871915769352
0.01512853589983578
0.014981603462224035
0.030558119415976647
0.013918849661688423
0.02286051412794432
0.028787142418698484
0.016922451818412638
0.018154659227826914
0.017225258445174467
0.016211477622219184
0.012861044675940106
0.011633535736639725
0.010335712165391581
0.00897563904764491
0.007561755518893956
0.0061028224960162905
0.004607868489190507
0.0030861338289834474
0.0015470136525503593
2.7040170617232933E-15
0.0015453766227207263
0.0030796058552994545
0.004593255909147277
0.006077031449698347
0.007521830580312945
0.008918800579122779
0.010259392048029142
0.011535411143218282
0.012739069568689554
0.013114102454707777
0.014088116258386924
0.014982816903958009
0.016691100747079697
0.010327300402457981
0.016492480606057784
0.023853149736247938
0.017066492692682136
0.023988748490764666
0.0241351973702198
0.019195628897660365
0.024076946038070285
0.023872850963424716
0.01774742694584761
0.0231223337125618
0.017177223378183865
0.011442799096614775
0.01657885584872862
0.015020419779480201
0.014152689700125818
0.013215202648452802
0.012604699581220532
0.011402737382908118
0.010131620185261531
0.008799235330315968
0.007413839913159063
0.005984009696894028
0.004518586115971991
0.0030266216949512
0.0015173242190143468
1.2408440560539362E-15
0.0015160034130009103
0.003021354726475698
0.004506796245605236
0.005963200715942809
0.007381627315089599
0.008753376451609618
0.010070043035637213
0.011323567895695486
0.012506287027607269
0.016608128218638732
0.017566413690070025
0.01844551529148356
0.01639219753332362
0.02259902216120879
0.018399819521396577
0.01818308501912773
0.030070990619468618
0.017140954243566247
0.017330700764675935
0.026189140043949975
0.0173819197714364
0.0172439629075716
0.029924869413742387
0.018933558236349415
0.01772948641083531
0.021486005205410216
0.0163030014868304
0.018478948782966794
0.017620130425321283
0.01668860376825043
0.012399509771529723
0.011218138743401485
0.009968509378504574
0.008658364370337311
0.007295813132388701
0.005889281682094553
0.004447460615540695
0.0029792514937035737
0.0014937119704682422
1.5403472871297554E-15
0.0014926825331015316
0.002975146414707951
0.004438271585383681
0.005873063161207688
0.007270706647693013
0.008622622008377004
0.009920516256839798
0.011156434250419518
0.012322807374817727
0.013886088606489927
0.014766966609094174
0.015584951454581853
0.016157521561483233
0.016254516108278463
0.020619237262091222
0.01748639994441156
0.024002447568066812
0.022223319585830594
0.022371534691522227
0.021886628945398372
0.022339618642675772
0.022160006361543527
0.024306082154287
0.017277184382955574
0.020830686358712176
0.016778342703322173
0.016089728230590405
0.015793691096108595
0.015016233984943846
0.014181553294370266
0.012241651830627209
0.011076303439814578
0.009843346313627413
0.008550408863448301
0.007205484406093612
0.0058168818202393715
0.004393174290425125
0.0029431464544604786
0.0014757402795413292
3.828538362829922E-15
0.0014749835446453414
0.0029401288293667348
0.004386419477512644
0.005804959666127883
0.007187028762763476
0.008524134858662323
0.009808066870153313
0.011030944889174485
0.012185268474425654
0.016742211932059683
0.017617775501628696
0.018425433876585826
0.015982787528709377
0.01651401736512804
0.014322145660366404
0.025104726554767823
0.027562894532810297
0.01894807144302665
0.019122347264693532
0.02701937427976361
0.019160162504625818
0.019023989548001448
0.027372169230692002
0.025577377114511374
0.014165884851127278
0.016030529127857063
0.01593518630004707
0.018362214818192335
0.017558741581764473
0.016692380863358672
0.012128285123691046
0.010974681112940322
0.009753882124997941
0.008473430582415726
0.007141233191078744
0.005765512186420754
0.004354754658463278
0.0029176602675237257
0.0014630876723658438
4.435656897588974E-15
0.0014625903074023123
0.0029156769298889513
0.004350315050558846
0.005757676340100049
0.007129103207221993
0.008456161982296935
0.009730694707841938
0.010944869218247747
0.012091227201861763
0.015109683065943721
0.015940058052878014
0.016714834740227533
0.015864899825910255
0.01782489853630858
0.020169995043209644
0.020586895813936273
0.025938581040302323
0.02119553737092699
0.021340251979472948
0.02469392725545646
0.02131816015852706
0.02115165680395668
0.0259475769575676
0.021280364946402487
0.019805649105119554
0.017706083742496808
0.015836661327487518
0.01694292699754043
0.016200056201146288
0.01540248104274592
0.012057423013991611
0.010911491925411155
0.009698550779602463
0.008426082790695302
0.007101936019156292
0.005734275035344666
0.004331530647315591
0.0029023480018592032
0.001455533378036423
3.406898025473893E-15
0.001455286797782718
0.0029013647161457413
0.004329329608805111
0.005730390233526501
0.007095922300628269
0.00841752148700467
0.00968705509015374
0.010896712005366484
0.012039050719147454
0.016332034722080963
0.017149063894056224
0.017906913438301846
0.015801815300151432
0.015851744703185136
0.015809247001362697
0.026583609419017096
0.025900971148198042
0.020224605851110394
0.020390070016765786
0.026527982131343244
0.020416117728788406
0.020276687370040247
0.025867153684957497
0.0263124839623456
0.016312520019167047
0.016132600971311976
0.015792455509406726
0.01774498663569172
0.016972581816426864
0.016143638812714193
0.012027846164577624
0.010885648950797277
0.009676400843695011
0.0084075516104611
0.007086917623864612
0.005722633777817843
0.004323103446453306
0.002896946794167837
0.0014529477539601734
