1.0
0.9989725854527317
0.9958941397184484
0.9907760398146934
0.983637191833772
0.9745039478168533
0.9634099899352785
0.941160658491713
0.8986527666093229
0.8449766008514733
0.8173171895527352
0.8064843492546497
0.8032648709770395
0.752112267612383
0.7274114327974682
0.7011797821568938
0.682961403739701
0.6544291580902327
0.6067497919347145
0.5672648152556972
0.527050017966714
0.5038765028861897
0.4800543325662668
0.46460332589066505
0.43089543207530706
0.38797123826039404
0.35439077586312256
0.32025146013508377
0.314610337966411
0.26258339758080335
0.21983663274259566
0.1959384793037677
0.20009333825996878
0.19295571425666339
0.17008068053330966
0.13927376632762742
0.10934235931995497
0.08037172439209761
0.05244210162743645
0.025628413765296554
2.523224780892244E-16
0.024379622781927776
0.047452970371682675
0.06916877240348833
0.08948212364992686
0.1083546049309982
0.1257543732716563
0.14993612358377376
0.18807139381746954
0.23707427074591808
0.2573806850808341
0.258070896219607
0.24795294084078473
0.28422762957343617
0.2893280706838439
0.294573831176066
0.28884791658893905
0.28976413170696236
0.30424424073634193
0.31035116806514174
0.31441395185803855
0.30287521055914873
0.28954855497310017
0.26871826296564544
0.2613378987791384
0.26063023789818285
0.24925130544969992
0.239245301574662
0.19772869203644225
0.20428025048492854
0.20074639141680456
0.1791389891817335
0.13100702192697974
0.09832111991470878
0.0782643459278002
0.0650953767031486
0.05187566279556195
0.03868235100081241
0.02559056798265014
0.012673085182488462
6.274040828930552E-16
0.012361565328204514
0.024347745827527915
0.03589819564672865
0.04695632858088978
0.057469536274566496
0.06738938324713085
0.0711754887143163
0.07337065496924737
0.04997490467378759
0.049583548732668584
0.06412437324882882
0.08104589001311721
0.05584809056435696
0.059615352294780946
0.052625259721158515
0.057444309100950615
0.05905510641835232
0.05853324283057804
0.06611813576825673
0.07077138036476839
0.06528236756074936
0.055490925969578546
0.05227801764644895
0.04861869867599187
0.04394385076276824
0.052456323088193445
0.04849698518485453
0.07192785641305903
0.05810215755623816
0.04485563847034966
0.04524079117675329
0.06689183494626717
0.05600224944021451
0.05093822132600369
0.04256756538062789
0.0340797816274523
0.025527457685862728
0.01696268746207063
0.008436783880032273
1.1447783377166389E-15
0.008298740059595189
0.016412099049191557
0.0242945720909187
0.031902718564963246
0.039195379273757366
0.046133877870154216
0.055934740731836616
0.07022908677446169
0.10620809219291279
0.1199086737859026
0.11814195108817116
0.10505019043800141
0.1441998541339815
0.1468818968967473
0.15562165777307954
0.15407466721138205
0.15528793475736946
0.15837170146315216
0.16290887709393714
0.16311887675266018
0.160886173405991
0.15455075463289167
0.1506973649892283
0.14806222826936583
0.14755652512290396
0.1367013242246873
0.13268169462128482
0.09131994281867292
0.10276359627732631
0.10252034753230224
0.08795200199178917
0.05379219302556006
0.044927886350097625
0.03785067190997258
0.031703191580882674
0.025439031390898818
0.019097499119955334
0.012717877975441449
0.006339196069147604
8.200643764306284E-16
0.006261866202462357
0.01240947556178461
0.01840702490262292
0.024220032755729155
0.029815527373654435
0.03516222387761127
0.042431256646262114
0.06403791149014752
0.04185249766565733
0.040324446742313634
0.05211920374097125
0.058070996742543506
0.042174447477775115
0.04348506102199207
0.026788380566142782
0.01135699589416402
0.012655850281006716
0.038036001407418425
0.06254828264886933
0.07155006120659807
0.06254881914790339
0.03772915068933412
0.011389755838201279
0.009740639454611776
0.026569723269172032
0.042914741310483916
0.04161196774846617
0.05560237199447183
0.049978328643752706
0.03798640181917552
0.03999341870141925
0.06276262676843554
0.03942063362084135
0.030194876749065215
0.025325216019945685
0.020348602879242443
0.015296350844887643
0.010199922616159783
0.005090740693766074
1.5867629981836744E-16
0.005041516417228832
0.01000361754009122
0.01485687937291265
0.01957281378612366
0.024124030271786834
0.028484389719774083
0.02900775316552365
0.02418521305243128
0.05083081695733024
0.06289296904307894
0.06315103539406716
0.052380520606377
0.09139794454082517
0.09303634569666638
0.10483074001729872
0.1085602266803708
0.10939513892365448
0.0990743876945552
0.09829990555384574
0.09162502083770806
0.09698162260994568
0.09681219166835528
0.10678403824077584
0.10512256063958474
0.0999195519211453
0.08704221523999199
0.08454153556911079
0.04645659461896911
0.05512139122531001
0.0537874136518876
0.04104088894336745
0.014276431677195028
0.023360613593814125
0.025185915879489103
0.02114321444761024
0.01700365428408436
0.012793277347067799
0.008538345181072124
0.004265178890457281
4.518102931400536E-16
0.004231226855951705
0.008402948491872928
0.012490174076164332
0.01646862151045315
0.020314858443545875
0.02400643711855361
0.0354395287720163
0.056400515555320316
0.03376392703505535
0.028985477188035152
0.03846139174748553
0.04330151718318449
0.0353430226222918
0.03638395804468644
0.02455287811904785
0.004425981706652944
0.005510114943901308
0.03046432336882673
0.056431868442886224
0.061384070247536546
0.056142579015938325
0.030025875650035793
0.005583861744518381
0.0045499926771627
0.024098780316111425
0.034695530620833866
0.03335945749653904
0.03962204226625623
0.03425103592011773
0.025906783814186225
0.03131727490766726
0.052267245112555726
0.03383905607893715
0.021665227760586787
0.018199480544475226
0.014645715469340972
0.011026264246838694
0.007363706582084265
0.0036807316787421983
3.0144170961207524E-16
0.00365599388569474
0.007265056556972702
0.010805428289309067
0.014255912122851854
0.017595998694535195
0.020805986110944297
0.014966803271195902
0.006592949841496728
0.03042623371240855
0.041062201190468786
0.04128483099625164
0.039516461109291606
0.05992365892711281
0.061260046877975545
0.07068943862755418
0.07843578030115309
0.07905078523990101
0.06444593508219441
0.054690962333983136
0.045460593996168905
0.053873424040978085
0.06331004864226376
0.07708882201301233
0.07584319765925183
0.06719358643594164
0.05820909641698411
0.05641743103575706
0.04088778333572614
0.04100153883237351
0.04092098717315255
0.031278049247381624
0.01174445041570611
0.012763764396251999
0.01906471839956765
0.01602286105365419
0.012900431665654242
0.00971702395310584
0.006492489323494979
0.003246814662534172
2.1474253530143522E-16
0.0032280632073113753
0.006417712443587656
0.009549632433254756
0.012604970668225345
0.015565449480290934
0.018413474000506407
0.03027829462317143
0.040353908078481694
0.02491160658649925
0.01758042837597117
0.018886580078566
0.023722778178041717
0.02259592025180001
0.023666510436026206
0.02106190389044687
0.009573518339439676
0.010465744846725319
0.02235827923241518
0.042215243178956426
0.04216438856425848
0.0418211773599444
0.022014877085421877
0.011061698395429557
0.010390062253083813
0.020761603086121246
0.021645697983681454
0.020238985411213495
0.019697606444730346
0.014604432038756643
0.015019383649538963
0.022321401522075165
0.034743675800834845
0.02831892143549854
0.01707317065595277
0.01435464711438947
0.011561772961432565
0.008712048594939294
0.005823233049989273
0.0029132344336089554
0.0
0.002898593465299435
0.005764848289296265
0.008581352929303265
0.01133108672356144
0.013997521750361591
0.016564721191943233
0.012478675609426261
0.020415008324553036
0.035367960325203014
0.0435775913485518
0.04501420277268582
0.04804143071222585
0.04766751296075876
0.04897287008956486
0.04767261039678974
0.05534515459853018
0.05584967956061903
0.0510213426776632
0.03667754398244525
0.039241604509147814
0.036626348456056876
0.05073673386281039
0.05436695223845089
0.05338329895302963
0.045620284707612466
0.04845632285532195
0.04710226713916779
0.04916790553029685
0.04610052735445177
0.043830145425751615
0.03573625878450509
0.022291736516000783
0.013763562530484151
0.015505857279753423
0.013041013712288555
0.010507026791997371
0.007919752519502223
0.005295302366411285
0.00264994375081773
1.2677006378196395E-15
0.002638249589546614
0.005248668987355597
0.007815363359241812
0.01032277510272636
0.012755777411733242
0.015099764812138676
0.02365098556455834
0.022261570038785684
0.014850532917973357
0.007121490906345301
0.0045080459408150045
0.0047360658466436755
0.010230983348635024
0.011264318563451654
0.01987195518158066
0.018224097927566803
0.01895672175492615
0.01632124992979907
0.02682360035648021
0.022460409974540876
0.02646515213986245
0.016045356828605226
0.019582162928215435
0.01906988495442459
0.01985561629381929
0.009783893323576005
0.008540875316157761
0.0017062946512940694
0.00535317058764982
0.004526212228929368
0.012233330839911639
0.01796375528631879
0.02113530824260766
0.01424625864490044
0.011984803983151148
0.009658584444420071
0.007282136745887571
0.004870248084482688
0.0024378647295415917
1.841072278498137E-15
0.0024283578107878404
0.0048323370015064876
0.007197272964718399
0.00950879707671052
0.011752923439939271
0.013916132957618845
0.01713722559124645
0.02273525478960821
0.03197198662994811
0.04027473785210029
0.046005469163400974
0.048707773950252865
0.04648291501415414
0.04762907122659942
0.036075796168874574
0.03870755735116987
0.039159800065116546
0.04681341995241547
0.04190952557882757
0.051333168841610134
0.04209821596780729
0.04656788425521852
0.03817875822781314
0.037411916004834976
0.035281926517865624
0.04744376808614972
0.046296045970855036
0.047349936979379725
0.044725820202630794
0.03773842608663867
0.028992075636408616
0.021506711107607903
0.018629055505834227
0.01321729184971344
0.011121676278226286
0.008964995797926222
0.006760710998605991
0.004522527309870884
0.002264310251772456
9.873578538270515E-16
0.0022564742107762503
0.0044912793225886675
0.006690762809975229
0.008841535644208642
0.01093055336436515
0.012945194766962119
0.015489620805431977
0.013439172289811825
0.01108444320813525
0.006752345347262087
0.011905650473141401
0.00986823975479293
0.005040939980118495
0.005702779145368646
0.019557119484967432
0.0255670065847126
0.026169146229717322
0.011987625631524796
0.014188854527321335
0.006490857248977116
0.013920862998947415
0.011925037937545463
0.026582170013556138
0.026124982661804345
0.019434535183254303
0.005940054198531251
0.005435942517059127
0.011975188182934922
0.013264711190259734
0.009625208177341247
0.013329609081549969
0.013979647783440878
0.012646751702448701
0.012365975136848008
0.010407368373055264
0.008390836793722746
0.006328951709569999
0.004234523600871872
0.002120522893440485
1.2589116544720792E-15
0.0021139948823744644
0.004208491728065252
0.006270679904200435
0.008287986175758207
0.010248151021481987
0.012139302799507918
0.020911782458938835
0.016590702170157453
0.018982903982187098
0.02771581636349132
0.03691874089420314
0.03813746755712698
0.043087369832696544
0.04400687243433176
0.03164079189169708
0.02850775745692141
0.028914007338299665
0.03922532076450075
0.046215571570400155
0.05237828008789182
0.0462157712329564
0.03869394560188568
0.028362078100386094
0.02778255386527848
0.03122291782748638
0.04289971669053494
0.041819094419531785
0.03522734129058526
0.034083566165421096
0.02411808744318162
0.015101208132841425
0.014243197618795618
0.0215341923487676
0.011654737426117027
0.009810470346245829
0.007910951711349225
0.005968010510532565
0.003993709529247271
0.002000270752828093
1.4958650851310632E-15
0.0019947887508714596
0.0039718488790481
0.005919076020936346
0.007824581895465182
0.009676766606712142
0.01146438898583531
0.006816032695330462
0.016750710793432683
0.020450383251454367
0.016869385869910408
0.015229170033472635
0.017747458847912984
0.00904246607767008
0.009623782531184346
0.018056765740681463
0.02929510510236978
0.02978686842753353
0.01601765629277311
0.005762222830946151
0.005776372480025595
0.00564071823598163
0.01645198456170515
0.029887101772235487
0.0294329837877198
0.017847688348765336
0.010408286965164134
0.009905646632743497
0.018534995719231093
0.015060203728676797
0.01840870879531564
0.02250056500505327
0.017464500453219893
0.004382978246823462
0.011056240820024354
0.009308114012792336
0.007507015135159149
0.005664148820685502
0.0037909485941275993
0.0018990061775903766
2.2630768292467063E-15
0.0018943766504773702
0.00377248739070736
0.005622823984445493
0.0074340766270605966
0.009195202845303794
0.010895494593689955
0.021755524394824168
0.011315857623563633
0.008322120430155483
0.015227035902065424
0.025436547478568432
0.023831298814594563
0.03337497870909611
0.034108463358713745
0.02773622177500249
0.022728217002802847
0.02308536068740806
0.02675419458355952
0.04219585637183343
0.04058900735759666
0.04200539411556913
0.026073602123247067
0.022740491960708313
0.022273351861285033
0.027113136146001603
0.03224106671956973
0.031212265620423434
0.021573893253815247
0.02397149892654101
0.01358353523071661
0.008181085394743718
0.012028016603480128
0.02134642738848481
0.010550164881388725
0.008883293100555809
0.007165392548761661
0.005407139946446215
0.003619436553899916
0.0018133407843708422
3.2004678555217385E-15
0.0018094180900289174
0.0036037940082451632
0.005372124644464466
0.007103590532064517
0.008787621854596384
0.010413962781401893
0.004186639434979087
0.016799358788910496
0.024510589946634253
0.019531500677492417
0.012409225251181993
0.01933467424912402
0.014120815103582207
0.01496833785174097
0.017438336035434255
0.028853703481300477
0.029266890188785102
0.025312786384070612
0.007291531905183843
0.015726948375452233
0.007441129723088362
0.025734084840254023
0.02908276277057194
0.028609932250401888
0.017617484371361607
0.01576379431141583
0.01502475651918214
0.019037567193487613
0.011160954663440881
0.01875204611104913
0.023878710015721342
0.015481890022838585
0.006304516198823031
0.010121138014664651
0.008523137976574937
0.0068757618774477145
0.005189238702476658
0.0034740182182265776
0.0017407063958171586
2.0204722447513576E-15
0.0017373792535239805
0.00346075056835918
0.005159539561482107
0.006823342980657967
0.008441992249953803
0.010005615456474496
0.019480532019950054
0.01641045814018338
0.010998189826205675
0.013559642940150858
0.02395928081387513
0.017273377681767003
0.021189224642904816
0.021890980057302892
0.021884140696503532
0.0186395408972121
0.018994598185336727
0.014220679430072098
0.03301685877440524
0.024204582061666886
0.032777226927165094
0.013733573635120105
0.01873308136299834
0.018288765487464317
0.021042684876042314
0.020442070773460854
0.019504134272928842
0.01722059172036287
0.024898895034079757
0.014558359605834644
0.011944873904537634
0.018384202255685538
0.018130031300886723
0.009757366466510311
0.00821777141826137
0.006630198648216509
0.005004497115000504
0.0033507334073894215
0.0016791295566437588
4.315133554393277E-15
0.0016763119168711426
0.0033394975084880363
0.004979345999424535
0.0065858070681805315
0.008149052303018513
0.009659535194492355
0.010918638823686776
0.010423816120628858
0.0192659930453482
0.014308928831374084
0.006101699591889613
0.016855569992477212
0.0189154152449258
0.01977331899621901
0.02059493744544571
0.02540789281168823
0.025790125303938115
0.031144624461517365
0.01344161622920365
0.022734836144660254
0.01358081722652437
0.031266343691160735
0.025480391117845915
0.02499515067062125
0.02118767240822836
0.02032925220914971
0.019581435932015095
0.01633184364868131
0.00482493228998355
0.012923643020473519
0.016957788245489165
0.007660199057555595
0.012907246801081435
0.009449702303209694
0.00795953029846782
0.006422553345598625
0.004848298416953841
0.0032465075731354376
0.001627077802793195
1.0560512570931111E-15
0.001624702545489629
0.003237035767177713
0.004827096171888297
0.006385131545154603
0.007901600640547408
0.009367231488444235
0.014518439975306639
0.021455879106466857
0.013087215250853532
0.01793472314263366
0.02773944327823966
0.01742820641606494
0.016856098558645314
0.01761280897206297
0.01497907797939871
0.01614658776374544
0.016563150828192038
0.010444277447646666
0.02544435663971078
0.021198623124688117
0.025331786751948818
0.010590497331190085
0.0165090167238767
0.016073180972669784
0.01413675785161906
0.01808706228913321
0.017444219102786332
0.01709266923204961
0.027981014090905913
0.01889126038158127
0.01311580010796382
0.021875367255337404
0.01245260261003866
0.009190996056048955
0.0077424247271532095
0.006248018519874105
0.004717032902417007
0.0031589364957633082
0.0015833526258753929
3.9378136758308505E-15
0.0015813671279551402
0.0031510189353875224
0.004699309784060059
0.006216737382103053
0.007694000992686729
0.009122058333467388
0.016268323921573756
0.0017804936338480012
0.013026793915331049
0.013644682946373098
0.005997627727056629
0.016281353888104904
0.02141624376130835
0.022086529467858787
0.025299897686048595
0.02180464623602792
0.022199358711647053
0.030266653582627926
0.017701623212945265
0.02438633072307666
0.01776913121366774
0.030053549573800614
0.02202569000325673
0.021575816130169095
0.02578994652201981
0.022113121401845792
0.02147813164468851
0.016958668351106293
0.007578415840853421
0.015489877228693627
0.013366125403719693
0.003278408688430486
0.01745963374966167
0.008975639047643983
0.007561755518893262
0.006102822496020744
0.004607868489192232
0.0030861338289874625
0.00154701365255018
3.7484870546739315E-15
0.0015453766227193008
0.0030796058553034045
0.004593255909147561
0.006077031449700005
0.00752183058031235
0.008918800579126683
0.007668970198640889
0.020599942970869343
0.01249509350526182
0.020546056647763617
0.02595278026954705
0.013276186155971781
0.02201442179898683
0.02267152581750292
0.009161366799940816
0.017292912010957853
0.017732156455808706
0.015194976511228107
0.02390886995504373
0.030361225374683377
0.02392467023953049
0.015442464986432385
0.017966734909982768
0.017612157709156005
0.008686650210988946
0.02342487893510488
0.022897851281648795
0.01185327890168854
0.02458181205435031
0.020560251401411194
0.011978049574052163
0.01917810847221372
0.005209563095264514
0.008799235330314155
0.007413839913160978
0.005984009696889249
0.004518586115975006
0.0030266216949540255
0.001517324219018777
2.0085957690256912E-15
0.0015160034130045257
0.0030213547264716124
0.004506796245606611
0.00596320071594109
0.007381627315094265
0.008753376451609918
0.018955812632015612
0.009080990912522844
0.01731938183582443
0.02148345828096439
0.013029605251885042
0.021492810618383235
0.020202760784248774
0.020672446401869354
0.027792285996655113
0.021244455424943017
0.02163513026829843
0.024111456862140054
0.018960243457933384
0.01917178111871096
0.01896037563137862
0.023749697682090384
0.021738232671778174
0.021389025079534666
0.02783917173851449
0.020192042293665436
0.019659902581129634
0.022749320964589124
0.014318078734545244
0.022883630620523558
0.018773509779818547
0.011042752551812873
0.019187564791048474
0.008658364370331822
0.007295813132381453
0.0058892816820973705
0.0044474606155392865
0.002979251493709831
0.0014937119704618595
1.1395478531979399E-15
0.0014926825331015104
0.00297514641470356
0.004438271585384464
0.0058730631612075425
0.007270706647693803
0.008622622008376395
6.73052730376691E-4
0.014509806567915038
0.009597032148439627
0.018731504905650127
0.01822645068251761
0.008134731676224477
0.02498637609663408
0.02558838452218023
0.008536260997765317
0.02120325905328166
0.021586677737102124
0.018970367838510582
0.024483432649834994
0.03368133877566058
0.024476824766415814
0.01908203586249975
0.021890915516510883
0.02161502989912701
0.008984027629138998
0.025540554482464506
0.024924483082616973
0.008825517498390185
0.016283905639797105
0.01759455373321952
0.008360836549174248
0.012326879964801047
0.0027073319048422717
0.008550408863443191
0.007205484406097816
0.005816881820238261
0.0043931742904252565
0.002943146454461185
0.0014757402795407273
2.608869687414987E-15
0.001474983544644863
0.0029401288293652364
0.004386419477513308
0.005804959666126563
0.007187028762766442
0.008524134858660782
0.0186481229218773
0.013684427598978735
0.020132507566072242
0.02390159036398184
0.016950313160249836
0.026507945333334518
0.016877001131730032
0.017328515836757097
0.026384471509036656
0.023511494711884642
0.023851547446906162
0.01815869163352284
0.018698566890607747
0.010366480792863548
0.018700580925447633
0.017991945872944778
0.024041967049135117
0.02377049449709181
0.025935286210533894
0.01699252987357626
0.016470097355921687
0.026922772809854244
0.01710508153101698
0.02315172024592312
0.019516191437132516
0.013912620718579896
0.01790945740742204
0.00847343058241391
0.007141233191081525
0.005765512186415212
0.004354754658464792
0.0029176602675257133
0.00146308767236309
7.465513308729909E-15
0.0014625903074004902
0.00291567692988719
0.004350315050558724
0.005757676340100471
0.007129103207222043
0.008456161982296933
0.007647689920529718
0.00886928558008515
0.0064378186104941315
0.014270608608986518
0.012040174130292533
0.016175978184119692
0.022516640619801017
0.02308792138148217
0.013926633148758588
0.024613117049743866
0.024927096829150824
0.019636984039550446
0.022922098351313664
0.02750765644196544
0.022853929430466033
0.019587274697637276
0.025089277992967823
0.024832102177851097
0.014768574806203189
0.022368639148005725
0.021676353071176758
0.018234171548326926
0.012008916334427107
0.013925498795935541
0.007384895203852299
0.008846327518368953
0.00985374157893742
0.008426082790695047
0.007101936019156079
0.005734275035341534
0.004331530647310732
0.002902348001856898
0.0014555333780397297
9.079006336442294E-15
0.0014552867977761608
0.002901364716144362
0.004329329608804458
0.005730390233517382
0.007095922300630449
0.008417521487000966
0.015450439904001287
0.012510431331856812
0.015268473680949309
0.01861408266400506
0.015570599800700457
0.025776111193383647
0.01695967507937982
0.01759362077370153
0.021460620377996335
0.025427556672400774
0.025713120251019985
0.017730604262968516
0.019945326541860254
0.015335589255882798
0.020007654290582468
0.017824599868924186
0.02576566844606383
0.025498580091674234
0.020675349002137737
0.01815066642807246
0.017595232166078625
0.024761870220047957
0.014670866636367443
0.01684769457170009
0.012994557447828927
0.011314673798059234
0.013860968100743809
0.008407551610463849
0.007086917623863163
0.005722633777811158
0.00432310344645249
0.0028969467941669658
0.0014529477539600327
