1.0
0.9989725854527292
0.9958941397184462
0.9907760398146905
0.9836371918337672
0.9745039478168513
0.963409989935278
0.9503961825331814
0.9355103927392273
0.9188072805050689
0.9003480590739823
0.8802002270235774
0.8308846343033377
0.8076249581694382
0.7464010526290654
0.6925074350993672
0.6556919487114551
0.645317156495427
0.5975503360407812
0.5487365372898829
0.5080239710356932
0.4853351046222461
0.47087689247919123
0.4556197606647655
0.40425851674626045
0.3803423765593617
0.37446731738005307
0.37557851368927425
0.34147588386713923
0.3339538200796375
0.30020068627509605
0.26683328132118755
0.2339567767589836
0.20167312991975275
0.17008068053331013
0.13927376632762742
0.10934235931995494
0.08037172439209757
0.052442101627436774
0.025628413765297068
3.1496948157508303E-16
0.024379622781927603
0.047452970371682675
0.06916877240348822
0.08948212364992592
0.10835460493099787
0.1257543732716559
0.14165622109465528
0.15604160438810807
0.1688986399392122
0.18022207187652933
0.1900132079121806
0.22250833017389365
0.2291165267785685
0.263389839725768
0.2964562727022838
0.31060465654484337
0.2977103409412568
0.3123161555975718
0.3270268769725406
0.3340526509211576
0.3193989463203531
0.2974370790725969
0.276399738192073
0.28132967328155656
0.25977711984861995
0.2198058099714329
0.18439119550087213
0.17371681323984317
0.14055159595840253
0.12883908052317392
0.11667245240793722
0.10413347464621747
0.09130375337943847
0.07826434592780009
0.06509537670314824
0.051875662795562036
0.03868235100081252
0.02559056798264997
0.012673085182488247
4.463135523797048E-16
0.012361565328205546
0.024347745827528706
0.03589819564672875
0.046956328580889745
0.057469536274566656
0.06738938324713163
0.07667177800935197
0.08527711967004847
0.09317041956355235
0.1003213975620865
0.10670455287113914
0.09868052457033422
0.10361573476243112
0.0897173394102739
0.06331211606501054
0.046414013892449785
0.056694558196053575
0.04694273456312776
0.03572825650216834
0.02559916900988686
0.03432696386197469
0.04351352712549399
0.051025163441970035
0.0401479217968573
0.05745988053572779
0.08371110731535569
0.09254121110216577
0.08693314151279327
0.08919691902778074
0.08219714680739833
0.07482035430154851
0.06711710121238222
0.059138962311212864
0.0509382213260044
0.04256756538062836
0.03407978162745214
0.0255274576858628
0.01696268746207169
0.008436783880032732
1.005330213955253E-15
0.008298740059596597
0.01641209904919198
0.024294572090917836
0.03190271856496322
0.03919537927375689
0.04613387787015442
0.05268220563223915
0.05880718876800716
0.06447863753738955
0.069669476586109
0.07435585599533799
0.0883011038928234
0.0915241009921962
0.09133433880172402
0.129301510197774
0.15157933323671594
0.15843685719146472
0.16076283365333668
0.16919766199377537
0.1812441034126138
0.1668356745299378
0.1565896164010314
0.15340967014986537
0.14269421495805298
0.11741574105225407
0.07657310316031374
0.08066995446374954
0.07638211250693047
0.0654898609670128
0.06049987700365061
0.05520449656085655
0.0496396405249363
0.04384237336355581
0.03785067190997292
0.03170319158088215
0.025439031390899623
0.019097499119955785
0.012717877975441388
0.006339196069147538
5.874150002112167E-16
0.006261866202463958
0.012409475561785902
0.018407024902623977
0.024220032755730186
0.02981552737365617
0.03516222387761025
0.04023068962729703
0.04499349698177987
0.049425362699365996
0.05350327330829053
0.05720659586665593
0.06976222867854161
0.07268734971567928
0.08478542423357643
0.05092044077684297
0.027715394912098387
0.02837356985311781
0.021446451145314537
0.021925743079340778
0.018518518518518896
0.022059470169374314
0.0212973605449063
0.028118155859244476
0.02879342981417079
0.051912372143701195
0.08683826681899223
0.07106167721832608
0.06814192841195453
0.05187727902217802
0.047993586651200744
0.04385524009181531
0.039489974235266706
0.03492661100535019
0.030194876749065215
0.025325216019944998
0.020348602879242117
0.015296350844886248
0.010199922616160118
0.005090740693765577
8.233449192955181E-16
0.0050415164172287205
0.01000361754009124
0.01485687937291124
0.01957281378612322
0.024124030271785803
0.028484389719773854
0.03262914937775149
0.036535098216766225
0.04018068198682738
0.04354611731320102
0.046613494253766846
0.04119630007498459
0.043080766123953375
0.0174122868345334
0.055969984634578876
0.08039848545445508
0.1066468003942799
0.09527682910291996
0.09158232021907653
0.10373380058032372
0.09000413854748861
0.09281434050559931
0.10362415947903278
0.07518244439209257
0.0502950141968627
0.011756477842467318
0.037057744999892485
0.0344874638463272
0.04307047863746784
0.039883901941636594
0.03647909300014374
0.032878631378331635
0.02910609616760599
0.025185915879489033
0.021143214447611268
0.017003654284084208
0.01279327734706878
0.008538345181072843
0.004265178890456929
5.710542126369291E-16
0.004231226855953299
0.008402948491873102
0.012490174076164854
0.01646862151045353
0.020314858443545396
0.0240064371185523
0.027522022293950853
0.030841511525970377
0.03394614715006238
0.03681861935330039
0.0394431597867874
0.0623857786707455
0.06448509290328903
0.09058525713307156
0.058070436545175214
0.042877203918347095
0.02566777204999449
0.026789354557839512
0.03705063686687321
0.029380070674562414
0.037561162088061914
0.027342543581822663
0.025418737389066207
0.044287906460183483
0.05815199221015028
0.08905226885739859
0.06286601696566535
0.0606418470539298
0.03692667386833969
0.03421776046338038
0.031317650500897264
0.028245407809628333
0.02502101131459247
0.021665227760589136
0.018199480544475396
0.014645715469340091
0.011026264246839322
0.007363706582083338
0.003680731678743094
1.1963735110425918E-15
0.003655993885695376
0.007265056556972001
0.01080542828930965
0.014255912122852623
0.017595998694535157
0.020805986110944686
0.023867094172387027
0.026761572296945958
0.029472800534867546
0.03198538310894046
0.034285233964674526
0.015598294044238169
0.017350901808244657
0.009627584785302902
0.0318051132511448
0.04397432068833074
0.07205390200240419
0.059993958312442405
0.042939489166719344
0.04730731234276816
0.042145028039781963
0.058989013484687186
0.06991944238955226
0.042184823075705306
0.031220496719583754
0.009280089956007279
0.01569981781253474
0.013760693285516074
0.03241281085604813
0.030050316655057856
0.027517322639369738
0.024830357014186545
0.02200678902194976
0.019064718399569015
0.016022861053655326
0.012900431665655092
0.009717023953107579
0.006492489323495553
0.0032468146625358007
1.1168488881608118E-15
0.003228063207313528
0.006417712443589208
0.009549632433255947
0.012604970668223988
0.015565449480290929
0.01841347400050445
0.021132235375583258
0.023705808643463645
0.026119244705549167
0.028358655871712105
0.030411294495709115
0.051709740130422725
0.053274254524624746
0.06837959503600625
0.050179202769124236
0.05019012830231364
0.022561183113749182
0.03592273268128889
0.053831767827769314
0.05016149065789562
0.05409395295143471
0.03614608678268886
0.022398624034121194
0.049979867102747245
0.04800084359246569
0.06331580633142735
0.050853311119638485
0.04902850755812983
0.028969629458262612
0.02686882837511422
0.02461377993509503
0.02221910702400322
0.019700210362088168
0.017073170655952458
0.014354647114387966
0.011561772961432959
0.008712048594937722
0.00582323304999077
0.002913234433606375
2.748523196234351E-16
0.00289859346529956
0.005764848289297723
0.008581352929304037
0.011331086723562724
0.013997521750360219
0.016564721191941516
0.019017433623294614
0.021341182673570786
0.02352235153832349
0.02554826185445615
0.027407246486220418
0.018284401481679785
0.01969814212025665
0.012940751989646187
0.029326248233186667
0.03497611040916776
0.04895212966625566
0.048858932255597155
0.026066400312297594
0.019650259588428642
0.025907285765656204
0.048579212033922584
0.04770001388536786
0.034681495392944045
0.02914940538815142
0.015862988483447957
0.021468840769062726
0.020377242642380583
0.026268079742022866
0.024371076804361586
0.022332853656682135
0.020166556388834734
0.017886055366205245
0.015505857279756802
0.013041013712292408
0.010507026791995321
0.007919752519503971
0.005295302366410608
0.0026499437508194384
1.4136576787568223E-15
0.0026382495895476755
0.005248668987356608
0.007815363359243764
0.0103227751027301
0.012755777411734798
0.015099764812138537
0.017340740130547046
0.019465397382426357
0.021461200092844992
0.02331645459268416
0.0250203778656053
0.03717659093510913
0.03831136791025883
0.03570665725175829
0.03178200109490375
0.04134607938649564
0.02143780589194788
0.03443935885206042
0.057043021533503546
0.05870560957071184
0.056952375195309095
0.034059627598025916
0.021412189510115018
0.039841024599508966
0.030094850663034203
0.03198942879153524
0.03554888428709435
0.03408848257627445
0.024102011149965626
0.02236746098953262
0.020502305557444294
0.018518518518522258
0.016428752422940823
0.01424625864490084
0.011984803983147883
0.009658584444422158
0.007282136745881723
0.004870248084482514
0.0024378647295434175
2.006638012457814E-15
0.0024283578107907764
0.004832337001505969
0.007197272964719131
0.009508797076711862
0.011752923439938638
0.013916132957620756
0.015985454238324173
0.01794854084947536
0.01979374446275898
0.021510183461025543
0.023087806605617933
0.026836661615049984
0.028043798584859822
0.030547054246901108
0.02944531044935766
0.03317413239744073
0.037360758389167914
0.04258229647166523
0.019388571643796183
0.019601144533317048
0.01916147228542525
0.04217628365685708
0.0368671078775622
0.033096187848654236
0.02957392260924997
0.03191428374565984
0.0288603141853176
0.0277716692674938
0.022335777788463834
0.020733088768744908
0.019008557644272017
0.01717320964004368
0.015238710305111801
0.013217291849716045
0.011121676278226958
0.008964995797927498
0.006760710998604667
0.004522527309870246
0.002264310251773391
1.830764280693743E-15
0.002256474210775582
0.0044912793225890795
0.006690762809975102
0.008841535644205496
0.010930553364364829
0.012945194766961161
0.014873337741865727
0.016703431801371103
0.01842456687080197
0.020026537933307116
0.021499905148105344
0.022439535965499895
0.023347281678850973
0.020423713879052657
0.026869480851210895
0.02561777079001079
0.020844964348178653
0.02431380983979985
0.05015499491437847
0.050234851827912735
0.04994885320048061
0.023814131717826623
0.020752887079710392
0.02425448333681304
0.027103390070578114
0.0195529975511193
0.02116803989265159
0.019969011388842422
0.020876550878776653
0.01938241536712767
0.017773746605174532
0.016060791128661666
0.014254402945589521
0.012365975136842636
0.010407368373057838
0.008390836793719884
0.006328951709569109
0.00423452360087103
0.0021205228934425098
2.502554248125333E-15
0.002113994882375789
0.004208491728061144
0.006270679904201202
0.008287986175755224
0.0102481510214805
0.01213930279950862
0.013950029315999602
0.015669446367280192
0.017287262845733353
0.018793842021817785
0.020180258639177034
0.02867780117116689
0.029776285326843868
0.031180068966611556
0.02786529469280318
0.03223830457872932
0.03280654069486332
0.03330780848636712
0.009311281648493598
0.01851851851851304
0.009094823021473786
0.0328303550837936
0.03254420788400288
0.032007323634597594
0.027131032054062223
0.02995908214539744
0.029399282206263515
0.028258681077840048
0.019658737610334348
0.01825495116810243
0.016742774869487848
0.015131808464326045
0.013432231125051779
0.011654737426119853
0.00981047034624647
0.007910951711349767
0.005968010510535089
0.003993709529245252
0.0020002707528275834
0.0
0.0019947887508699547
0.0039718488790490385
0.005919076020935911
0.007824581895462411
0.009676766606715733
0.011464388985831436
0.013176634547166485
0.014803180649466773
0.01633425847110981
0.017760711428657233
0.019074049690994403
0.013918389456606485
0.014947854576906132
0.01793861495749007
0.026479147345255593
0.01742441486113756
0.019148463185525186
0.020321797998633487
0.04325193615782368
0.03162222422070033
0.04311706687273879
0.020495262572418
0.019016226959488593
0.017325193765209364
0.025910254009673332
0.018271429347349957
0.014669123125675278
0.013602092808643702
0.018634751619662833
0.01730678585520945
0.015875622498043307
0.014350319253919495
0.012740489276206565
0.011056240820026736
0.009308114012787706
0.0075070151351617495
0.0056641488206860624
0.0037909485941296584
0.0018990061775898313
1.1068292023590286E-15
0.0018943766504773332
0.0037724873907051277
0.005622823984444884
0.007434076627061243
0.009195202845305117
0.010895494593688406
0.012524643141230129
0.014072801356564194
0.015530643016465147
0.016889418781758796
0.01814100850586542
0.024681222946214266
0.025646179642080512
0.023526222012546213
0.021430272026524578
0.02735812590891504
0.028744767933339996
0.02497070429333441
0.006818312508443592
0.02403995142630983
0.006881749288871516
0.02463284526842616
0.02836456920688861
0.026568017013435734
0.0210775490707065
0.023094565299390735
0.02457314460199885
0.023474446943101183
0.017769308106980557
0.016505344286024508
0.015142585844551682
0.013689633232425754
0.012155621864995431
0.010550164881390158
0.00888329310055533
0.0071653925487616095
0.005407139946452662
0.0036194365538997613
0.0018133407843727405
5.466297165665692E-15
0.0018094180900300593
0.003603794008245413
0.005372124644472815
0.007103590532062916
0.008787621854597482
0.01041396278139938
0.011972733741574211
0.01345449125936019
0.01485028498961864
0.016151711609940844
0.01735096524590453
0.015360039016329543
0.016391952200560965
0.020566518570684835
0.020643255472035247
0.020511524008741885
0.018552045606405637
0.025642935650427856
0.037508596420820384
0.018830349505425434
0.03732629655283231
0.025859131323031703
0.01865620204496796
0.02116523771294582
0.019968294507821956
0.020457576445191073
0.0169381607741777
0.015999876587821683
0.017035768917318825
0.01582602400083327
0.01452122212282107
0.013129576318165045
0.011659817132509517
0.010121138014665165
0.008523137976577668
0.0068757618774465045
0.005189238702476691
0.0034740182182221684
0.0017407063958153168
6.4590552852726285E-15
0.001737379253522254
0.003460750568361448
0.00515953956148712
0.0068233429806532206
0.008441992249955028
0.010005615456472284
0.011504697400996244
0.012930137348570129
0.014273304129172928
0.015526088255908935
0.016680950746743115
0.018719741715007523
0.019612201596343297
0.024072684163730138
0.024017725938790924
0.019201923317308425
0.02277391810328735
0.019394960385164445
0.010292299642893367
0.033300176866479125
0.010434940411985418
0.019182160470168557
0.022263819454522913
0.01859183768655165
0.024735390201526708
0.02448669860012766
0.018816956590298282
0.017824214123228304
0.016413728601432136
0.015249972865774319
0.013994328584080411
0.012654679837933867
0.011239413419892607
0.009757366466512343
0.008217771418265137
0.006630198648212742
0.005004497114996734
0.003350733407390045
0.0016791295566419516
3.037511023417932E-15
0.0016763119168770942
0.003339497508485149
0.004979345999415522
0.006585807068180314
0.00814905230301865
0.009659535194492867
0.011108049299679512
0.012485784224257111
0.013784379082911424
0.01499597311448121
0.01611325314607271
0.017353482527397792
0.018275717184256322
0.014684281586772601
0.016463533607249007
0.02757301264305999
0.021733940096137473
0.026495056269701986
0.027943865169490878
0.021039374633176854
0.02766005689959894
0.026339863511278934
0.022084651748675636
0.02818949619252915
0.016029035280333316
0.01299525097118132
0.018183454092816055
0.017261381283440735
0.015887378229223124
0.014762581844749862
0.013548571158449499
0.012252950983888847
0.01088381640248204
0.009449702303208164
0.007959530298471098
0.00642255334560168
0.004848298416959669
0.0032465075731400324
0.0016270778027914258
1.7516641209546611E-15
0.0016247025454939102
0.003237035767176768
0.0048270961718936065
0.00638513154515303
0.007901600640545889
0.009367231488447383
0.010773077968526132
0.01211057430154114
0.013371587129260367
0.014548464866399944
0.015634084025900354
0.01679507334551668
0.017700630316942263
0.027562244132637678
0.026307081275481342
0.01687744675566969
0.01579739885036686
0.017527822659132105
0.01998650458719209
0.03440035612247546
0.02030705130674028
0.01760952915527055
0.015287258504613807
0.01695508387335037
0.025861980332520747
0.02824612796700554
0.018036819283234893
0.017192694563740073
0.015444371757689854
0.014352440193510615
0.01317353335992311
0.01191501965055513
0.01058474740274058
0.009190996056050539
0.007742424727158042
0.0062480185198741855
0.004717032902418031
0.0031589364957657026
0.001583352625870872
1.4501562993383053E-16
0.001581367127951131
0.0031510189353839467
0.004699309784057751
0.006216737382103361
0.007694000992690516
0.00912205833347012
0.01049218081940442
0.011796006812018898
0.01302559255093908
0.014173460457963482
0.015232644520587075
0.015058986091348163
0.015852272445264253
0.007388651424790985
0.014509369745335206
0.030729133537005487
0.026367667233390457
0.02081893896109378
0.017633796570108686
0.02113325138689513
0.017448742382580883
0.020443222708128525
0.026658661816840998
0.030598448943785935
0.014865531321119401
0.007944828093600422
0.015009368448210962
0.01411004787065859
0.015075026171649828
0.014010597974015314
0.012861044675943924
0.011633535736638594
0.010335712165391517
0.00897563904764386
0.007561755518895671
0.006102822496013836
0.004607868489191196
0.003086133828984994
0.0015470136525515623
3.461140506923696E-15
0.001545376622719398
0.0030796058553039713
0.0045932559091523715
0.006077031449696803
0.007521830580310995
0.00891880057912541
0.010259392048030773
0.01153541114322049
0.012739069568689783
0.013863032028239332
0.014900460847375261
0.02007799807113098
0.020967899764827526
0.030828463386051077
0.019096109689826543
0.016645667479564075
0.010006456138239011
0.02176912339565018
0.03218744687083955
0.025990400550889768
0.03242908915325448
0.022050573633712784
0.0097190682994432
0.016422851485176755
0.01786631405694417
0.03072408398772392
0.0216362074240359
0.02084429794679041
0.014771748995780527
0.013730038049236956
0.012604699581219228
0.011402737382908451
0.01013162018526179
0.00879923533031871
0.007413839913161727
0.005984009696889315
0.004518586115972265
0.003026621694954894
0.0015173242190180776
3.760983799981055E-15
0.0015160034130019223
0.0030213547264757597
0.0045067962456025335
0.005963200715941151
0.007381627315093791
0.0087533764516052
0.010070043035634683
0.011323567895696615
0.012506287027605468
0.013610978374997428
0.014630905856397333
0.00964007502024744
0.010393286330022997
0.01098566984901081
0.02144882319366887
0.02610399482640834
0.028736053443235123
0.01383857683356342
0.013940973356299345
0.018518518518517484
0.013907077753111147
0.013589003481922497
0.02876136081900566
0.025377757242500028
0.02252302460832379
0.010952935958620218
0.009556987675028593
0.00867817480216767
0.01452862451509173
0.01350529438704926
0.012399509771531815
0.01121813874340144
0.009968509378502279
0.008658364370334359
0.007295813132383359
0.005889281682097448
0.0044474606155378744
0.002979251493708001
0.0014937119704641043
3.571390756135498E-15
0.0014926825331005784
0.002975146414710332
0.004438271585385267
0.005873063161204886
0.007270706647692879
0.008622622008378024
0.009920516256839844
0.01115643425042277
0.012322807374819238
0.013412499822262917
0.014418852180572013
0.022894810859999053
0.023735189875208656
0.026171915668461262
0.010613865578916066
0.014569074993256449
0.009446101997488396
0.02601638180854521
0.0368429289155361
0.018550172645241142
0.03681099299098117
0.026104446462933667
0.009701679652372263
0.014602644313144435
0.009961773772164345
0.024954454200086088
0.02385613391180659
0.023039093511775865
0.014341113543078942
0.013332175107202008
0.012241651830629065
0.01107630343981334
0.009843346313627887
0.008550408863451927
0.00720548440609127
0.00581688182023871
0.004393174290421539
0.00294314645445789
0.0014757402795410601
6.592266053323057E-15
0.0014749835446464918
0.0029401288293693915
0.004386419477510672
0.005804959666124701
0.007187028762772147
0.008524134858661644
0.009808066870155034
0.011030944889171227
0.012185268474427918
0.013263962587797771
0.0142604208950581
0.008606525986793186
0.009400589035116069
0.011159402357956054
0.026387062456176037
0.020215507774594476
0.02718266497384483
0.012836460040999456
0.012509111252323063
0.022363794813407008
0.012497680299252467
0.01301351873104502
0.02690880623536194
0.019976686594487626
0.026226812459466696
0.011896499625201007
0.010274893231370825
0.009644699801780232
0.014205836626896198
0.013207562550505016
0.01212828512368979
0.01097468111294148
0.009753882125000732
0.008473430582409486
0.007141233191078971
0.005765512186419867
0.004354754658461759
0.002917660267527191
0.00146308767236153
3.3153579435013077E-15
0.0014625903074017331
0.0029156769298901283
0.004350315050562491
0.005757676340100019
0.007129103207224494
0.008456161982298692
0.00973069470784514
0.01094486921824902
0.012091227201866337
0.013162729950766297
0.014152801518094544
0.021837273088298782
0.022566985291778367
0.02014479800799324
0.009881793577863939
0.017586625280096285
0.014843946813665703
0.024861173275023084
0.030202211385254665
0.022980279339901447
0.02991994044203839
0.024651657093551008
0.015351224937634434
0.01801289255747406
0.01063882471176963
0.019879323827487562
0.02190023561488187
0.02109299520933362
0.014120420498243316
0.0131292717809493
0.012057423013995483
0.010911491925409774
0.009698550779606163
0.008426082790695975
0.007101936019156218
0.005734275035344813
0.004331530647313471
0.0029023480018565088
0.0014555333780361824
5.202809530474383E-15
0.0014552867977818645
0.0029013647161439905
0.0043293296088009895
0.005730390233523311
0.007095922300625225
0.00841752148700353
0.009687055090145119
0.010896712005364515
0.012039050719149048
0.013107045024551544
0.014094127177917646
0.01522686411280446
0.015982380235756505
0.017607083114934693
0.020408132132955774
0.019982990558837913
0.022121636573836093
0.01861181458575628
0.017551864510046002
0.026305310341742
0.017827248725617806
0.01895854625168009
0.021644722558022238
0.019995203439934783
0.01911579226659351
0.018313763842652264
0.017214856492627113
0.01662143927480416
0.01408339433278933
0.013095955155911514
0.012027846164579154
0.0108856489507952
0.009676400843692529
0.00840755161046221
0.007086917623864961
0.005722633777814102
0.0043231034464517515
0.0028969467941647826
0.001452947753963188
