1.0
0.9989725854527304
0.9958941397184488
0.990776039814694
0.9836371918337729
0.9745039478168537
0.9634099899352779
0.950396182533184
0.9355103927392305
0.9005229815287195
0.8455421655983785
0.7426556442889862
0.7211474294920479
0.7167115732243826
0.7566427986080578
0.7308010047661745
0.7037109179600662
0.6754710673059563
0.6461838081109275
0.6159549070818261
0.6020540199736232
0.553109786129551
0.5207183897631242
0.4878341928420394
0.45457385793508515
0.4210551386302975
0.3873966505249526
0.2903659301038054
0.2377054059061196
0.2042974906233133
0.25127088508258305
0.25115674090695317
0.23395677675898385
0.2016731299197533
0.17008068053330902
0.13927376632762722
0.10934235931995502
0.08037172439209764
0.05244210162743642
0.025628413765296343
1.1954363283948523E-16
0.024379622781928057
0.04745297037168264
0.06916877240348825
0.08948212364992711
0.10835460493099826
0.12575437327165634
0.14165622109465553
0.1560416043881084
0.18155305041009767
0.21832308529970412
0.3018763458550296
0.3091385410223726
0.29766653209727817
0.2466258165111523
0.24968202021942984
0.2513185461205709
0.2515734125951657
0.25049053620339196
0.24811944225737734
0.23312440363557071
0.2397371177392035
0.23385059992708254
0.2269248478511348
0.21903374712184406
0.210255567886391
0.2006729771167462
0.24053335030867057
0.2448622843632509
0.23249216472908654
0.15229755673185258
0.12389957217691779
0.1041334746462173
0.09130375337943886
0.07826434592780035
0.06509537670314869
0.05187566279556214
0.03868235100081262
0.02559056798265024
0.012673085182488745
2.3332779929302166E-16
0.012361565328204442
0.02434774582752777
0.03589819564672805
0.0469563285808898
0.05746953627456655
0.06738938324713081
0.0766717780093533
0.085277119670048
0.0946479172182557
0.0934941351460284
0.043871726935961884
0.05065932821957321
0.08351060180609167
0.13580898783560139
0.13952804574082275
0.14249472927211543
0.14470233685894907
0.14615121020159577
0.14684806719445342
0.13890751000900026
0.146041469182726
0.14457912961294633
0.14244636126950688
0.13967560431340262
0.1363036297867914
0.13237136985597767
0.08511844887476781
0.05482484902831297
0.04956301788271437
0.09182841411779748
0.08314041467518568
0.06711710121238167
0.05913896231121311
0.05093822132600272
0.04256756538062864
0.0340797816274532
0.02552745768586265
0.016962687462070792
0.008436783880031946
0.0
0.008298740059596594
0.01641209904919204
0.024294572090918624
0.03190271856496261
0.03919537927375658
0.046133877870154646
0.05268220563223867
0.05880718876800686
0.05488164933705282
0.046674802546244266
0.08782795755576163
0.09087762898244833
0.08688056723793613
0.061733603104085454
0.06285898259340693
0.06355892977757305
0.06381024594735955
0.06359856514151165
0.06291728691092377
0.06791854021505946
0.06015449015798116
0.058093886333445935
0.05560572137243707
0.05271829590503765
0.04946901869281071
0.045907010043447626
0.06745101823188486
0.06645389113258171
0.060919783978615104
0.03039223388589482
0.04035953275270173
0.04963964052493816
0.04384237336355534
0.03785067190997351
0.03170319158088307
0.025439031390898793
0.019097499119955938
0.012717877975441647
0.006339196069146932
7.286582321981907E-17
0.006261866202462347
0.012409475561785363
0.018407024902625874
0.024220032755730883
0.029815527373658373
0.03516222387760944
0.04023068962729612
0.044993496981780026
0.06714478361038317
0.09711074699416936
0.07763243095616405
0.08147538428312102
0.09094433941720295
0.11503591254989658
0.11706182083096274
0.11864073539119321
0.11976715352673187
0.1204384724159507
0.12065495070269688
0.10732509180989609
0.1197384382680346
0.11861980631296208
0.11707491173148625
0.1151174368448268
0.1127635101973462
0.11003161038616224
0.08682598345612305
0.08287163248779329
0.07954856392573546
0.09406741322419536
0.06143064754185521
0.039489974235265464
0.03492661100534851
0.030194876749063557
0.02532521601994477
0.020348602879242842
0.015296350844884257
0.010199922616159566
0.005090740693766997
9.676805969471815E-17
0.005041516417228944
0.010003617540090956
0.014856879372913762
0.019572813786121596
0.024124030271784516
0.028484389719771675
0.032629149377748495
0.03653509821677057
0.026168420948221457
0.02772248311335568
0.019833811725253832
0.022393930947952195
0.030988456561790074
0.030171005299459572
0.03190547719389563
0.033500314710648585
0.03491367402858319
0.036118542920498806
0.03709932373609801
0.039127912203839384
0.03837063763136776
0.03867064836943972
0.03876416863474339
0.03867190261774435
0.03842064984335913
0.03804331787647148
0.03479340448652397
0.021947798029230886
0.019517297956220904
0.026521078607468763
0.02887321134791441
0.03287863137833175
0.029106096167608096
0.02518591587948913
0.021143214447610987
0.01700365428408352
0.012793277347068536
0.008538345181071213
0.004265178890456075
1.2183604235951054E-15
0.0042312268559531255
0.008402948491872116
0.012490174076165914
0.016468621510458668
0.02031485844354677
0.024006437118553815
0.027522022293953043
0.03084151152597226
0.043284732992257303
0.06268043469831493
0.057334949478304344
0.059224897994408464
0.04057455905581438
0.07069874424042537
0.0713863066170643
0.07182113043771979
0.0719979354274991
0.07191414383406862
0.07156990761064702
0.06557540410149387
0.07011463899541738
0.06901805393170689
0.06769012330434263
0.06614576944695452
0.06440331248711903
0.06248472931137882
0.028402546098145715
0.049107933771213516
0.046117789545948695
0.047869494638237586
0.035418423940518265
0.028245407809627233
0.0250210113145919
0.02166522776058806
0.018199480544475857
0.014645715469344131
0.01102626424683978
0.0073637065820842205
0.0036807316787413227
1.9683748307624175E-15
0.0036559938856952088
0.0072650565569699396
0.010805428289311195
0.014255912122850866
0.017595998694535677
0.020805986110942597
0.023867094172388418
0.026761572296945455
0.038456820383448415
0.029993117501821227
0.035634727862056084
0.038152722289834386
0.06844111129333252
0.06604730473612815
0.06747166781733106
0.06868468823987205
0.06967416021341744
0.07043073549658746
0.07094772637619595
0.06721354650807101
0.07124853271068625
0.07103088944798695
0.07057050470085102
0.06987188000065797
0.06894142399559067
0.06778735689285637
0.07344244782838627
0.04291102734081083
0.04110767506568936
0.037210983203125284
0.04044768354723431
0.02483035701418366
0.02200678902194822
0.019064718399565625
0.016022861053659732
0.012900431665655467
0.009717023953107438
0.006492489323494736
0.003246814662533806
5.909335462258653E-16
0.003228063207315324
0.00641771244358776
0.00954963243325414
0.012604970668224313
0.015565449480290084
0.018413474000508006
0.021132235375582925
0.023705808643462976
0.014709517695875134
0.023782933297598965
0.01776361505345115
0.019347106450573446
0.009588657710766104
0.015796158786438898
0.015528826408735276
0.015263053939848234
0.014961239208171929
0.014592609855792452
0.01413373646826026
0.013951004190428436
0.012889564869300065
0.012096881363293059
0.011201964760278052
0.01023069103594413
0.009231013852668285
0.008285737682151061
0.010836552471783282
0.017264670503051697
0.015643614517908893
0.027529702108438435
0.009016873608817222
0.02221910702400496
0.019700210362087026
0.017073170655953387
0.014354647114387454
0.011561772961429809
0.00871204859493998
0.005823233049989299
0.0029132344336088617
1.3796245366361806E-15
0.0028985934653026125
0.005764848289297205
0.008581352929307635
0.011331086723562471
0.013997521750359607
0.016564721191941648
0.019017433623293018
0.021341182673575043
0.03932024353206116
0.05107808592768461
0.04336791194401248
0.044873943159968725
0.06631653613896164
0.06197803946257372
0.06288992677123027
0.06358910515942263
0.0640716063475316
0.06433484753658529
0.06437765154137844
0.06578620003147444
0.06380434759644926
0.06319301520408978
0.06237080055707319
0.06134366976275583
0.060119013784571934
0.058705644240420914
0.058643776920383896
0.040706818138179224
0.03875295083553105
0.04962477891876778
0.036601185201186756
0.020166556388832434
0.01788605536620523
0.015505857279757774
0.013041013712293874
0.010507026791994927
0.007919752519506893
0.005295302366412738
0.002649943750816716
1.1040199381908678E-15
0.002638249589546893
0.005248668987353659
0.007815363359244027
0.010322775102727763
0.012755777411731782
0.015099764812140409
0.017340740130544374
0.019465397382422242
0.01624572691565934
0.03113913131785282
0.019441884419491375
0.021198192810851873
0.01435667092132573
0.025255317850012515
0.02621313631928243
0.027093787572315464
0.027876196018777735
0.02854468086301433
0.02908811652346277
0.031357878281082115
0.029774427285211093
0.029912845448189965
0.02991671949693173
0.02979092426854965
0.029542944474195417
0.029182835445441348
0.02269357146461923
0.024583550707943606
0.02326868289754221
0.027787461399650562
0.02109639403868656
0.018518518518516786
0.01642875242294149
0.014246258644905188
0.011984803983149765
0.009658584444418306
0.007282136745883941
0.00487024808448421
0.0024378647295396597
5.307148350349401E-16
0.0024283578107898818
0.004832337001506107
0.007197272964717106
0.009508797076712441
0.011752923439938792
0.013916132957621058
0.015985454238323902
0.017948540849475978
0.024865288864838398
0.03075549440450803
0.018619764245197366
0.019838125618235974
0.0192400094554547
0.033463100733810855
0.033809015949462735
0.03402538874774231
0.034105775212745576
0.03404561915919096
0.03384223931787337
0.03787142435991395
0.03300453110197356
0.03237441541156464
0.031609662973553866
0.030717671460824207
0.029708275051663326
0.02859403977655077
0.016940933313207875
0.01702995862986765
0.01560654450384629
0.02396609858965884
0.019276933033875714
0.01717320964004633
0.015238710305110195
0.013217291849713911
0.01112167627822687
0.008964995797927028
0.006760710998607581
0.004522527309869969
0.002264310251769577
2.3026856982736504E-15
0.002256474210776078
0.004491279322589134
0.006690762809975015
0.008841535644206845
0.010930553364365728
0.012945194766963273
0.014873337741865446
0.016703431801372688
0.029353156670684343
0.019979145591309155
0.03297674171729544
0.034310847473934106
0.05090209894423153
0.03943667181963504
0.04032221424518512
0.04105479812591718
0.04162838452436859
0.04203834073756188
0.042281383092481264
0.052175102853879676
0.042260054311107006
0.04199545403881381
0.04156340316288292
0.04096671739715084
0.040209312150885274
0.03929615930156777
0.051881789957985966
0.033660313746195325
0.032290184177641984
0.020988902428175988
0.030426025877123983
0.016060791128662214
0.014254402945586242
0.012365975136842235
0.010407368373054606
0.008390836793722984
0.006328951709565513
0.004234523600870856
0.002120522893437466
3.1721579894600573E-16
0.002113994882375594
0.004208491728062383
0.006270679904202757
0.008287986175756644
0.010248151021480101
0.012139302799506587
0.013950029315995443
0.015669446367280942
0.0049324797543396125
0.021731819353355136
0.014491435697247517
0.015637597389214053
0.020414702616088937
0.010048632246217094
0.010916338029243284
0.011647348169963429
0.012234658819346555
0.01267344916325038
0.012960623930150775
2.474006047000583E-15
0.013075024764919601
0.01290300870228135
0.012580803076025666
0.012111968825769258
0.011501419146863649
0.010755579439757697
0.019159502108955603
0.01662743148015419
0.015524562090380703
0.023413671789243994
0.004777123990783892
0.0151318084643249
0.013432231125050903
0.01165473742611748
0.009810470346244961
0.007910951711347758
0.00596801051053599
0.00399370952924657
0.002000270752831269
1.4629386394571721E-15
0.0019947887508696876
0.003971848879047001
0.005919076020937132
0.007824581895465038
0.009676766606718542
0.011464388985837943
0.013176634547166298
0.014803180649467949
0.027961835057384497
0.021976237782745888
0.020020435452281393
0.0210171693571283
0.032795495186881206
0.0310377315339759
0.031664742520840845
0.03214887454429407
0.0324866808247247
0.032675662004661925
0.03271428261962258
0.04643189900924977
0.03233919084271329
0.03192732087209129
0.031368783372651476
0.03066698264466551
0.029826319043392238
0.028852192990552184
0.026111611798261273
0.017928738715354265
0.01659257700712987
0.020160942961644408
0.02529229792468816
0.01435031925391849
0.012740489276205054
0.011056240820027874
0.009308114012792445
0.007507015135158847
0.005664148820689903
0.0037909485941313333
0.0018990061775871823
6.833379603257329E-16
0.0018943766504744659
0.003772487390704079
0.005622823984444778
0.007434076627063384
0.009195202845303852
0.010895494593689785
0.012524643141227488
0.014072801356563329
0.015749914906965676
0.021562432981325402
0.02420368956239353
0.025436907889811327
0.02555951444953831
0.020377555397433814
0.021209123333104207
0.021911344227665885
0.02247909599634156
0.022908537590185723
0.023197018913437204
0.029944839889586825
0.023346104785703873
0.023206894034817488
0.02292703488142068
0.022509183687685938
0.021956990598245064
0.02127509057116371
0.028942956181269526
0.026754665399398952
0.025728061803492137
0.01957538517850646
0.01902241245428731
0.013689633232425513
0.01215562186499773
0.010550164881390432
0.008883293100555842
0.007165392548760398
0.0054071399464439085
0.0036194365539001204
0.0018133407843630947
9.667031673887767E-16
0.0018094180900352517
0.0036037940082507603
0.005372124644470259
0.007103590532063561
0.008787621854598145
0.010413962781399125
0.011972733741577554
0.013454491259358142
0.015280596752880338
0.015380590665788892
0.014136724066450055
0.01499386293670554
0.010811538203920806
0.01905242230165454
0.019721057391630294
0.020265193033087363
0.020680749167367396
0.020964629758459394
0.02111469746387676
0.021957022754666915
0.02100953026289661
0.020754659936601184
0.020366674839068736
0.019847981434649272
0.019201842023660383
0.018432352797896078
0.011957033478144174
0.014981961360104353
0.01408906215102831
0.015387150581327712
0.010992293444375668
0.013129576318163059
0.011659817132510405
0.010121138014665916
0.008523137976574948
0.006875761877447218
0.005189238702477882
0.003474018218225667
0.0017407063958161544
1.0770249706551245E-15
0.0017373792535287638
0.003460750568360962
0.005159539561483915
0.006823342980649103
0.008441992249957116
0.010005615456477162
0.011504697401004484
0.0129301373485741
0.023392435910608002
0.01547367039202238
0.020888101908701214
0.021751037818957892
0.030891861199443482
0.020685183654777794
0.021344917057290167
0.021878402876890413
0.02228233565601385
0.02255421838429507
0.022692373891789144
0.04057753236914009
0.02256493192348144
0.02230012043628872
0.021903144581653333
0.0213764400389577
0.02072323449624458
0.019947526329576765
0.027822729302846946
0.019069392858129586
0.017867802151563535
0.015094058738505839
0.023393086660456856
0.012654679837935336
0.01123941341989199
0.009757366466507279
0.008217771418265107
0.006630198648213156
0.00500449711499929
0.0033507334073862374
0.0016791295566421832
2.3973323450031493E-15
0.0016763119168728478
0.0033394975084900975
0.004979345999426568
0.006585807068181828
0.00814905230301236
0.009659535194487036
0.011108049299684973
0.012485784224258625
0.005049691851250477
0.014697671431620521
0.017476487385416083
0.018612806516482425
0.017666936836902906
0.019439655875168244
0.020157057878179733
0.020752351419112084
0.02122226918447222
0.021564316081439848
0.021776783411763756
0.007522314567411854
0.02181012813919079
0.02163158069691361
0.021324598887455696
0.020891451368402793
0.020335178501959546
0.019659574144810406
0.020335298664120975
0.02040354899842318
0.019530778005550444
0.01357551483667145
0.00763011907334256
0.012252950983884748
0.010883816402486743
0.009449702303210428
0.007959530298470333
0.006422553345598681
0.004848298416952776
0.0032465075731290677
0.0016270778027880997
2.4557862102505835E-15
0.0016247025454964208
0.0032370357671758984
0.004827096171891142
0.0063851315451521635
0.007901600640548139
0.009367231488449366
0.010773077968523037
0.012110574301548271
0.019654881829056323
0.017556270640421676
0.014289343705817466
0.015129773632570034
0.009511890871983729
0.01715026894195465
0.01782513780582293
0.0183843464853035
0.018824697820022215
0.01914375846789985
0.0193398717882301
0.03134219146846427
0.019360567692157687
0.01918579005825566
0.018889347334854464
0.01847354486341603
0.017941476462197695
0.017297020456374934
0.008323490600868904
0.015351397079955791
0.014582786720318566
0.018952960507730092
0.01718914378830741
0.011915019650560127
0.010584747402747586
0.009190996056042816
0.0077424247271512025
0.00624801851987027
0.004717032902420007
0.0031589364957606957
0.0015833526258682941
2.5019036722789407E-15
0.0015813671279540848
0.003151018935383246
0.004699309784059509
0.006216737382105654
0.007694000992689811
0.00912205833346698
0.010492180819388162
0.011796006812011843
0.014731180394023057
0.010443188206900957
0.020557047927213603
0.02136149615695341
0.03206692566276532
0.017861047515738488
0.018447616541148813
0.018920848682818552
0.019277473080499513
0.0195150029002477
0.019631739819955783
0.0260514411193279
0.019500007928890273
0.019252116022986234
0.018884586478997555
0.018399699722693515
0.017800532602247707
0.017090961399474424
0.03263728641674942
0.019681858514690082
0.018655407948988224
0.00996562142792427
0.016399118354692734
0.011633535736640135
0.010335712165386545
0.008975639047644483
0.007561755518893165
0.0061028224960156165
0.004607868489186891
0.0030861338289937604
0.001547013652557106
4.211236268275871E-15
0.0015453766227191638
0.003079605855297305
0.00459325590914763
0.006077031449696238
0.007521830580312263
0.008918800579125238
0.010259392048035332
0.011535411143212665
0.010082976789778092
0.018405351358076683
0.014241762292954447
0.01520986687153823
0.010224676041500264
0.02001291604396384
0.020685187600761466
0.02124604324214978
0.021692145644718337
0.022020913306400824
0.022230523916342896
0.012965578070265311
0.022288790290867878
0.022137602867757136
0.021867561879670185
0.02148061542645044
0.02097943783960251
0.020367411951767493
0.009781978398827924
0.016000729101646533
0.01512481962709238
0.015893655980376512
0.008209046443646732
0.011402737382911492
0.010131620185262372
0.008799235330317998
0.007413839913160705
0.0059840096968967384
0.004518586115970647
0.0030266216949495104
0.0015173242190166833
1.1666754994179807E-15
0.0015160034130030778
0.0030213547264750424
0.004506796245607157
0.00596320071593321
0.007381627315087421
0.008753376451607127
0.01007004303563219
0.011323567895697096
0.017518301321386133
0.014752221785753134
0.01414841030676653
0.015039310760720076
0.025193792591540292
0.013612113265065189
0.014232921061190638
0.014745620195495308
0.015147058265356027
0.015434800868249283
0.015607140235546754
0.028757671678059933
0.01560244695203609
0.01542567463291231
0.015134016606421961
0.014729431542159681
0.014214595224078032
0.013592888558117387
0.022620444941204465
0.015506671301508521
0.014743178085715687
0.01877991319862218
0.016844841494604156
0.011218138743396505
0.009968509378497997
0.008658364370330095
0.007295813132392843
0.005889281682098286
0.0044474606155365795
0.0029792514937078862
0.0014937119704669845
1.4272436776162635E-15
0.0014926825330971454
0.002975146414704459
0.004438271585381018
0.005873063161209032
0.0072707066476906355
0.008622622008376903
0.009920516256842935
0.011156434250421577
0.009009098512492458
0.0060072964087553235
0.01884587359675735
0.019651771743555462
0.013920111669873088
0.0196222561268435
0.020198822515950114
0.020666859688046373
0.021023331510119817
0.02126589791846983
0.021392929170300067
0.014024050481911276
0.021297478337919073
0.021075364581592475
0.020738455061894184
0.020288756566710565
0.019728996520804194
0.01906261494121871
0.015900731311253937
0.019209749474298925
0.018352201741478766
0.0051444261080900895
0.010419606690434204
0.011076303439825573
0.009843346313627073
0.008550408863442032
0.00720548440609369
0.005816881820231979
0.004393174290415697
0.002943146454455334
0.001475740279533436
4.051077630760134E-15
0.001474983544640929
0.0029401288293547704
0.004386419477506645
0.005804959666128472
0.007187028762766006
0.008524134858662845
0.009808066870149637
0.011030944889170545
0.01354027635059113
0.02923206450958378
0.014789910454991813
0.015574590690658467
0.015386627671875463
0.016178815615625987
0.016830832755309243
0.01737706386430599
0.017814185340226107
0.01813961555266806
0.018351513935665666
0.020346954193495893
0.01843105833288446
0.018298725356569186
0.01805289610675591
0.017695412136992873
0.017228834001526097
0.01665643113724342
0.015167957823366635
0.015105814054225543
0.014207505678807316
0.03006139471492261
0.012320615617743332
0.010974681112932176
0.009753882125005196
0.008473430582407905
0.007141233191078001
0.005765512186413336
0.004354754658462539
0.0029176602675255983
0.0014630876723666488
9.8629020642127E-15
0.00146259030740479
0.0029156769298915876
0.0043503150505617766
0.005757676340102895
0.007129103207225326
0.008456161982301393
0.009730694707838237
0.010944869218238378
0.012840202177008967
0.004077126693759806
0.01410482860995004
0.014997022312356455
0.020874264783335074
0.015957658049723
0.016543872900487457
0.017025889026526134
0.017400490599924223
0.017665168358168132
0.017818125243412593
0.020395742509355403
0.01778527189065964
0.01759945358596707
0.017301892464884838
0.016894359556503605
0.01637931843332737
0.015759910023721437
0.020763958744897185
0.015239202197750185
0.014410257981156558
0.0019028906706357127
0.01296080257995826
0.010911491925409413
0.009698550779603396
0.008426082790693222
0.007101936019150788
0.005734275035347802
0.004331530647309043
0.002902348001852714
0.001455533378034713
1.8963419857125414E-15
0.0014552867977784356
0.0029013647161460214
0.004329329608804363
0.005730390233524253
0.0070959223006293575
0.0084175214870133
0.009687055090161665
0.010896712005368927
0.01133175264818644
0.021573257882179696
0.016229117012132126
0.017079776382951856
0.016837470848903753
0.01714030774571473
0.01772936011598067
0.018212307923466873
0.018586072642211036
0.018848248439112078
0.018997116109489613
0.017517982820277955
0.018951539156641238
0.01875715846022357
0.018449596615822884
0.018030634074929535
0.017502735063177812
0.01686903238717841
0.01756480183310554
0.017584544949543063
0.016831708573880683
0.016042568318816078
0.01178849157958335
0.010885648950798382
0.009676400843694278
0.008407551610462517
0.007086917623865589
0.005722633777818636
0.004323103446454395
0.002896946794171165
0.0014529477539684515
