1.0
0.9989725854527303
0.9958941397184474
0.9907760398146919
0.9836371918337682
0.9745039478168509
0.9634099899352768
0.9503961825331831
0.9355103927392288
0.9005229815287169
0.8821186674804836
0.862031512437018
0.8311978104601285
0.8079925113845854
0.7833433021052262
0.7576642095340325
0.7304446775000164
0.7020658243336699
0.6271157956892964
0.5338898330607919
0.4764882224613734
0.4713915975579636
0.5013681984138701
0.5133656116105323
0.4798816922962959
0.4461221094792106
0.41122863482565425
0.37718728473153634
0.3432131487610628
0.31789813980438864
0.2843289612376685
0.25115674090695256
0.23395677675898371
0.2016731299197539
0.1700806805333104
0.13927376632762747
0.10934235931995495
0.08037172439209747
0.05244210162743661
0.02562841376529702
1.2898447353603096E-16
0.02437962278192801
0.047452970371682744
0.06916877240348805
0.08948212364992651
0.10835460493099783
0.1257543732716558
0.1416562210946552
0.15604160438810802
0.18155305041009648
0.19261442738720652
0.202145372181025
0.21779958894571447
0.22422102014601364
0.22915393649127822
0.22928180636761916
0.23121266436931087
0.23175179144156804
0.27236606243285266
0.3266845726056345
0.3464375547283952
0.3180151290262874
0.2560876078271282
0.20853750533658402
0.20082097282904787
0.19218976380179495
0.18719322787957265
0.1770567172328435
0.16624169918913367
0.14815661809367453
0.13624429669374052
0.12389957217691765
0.10413347464621704
0.0913037533794388
0.07826434592780013
0.06509537670314834
0.05187566279556233
0.038682351000812944
0.0255905679826504
0.012673085182488695
2.3664469273833867E-16
0.012361565328205067
0.02434774582752827
0.03589819564672856
0.04695632858088995
0.057469536274566954
0.06738938324713145
0.07667177800935329
0.08527711967004832
0.09464791721825527
0.10198762530107515
0.10858726329127363
0.11289428829656323
0.1179787941752695
0.12227823094777486
0.13291640653047743
0.1356602698128718
0.13759798592484918
0.11713076975880385
0.1172041478991517
0.1224789168394056
0.117312543432088
0.11516821989355212
0.13294919174304287
0.12966541162040038
0.12574722197158797
0.11397669536413435
0.10895309318827563
0.1034369989524102
0.09670850451821157
0.0901028913777028
0.0831404146751861
0.06711710121238192
0.059138962311212066
0.050938221326003896
0.04256756538062906
0.03407978162745257
0.025527457685863026
0.016962687462071267
0.008436783880032188
7.265611619480828E-16
0.008298740059596904
0.016412099049192146
0.024294572090918422
0.031902718564962934
0.03919537927375651
0.04613387787015442
0.05268220563223873
0.05880718876800662
0.05488164933705305
0.05962884368317578
0.06391705720688834
0.06874515239755126
0.0717652310961857
0.07427871428712715
0.06738457227973553
0.06892483236593828
0.06991609523832112
0.09396393913745019
0.12357925165222451
0.13623164823449027
0.12018560776367683
0.08902132998987988
0.06444142108848039
0.06172138544637244
0.058532405902165546
0.06307446827301902
0.05902342280039484
0.05461240086483336
0.05084811248924158
0.04574461068431939
0.04035953275270174
0.049639640524938654
0.04384237336355571
0.03785067190997346
0.03170319158088335
0.025439031390900067
0.01909749911995605
0.012717877975441456
0.0063391960691474404
2.0987423864894778E-16
0.006261866202463568
0.012409475561785718
0.018407024902625285
0.02422003275573036
0.029815527373657263
0.03516222387761012
0.04023068962729689
0.04499349698178016
0.06714478361038276
0.07125407185914498
0.07498692370212344
0.08466832461560392
0.08763718636292724
0.09018586361640267
0.09312072395147461
0.09464095059955985
0.09571031415148436
0.0874960906242895
0.10507897639489062
0.09773920125054318
0.10431573904226653
0.0857382181336657
0.09274277181615487
0.0907546565793261
0.08837541835757122
0.08663049687588664
0.08368391823692845
0.08040228773854158
0.06953701040909777
0.06561181517999277
0.061430647541854434
0.039489974235265554
0.03492661100534904
0.030194876749064105
0.025325216019945036
0.020348602879241656
0.01529635084488469
0.010199922616159453
0.005090740693766401
5.126636980312149E-16
0.005041516417228978
0.010003617540091592
0.014856879372912241
0.019572813786122707
0.024124030271785262
0.02848438971977361
0.03262914937774997
0.036535098216768876
0.026168420948220063
0.02959887494737573
0.032768299446168235
0.026455572854582946
0.029028305887944028
0.031275905424209875
0.04532335424419883
0.04702972190516077
0.04841192335200803
0.052245120278887856
0.03167224314116376
0.05084786993803207
0.031232496106063594
0.05322072363852191
0.049778673273985864
0.0489003969813513
0.04773854921820941
0.031769409074674564
0.02983164817993531
0.02768644575275785
0.03423903335515122
0.03161985607076105
0.028873211347915376
0.03287863137833089
0.02910609616760696
0.025185915879489616
0.021143214447610855
0.01700365428408332
0.01279327734706912
0.008538345181071563
0.004265178890456282
8.105909828276681E-16
0.004231226855954758
0.008402948491872467
0.0124901740761655
0.016468621510456086
0.020314858443545424
0.024006437118553426
0.027522022293952064
0.030841511525971914
0.0432847329922584
0.04572824451896804
0.047950554477424245
0.05906794050056466
0.06082393316600947
0.062304837854768855
0.050177653790096824
0.05083667150694822
0.05122292057270077
0.0458352225675796
0.06631427857459923
0.03921808384586566
0.0652437658332369
0.043577843610476535
0.047719452057636336
0.04620657331999903
0.04445689124886318
0.05733232353693503
0.05516323714749599
0.05278537851200759
0.040972068768701624
0.0382566192169625
0.035418423940518313
0.028245407809628056
0.0250210113145927
0.02166522776058896
0.01819948054447605
0.014645715469342027
0.011026264246841637
0.007363706582086395
0.003680731678742469
3.619572969155138E-16
0.003655993885695211
0.0072650565569714574
0.010805428289310618
0.014255912122850952
0.017595998694535514
0.02080598611094328
0.023867094172388352
0.026761572296945906
0.03845682038344868
0.04096566486441493
0.04330673303749498
0.04147535162621541
0.04334275312969053
0.04501778256785106
0.0590421824418213
0.060233387078814024
0.0611635406001385
0.0761052458855295
0.05375152199866984
0.07473384110708803
0.054166095119713424
0.0767621758934103
0.06111445099897923
0.06018203553548411
0.058999943260499156
0.04688764917095425
0.04554934348330239
0.04402344252448659
0.0448247870332092
0.04271711824516721
0.04044768354723407
0.024830357014183138
0.022006789021948775
0.019064718399567037
0.016022861053659722
0.012900431665655259
0.009717023953106915
0.006492489323495524
0.003246814662534117
1.5558020512876225E-15
0.003228063207315128
0.006417712443588452
0.009549632433255264
0.012604970668223948
0.015565449480291047
0.018413474000504967
0.02113223537558253
0.023705808643463108
0.014709517695875236
0.016346318179935225
0.017919356449192167
0.026691668351977338
0.027694007415949483
0.02855304972725365
0.016938577207291642
0.018000030546364218
0.01883794543209315
0.0048204807066661
0.028063897528543
0.012290530460348819
0.02740797734110944
0.0035216067337422844
0.01912669587788024
0.018418370598567945
0.017516968221050463
0.024004058299722058
0.022421461113343474
0.0207144490858843
0.013442858656030881
0.01129850574796916
0.009016873608819809
0.02221910702400548
0.019700210362086284
0.01707317065595225
0.01435464711438841
0.011561772961431896
0.008712048594938097
0.005823233049990058
0.0029132344336080494
0.0
0.002898593465302552
0.005764848289297765
0.008581352929307057
0.011331086723562266
0.01399752175036039
0.016564721191940354
0.01901743362329466
0.021341182673573756
0.0393202435320629
0.04130023936936874
0.04310939280361091
0.046433129214745746
0.04792771608239485
0.049227810891928805
0.04708712179037402
0.04772839669065706
0.048160830110238396
0.07361123388986342
0.04923225200418785
0.06481528803688379
0.04866557226220585
0.07273451216666862
0.04632467730505513
0.04530436339370028
0.04409619455011023
0.04820893451603633
0.04677594150311105
0.045164102247262576
0.04065355657976004
0.03869320208691923
0.03660118520118588
0.02016655638883588
0.017886055366207156
0.015505857279757224
0.013041013712295983
0.01050702679199561
0.007919752519507092
0.00529530236640901
0.0026499437508183533
8.767877327969174E-16
0.002638249589548777
0.005248668987355131
0.007815363359242974
0.01032277510272845
0.012755777411733626
0.01509976481214158
0.017340740130547025
0.01946539738242331
0.016245726915659984
0.017864578590353817
0.019449431998956053
0.012318286791217124
0.013791795237408068
0.015109623531678988
0.033951228828308935
0.03492292646694176
0.035724940025505164
0.022144132953617987
0.028544581138696377
0.030668818191544007
0.028989307592504728
0.022911345439811333
0.03674381285418283
0.03628056529375337
0.03564591225527302
0.017102704655464273
0.016210798527229384
0.015212814179496947
0.02339138845904864
0.02227098420597688
0.021096394038687048
0.01851851851851894
0.016428752422943473
0.01424625864490587
0.01198480398315008
0.009658584444420963
0.007282136745879775
0.00487024808448345
0.0024378647295400808
1.005934381923758E-15
0.0024283578107900756
0.004832337001504998
0.0071972729647186585
0.009508797076711251
0.011752923439938709
0.013916132957620389
0.015985454238324478
0.017948540849476054
0.02486528886483827
0.02604870207030086
0.027140104102789137
0.03456065299807436
0.035592521173747255
0.036469276485183034
0.021033821342907776
0.021472477111513805
0.021764646179207165
0.049774517154607276
0.02356521455380843
0.031057880686058713
0.023144587964269547
0.048478959184925334
0.020185309859944642
0.01936342830739458
0.018391558910234876
0.03371808019795165
0.032434385470465454
0.03102069610681687
0.02228132675962856
0.020793719312816386
0.01927693303387468
0.01717320964004445
0.01523871030511157
0.013217291849714211
0.011121676278227417
0.008964995797927672
0.006760710998606307
0.004522527309869091
0.002264310251767875
4.1972228406751053E-16
0.002256474210777168
0.004491279322585983
0.006690762809974376
0.008841535644206722
0.010930553364364666
0.012945194766962738
0.014873337741866291
0.01670343180136978
0.0293531566706837
0.030953399337731103
0.03244751051758695
0.02590412234965233
0.027112524543440403
0.02819556834805522
0.03760743087764427
0.03828159144922095
0.038786460316307766
0.02953843460255459
0.040157446421188514
0.026069835138962143
0.04019305891866711
0.0295611054400226
0.038173706208385214
0.037472876704802115
0.036609757836275444
0.02928187401560577
0.02837572514282805
0.027338865766391832
0.03334715631874459
0.03194446851001628
0.030426025877122658
0.01606079112866172
0.0142544029455876
0.012365975136841331
0.010407368373058593
0.008390836793721627
0.0063289517095676566
0.004234523600869462
0.0021205228934417417
1.3195291447933375E-15
0.002113994882374955
0.0042084917280631835
0.006270679904201769
0.008287986175757715
0.010248151021481298
0.012139302799509113
0.013950029316001252
0.015669446367281632
0.004932479754342792
0.006160188894582595
0.007376600534519742
0.01730938545371476
0.018184599105583902
0.01894806497724972
0.018079813590654765
0.018903570678793506
0.01958094754992761
0.029320000438308666
0.027558447159136277
0.04140866624999696
0.02788173798455211
0.028672932008263853
0.020456039014482997
0.0200784399326606
0.01956130835857762
0.017204482963894405
0.016142934814037082
0.014963159457595505
0.007185966094749139
0.005983552874734213
0.004777123990785007
0.015131808464325013
0.013432231125051623
0.011654737426118252
0.009810470346243586
0.007910951711349132
0.005968010510534941
0.0039937095292477895
0.0020002707528311626
2.051237454157706E-15
0.001994788750869812
0.003971848879048338
0.0059190760209375665
0.00782458189546468
0.009676766606715211
0.011464388985834892
0.013176634547166272
0.014803180649465519
0.02796183505738429
0.02927171233314488
0.03046793123877006
0.027599589709243436
0.028632230859993873
0.029530198000753783
0.0250555465295775
0.025526168493836054
0.02585725267883393
0.028079732992433697
0.03161585183836592
0.009197313429471611
0.031203739621418473
0.028014433061625515
0.02481190921312292
0.024138189957000587
0.023329902992479355
0.028700764608194474
0.027680458499045466
0.02653229281434969
0.028123440313176224
0.026749698605560968
0.02529229792468552
0.014350319253918619
0.012740489276206047
0.011056240820027373
0.009308114012790704
0.007507015135159849
0.005664148820684664
0.0037909485941316555
0.0018990061775885083
1.588336645597573E-15
0.0018943766504759532
0.003772487390704068
0.005622823984444943
0.00743407662706381
0.009195202845306515
0.010895494593689605
0.012524643141227238
0.014072801356561448
0.015749914906966277
0.01693880913845901
0.018096783648934016
0.014359630243978887
0.015454200254221319
0.016423238927507945
0.025398271591534297
0.026039552500872573
0.026541088445796276
0.019952064417871233
0.03305038159523855
0.04640675347130529
0.03296730156368043
0.019563784829673712
0.026510167623812392
0.026000859142097005
0.02535378262223661
0.017206422161265184
0.016384555817910748
0.015444958618426543
0.020888119867597973
0.019987872100365015
0.019022412454287044
0.01368963323242585
0.012155621864998144
0.010550164881390052
0.008883293100555457
0.007165392548761009
0.005407139946446787
0.0036194365538985604
0.0018133407843665835
1.953638828058511E-15
0.0018094180900348944
0.003603794008246925
0.005372124644472235
0.007103590532065173
0.008787621854598313
0.010413962781398575
0.011972733741576322
0.013454491259359186
0.015280596752884849
0.016082044999780915
0.016839390110687198
0.020418138738803243
0.021310104914299008
0.02208309882906244
0.017875872472294836
0.018508700505170513
0.019009211744487383
0.028186300007784958
0.017752877268436672
0.010562236595770278
0.017669705086785146
0.028208177322301964
0.019143100931719673
0.018690309252411066
0.018107766700720253
0.02104261526523417
0.020108354052421902
0.019060424627345026
0.013242646889146907
0.012125567736373069
0.010992293444371054
0.013129576318167037
0.011659817132507133
0.01012113801466832
0.008523137976574795
0.006875761877445158
0.005189238702474783
0.003474018218224681
0.0017407063958140123
4.204708873487296E-15
0.0017373792535262018
0.00346075056836195
0.0051595395614865225
0.006823342980650135
0.008441992249956124
0.010005615456475676
0.011504697400999592
0.012930137348573532
0.02339243591060535
0.024650288344990508
0.02581612290075789
0.017881530877121684
0.018831272286100716
0.01966368700161518
0.02120138453609584
0.021723412388268824
0.022117286431189803
0.016403629355268942
0.02428576746574061
0.025846260952185004
0.023995610776156924
0.01665877879705605
0.021708144371441085
0.02118158255888373
0.02052998659381336
0.019488583100433096
0.01863621218754402
0.017670407900590657
0.025817474002976914
0.024652461029292055
0.023393086660458987
0.01265467983793287
0.011239413419892227
0.009757366466508391
0.008217771418266637
0.0066301986482111145
0.005004497114999691
0.0033507334073869296
0.0016791295566436603
2.4853402707149034E-15
0.0016763119168734185
0.003339497508491282
0.004979345999418073
0.006585807068181954
0.008149052303013243
0.00965953519449096
0.011108049299678298
0.01248578422425958
0.005049691851249366
0.006305897900158965
0.0074770781878229385
0.017497991078215328
0.018444646091471346
0.019279688827962427
0.019690107396563697
0.0202467000383153
0.02067716824104459
0.025701534595312516
0.023011133107760873
0.023331506605270363
0.023160873598611714
0.02535201317922985
0.02052972129268043
0.02005330294854516
0.019453489711012413
0.019628132978161017
0.018859262841179374
0.017982366776014974
0.009361377023025181
0.008509354642313081
0.0076301190733414175
0.012252950983889644
0.010883816402483853
0.00944970230321325
0.007959530298470147
0.0064225533455959825
0.004848298416956769
0.0032465075731377096
0.0016270778027893556
4.356704645355887E-15
0.001624702545491549
0.003237035767177445
0.004827096171892946
0.006385131545149049
0.007901600640545795
0.00936723148844707
0.010773077968524615
0.012110574301547307
0.019654881829054338
0.02068092995882843
0.021620910634158826
0.014372804388900696
0.015206727713377454
0.015932212737128002
0.020256373588559057
0.020859337895467078
0.021342945637239763
0.025904392705278684
0.016234741622767987
0.026032995817023702
0.01619293132666886
0.026354684993550016
0.02165094790998979
0.021271916448671546
0.020775128499707644
0.015242921506827153
0.014411000273859529
0.01347440627882761
0.019508260767048688
0.018382060735408535
0.017189143788304818
0.011915019650557636
0.010584747402743058
0.009190996056045526
0.0077424247271534585
0.006248018519869704
0.0047170329024203185
0.0031589364957609976
0.001583352625867089
4.073682853355315E-15
0.0015813671279564462
0.003151018935382825
0.0046993097840614855
0.006216737382104936
0.007694000992690313
0.009122058333467988
0.010492180819402069
0.011796006812016617
0.014731180394025756
0.015846410530212057
0.016901412812110453
0.019826150339542454
0.02070032932821921
0.02146727955019616
0.014664311759208532
0.015132299723465182
0.015484550077014441
0.014920133509581664
0.02299893858772779
0.020086677848723956
0.022858603626447465
0.01430646686209739
0.015081251397386593
0.014596390034119852
0.013997281018059025
0.021392425245799856
0.020623009796306536
0.019751238542450873
0.01832652017738006
0.01740097975606439
0.01639911835469012
0.011633535736640178
0.010335712165389359
0.008975639047643293
0.007561755518892586
0.006102822496012381
0.004607868489186733
0.0030861338289874993
0.0015470136525538637
2.5439398442235543E-15
0.0015453766227188105
0.003079605855296212
0.004593255909150115
0.006077031449697105
0.007521830580311629
0.008918800579124073
0.010259392048031146
0.011535411143215988
0.010082976789773787
0.010990576550874752
0.011845175444992617
0.014055951367335517
0.014935118556378432
0.01572013217532458
0.023065452622526888
0.023578984825382746
0.023975901843799986
0.02836208121908396
0.01912502057330062
0.03622738819898432
0.019240551344554276
0.02805999766218068
0.023832525179632174
0.023391253090192382
0.022836392177460172
0.016675159194447335
0.01606121957575173
0.015358915409132128
0.010384226760645638
0.009332489423089826
0.008209046443647906
0.0114027373829099
0.010131620185263089
0.008799235330316839
0.00741383991315993
0.005984009696895763
0.004518586115967582
0.00302662169495714
0.0015173242190138923
9.71023643004164E-16
0.0015160034130026895
0.003021354726476134
0.004506796245607179
0.0059632007159369175
0.00738162731509125
0.00875337645160567
0.01007004303563412
0.011323567895696812
0.017518301321385082
0.0186075069581578
0.019611465211893393
0.016059079092756494
0.016728943723000392
0.01730768090764488
0.0166386888309941
0.017243665553057477
0.017745704593354814
0.014632191142377547
0.01764185744292922
0.007017358925238619
0.01760461925334368
0.01533044233483401
0.018486400534753207
0.018232858470733294
0.017877658354878357
0.0159930569506874
0.015210872088449406
0.014346500234002567
0.019044252529026667
0.017985950339685405
0.016844841494607125
0.011218138743398302
0.009968509378501767
0.008658364370332312
0.007295813132393106
0.0058892816820958725
0.004447460615539756
0.002979251493704749
0.0014937119704663186
1.2316258530497327E-15
0.0014926825330956392
0.0029751464147035724
0.004438271585387824
0.005873063161206402
0.007270706647693456
0.008622622008377443
0.009920516256842184
0.011156434250420361
0.00900909851249177
0.010141336033391088
0.011195189710551836
0.021324314842052723
0.02220209714383119
0.022984853544572345
0.016136581621760522
0.016452360721533506
0.016668318147116497
0.015750343425603983
0.0217941103635086
0.02376213920427927
0.02179763458141767
0.014919158530563118
0.01575399209987804
0.015235945213514498
0.01462067770583685
0.02381683016979485
0.023166074261205632
0.022416479207254293
0.01232776843831668
0.01141076730268987
0.010419606690433712
0.011076303439817532
0.009843346313629297
0.00855040886344576
0.007205484406093605
0.005816881820235474
0.004393174290418766
0.0029431464544581966
0.001475740279539418
3.663356174406956E-15
0.0014749835446402574
0.0029401288293688277
0.004386419477507493
0.005804959666127184
0.00718702876277071
0.008524134858665636
0.009808066870150447
0.011030944889171317
0.013540276350593022
0.014539694219393206
0.015461340969995893
0.007040799736555232
0.007785927572402249
0.008442866633867724
0.0252289188245761
0.025788530221354224
0.026237780680824416
0.028023788314600655
0.01994559106414945
0.022980159040368903
0.020026299836390364
0.02845386253511753
0.02651375602058086
0.026155156932638517
0.02568496284663007
0.008123671819210865
0.007413097310394197
0.006613627406690881
0.014456486443836868
0.013426925593895562
0.012320615617746902
0.010974681112938844
0.009753882125006793
0.008473430582405714
0.007141233191069242
0.0057655121864165606
0.004354754658457542
0.0029176602675265316
0.0014630876723624533
3.4446779521291054E-15
0.0014625903074091937
0.0029156769298885683
0.0043503150505590504
0.005757676340100947
0.0071291032072235885
0.008456161982300479
0.009730694707837646
0.010944869218246596
0.012840202177008332
0.01391927726766104
0.014918586979916142
0.023305307255014594
0.024068202278590203
0.024732239450149292
0.009269370975607372
0.009843977716501282
0.010318063235987116
0.013833072925141373
0.02066080275763491
0.015428415528343451
0.020632280426005307
0.014662031026152593
0.010995958050141879
0.01076026013325806
0.01043576074978342
0.02414190630802823
0.023392887334425617
0.022551980846335706
0.015021996040872537
0.014032061332816044
0.012960802579966218
0.010911491925410155
0.009698550779606824
0.008426082790697521
0.007101936019156045
0.005734275035347533
0.004331530647311872
0.002902348001857253
0.0014555333780321353
1.0933686602522666E-15
0.001455286797783146
0.0029013647161500347
0.0043293296088059655
0.005730390233529037
0.007095922300630516
0.008417521487000494
0.009687055090155883
0.010896712005369008
0.011331752648185823
0.012414070543835094
0.01341651612476666
0.013782457999848665
0.014581558895158251
0.015314995209390623
0.022836640124015015
0.023191211410907152
0.02344172525288302
0.028786923846834813
0.020914956852040156
0.028240797545823555
0.02089154445570732
0.028374381167955164
0.022691036380759252
0.02219696270055007
0.021604901706375797
0.01703073602709165
0.016570716169168807
0.01603639526930732
0.013792690963049112
0.012830800705447364
0.011788491579585794
0.010885648950796278
0.009676400843692924
0.008407551610462454
0.007086917623867854
0.005722633777816429
0.004323103446453149
0.002896946794164893
0.0014529477539662135
