1.0
0.9989725854527263
0.9958941397184436
0.9907760398146891
0.9836371918337654
0.9745039478168493
0.9634099899352749
0.9503961825331798
0.9355103927392266
0.9188072805050688
0.8082522305971321
0.760485076585079
0.7204438817597649
0.7798683212414947
0.7551638640559326
0.7289358425748481
0.701585461452209
0.6823249534015646
0.6435707128878345
0.6128541776517582
0.5814479496314411
0.5492992592616043
0.5167681918879039
0.492606065533379
0.4496637065265232
0.4156929619117802
0.3820626369918458
0.3479104368972997
0.23399683004405733
0.21832397014964836
0.212424730988225
0.26683328132118755
0.23395677675898255
0.20167312991975297
0.17008068053330838
0.13927376632762656
0.10934235931995431
0.08037172439209725
0.05244210162743608
0.02562841376529655
3.8129600376078154E-16
0.024379622781927738
0.04745297037168257
0.06916877240348773
0.0894821236499257
0.10835460493099762
0.12575437327165576
0.14165622109465462
0.15604160438810713
0.1688986399392123
0.26250898424309604
0.29791871427251265
0.32147234611158054
0.2566718009527056
0.2617811861659133
0.2672380915415527
0.26951847020340386
0.2612296447383034
0.2694328072223756
0.2689658284576245
0.2659763181642556
0.2617954678347879
0.2550501184215344
0.24006126526908814
0.24181425011980362
0.2334932655564121
0.22181436622738135
0.21181823144991063
0.26465183436256295
0.2390488850342348
0.20238074900206166
0.11667245240793642
0.1041334746462164
0.0913037533794375
0.0782643459277999
0.06509537670314791
0.05187566279556161
0.03868235100081212
0.02559056798264967
0.012673085182488317
6.872524283751564E-16
0.01236156532820447
0.024347745827527634
0.0358981956467285
0.046956328580889356
0.057469536274566045
0.06738938324713044
0.07667177800935282
0.0852771196700477
0.0931704195635519
0.05341524696137619
0.03613713414030998
0.023667298418460835
0.07869544796282701
0.08276147428835043
0.07935797421261699
0.08180609868186307
0.09266696074233323
0.08855305782907609
0.0827424464780972
0.08207045814501963
0.08067030270996248
0.0849301358667133
0.08673388208299879
0.07416705314053484
0.07018916233029387
0.07363469221625504
0.06881099280119019
0.020500662926712047
0.03289243136811236
0.04970606559497323
0.07482035430154768
0.06711710121238215
0.059138962311213066
0.05093822132600316
0.04256756538062812
0.034079781627452864
0.025527457685861753
0.016962687462070723
0.008436783880032094
9.352409649538962E-16
0.008298740059596266
0.016412099049191355
0.02429457209091796
0.0319027185649626
0.03919537927375668
0.04613387787015417
0.052682205632238535
0.058807188768006495
0.06447863753739033
0.10853646562581186
0.1301486102114582
0.13815682019381093
0.11784604389766684
0.1205384888355607
0.1310343843420773
0.1327481382380067
0.12543876230926387
0.13283754223804792
0.13841800228042792
0.13793491548413386
0.136909686824875
0.1295960291155777
0.12080557344615621
0.12656452148805325
0.12348549248726962
0.11063102623626893
0.10665028903148244
0.11657022953698948
0.1086218102910071
0.08725722894937565
0.0552044965608555
0.049639640524935816
0.04384237336355485
0.0378506719099729
0.031703191580882036
0.025439031390898457
0.019097499119954175
0.012717877975442002
0.00633919606914709
1.3299665401236861E-15
0.006261866202462819
0.012409475561784176
0.01840702490262356
0.024220032755728937
0.029815527373655254
0.035162223877609824
0.04023068962729739
0.0449934969817799
0.04942536269936593
0.04509366637703058
0.030092392829517044
0.03146848267486088
0.0536818100816769
0.055922708288180044
0.047219875033799076
0.04866042128867389
0.058383579204356564
0.06272603098875643
0.0504919496610169
0.050593533473497466
0.050387229456716996
0.06264300370149203
0.05781032936498729
0.04800017935173165
0.04650843450535552
0.054804188349186815
0.052539528754572976
0.03659962237894017
0.031470482731522566
0.04382479981054367
0.043855240091816
0.039489974235265755
0.03492661100534901
0.030194876749064615
0.02532521601994432
0.020348602879242443
0.015296350844883502
0.010199922616160297
0.005090740693766475
1.0026944324587026E-16
0.005041516417228403
0.010003617540092012
0.014856879372912723
0.01957281378612383
0.024124030271787784
0.028484389719774097
0.032629149377751535
0.036535098216766475
0.04018068198682769
0.044535446419670215
0.06022868553448546
0.06170985984281864
0.06717553954553623
0.06881865871861571
0.08503211857023493
0.08610876717861964
0.0799236889468575
0.0846076649553742
0.09535900407013351
0.09512671495324626
0.09456642397576251
0.0827807927536566
0.07742544164907489
0.08264297320095551
0.08077618229421457
0.06319035441117593
0.0607435040116495
0.05591860707855468
0.05424690880443236
0.038965872397933685
0.03647909300014302
0.032878631378331746
0.029106096167607703
0.025185915879489956
0.02114321444761125
0.017003654284084263
0.01279327734706915
0.00853834518107281
0.004265178890457872
1.058265801495898E-15
0.004231226855954088
0.008402948491872059
0.012490174076164985
0.016468621510455143
0.020314858443545938
0.024006437118550935
0.027522022293951367
0.030841511525969263
0.0339461471500591
0.04017352979257921
0.03590946673401672
0.04580080943514968
0.04664132848452713
0.04830724866806442
0.044260761589915265
0.04525056244676865
0.0548421933647229
0.06321118318187682
0.05140404657055596
0.05152706939407589
0.05146444972030395
0.06320800658713478
0.05467127813405187
0.044981237196154045
0.043947643898126776
0.04688364744412689
0.0450300083958741
0.04419735977561241
0.03507308210607976
0.038256619216962176
0.0313176505008966
0.02824540780962746
0.02502101131459179
0.021665227760589784
0.018199480544475292
0.014645715469342761
0.011026264246838243
0.0073637065820821215
0.0036807316787395915
2.3158637201948205E-15
0.003655993885695671
0.007265056556971963
0.010805428289309176
0.014255912122850123
0.017595998694535885
0.02080598611094273
0.023867094172387804
0.02676157229694517
0.029472800534867758
0.039588148084733064
0.04941534340204314
0.048778672622088105
0.03854718261585464
0.03995429663306343
0.05581461246190359
0.0565702506450682
0.05198494695068486
0.05328165043893422
0.06852906432181038
0.06834868587342964
0.06795276670092945
0.0519462344609234
0.050276854449606105
0.054155202575125516
0.052832218290197484
0.037532265051991566
0.03576435236496405
0.048237528380862704
0.04889685673990933
0.040305039918428015
0.02751732263936852
0.02483035701418598
0.022006789021949243
0.019064718399568897
0.01602286105365739
0.012900431665654796
0.009717023953107983
0.0064924893234951896
0.0032468146625364695
0.0
0.0032280632073139236
0.006417712443588528
0.009549632433254475
0.012604970668222661
0.01556544948028844
0.01841347400050494
0.021132235375582946
0.02370580864346317
0.02611924470554875
0.02856144666052325
0.023097472084798693
0.02622446101722122
0.03583806616613692
0.03719539519533306
0.04058663423600987
0.041431175903010445
0.05133274807589927
0.06094810184038696
0.05254672148866353
0.05262175782003003
0.052533497512161666
0.06071013136006598
0.05094369243863715
0.04090821760259505
0.039941195199337566
0.03527854380835461
0.03365013443680347
0.02063087866523778
0.018137665699882063
0.024654818470832156
0.02461377993509381
0.022219107024000876
0.01970021036208889
0.017073170655955868
0.014354647114389128
0.011561772961430487
0.008712048594936378
0.0058232330499907205
0.0029132344336067167
5.590367874336516E-16
0.0028985934653006857
0.005764848289297559
0.008581352929303896
0.011331086723560615
0.013997521750361657
0.016564721191942362
0.019017433623293393
0.021341182673571244
0.023522351538321926
0.03537527013131743
0.04401831396894195
0.046613211753728116
0.031772544573563107
0.033171211064416097
0.03587781896998146
0.03655232761057563
0.03296450153629659
0.02988732594442601
0.04773310004028769
0.04757222827395671
0.04726480164960303
0.028900943508549968
0.031869167003315164
0.03508362696552987
0.034054368754938724
0.033576548418822384
0.03229297618218169
0.04604493004886017
0.04204320430443071
0.031643929134446115
0.022332853656681566
0.02016655638883543
0.017886055366205748
0.01550585727975715
0.013041013712295529
0.010507026791994327
0.00791975251950372
0.005295302366412895
0.002649943750817405
1.7124532539962611E-15
0.0026382495895478563
0.005248668987355913
0.0078153633592425
0.010322775102729744
0.012755777411733933
0.015099764812137678
0.017340740130543104
0.019465397382423557
0.021461200092845578
0.019865688660526095
0.011711292120083818
0.009162625636615334
0.023063893186979954
0.02413243672820717
0.03459892768408705
0.03535647511040084
0.04485153486848475
0.05422849501892448
0.05032915297040247
0.05036016297993685
0.05023123885679355
0.053798502556500545
0.044274447132484934
0.03467449400070175
0.033755782880051495
0.022223507557656855
0.02088440379046389
0.0100340678427092
0.014303155246086805
0.022000191940783054
0.020502305557441643
0.018518518518519544
0.01642875242294121
0.014246258644903248
0.011984803983147338
0.009658584444421076
0.00728213674588333
0.004870248084483572
0.0024378647295406567
9.137299871806635E-16
0.0024283578107865173
0.004832337001507555
0.007197272964718326
0.00950879707671277
0.011752923439939033
0.013916132957621674
0.015985454238323663
0.01794854084947474
0.019793744462760804
0.018207660068006087
0.03490868716104239
0.039866277128951626
0.03578353328298843
0.03696934213685602
0.025871171243210506
0.026605411343568305
0.022487778426897406
0.014431638102559317
0.03080394281428693
0.0306723995016804
0.030431166545943647
0.013964336038575966
0.0220644513238414
0.026160499968942902
0.025323076623608404
0.037355952806780265
0.0362612548013671
0.03730198262559114
0.032775151688612586
0.014001973559930488
0.01900855764426876
0.0171732096400418
0.015238710305110538
0.013217291849711994
0.011121676278225212
0.008964995797926608
0.006760710998608778
0.004522527309868124
0.0022643102517697676
1.4650326485341824E-15
0.002256474210775121
0.004491279322589071
0.006690762809976698
0.008841535644203053
0.010930553364367086
0.01294519476696104
0.014873337741864171
0.016703431801371415
0.018424566870801882
0.03031288989590044
0.01926165309505079
0.012716207919018575
0.012099995476580914
0.01303692346885491
0.02775767717789984
0.028433185133210432
0.03678657119263353
0.04453697950447565
0.04501357774466194
0.045008717572036304
0.04484729077533386
0.04401089548320298
0.03618533580424312
0.027761245143635906
0.02692876351496936
0.011931388599032589
0.010819637258715993
0.013452827063938484
0.01843243346342071
0.0316885453808769
0.017773746605172062
0.016060791128661826
0.014254402945588229
0.012365975136843439
0.010407368373054435
0.00839083679372151
0.006328951709569604
0.004234523600873125
0.002120522893439136
2.1480339371702625E-15
0.0021139948823757676
0.0042084917280650995
0.006270679904200223
0.008287986175754958
0.010248151021479997
0.012139302799508547
0.013950029315995979
0.01566944636728219
0.017287262845732447
0.0057184864390565264
0.027365373468285454
0.02883675469108467
0.035759136220476405
0.036728121328429286
0.024182667634190632
0.02490087646492528
0.020018878167458936
0.012658715050102038
0.01857012476823151
0.018518518518512782
0.01835432331388399
0.012889033748010792
0.020022663752861308
0.024915519526475572
0.024211128929305468
0.03609262430883053
0.0350383162702275
0.028343428427911266
0.027408866411244473
0.005554515706751819
0.01674277486948714
0.015131808464327524
0.013432231125050242
0.011654737426118611
0.009810470346245798
0.007910951711351026
0.005968010510536192
0.003993709529249935
0.0020002707528295836
1.6655628060091543E-15
0.0019947887508703827
0.003971848879048614
0.005919076020938799
0.007824581895460944
0.009676766606714684
0.011464388985834784
0.013176634547165462
0.01480318064946812
0.016334258471109277
0.029037201991762962
0.00967802965087699
0.018993565938927672
0.0098278665316463
0.010806080682588499
0.021861168584980762
0.022478880911046308
0.02972420994303027
0.034005665499018456
0.03737048825603545
0.03733859119706745
0.03715733777140917
0.03350091232281139
0.029317666027213644
0.02201800454078224
0.021294024422162047
0.011399573295688402
0.010549302107488539
0.019990115440225924
0.006520846300722154
0.0261961750866725
0.015875622498043186
0.014350319253918803
0.012740489276205653
0.011056240820025782
0.009308114012788382
0.0075070151351609386
0.005664148820686756
0.00379094859412903
0.0018990061775877184
1.6204541392689661E-15
0.0018943766504735207
0.003772487390705017
0.0056228239844446125
0.007434076627062453
0.009195202845306154
0.010895494593687037
0.012524643141228727
0.014072801356566404
0.015530643016466611
0.01140617289891135
0.03351002550050387
0.029335954521847927
0.02927656379992262
0.030070755901229457
0.023997461235941625
0.02462613946157898
0.020304097179611402
0.01788881522791315
0.015070304977971129
0.015163674853912536
0.015118648444001202
0.0181152130352475
0.020288196948145362
0.02448070373220951
0.023822932707205216
0.028710825520853918
0.02770657176217464
0.02884231085759964
0.0355879108287705
0.013971228958124672
0.015142585844551746
0.013689633232427032
0.012155621864994439
0.010550164881388999
0.008883293100555
0.007165392548760372
0.005407139946448118
0.003619436553898026
0.0018133407843702633
3.3070837281957112E-15
0.0018094180900312578
0.003603794008246303
0.005372124644470626
0.007103590532064182
0.008787621854595409
0.010413962781398712
0.011972733741577259
0.013454491259361765
0.014850284989615289
0.01588650387083025
0.0038294027733719116
0.018269774976679008
0.014942577685634924
0.015851873885235457
0.01899828090865387
0.019605909711294625
0.02636361359486746
0.025168374080525066
0.028346316746257004
0.02829921957042003
0.028112921608190233
0.024819933754825465
0.02629517515136967
0.019553823197657794
0.018939298535689746
0.016585764247958
0.01580203364589177
0.01699323488537764
0.004518339286962424
0.013483819518306465
0.014521222122821111
0.01312957631816451
0.011659817132511992
0.01012113801466177
0.008523137976574084
0.00687576187744222
0.005189238702478354
0.0034740182182236966
0.00174070639581639
4.6634019163994815E-15
0.0017373792535292463
0.003460750568361822
0.005159539561484128
0.006823342980650451
0.008441992249954965
0.010005615456472185
0.011504697401004524
0.01293013734856814
0.014273304129174966
0.020159406186654114
0.037495102537466275
0.021439888633210533
0.020375350568708712
0.021117010436850717
0.02122379023637174
0.02176325003538577
0.01894164190911975
0.02087887731601794
0.019726863988854745
0.01986948514398882
0.01987803821816267
0.020940682302892928
0.018729205697129894
0.021312143797183977
0.02066526027561816
0.020062832401127988
0.019153820975050573
0.01898486924245704
0.036067190634970936
0.02111579694523164
0.013994328584079388
0.012654679837932477
0.01123941341989119
0.009757366466509522
0.008217771418264996
0.0066301986482108265
0.005004497114999753
0.0033507334073885936
0.001679129556640042
6.222965208349647E-16
0.001676311916871892
0.0033394975084906115
0.004979345999420538
0.006585807068179859
0.008149052303014596
0.009659535194487846
0.011108049299685173
0.012485784224258346
0.01378437908291215
0.013760294634709954
0.0010593482408166684
0.018712805871061586
0.018588645570325888
0.019421279400220613
0.020255225990980282
0.020865325474365457
0.027014018646296746
0.020504463915591305
0.01925354590768962
0.019212932685915275
0.019042977701504198
0.020400091176772467
0.027154840527313717
0.021166609697062588
0.02063623670284196
0.01963857044515567
0.018855318742258216
0.020946096687642062
0.0017619299249449724
0.014868148047559055
0.01354857115845203
0.012252950983888919
0.010883816402480446
0.009449702303211583
0.007959530298472236
0.006422553345598056
0.0048482984169516885
0.003246507573132409
0.0016270778027873117
1.9164330510186613E-15
0.00162470254549316
0.0032370357671755124
0.004827096171889602
0.0063851315451547855
0.007901600640544943
0.00936723148844458
0.010773077968522626
0.01211057430154131
0.01337158712926605
0.019513154018416287
0.0259826729883945
0.013498167673695298
0.01712261672860074
0.017901972116543378
0.015969412867047682
0.016455231490018426
0.014923747671349524
0.02072298480445185
0.025452561817485526
0.025577804686740153
0.02557693392799005
0.020649558450807157
0.014536064447656675
0.01589414980836186
0.015272687047538874
0.018208221997021833
0.017499299534942593
0.013289375803116255
0.022501085857416087
0.017763943168126253
0.013173533359926225
0.011915019650558535
0.010584747402741774
0.00919099605604615
0.007742424727158964
0.0062480185198719946
0.004717032902418665
0.0031589364957608774
0.0015833526258661214
1.5858137581507354E-15
0.001581367127951491
0.0031510189353798493
0.004699309784055835
0.006216737382104065
0.00769400099268805
0.009122058333471256
0.010492180819390233
0.011796006812014663
0.013025592550937213
0.01584641053020373
0.01194131034419837
0.026988366085711854
0.018422262823128012
0.0191010513708936
0.023861501618499963
0.024449613506488554
0.028921727603330165
0.020083600301938995
0.012782954867757197
0.012798897918247908
0.012698123543015446
0.02012282408394032
0.029030567973173618
0.024826933143043677
0.02433736154426941
0.018704822029618148
0.017981805047418156
0.026818505038568755
0.014415641693824246
0.015287242840911531
0.012861044675938649
0.011633535736634523
0.010335712165391756
0.008975639047643124
0.00756175551889353
0.006102822496016723
0.0046078684891911435
0.0030861338289908144
0.0015470136525541187
3.3753867255471425E-15
0.001545376622721659
0.0030796058552990902
0.004593255909150201
0.006077031449699099
0.007521830580312395
0.008918800579124348
0.01025939204803532
0.011535411143211523
0.01273906956868725
0.01354393905218418
0.014556657635662195
0.012681390770843183
0.02081689265664656
0.021552782599334477
0.011906224533519066
0.012378811933057635
0.009606878295525062
0.018627886242713124
0.029293660845872427
0.029384334909387553
0.029357222307417496
0.01850787447478204
0.009270625594178144
0.012297509500964731
0.011822835192318176
0.022139426551499537
0.021503059739499494
0.01296633400707793
0.014060944895159713
0.01404197231830653
0.012604699581220217
0.01140273738291475
0.010131620185261194
0.008799235330318211
0.007413839913163643
0.005984009696893358
0.004518586115972265
0.003026621694948621
0.0015173242190157478
5.759831101465678E-16
0.0015160034130033734
0.003021354726476472
0.004506796245604502
0.005963200715936899
0.007381627315091565
0.008753376451605895
0.010070043035633493
0.011323567895696928
0.012506287027605522
0.012428710670140189
0.01784022826370666
0.01975961545482587
0.014652826811969583
0.015198546546510767
0.027157600956697458
0.027687440259831105
0.029379127839126478
0.02090053685800028
0.013461085528393561
0.013556496436464827
0.013569214600152816
0.020922688050901465
0.02931127487832139
0.027913502971768263
0.02744653152161018
0.014462595728126328
0.013799792251127567
0.0171601084668542
0.017183002275303165
0.011382541698043128
0.012399509771531673
0.011218138743401869
0.009968509378499923
0.008658364370336988
0.007295813132387663
0.005889281682093957
0.004447460615534666
0.002979251493705517
0.0014937119704684066
5.603035333264873E-15
0.0014926825330951116
0.0029751464147066255
0.00443827158538232
0.005873063161210574
0.0072707066476871834
0.00862262200837772
0.009920516256841106
0.011156434250421541
0.012322807374820305
0.01934446193509357
0.015251417432741131
0.019035489064012173
0.02315604764509068
0.023851911794699414
0.014559069062895877
0.01496040536487126
0.008607693649429747
0.01670910877139341
0.03050214677089238
0.03055281144626407
0.030497012646504496
0.016658729349302435
0.008896357580861767
0.015529096683052449
0.015281857274867612
0.02379439605176057
0.023084877126085552
0.020894070861239032
0.015799406361492064
0.020769887132022026
0.01224165183062392
0.011076303439816977
0.009843346313622015
0.008550408863444922
0.007205484406094716
0.005816881820239158
0.004393174290423254
0.0029431464544580257
0.0014757402795356933
2.087543517333006E-15
0.0014749835446411668
0.0029401288293614655
0.004386419477507813
0.005804959666127822
0.007187028762764424
0.008524134858664397
0.009808066870156971
0.011030944889174788
0.012185268474424636
0.008020952308514297
0.012161313391045234
0.009701861251651607
0.01079602199790896
0.01144312216472737
0.02831790285519474
0.028753139410735692
0.027129674077107268
0.020611988841468216
0.019115061142407297
0.019227117630285895
0.019269951889316066
0.02055516091889203
0.026843702535091104
0.02869818924556826
0.028257980782579788
0.011385967841520446
0.010709980426288897
0.009452706370168863
0.011390740722896916
0.00703225067171027
0.012128285123688718
0.01097468111294028
0.009753882124999868
0.008473430582409387
0.0071412331910798025
0.005765512186418513
0.00435475465846507
0.0029176602675252197
0.0014630876723690336
1.145412301028161E-14
0.0014625903074088923
0.0029156769298953615
0.004350315050561496
0.005757676340099759
0.007129103207221952
0.008456161982299086
0.009730694707841117
0.010944869218239653
0.012091227201860899
0.020676049033657662
0.017707991442565046
0.023740924751817234
0.02070675315937646
0.021358294200573977
0.02083988209064475
0.021219217252014783
0.014655149037672201
0.01686503781654644
0.028985272910633755
0.028995740362222
0.028914014919234263
0.016932712050517624
0.01519893048742042
0.02183172733571231
0.021601280019598424
0.020602626165828086
0.01982492526234612
0.022982399433964056
0.018000104838562514
0.01912391619506858
0.012057423013994657
0.01091149192541203
0.00969855077960204
0.008426082790696206
0.007101936019154561
0.00573427503534755
0.004331530647316202
0.002902348001860312
0.0014555333780353176
4.5048451172910744E-15
0.0014552867977789372
0.0029013647161495225
0.00432932960880548
0.005730390233525648
0.007095922300630722
0.00841752148700659
0.00968705509015342
0.01089671200536723
0.012039050719149251
0.009274664052029615
0.014767584295506786
0.014134967059180673
0.013669438294781695
0.014454767898467792
0.026440751530063374
0.0267627347162259
0.022105919869222734
0.018885239659489968
0.024883002386990077
0.024984875567715753
0.025009193025652254
0.018777644008757085
0.021635655688499563
0.026390066121097292
0.025984021805486174
0.015378903972850081
0.01474729987266413
0.016095413698033766
0.016160141454451903
0.011756381168245926
0.012027846164578079
0.010885648950798391
0.009676400843694841
0.008407551610460797
0.007086917623866194
0.005722633777818831
0.004323103446454834
0.0028969467941685205
0.0014529477539601855
