1.0
0.9989725854527285
0.9958941397184463
0.9907760398146899
0.9836371918337671
0.9745039478168518
0.9634099899352752
0.9503961825331821
0.9170749080572591
0.8911559747538831
0.8635915977389184
0.8526115321501284
0.8124206026449236
0.7799143529037224
0.7552174795488286
0.7292792851446205
0.7019772483356773
0.6735108838624333
0.6439822418484122
0.6132229155062253
0.5818581681976931
0.5497536070250555
0.5173931406595635
0.4841848235735969
0.4505808099584718
0.4166970612596377
0.3822721127909265
0.3481416100010175
0.32330898173057077
0.30754674640062724
0.2658617782367421
0.24065275628212668
0.21683028782972702
0.20167312991975297
0.1700806805333094
0.13927376632762692
0.10934235931995472
0.08037172439209735
0.05244210162743623
0.025628413765296797
0.0
0.02437962278192796
0.047452970371682536
0.0691687724034882
0.0894821236499262
0.10835460493099781
0.12575437327165548
0.1416562210946551
0.17198677387803044
0.1935765978299965
0.21171320909832012
0.2143903217423688
0.24048505410812882
0.2563222315125517
0.26141174332568945
0.26402727828654843
0.26618398416429123
0.26694959933995294
0.2663675088393784
0.26641216203316603
0.26334419837162476
0.2590873085058073
0.2516062009935573
0.24510861620859586
0.23762278898763306
0.22922232967161846
0.22133537378269447
0.21134935962615836
0.19142526225842485
0.16243682108958277
0.15582776147459132
0.13839911379993014
0.11725839654527319
0.09130375337943783
0.07826434592780017
0.06509537670314854
0.05187566279556198
0.03868235100081243
0.025590567982649953
0.012673085182488521
3.972829973955338E-17
0.012361565328204436
0.024347745827527658
0.03589819564672882
0.04695632858088953
0.057469536274566455
0.06738938324713076
0.0766717780093526
0.07733398213287242
0.07935164338103314
0.0881143234305749
0.09297333816642475
0.08628663208487466
0.08305710898648867
0.08709165455666494
0.09646100629894395
0.09904765441497226
0.10088931489896857
0.10198808799828869
0.09497038436685962
0.09451761847140651
0.09336496360937302
0.09924631628917015
0.09690729910858349
0.09398197344390408
0.09052016319218997
0.07918802407900824
0.07463016091311346
0.07702898033014613
0.08090672219994902
0.07952721809702583
0.06786320091150798
0.06473011499522512
0.059138962311212774
0.05093822132600301
0.042567565380628364
0.034079781627453
0.02552745768586212
0.016962687462070896
0.008436783880031528
1.2011843287404482E-15
0.00829874005959589
0.016412099049191754
0.024294572090918922
0.03190271856496311
0.03919537927375732
0.046133877870154286
0.052682205632238445
0.06295722983992479
0.07568941497130689
0.07918734881606627
0.0845703735133167
0.10481810885712453
0.11704655870886693
0.11964130177289817
0.11763393579315318
0.11904124711651656
0.11992005318688823
0.12026903852143861
0.12787269120183653
0.12726325714148523
0.12613388366625883
0.11649354021577958
0.11432559091815646
0.11171015685834944
0.10867568475208092
0.10968710140266284
0.10581918311304082
0.09256973636715422
0.0717771853510454
0.0636052046488715
0.06181145586867301
0.04937647579786122
0.04384237336355496
0.037850671909973224
0.03170319158088255
0.025439031390899543
0.019097499119955952
0.012717877975441372
0.006339196069147637
6.651311744145987E-16
0.00626186620246317
0.012409475561783748
0.01840702490262325
0.024220032755728624
0.029815527373655115
0.03516222387761071
0.04023068962729785
0.05434142680379459
0.05894833421083358
0.07212057142682655
0.06647779513276532
0.06845428390986033
0.06536966491815117
0.06753392560754365
0.08214663773899118
0.08376008038760452
0.08502553027373375
0.08593174430618115
0.07600993835898279
0.07619240326245896
0.07603809863391066
0.08591090070159904
0.08501950866545763
0.08379806804771352
0.082265641261237
0.06720887970145989
0.06514011085243883
0.06828392803410034
0.06494794370927327
0.0704373726233911
0.057864799507782595
0.05236332419976997
0.03492661100534925
0.03019487674906481
0.025325216019943305
0.020348602879241177
0.015296350844882334
0.0101999226161608
0.005090740693766119
7.577015910071951E-16
0.005041516417228894
0.010003617540091778
0.014856879372912371
0.019572813786123546
0.024124030271786834
0.028484389719773757
0.03262914937775038
0.02602683080135598
0.0342574328788315
0.0283382760040081
0.039070419613947624
0.05570243565233218
0.06589405263619695
0.06726242718928933
0.06067641875009529
0.06123909562955541
0.06155793399533744
0.06162310226420115
0.07538618483650958
0.07501209110300229
0.0743623813388616
0.0593191252271798
0.05813642313275938
0.05674192799400954
0.05516036609321692
0.061360712040097395
0.05917702910168952
0.04838132603622893
0.03174727917130919
0.019688526232403747
0.02597869526746787
0.01864929150847443
0.0291060961676078
0.025185915879490626
0.02114321444761251
0.017003654284084905
0.012793277347070045
0.008538345181074092
0.004265178890457214
2.4281678688388983E-15
0.004231226855954036
0.008402948491871776
0.012490174076164817
0.01646862151045461
0.020314858443546257
0.024006437118551358
0.027522022293951606
0.047805487803007404
0.05456636872403593
0.062266477558935614
0.06002238828989584
0.06634123800359802
0.06231185715782858
0.06391720272349904
0.08066621327651233
0.08185646317821217
0.08277160587430384
0.0834050938558656
0.0774457519473285
0.07756688854750782
0.0774301525744404
0.08307745606934507
0.08228916570381895
0.08122959876651387
0.07990801450989662
0.06285310717774253
0.061113659356842605
0.06523327393523981
0.05819179774187668
0.05841337092405373
0.05268316573380197
0.04533071838585032
0.02502101131459256
0.021665227760588743
0.01819948054447551
0.014645715469341652
0.011026264246839258
0.007363706582082098
0.003680731678741627
7.728260303754434E-16
0.0036559938856957084
0.007265056556972174
0.01080542828930993
0.014255912122850775
0.017595998694536246
0.020805986110944162
0.023867094172387384
0.010802428654180091
0.009328491936997349
0.01137495811928831
0.01364760212079161
0.024154273071284066
0.033325700107366504
0.03422215055679701
0.02248805006897787
0.02255998117397588
0.022560874972846007
0.022464127645718823
0.040113037475427986
0.03979892101825406
0.03935378532133905
0.02085910325793811
0.02016523634961549
0.019391099726248803
0.01857481578821977
0.030553413137863465
0.02908335555082536
0.01926595125090729
0.011626054462521527
0.014834216788040746
0.0068400295529894685
0.01279698877482398
0.022006789021950295
0.019064718399568872
0.016022861053657553
0.012900431665655868
0.009717023953109041
0.0064924893234951575
0.0032468146625356984
3.0315794545285493E-16
0.003228063207315286
0.006417712443588642
0.009549632433256863
0.012604970668224271
0.015565449480291033
0.01841347400050771
0.021132235375583328
0.037968285030355306
0.045800136727729486
0.04447454218443847
0.04993555003912105
0.05827140661578682
0.05283171405016058
0.05414316136024624
0.07086248733853011
0.07175770251843455
0.0724175072161787
0.07283826154594869
0.07354944182596561
0.07357227352529114
0.07336685651913245
0.07211170501009342
0.07133613196791225
0.07033151622987342
0.06910459331369564
0.0522305478719546
0.05063746183541459
0.05601146799009837
0.04702753394006152
0.039433803728116994
0.04255452258851625
0.034193978921059166
0.01970021036208731
0.01707317065595415
0.014354647114387158
0.011561772961430558
0.00871204859493718
0.005823233049989485
0.002913234433608312
6.28019953249314E-16
0.0028985934652998404
0.005764848289297998
0.008581352929305588
0.011331086723560393
0.013997521750361681
0.01656472119193881
0.01901743362329372
0.020625992828274018
0.013621424920310217
0.023980397299373384
0.01676796323480188
0.006328892993892659
0.016878491087237525
0.018075604963802665
0.004854986230270441
0.005694507621226431
0.006443695038804128
0.0070553441025313045
0.01349973428401615
0.013235472499649396
0.012930250179134798
0.007917966430986993
0.007778218834573213
0.0075475145740026735
0.007276181825488992
0.017555298501102767
0.016255815877683415
0.0062381705492684765
0.019202205080609852
0.025621991389524992
0.016752590057364947
0.023557836126287805
0.01788605536620652
0.015505857279757649
0.013041013712296504
0.010507026791996058
0.007919752519503845
0.005295302366409739
0.00264994375081792
2.0478982598454664E-15
0.002638249589549479
0.0052486689873571385
0.007815363359243753
0.010322775102730532
0.012755777411735813
0.015099764812138124
0.017340740130545325
0.024366851313799093
0.032902058558436184
0.025317790700711017
0.035888981840814016
0.045861371816215586
0.039373831245737824
0.04045414219388529
0.0546302819617483
0.055267265728127984
0.05571378298738657
0.055967010624921175
0.06346971333861623
0.06341158989833802
0.06315394337965372
0.05503561278485322
0.054325186651999445
0.053431668709565845
0.052361281154220764
0.03836179607766704
0.03696820176868402
0.04323793031559981
0.03250416874905673
0.021640920852876045
0.02903066416439247
0.019897788349530283
0.016428752422941936
0.014246258644904362
0.01198480398315044
0.009658584444421137
0.007282136745882065
0.004870248084481675
0.00243786472954296
1.574706660567856E-15
0.002428357810786851
0.004832337001508061
0.007197272964717488
0.009508797076710688
0.011752923439938246
0.013916132957620002
0.01598545423832225
0.0281517216863609
0.022632051968940515
0.02615547552879518
0.025518621520201963
0.012193172877752633
0.01894295920382205
0.020163640514997395
0.020737808671057716
0.02140691814113883
0.021975376729733515
0.022429642648896925
0.006179093221181524
0.006419357601179025
0.006563553373266889
0.022972770593009322
0.022785929032580587
0.022478846346180702
0.02206111978504418
0.02088569571245827
0.019815182752505427
0.013457239517695266
0.026567281124690034
0.025076170973656553
0.02387116632927867
0.029084764666662148
0.015238710305111208
0.013217291849712766
0.011121676278226583
0.008964995797926102
0.006760710998605995
0.004522527309868315
0.0022643102517686284
3.7353207393473375E-15
0.0022564742107757424
0.004491279322590056
0.006690762809974505
0.008841535644204044
0.01093055336436627
0.01294519476696169
0.014873337741867219
0.009505934492842929
0.019159971573874494
0.016782350360932105
0.021427127363755346
0.03364902676327086
0.02696351100739745
0.02791688799585758
0.03647291719489934
0.03694002409543558
0.03725933537084792
0.037427145211172484
0.04925663383377025
0.04914856154059841
0.048872804827753726
0.03655738730593741
0.03596019756634827
0.03521815322364242
0.03433726581962118
0.026483686004917593
0.02531572470313553
0.03168292185609028
0.01867335081039618
0.017165328567259212
0.01587175847223758
0.005383431468504436
0.014254402945588112
0.012365975136843474
0.010407368373054202
0.008390836793722378
0.006328951709570067
0.004234523600872645
0.00212052289344119
2.271326535941648E-15
0.0021139948823752494
0.004208491728062584
0.006270679904200653
0.008287986175755784
0.010248151021480842
0.012139302799507992
0.013950029315997045
0.028920398186876924
0.02466440501317982
0.01956152432760429
0.027452926771552533
0.01598326244674704
0.022271092202343964
0.02329551867718648
0.02737582915662763
0.028031088523425205
0.028554127468194586
0.028939142323679206
0.018353403573932277
0.01851851851852241
0.01856854128253655
0.02904066488344021
0.02870500923342497
0.028229347099598276
0.027618299343443755
0.023345555637515523
0.022350024604549615
0.016043260716107913
0.026994471955574414
0.017509697818552255
0.02413077077472375
0.027928103892016852
0.013432231125047754
0.01165473742611716
0.009810470346247093
0.007910951711351172
0.005968010510533228
0.003993709529249241
0.002000270752829135
1.5849020886846377E-15
0.00199478875086938
0.003971848879049255
0.005919076020937059
0.007824581895463307
0.009676766606714108
0.011464388985834378
0.013176634547166464
0.0049618918460453895
0.010206908197466917
0.01982402866978693
0.012775782526096785
0.026379072352458253
0.020623283035260592
0.021546256937647657
0.022183432988067502
0.022675286973234964
0.02303847917608293
0.023268174036851837
0.03403788700585131
0.03393045583548534
0.0336815801272762
0.022805427315134782
0.02234440885091546
0.0217498043697555
0.021026168220052845
0.02119188888846554
0.020228076316845353
0.025692767892084654
0.012418461714082576
0.020330890297909028
0.0097355692487572
0.008166776528397646
0.012740489276206574
0.011056240820027144
0.009308114012790573
0.007507015135162173
0.00566414882068525
0.003790948594131114
0.0018990061775886317
1.942247063627503E-15
0.0018943766504752246
0.003772487390704353
0.005622823984445605
0.007434076627061979
0.009195202845303504
0.010895494593688245
0.012524643141227207
0.023833874053567947
0.021083823582082335
0.014070490092416062
0.023594550025076304
0.014905025488398081
0.02097617633029326
0.021847138768234218
0.026458531234917964
0.027044908664742424
0.027493920504875778
0.02780240047910022
0.023608819304850672
0.023698577319198378
0.023654768985579305
0.027602409378594428
0.027195268066463208
0.026649110018894095
0.025967458533991482
0.021382737670250892
0.020449964804413075
0.014507287777356687
0.022261442816277326
0.014496979508795986
0.019522899541430477
0.021471759068309133
0.012155621864993853
0.010550164881390314
0.00888329310055755
0.007165392548760816
0.005407139946448844
0.003619436553897346
0.0018133407843694493
2.1145071310428515E-15
0.0018094180900318617
0.0036037940082460987
0.005372124644470827
0.007103590532064879
0.008787621854597343
0.010413962781401153
0.011972733741574771
0.01445658944918637
0.011599806254811182
0.019250423608224976
0.014212789738081632
0.024501982529846835
0.019606633814719474
0.020467440074763876
0.017994948227940205
0.01861906618034669
0.019111230275924394
0.01946856737405589
0.02286775482359939
0.022852830879031154
0.022704988409679272
0.019524059669370358
0.019195895622485085
0.018734547936380706
0.01814331631045818
0.0203522430517239
0.01948309935986786
0.024339654518169353
0.014952154112067125
0.017988090973763974
0.01255791494351733
0.01643564873978967
0.0116598171325112
0.010121138014662768
0.00852313797657413
0.006875761877446104
0.00518923870247395
0.003474018218223005
0.0017407063958168646
2.4011925574361837E-15
0.0017373792535291498
0.003460750568361322
0.005159539561486335
0.006823342980652305
0.008441992249952748
0.010005615456471554
0.011504697401003065
0.015104515162373156
0.015407808645053174
0.01889808697448302
0.017717168516301788
0.01412968878957409
0.018343752384832098
0.01916672665474523
0.021428433868283296
0.021952451859086373
0.022347613116612652
0.02261141082521399
0.022509303047265426
0.022527085808629173
0.022410346169972194
0.022331473167817445
0.02192954356962313
0.02139843281184563
0.020741338652348645
0.01904045163004046
0.01820617253523322
0.014541777377313348
0.016726322640703496
0.02055643868715219
0.014242642334309157
0.012230593757325358
0.01123941341989082
0.00975736646650806
0.00821777141826591
0.006630198648209634
0.005004497114998243
0.0033507334073883633
0.001679129556639764
2.1315240476036568E-15
0.0016763119168726464
0.0033394975084932283
0.00497934599942217
0.006585807068182726
0.008149052303016019
0.009659535194489382
0.011108049299681148
0.019214932540542812
0.013963936622401675
0.012039890779325138
0.016323279176745663
0.022945901787427985
0.017676231303728356
0.018439603660533856
0.020173467294603675
0.020772156810732023
0.02124588963224475
0.0215921890915443
0.022104869676582883
0.022222857909563576
0.022212425469432466
0.021681150774133566
0.021380824825865324
0.02095484020090714
0.02040623785429103
0.017813271985795843
0.016955506362080024
0.02227801191353923
0.01623667142495894
0.009606967157125482
0.013907287946528296
0.01962487516946914
0.010883816402485154
0.009449702303209748
0.007959530298472793
0.006422553345598513
0.0048482984169553305
0.003246507573133823
0.0016270778027938236
2.8194933257185184E-15
0.0016247025454906355
0.0032370357671770243
0.004827096171889694
0.006385131545152362
0.007901600640545237
0.009367231488448778
0.010773077968522619
0.006241508460993403
0.013495415426098079
0.023919419545254016
0.015788047769462684
0.018001725565546776
0.01991658247121332
0.020753574842765386
0.017114298185035418
0.01764154285761711
0.018048884512805934
0.018333898583714616
0.016420778961710458
0.01638413504577184
0.01622331311688772
0.018229235332673684
0.017893371774423114
0.017436958750420648
0.01686301487789323
0.02142799381782336
0.020711037220462084
0.019108743172876703
0.016252695623055268
0.024272390190671938
0.014114795259761746
0.004809551107839439
0.010584747402740916
0.009190996056047849
0.007742424727157046
0.006248018519870634
0.004717032902418481
0.0031589364957627882
0.0015833526258689117
4.22215378774957E-15
0.0015813671279501108
0.0031510189353840053
0.004699309784060464
0.0062167373821024685
0.0076940009926917486
0.009122058333468783
0.010492180819398674
0.018931270756545604
0.01213101947931356
0.0041513104552555755
0.014169369860975877
0.018008607852245034
0.011984758444283755
0.012650162795563077
0.02062869582581832
0.02115285751588514
0.021559495359149868
0.02184619140667211
0.02790992939020641
0.02804554193894971
0.028058554376369966
0.021771958819936495
0.02144951279121869
0.0210087673139428
0.020452694086036637
0.011531507208734604
0.010685449547630656
0.016556603631720446
0.013121066238726095
0.004982587347411382
0.010911802590591187
0.01803241226667458
0.010335712165391784
0.00897563904764309
0.007561755518892733
0.006102822496015104
0.004607868489190621
0.0030861338289883463
0.001547013652559573
4.136537454575222E-15
0.0015453766227196866
0.003079605855298888
0.004593255909152252
0.006077031449700695
0.0075218305803116565
0.008918800579125929
0.010259392048032657
0.0065430717782804
0.016863243311028266
0.022792485825656676
0.01909278686538474
0.02323002100681594
0.025150235356111734
0.02596676084175045
0.017039519352292483
0.017581341704086623
0.01801063385602734
0.018324794644900944
0.008349857158609742
0.008330076028240378
0.008191643057040777
0.0184061575429787
0.01813368219724655
0.017747278232638084
0.017249944892120544
0.026733022209025615
0.02604876648125157
0.024022374148577705
0.01995756846494199
0.021532655115140378
0.017924911583559595
0.00812306880294686
0.010131620185262483
0.008799235330316652
0.0074138399131612525
0.005984009696892181
0.004518586115970541
0.0030266216949504975
0.0015173242190127925
3.2092089188414455E-15
0.0015160034130002628
0.0030213547264760685
0.004506796245603426
0.0059632007159393366
0.007381627315093454
0.008753376451602896
0.010070043035631837
0.015014941597273434
0.006897233308330083
0.01092791323268601
0.00879941349822068
0.009718787739205493
0.005865893402154329
0.006531315098095443
0.018245826532129958
0.018720215506678385
0.019084046203890682
0.019334728319966722
0.03236667714879439
0.03245655939105323
0.032428234616703334
0.01918158119184635
0.0188550751970362
0.018416316834611424
0.017868190443552288
0.0065750293787830115
0.006010278139086302
0.00796918195699819
0.007706934096271579
0.012676491531655785
0.005514181122081654
0.013548839416642347
0.009968509378500839
0.00865836437033598
0.007295813132384581
0.005889281682092376
0.00444746061553908
0.002979251493705626
0.0014937119704658242
1.9626181937305306E-15
0.0014926825330967126
0.00297514641470547
0.0044382715853838375
0.00587306316120458
0.007270706647690152
0.008622622008378114
0.009920516256843608
0.011097288375398154
0.019821580074106924
0.01632546356870384
0.02195859235229992
0.025591348351298775
0.02904151918625462
0.02977347883304882
0.018708053097233772
0.019229679065800392
0.019641526629002766
0.019940985719081546
0.009805474224908942
0.009945255513424282
0.010019142109140088
0.01998927162155934
0.019714142692774418
0.019326826022730417
0.018829956721442963
0.030001043335249174
0.029320029824592392
0.025520980372053574
0.022128731661000857
0.014476524190574646
0.020052631796789507
0.011857961518754663
0.009843346313624131
0.008550408863443555
0.00720548440609351
0.005816881820237279
0.004393174290419792
0.0029431464544562758
0.0014757402795356946
1.4171943841497674E-15
0.0014749835446424325
0.002940128829360501
0.00438641947750625
0.005804959666127551
0.007187028762764328
0.008524134858662805
0.009808066870150773
0.010638634837977792
0.005865938426172352
0.01580865884093177
0.007740959044013162
0.005773694726488041
0.01232149729244723
0.012742070508434516
0.015884153667732676
0.0163761187197681
0.016759794917287164
0.017032609810122765
0.032534809290404414
0.032559682752255695
0.03247753144883232
0.016989688633998416
0.016695466239419445
0.016290421897186023
0.015777098058146213
0.014233373898330078
0.014058686987159903
0.007174909652650049
0.008962973238262003
0.016059838806616288
0.007535260436648245
0.009952444411649754
0.009753882124998906
0.008473430582407574
0.0071412331910726485
0.00576551218641686
0.004354754658462733
0.0029176602675271986
0.0014630876723672021
5.062233883818363E-15
0.0014625903074071745
0.00291567692988668
0.004350315050565606
0.005757676340103494
0.0071291032072267144
0.008456161982299416
0.009730694707844888
0.012324354097367323
0.01914750688718134
0.010965804315394406
0.021019802692028324
0.023249302581550245
0.028581810831468196
0.029145189056124527
0.018629444048308588
0.01911832142144096
0.019497886192206257
0.01976570858323902
0.019490588666882504
0.019642933049000277
0.019730937297439827
0.01969545396976886
0.019392658551133132
0.018978298783176372
0.018454851476544756
0.028604281740070493
0.027976419493833053
0.0221969605963986
0.020206421574734016
0.011002402898870884
0.018230035697587275
0.012026486793740241
0.009698550779601972
0.008426082790693842
0.007101936019155445
0.005734275035345184
0.004331530647312131
0.002902348001857367
0.0014555333780338347
6.527843076376149E-15
0.0014552867977791594
0.002901364716148302
0.0043293296088059785
0.005730390233520694
0.00709592230062885
0.008417521487001952
0.009687055090152413
0.010099032963492906
0.012674582334404112
0.014629731325045778
0.014413767615740763
0.014553546479919882
0.02175336437543706
0.02226599147178618
0.01646706232510821
0.01699433494898498
0.017413145375825154
0.017721066786777706
0.028021421759326915
0.027981327637708903
0.02785413716251995
0.017819477363318084
0.017560788806267963
0.017191242916673642
0.016713274681096426
0.023486810310034124
0.023146768955356757
0.016340980764205662
0.015961935197979466
0.013630892772120963
0.014488567237780636
0.010671132665311797
0.0096764008436921
0.008407551610463717
0.007086917623864955
0.005722633777815131
0.004323103446448649
0.0028969467941683197
0.0014529477539588014
