1.0
0.9989725854527276
0.9958941397184439
0.9907760398146878
0.9836371918337675
0.9745039478168508
0.9634099899352737
0.9503961825331784
0.9355103927392286
0.8645222555495564
0.8192991276871643
0.7643329718581199
0.7524022434325726
0.6931572175138815
0.6600714161014274
0.6071351030168011
0.5990357975289273
0.5536847938388352
0.524891318774149
0.4682432118356159
0.44702278474577356
0.40745576336541045
0.4033486873038187
0.37222256606674303
0.35749418384636894
0.3073886012827711
0.3029344634166245
0.28026694361182425
0.28426617721097125
0.24510376285994565
0.23673689258687408
0.22572668308401245
0.2339567767589834
0.2016731299197534
0.17008068053330982
0.1392737663276273
0.1093423593199554
0.0803717243920971
0.05244210162743676
0.02562841376529699
0.0
0.024379622781927533
0.047452970371682425
0.06916877240348775
0.08948212364992561
0.1083546049309979
0.12575437327165573
0.14165622109465376
0.15604160438810796
0.1918075162069813
0.21450070569164928
0.23579279303653614
0.23481930715918609
0.26940623191964436
0.27938126556355225
0.3073911527658377
0.2922481106769693
0.30257035975911817
0.30402159490940267
0.32251463094739563
0.31151564916532404
0.30966428690122616
0.27910930067843515
0.2646043732884022
0.24370005101722939
0.24621519853646276
0.20853169141871336
0.18966481335067248
0.15162360996870877
0.1442289980480598
0.12933002934077792
0.11411782549065119
0.1041334746462167
0.09130375337943804
0.0782643459277998
0.06509537670314747
0.05187566279556112
0.03868235100081251
0.02559056798264997
0.012673085182489387
3.2862215559674257E-17
0.012361565328205051
0.024347745827528806
0.03589819564672707
0.046956328580890334
0.05746953627456635
0.06738938324713181
0.07667177800935442
0.08527711967005137
0.11988880971320608
0.1385688261760312
0.1697013248054751
0.17274976462641398
0.15489218224104429
0.15029246863032739
0.13559674477370803
0.1480729434985503
0.147856689623114
0.1372053783071046
0.12593129317932053
0.1254583942205625
0.12715168937389226
0.13843166129122322
0.1514078965714303
0.15159590376345738
0.14230916120805348
0.15400936612836102
0.15819361889755224
0.17129758422374358
0.17117839593472456
0.14268926465320786
0.11851783781846952
0.06711710121238267
0.05913896231121284
0.050938221326003626
0.04256756538062817
0.034079781627452364
0.02552745768586208
0.016962687462071205
0.008436783880032415
1.2388308574032343E-15
0.008298740059597092
0.016412099049191428
0.0242945720909181
0.03190271856496199
0.039195379273755444
0.04613387787015466
0.05268220563223744
0.058807188768004434
0.03375123222560568
0.0333724693154311
0.021788326903037104
0.01732993086727987
0.021141186218621818
0.04160786787118365
0.055665651847131264
0.05756679028248698
0.0587536617398733
0.07160897925251052
0.07700867727212424
0.0799492817814246
0.07673573605387396
0.07236328830805488
0.05856474319062106
0.05866870231605767
0.05604109695118968
0.04747392461761739
0.028196392300710093
0.01926172913111712
0.011256601936412815
0.026117872884686866
0.02567084573095812
0.04963964052493932
0.043842373363555426
0.03785067190997344
0.031703191580883076
0.025439031390901194
0.019097499119956906
0.012717877975440776
0.006339196069148518
4.765332427030031E-16
0.006261866202462466
0.012409475561785541
0.01840702490262384
0.02422003275573074
0.02981552737365695
0.03516222387760985
0.040230689627297235
0.04499349698177905
0.0764973818190793
0.09069161968507992
0.08131318786119424
0.07371119474592214
0.0795824753745215
0.07885790244696926
0.08330385726989231
0.07477657318149596
0.06949480961047569
0.03566742609347647
0.0384570947438969
0.02788835516944861
0.03415660960476408
0.026126675323639992
0.055701107761497955
0.057575341401121215
0.06379918920338461
0.05819948456826891
0.05543340422864389
0.04343298754161312
0.046998748341689545
0.06043256104142166
0.05346056129398411
0.039489974235266984
0.03492661100535059
0.030194876749065746
0.025325216019944596
0.020348602879242384
0.01529635084488649
0.010199922616159169
0.005090740693764355
1.2274483654814197E-15
0.005041516417228489
0.010003617540091993
0.01485687937291251
0.01957281378612221
0.02412403027178672
0.02848438971977449
0.032629149377753915
0.03653509821676619
0.050020137116878555
0.054929269784011
0.07579342493302625
0.08507915661591871
0.0836366577653983
0.09174105296960906
0.09297218571036983
0.10983061270483027
0.1229733219287119
0.16411826409832694
0.16731747816986167
0.1756099029601324
0.16966718695943608
0.16765442516008716
0.12756015834420348
0.11379995051389212
0.09666131621130172
0.08789377987379218
0.08009754026438558
0.08398696627965549
0.07738644911265673
0.06852604282067651
0.06261490239201808
0.03287863137832743
0.029106096167606836
0.025185915879488364
0.02114321444760957
0.01700365428408172
0.012793277347067651
0.008538345181071034
0.004265178890454297
3.1753657341452023E-15
0.0042312268559527464
0.008402948491873579
0.012490174076166654
0.016468621510455785
0.02031485844354527
0.024006437118553606
0.027522022293950506
0.03084151152596933
0.041276961853533155
0.03487105668729231
0.017313317849358197
0.02035506053327416
0.03684868336234769
0.03799829748640467
0.04801353411129449
0.05158847015239554
0.061965160968626434
0.08760529628299228
0.10331666704952853
0.09916184496121738
0.1026097198260257
0.08606359716935894
0.0618071119956174
0.05435096859414345
0.05383645198094738
0.05593308435991122
0.05695165970911701
0.03683571602381114
0.03331394583163749
0.03544839930320666
0.036738753232073755
0.02824540780962489
0.025021011314591838
0.021665227760587116
0.018199480544475618
0.014645715469343838
0.011026264246841864
0.0073637065820862805
0.0036807316787433
6.102590420815638E-16
0.0036559938856941285
0.007265056556970345
0.010805428289309747
0.014255912122851629
0.017595998694535996
0.020805986110943003
0.023867094172387488
0.0267615722969434
0.04741291594848921
0.04826152710443349
0.019539238360933082
0.011277237096423106
0.02298784078150496
0.027135766481566046
0.038754723923270736
0.05308929877397527
0.06598230143316455
0.10337092469121191
0.11477469217505745
0.1080838023789541
0.1104880494527098
0.09540517546735731
0.054455893644369584
0.03988534930396774
0.02529026515661022
0.03921320552579964
0.04096486037491919
0.014031990507236553
0.01640905022073102
0.029775162057328844
0.03299966777830533
0.024830357014186278
0.022006789021951523
0.019064718399567318
0.016022861053657425
0.012900431665656242
0.00971702395310592
0.006492489323494405
0.0032468146625354343
9.156807061583773E-16
0.0032280632073158934
0.006417712443589376
0.009549632433256664
0.012604970668225395
0.015565449480291748
0.018413474000507433
0.021132235375584375
0.023705808643466553
0.026997125702024845
0.04278356540784977
0.07164126095283106
0.08229921900744636
0.12467380743376962
0.1249314957681181
0.09676349816429952
0.08593633859535935
0.07485023290004818
0.03953805316883746
0.03594681351799181
0.04607466442528692
0.03871079149994137
0.04194027540953866
0.07807576259742303
0.08808818623665958
0.09851093008407068
0.11952102823285772
0.11806130327903232
0.07491470434947672
0.06316543651259769
0.04456176869698329
0.03489132941119236
0.022219107023993757
0.019700210362086207
0.017073170655954244
0.014354647114389002
0.011561772961431972
0.008712048594940985
0.005823233049988628
0.0029132344336071972
2.6757105934534723E-15
0.0028985934653024017
0.005764848289301006
0.008581352929304521
0.011331086723563822
0.013997521750356665
0.016564721191942397
0.01901743362329481
0.02134118267357037
0.03847586194174667
0.016936372435412742
0.017111248688523414
0.019179464907870383
0.02850991736054792
0.029267340170679883
0.04193494379023363
0.0377265624044577
0.04170486269761217
0.04485179659751852
0.05886114342621997
0.05787455612560672
0.05925467027652643
0.04644200546043521
0.04325589536923459
0.03997914396546061
0.042430443804606095
0.024637623171701203
0.017313147708416042
0.028977641984903324
0.029806756384909854
0.024358810430930748
0.03834271531350653
0.020166556388833783
0.01788605536620307
0.015505857279760147
0.013041013712293183
0.010507026791996192
0.007919752519504712
0.005295302366410837
0.002649943750818817
4.225781438411287E-15
0.002638249589544315
0.0052486689873569815
0.007815363359244312
0.010322775102727747
0.012755777411733128
0.015099764812138731
0.017340740130548045
0.019465397382422527
0.024513622596896417
0.017294633537565236
0.004511767100218094
0.01032064084353601
0.01919031697462738
0.03154583677003596
0.04497289551880775
0.04666939366205916
0.045269214957640885
0.02317320239502876
0.05024559503715072
0.05297627135341884
0.04828594248931705
0.019335004027718428
0.03874283012438888
0.03904422381431617
0.03358216280680539
0.02457382716806562
0.006395404946919191
0.007413702151362145
0.0052517491008866775
0.00527825187752394
0.014321011026259206
0.018518518518523243
0.016428752422941225
0.014246258644905566
0.011984803983148435
0.009658584444422465
0.007282136745883714
0.004870248084482138
0.0024378647295432774
2.8262017462291022E-15
0.002428357810790524
0.0048323370015075735
0.007197272964719776
0.009508797076709562
0.01175292343994048
0.013916132957621572
0.015985454238327
0.017948540849479198
0.02580557823066109
0.04584062368789236
0.051446200311597676
0.05866143438194334
0.0702676709698733
0.06937547421330673
0.05566932888686
0.04959862405030428
0.04798677441256769
0.061141845717544094
0.034781961725818496
0.03361922036244876
0.03494628068811498
0.06086404050744751
0.047784715962464024
0.04761355388033108
0.055065861106144344
0.0656155057862625
0.06818599598311738
0.05429446522588028
0.044398024523966025
0.04462390908888801
0.02391336468560505
0.017173209640044276
0.015238710305112467
0.013217291849713318
0.011121676278226859
0.008964995797927922
0.006760710998606099
0.004522527309867211
0.0022643102517736287
2.7883533600823506E-15
0.002256474210775018
0.0044912793225881185
0.0066907628099767795
0.008841535644210955
0.010930553364366774
0.012945194766961831
0.014873337741862376
0.0167034318013747
0.028245003010177027
0.003953046638438452
0.011461410492533653
0.006415561009083897
0.01951860361283589
0.009538916974183369
0.013458753368635237
0.023774584393625172
0.023592971684884022
0.03174273960194076
0.04268369145503824
0.048234974643674176
0.043129175016955644
0.0328597504043662
0.025872208786066428
0.029245094012913225
0.018625355117042417
0.01858842110069307
0.02327757265450711
0.011802600534521437
0.020045311921942345
0.01131489109767314
0.030608388676820593
0.016060791128659165
0.014254402945585618
0.01236597513684112
0.0104073683730594
0.008390836793721622
0.006328951709567356
0.00423452360086705
0.0021205228934415127
1.4142439601774694E-15
0.00211399488237347
0.004208491728060261
0.006270679904199999
0.008287986175754965
0.010248151021482623
0.012139302799506858
0.013950029315999715
0.01566944636727831
0.006717962346427668
0.017268436452872134
0.016684198329935
0.02360700647183706
0.020209072033589064
0.00947449867833193
0.013925609446971307
0.011669903360779407
0.013587973960586358
0.019707840286456113
0.009965290603084419
0.01851851851851692
0.008454391794807253
0.01690593257088156
0.011442207007012343
0.014860846794561856
0.008885973114891768
0.007122949343942065
0.012382689864264647
0.019483437050402376
0.013706116741049438
0.011586583273678456
0.0065063701611834
0.015131808464326097
0.013432231125053064
0.011654737426119314
0.009810470346242984
0.007910951711344764
0.005968010510534735
0.003993709529250469
0.002000270752831068
2.2337710374742932E-15
0.0019947887508673366
0.003971848879043983
0.00591907602093542
0.007824581895463156
0.009676766606714748
0.011464388985833775
0.013176634547165797
0.014803180649465494
0.02812942837194394
0.0339475162176838
0.024341779757370192
0.02496157668120453
0.039101959002237716
0.04809596748802345
0.04471285384174276
0.05992590866103502
0.043465458955655484
0.042974777729642616
0.05295289690236946
0.04445929238638233
0.0532844921870882
0.0425067613154241
0.04292149519852131
0.058409852055752574
0.04357156946865219
0.04485611511552274
0.03508995926481427
0.02543979339817087
0.02047577126596207
0.03356417034438773
0.024337451642147227
0.014350319253921802
0.012740489276202888
0.011056240820025433
0.009308114012787692
0.007507015135159971
0.005664148820683895
0.003790948594128249
0.0018990061775880985
2.7766348659778686E-16
0.0018943766504788046
0.0037724873907059985
0.005622823984444711
0.007434076627066749
0.009195202845305893
0.010895494593695185
0.012524643141227735
0.0140728013565664
0.01953803845641201
0.00813112991990417
0.021525115222943467
0.02133825584624656
0.01906802598179499
0.011534563712178855
0.014047675924811969
0.018232108346691773
0.024400166278426463
0.02069630071461122
0.03232893093410519
0.038632827888854936
0.03211434862458832
0.021434323542291814
0.024631284659766047
0.017071683919270084
0.0156775676148513
0.014661880051773034
0.02432878193670847
0.02070606809025738
0.024131081195087258
0.009400577564036278
0.019741751458970114
0.01368963323242542
0.012155621864999059
0.010550164881393738
0.00888329310055516
0.007165392548759675
0.0054071399464514815
0.0036194365538978804
0.001813340784369062
4.277552176761003E-15
0.001809418090031542
0.003603794008246935
0.005372124644472525
0.007103590532061744
0.008787621854594464
0.01041396278139471
0.011972733741574334
0.013454491259358105
0.010373033144184076
0.019172411446244993
0.01067426276827201
0.020814378641451727
0.015254741268752758
0.02114826214673574
0.021141687201348146
0.02425005050882736
0.021231645174774764
0.0235303577346209
0.04110604101559778
0.04235111470033479
0.04052753579315022
0.02311901025015769
0.02063674477369541
0.022080183195338735
0.01998681753241973
0.021115790339988498
0.014404958452204627
0.019735771531186226
0.009897389278760872
0.016138025482958663
0.01658657284889303
0.013129576318165038
0.011659817132503948
0.010121138014668294
0.008523137976580395
0.006875761877445696
0.005189238702479584
0.003474018218220096
0.0017407063958148933
9.186449270555917E-15
0.0017373792535261157
0.0034607505683614077
0.005159539561485888
0.006823342980645882
0.008441992249957805
0.010005615456477141
0.011504697401000205
0.012930137348577411
0.024505477231940444
0.016970638372521336
0.02411675812359188
0.016670739603919557
0.026561268960015802
0.01863945572007561
0.019476963705798912
0.022302596167675638
0.02012404546672697
0.020463117154861547
0.015130009482314225
0.02039266897224282
0.015282073562752239
0.019959717911276483
0.01945377734803335
0.02176321705808387
0.018175129044755843
0.017468905440303845
0.02494084602036883
0.01695766682197782
0.022983718384927767
0.015929766308044272
0.02289073240365028
0.012654679837935697
0.011239413419887224
0.00975736646651154
0.008217771418270823
0.006630198648222589
0.005004497114994282
0.0033507334073864955
0.0016791295566406486
6.173843236060406E-15
0.0016763119168686925
0.003339497508488474
0.004979345999423235
0.006585807068183836
0.008149052303014501
0.009659535194485546
0.011108049299676225
0.012485784224262074
0.01954008334270504
0.015764752845352586
0.016123010911792673
0.01661981767632213
0.014657867619538738
0.023505796957407524
0.02884620853942633
0.021085976258221163
0.02736935618113484
0.027707012222872893
0.023147838938060782
0.032109751053976905
0.02279336369619681
0.027594746490659322
0.027247469765281026
0.021265046117798826
0.030541245060404072
0.02099468961679759
0.012010316582771505
0.016070732246265762
0.019457137384386657
0.01697790318511531
0.014003945472811145
0.012252950983874236
0.010883816402477686
0.009449702303214872
0.007959530298473048
0.006422553345599677
0.004848298416957581
0.0032465075731328854
0.0016270778027923933
1.3037848985377824E-14
0.0016247025454952523
0.0032370357671767467
0.004827096171897499
0.006385131545148444
0.007901600640558544
0.009367231488443295
0.010773077968522674
0.012110574301550757
0.01603564193789423
0.011992210430044352
0.018411276167414854
0.018548651055222583
0.03252153373736659
0.024554853334558733
0.020300701115037775
0.019388347242663147
0.02629301204027278
0.02130202840543868
0.03512824136057805
0.028126500826612617
0.03537847939504809
0.021817032225997273
0.028390621738081274
0.019834794609234197
0.019628372038503716
0.027779547670323368
0.036059073495848686
0.01778757909064051
0.01419806267016393
0.012070561810540548
0.021192272827950175
0.011915019650553024
0.010584747402744477
0.009190996056048771
0.007742424727154705
0.0062480185198720145
0.004717032902414255
0.0031589364957613263
0.001583352625865655
9.668778840987028E-15
0.0015813671279474061
0.003151018935390175
0.004699309784059946
0.00621673738210159
0.007694000992690298
0.009122058333466156
0.010492180819400208
0.011796006812018174
0.015280329870745799
0.016929880784688326
0.0241040501700889
0.016290504986352025
0.00768581281593654
0.0044439030985872815
0.024414038533158294
0.01947888336860646
0.0281658296062266
0.012821683646332113
0.0175921014654499
0.0217959508048361
0.0176116214127746
0.012699790925534023
0.02900355902696672
0.02078412904571211
0.023222011218000528
0.005327048829771493
0.009892491727064443
0.017253629514141337
0.025375449014195757
0.01821785873433901
0.015638441916210947
0.011633535736642102
0.010335712165391284
0.008975639047646996
0.007561755518897289
0.006102822496018682
0.004607868489194728
0.003086133828986896
0.0015470136525412312
8.262157806774336E-15
0.0015453766227216542
0.0030796058552955067
0.004593255909151246
0.006077031449694547
0.007521830580313278
0.008918800579129731
0.010259392048028764
0.01153541114321889
0.02186610280045141
0.020251539099254548
0.013010953476802256
0.017188490360518494
0.031831167019441386
0.02149391249218677
0.012628604222934763
0.02484014653780128
0.04080602761277858
0.025352770092688926
0.009796449082079356
0.011146880183901484
0.00885298636094717
0.02436005010776147
0.03894957578120517
0.023391253090187886
0.011665497090214595
0.01582664407869707
0.026139232979455234
0.017402156042579265
0.01631322327055446
0.020316484338932916
0.015691341465447033
0.011402737382913737
0.010131620185255515
0.008799235330313813
0.007413839913164304
0.00598400969689443
0.004518586115972016
0.0030266216949533294
0.0015173242190257969
3.589630433980496E-15
0.0015160034130028879
0.003021354726474625
0.004506796245606619
0.005963200715946313
0.007381627315094263
0.008753376451611072
0.01007004303563533
0.011323567895697426
0.015245455795014684
0.015459037442557978
0.022030354683594735
0.015888451205697644
0.02602994708088711
0.03087872446049159
0.0270687261379812
0.024834760824787305
0.01683804503812777
0.0255583562212575
0.04372093650423156
0.044336484647620106
0.04391731197612822
0.02726495977383459
0.01699224909454426
0.024997045371598716
0.02822294971561368
0.033804103583579014
0.02834939335567896
0.01603602947326428
0.01639402639081876
0.011871964664020887
0.019191159792430718
0.011218138743396265
0.009968509378499963
0.00865836437033469
0.007295813132381833
0.005889281682093326
0.004447460615537408
0.0029792514937041037
0.0014937119704674727
2.865305571932562E-15
0.0014926825330966358
0.002975146414713995
0.004438271585385467
0.005873063161214319
0.007270706647686908
0.00862262200837186
0.009920516256847062
0.011156434250419683
0.005730273923297724
0.01690089232665615
0.01655169836349326
0.020155566841918465
0.006869048603463945
0.004279536440104578
0.026576320506812624
0.025831463681630813
0.02774578748876357
0.028589262237301037
0.008915573914117354
0.01810286259539748
0.009344706748001017
0.029788807830553175
0.030519592356957358
0.030621007869201945
0.03094710175922033
0.007838481759478634
0.011752579725697489
0.023568626822011877
0.020735064743686984
0.020689018609810348
0.006407871653933531
0.011076303439821291
0.009843346313630486
0.008550408863449089
0.00720548440608593
0.005816881820238324
0.004393174290424559
0.002943146454461531
0.0014757402795295932
1.0688075970020745E-14
0.0014749835446459351
0.0029401288293664078
0.0043864194775122675
0.005804959666124239
0.007187028762767179
0.008524134858663802
0.00980806687014742
0.011030944889176232
0.019301855575373335
0.01622164610204335
0.0239520209416742
0.033427777559841346
0.008970603218542934
0.009985869677694322
0.03170884364108236
0.038046391091974066
0.03727204424054494
0.037895067975008086
0.009817890181390674
0.008535242145000907
0.009153092453089208
0.03603318852986673
0.03565515470074388
0.0370290682383658
0.028454014319165572
0.0028782457787684575
0.008434023974219478
0.032840284609317406
0.023811403750948614
0.014624809235322339
0.015606301593925249
0.010974681112941913
0.00975388212500128
0.008473430582413321
0.007141233191076118
0.005765512186417888
0.004354754658459659
0.002917660267527914
0.001463087672368328
4.540736362190741E-15
0.0014625903074037786
0.0029156769298894726
0.004350315050563759
0.005757676340103595
0.007129103207223544
0.00845616198230148
0.009730694707835665
0.010944869218245442
0.011826481121396545
0.022340588900650726
0.009811991752631895
0.0023961129815778625
0.045176742894523066
0.04433613564579488
0.035166645229024844
0.04080507764210113
0.027948163309970717
0.01885098606052549
0.050084967112856885
0.05629067697297129
0.05034577181096138
0.019838038842398462
0.02644679358475856
0.038447854485220305
0.03354223213021209
0.046534320519135176
0.045442789769284675
0.010640302719892919
0.009618841105648422
0.02003860495760958
0.013692853660651226
0.010911491925410209
0.009698550779605998
0.00842608279068758
0.007101936019153678
0.005734275035340373
0.004331530647312708
0.00290234800185465
0.0014555333780368776
6.16272927551044E-15
0.0014552867977866203
0.00290136471613777
0.004329329608799923
0.005730390233522989
0.0070959223006317185
0.00841752148701344
0.009687055090154596
0.01089671200536449
0.010184392939498384
0.009601736661479088
0.0275873338766523
0.037532390980465215
0.0043799497725258265
0.02465830234022931
0.014604808859471356
0.009775825451859748
0.018802867536080282
0.035352443852473756
0.026065721260004303
0.01731174764074193
0.026562938188160412
0.03710943660111404
0.021249780101261898
0.011552921917527752
0.019633052933931024
0.027501203611281142
0.005526959811506234
0.04034689598988825
0.031146393662691705
0.014333130417652802
0.011317216260940422
0.010885648950797862
0.009676400843696272
0.008407551610459564
0.0070869176238649145
0.005722633777820958
0.004323103446454023
0.002896946794163829
0.0014529477539637573
