1.0
0.9989725854527283
0.9958941397184441
0.9907760398146891
0.9836371918337694
0.9745039478168521
0.9634099899352729
0.9503961825331813
0.9355103927392258
0.8910971604675041
0.8198038789660925
0.7556061925617571
0.7259814287531741
0.677571333221898
0.6540789652791846
0.5834097726668195
0.5751114490069177
0.5386074917755267
0.4835262753255206
0.46364163559536
0.41743168487057786
0.4040216930219713
0.3647473164644143
0.36033276760197513
0.33872653823502125
0.29168277760363215
0.3049349157542581
0.2741039221550249
0.2627944876043207
0.23831950427471946
0.24139103713233281
0.2399116552847017
0.2339567767589831
0.20167312991975386
0.1700806805333097
0.13927376632762717
0.10934235931995501
0.08037172439209718
0.05244210162743658
0.025628413765296884
3.0644188791729067E-16
0.02437962278192798
0.04745297037168277
0.06916877240348815
0.08948212364992641
0.10835460493099802
0.12575437327165556
0.14165622109465423
0.15604160438810782
0.19499310927330307
0.21345323762765153
0.23642975069923552
0.24231385262155758
0.25779865847582983
0.26087896581450354
0.3073631896061216
0.2958892135881126
0.30572351713872864
0.3280266390560598
0.3166630517352574
0.3200347202568701
0.3032465676669601
0.30098274840124284
0.26590302611385047
0.24305616626323412
0.23958762336253103
0.18345595453104668
0.1693547276286662
0.1520688058747974
0.14181331790088172
0.13220782399766035
0.1411358256324541
0.10413347464621682
0.09130375337943854
0.07826434592780047
0.065095376703148
0.05187566279556177
0.03868235100081322
0.02559056798265023
0.01267308518248954
4.389230192945823E-16
0.012361565328205388
0.02434774582752886
0.03589819564672784
0.04695632858088998
0.05746953627456638
0.06738938324713223
0.07667177800935421
0.08527711967004918
0.07335433439561678
0.11306827162327777
0.1433272795134801
0.1586441055955456
0.16686824725244218
0.17426212460622123
0.14768171671755603
0.15193897450404734
0.1453334615931439
0.129230948662649
0.13492012697239641
0.1437978042229063
0.1349885698782977
0.12955552924646058
0.14601836068284463
0.1520696739573723
0.14965152294738626
0.17516060935536845
0.16464142765803638
0.1562245487869679
0.1416613631267656
0.09949949553852828
0.0595152422405868
0.06711710121238264
0.059138962311213475
0.050938221326005166
0.042567565380629474
0.03407978162745288
0.025527457685861978
0.016962687462072017
0.008436783880033502
1.52172087414446E-15
0.008298740059597859
0.016412099049193468
0.024294572090918294
0.03190271856496115
0.039195379273754216
0.046133877870155
0.05268220563223872
0.058807188768005676
0.08294017880023757
0.10036155430940563
0.0978940277841098
0.0929519811819049
0.10083227173722131
0.10691754657477526
0.08616602064415457
0.08158510194705385
0.07240444230162862
0.07757742207070928
0.07123954512885568
0.058244259911336076
0.07065583285610177
0.07674207582474742
0.0716408379403487
0.08407958648121379
0.09140796311761824
0.10943503517051925
0.10948141777063186
0.09905808998901812
0.10557996336621746
0.11136167568431796
0.07094033537042563
0.04963964052493594
0.04384237336355613
0.03785067190997284
0.03170319158088074
0.025439031390897728
0.019097499119955102
0.0127178779754407
0.006339196069147293
8.587609888029534E-16
0.00626186620246662
0.012409475561786697
0.018407024902625087
0.024220032755731723
0.02981552737365799
0.03516222387760932
0.040230689627298775
0.04499349698177962
0.04743162133119188
0.0469392285302049
0.057806961226551545
0.04925274772899539
0.04657611548804104
0.05928247009582546
0.045757543336774946
0.04736243180071563
0.07274710211833652
0.07420340248330516
0.09034154359987105
0.11160462633129932
0.09176908470909652
0.07606637785768144
0.07181070270156573
0.03845570377824469
0.02535800683608479
0.032784956699417035
0.0187718641085826
0.01867431277792945
0.024944562961088834
0.024705520529851997
0.046384884409772474
0.03948997423526593
0.0349266110053498
0.030194876749065288
0.025325216019944693
0.02034860287924039
0.015296350844882848
0.010199922616160415
0.00509074069376387
6.80024795511778E-16
0.005041516417228017
0.010003617540091454
0.014856879372912418
0.019572813786124944
0.02412403027179078
0.028484389719775443
0.03262914937775551
0.03653509821676635
0.04809131696966541
0.07639200363931252
0.0844166503946675
0.09535999085690425
0.10677081651694588
0.0893313648579934
0.11155786521476742
0.10647259921035063
0.095642536754428
0.10946986846890226
0.1120195766242866
0.12290707533322853
0.1127093579903564
0.11064034841669866
0.09779125877354142
0.10593505858551851
0.11040422442725913
0.08312425919955668
0.09160900951061303
0.08030856296273392
0.06758584671188227
0.05069177174020393
0.041306490156863856
0.03287863137833251
0.029106096167608123
0.025185915879488922
0.021143214447610616
0.017003654284084187
0.012793277347072071
0.008538345181074044
0.004265178890459215
2.8590288896537915E-15
0.004231226855955067
0.0084029484918737
0.012490174076164382
0.01646862151045764
0.02031485844354522
0.02400643711855044
0.027522022293948113
0.030841511525969884
0.04539287698593079
0.04626234074655752
0.04040429924633249
0.035068509126911784
0.03164037925154989
0.05505386089145007
0.07851649176664932
0.08625019569584336
0.1142169305901041
0.12329263647273155
0.13874748910057808
0.12882074763380733
0.1364370254820348
0.11894303663889086
0.10824244305886116
0.08189233590333171
0.07470047410251644
0.04896566305357691
0.04225401177715805
0.04789848639302613
0.04871381962299257
0.057055795036939624
0.04497840929166605
0.02824540780962808
0.025021011314591786
0.021665227760587755
0.01819948054447632
0.014645715469344437
0.011026264246837768
0.007363706582083207
0.0036807316787417104
1.2903734938665097E-15
0.0036559938856945504
0.007265056556972556
0.010805428289308541
0.014255912122849816
0.017595998694536385
0.02080598611094227
0.023867094172388265
0.02676157229694477
0.026281777806754326
0.029609487229834905
0.031266194347369505
0.03988053254137049
0.05274494337822591
0.05074282327517261
0.04280217760772106
0.043725087339993564
0.04582914419345683
0.046364474551218574
0.02889277354787475
0.04001542670951977
0.03021620794803482
0.04872600896662752
0.05082405656021035
0.04408444767060439
0.040202421842234194
0.059675509340367146
0.057438468380993674
0.04679521197469652
0.04178960826821412
0.0369472600089704
0.02144298934470379
0.024830357014187582
0.022006789021948286
0.019064718399566794
0.01602286105365874
0.012900431665655004
0.009717023953110058
0.0064924893234935945
0.0032468146625350127
2.225425065774099E-15
0.003228063207313773
0.006417712443590546
0.009549632433255342
0.012604970668225433
0.015565449480290596
0.018413474000506747
0.021132235375584188
0.02370580864346614
0.04291262019403259
0.04633051697165341
0.05528484520992974
0.06453444798749612
0.0440862394544289
0.016591414154324115
0.020707976900447005
0.012413614533247061
0.025097385860789582
0.023788577702128777
0.025684133303598113
0.04564595317605651
0.027878126574417014
0.028887257738992575
0.0321479528192868
0.00939416138400336
0.01474642751541805
0.01002325190817759
0.033331747434601044
0.05557432028820489
0.04736072797718605
0.03601743921467054
0.04170632492827603
0.022219107024002593
0.01970021036208672
0.017073170655954113
0.01435464711439047
0.011561772961428239
0.008712048594942701
0.005823233049990681
0.0029132344336076626
2.009242278721989E-15
0.002898593465300515
0.005764848289298942
0.008581352929307194
0.01133108672355402
0.013997521750364759
0.016564721191940475
0.01901743362329405
0.021341182673567452
0.01082785719790817
0.028685011096444602
0.022692314370891458
0.014365907482248396
0.028545741234240248
0.05515741532833626
0.05591779436676585
0.06881558255655537
0.11222186647066648
0.11353737009701857
0.1175600166861771
0.10957468532114042
0.11661128937248505
0.11085807299866353
0.107767641347438
0.06720037182075689
0.05277289916534321
0.045033536321974196
0.03073031795350828
0.011636417304154415
0.011070324269232054
0.02188860062549132
0.007850097791618913
0.02016655638883981
0.01788605536620464
0.015505857279753362
0.013041013712296882
0.010507026791998107
0.007919752519506546
0.005295302366412291
0.002649943750821067
5.3793111733621836E-15
0.002638249589551709
0.005248668987356842
0.00781536335924364
0.010322775102730348
0.012755777411733307
0.015099764812140566
0.0173407401305501
0.01946539738242541
0.03747883505180175
0.03094005412408673
0.045506188311969516
0.04574820874573676
0.060401563134820514
0.04077705631872041
0.055444446621669065
0.07036560999467152
0.030099851010052896
0.028812751866730463
0.03455856342499551
0.03316752496724983
0.0347496553004692
0.02988795912122982
0.0329262205634875
0.07385413007671683
0.060748728526040366
0.04315210094560623
0.055407574949223805
0.040578645750983085
0.04362825841098623
0.03048477455309813
0.03553507981107552
0.0185185185185171
0.01642875242294458
0.014246258644901021
0.011984803983147786
0.009658584444418096
0.007282136745879793
0.004870248084486387
0.00243786472954246
3.872486283433547E-15
0.00242835781078587
0.004832337001504497
0.007197272964717652
0.00950879707671022
0.011752923439941738
0.013916132957622318
0.015985454238320283
0.0179485408494765
0.006052449030142242
0.01724330167436655
0.015694038568085333
0.026289498441661778
0.019427717554697112
0.02449853942974056
0.01587557385263559
0.024308261782730333
0.0033131020820510396
0.005702006964346715
0.023131657304648567
0.025388785200936147
0.02131159466272337
0.0023076441966340226
0.00664005249010571
0.015185619995765192
0.007038362578318824
0.034859773965276425
0.03339085254977044
0.03431701464090184
0.025467480502565868
0.019529892411338096
0.007507403710299327
0.017173209640043905
0.015238710305110485
0.013217291849715743
0.01112167627822957
0.008964995797926034
0.00676071099860613
0.004522527309872084
0.002264310251769751
2.9568225812394773E-15
0.0022564742107763595
0.004491279322588749
0.006690762809975243
0.008841535644203759
0.010930553364367646
0.012945194766962029
0.01487333774186614
0.016703431801370475
0.02979936492692951
0.019582352430063926
0.006117750314658189
0.0037841747169516968
0.016885539915646706
0.020346178075834886
0.04076751554410423
0.03997792096438775
0.06346148004866389
0.05466466042101573
0.05693827168291464
0.07239592728593136
0.05621976986002366
0.05232856392980275
0.06012086474914315
0.034191327028111757
0.034865652247894195
0.01981683066018703
0.02200831706703043
0.006753923885812016
0.005524552527002105
0.021242094725734597
0.027492437907391917
0.016060791128661423
0.01425440294558811
0.01236597513684232
0.010407368373055776
0.008390836793718003
0.00632895170956528
0.004234523600871978
0.002120522893443418
2.169012486238508E-15
0.002113994882377872
0.004208491728061506
0.006270679904200472
0.00828798617575322
0.010248151021482181
0.012139302799509442
0.013950029316001577
0.015669446367278284
0.011686576849119586
0.016221322535882945
0.04782438285599661
0.04448814991016902
0.06494321163786473
0.06461687345262272
0.04721707317437066
0.05953480339442946
0.028212111988153415
0.032419443288518854
0.01792038950947828
0.018518518518514906
0.018998896464285507
0.03372849615769173
0.02912708945369593
0.06183266700788629
0.04829030307290293
0.05989382241733196
0.057361932907575686
0.037638133802010816
0.04328457176429104
0.011048176670475954
0.012933563681213577
0.015131808464330798
0.01343223112505148
0.011654737426118136
0.009810470346248596
0.007910951711348771
0.005968010510532092
0.003993709529250403
0.0020002707528323214
2.5327323211963017E-15
0.001994788750871387
0.003971848879043623
0.005919076020937722
0.007824581895462169
0.00967676660671416
0.011464388985832965
0.013176634547163066
0.014803180649465569
0.02151181789560639
0.026090989158482514
0.00982473293418178
0.017877750095445212
0.009096783909068724
0.0060352186780790705
0.012160528393677273
0.008059120182704433
0.02014899310582683
0.02410370400932464
0.046919457803748864
0.033086240387647556
0.04735534153618291
0.026155955454171934
0.02252344488667528
0.0038225817076748825
0.014570049267818502
0.012407553483307937
0.01670868405222998
0.02439590756545657
0.01990214332233918
0.023113056225593457
0.01944156755661918
0.014350319253918635
0.012740489276204556
0.011056240820030951
0.00930811401279151
0.007507015135157583
0.005664148820683545
0.0037909485941300084
0.0018990061775881618
1.494423418523888E-15
0.001894376650479165
0.0037724873907046697
0.005622823984444445
0.0074340766270647686
0.00919520284531247
0.010895494593682376
0.01252464314122974
0.01407280135656649
0.014960129479881117
0.02494598700315339
0.02343650242678021
0.015111733099630991
0.014306040794152283
0.018316179081979706
0.019466079586021767
0.028584069048049904
0.030353722412572344
0.03655973425789885
0.02316444231142354
0.032547212013472104
0.022235846815872828
0.03503996083352822
0.02844609238646766
0.023778471761198603
0.017118852996902252
0.0175312423340956
0.013198163298091451
0.015025036571375308
0.022667532119617313
0.03105635287097178
0.015241342988162971
0.013689633232423176
0.012155621864997053
0.010550164881389372
0.008883293100555406
0.007165392548764556
0.00540713994644533
0.003619436553895088
0.0018133407843705736
5.3473540170932E-15
0.0018094180900286316
0.0036037940082424033
0.005372124644474092
0.007103590532066306
0.008787621854596219
0.010413962781390724
0.011972733741579486
0.013454491259363717
0.015229148155273752
0.0068787609926087194
0.039376434549647434
0.031556228331101104
0.02395997683194977
0.029138284346811493
0.032547263422405694
0.029144208265639807
0.029285758240108452
0.03172402042049721
0.03615480453207632
0.014520654835796908
0.0354452742128107
0.031196029062360155
0.028740247472118022
0.028959767028594444
0.030484242533461957
0.02669033417271653
0.020817671746699802
0.030265838355289933
0.03837631961251586
7.641998279572383E-4
0.014318643421133601
0.013129576318166428
0.011659817132512481
0.010121138014670917
0.008523137976569452
0.006875761877441949
0.005189238702479411
0.003474018218222141
0.0017407063958105574
1.843670914380459E-14
0.001737379253520126
0.0034607505683640874
0.00515953956148971
0.0068233429806444324
0.008441992249952738
0.010005615456469347
0.011504697400994406
0.01293013734856088
0.014776662468437864
0.025923302743438986
0.014644205434977837
0.02120076291019935
0.020946497678794147
0.019116294819025596
0.016812644429178146
0.018265143644782027
0.014843926053239838
0.014688739447673438
0.019690778842215713
0.03497762794901903
0.01999071630523368
0.014223246052751415
0.014179638410056952
0.01921065815987476
0.017201572785475218
0.019156098279947766
0.01998369437760917
0.022861199804872438
0.01308077430562863
0.018485595985300425
0.014186483724416731
0.012654679837935478
0.011239413419898592
0.009757366466512084
0.00821777141825828
0.006630198648201665
0.005004497115001889
0.003350733407390324
0.0016791295566461126
3.0950613433578488E-15
0.0016763119168726188
0.0033394975084912954
0.0049793459994174295
0.006585807068185901
0.008149052303008136
0.00965953519448245
0.011108049299676851
0.012485784224259607
0.014020132458265602
0.01759474249433362
0.017253868094577494
0.02081655880619319
0.019992721270052416
0.018942899328817115
0.029551211524614027
0.020051794097679893
0.0326985803003913
0.03224168665658897
0.02151792525678719
0.027200005375826335
0.021602194343850013
0.03260138697234877
0.03357388495364171
0.02035240101232807
0.03220937631644894
0.01887039130408255
0.02171668511328809
0.016337306808392342
0.009538969419688154
0.021061022381065275
0.01454290750023113
0.01225295098389152
0.010883816402473042
0.0094497023032126
0.007959530298463802
0.006422553345607137
0.004848298416962146
0.0032465075731343417
0.0016270778027897813
1.2712503187319586E-14
0.001624702545491144
0.0032370357671755376
0.004827096171891802
0.006385131545142638
0.007901600640537704
0.009367231488451287
0.010773077968520171
0.01211057430154589
0.011770743006383595
0.017825610511285103
0.027514502855448316
0.020607836177994523
0.012794882638137182
0.018814182141543137
0.00155928380806854
0.017687094459997933
0.013165499443634945
0.019180731922209607
0.020461689416284397
0.027556097470827386
0.020728863136503704
0.020801561441045925
0.01504204589028984
0.01804999522822749
0.003738961208765999
0.019278489070602704
0.013999807904503772
0.02001852204730564
0.02814894040586739
0.020600828351940385
0.010623099646511478
0.011915019650555456
0.010584747402737783
0.009190996056054897
0.007742424727160837
0.006248018519873992
0.004717032902418404
0.003158936495758082
0.0015833526258657216
5.291021901477894E-15
0.0015813671279564494
0.0031510189353892207
0.004699309784061423
0.0062167373821023835
0.007694000992683292
0.009122058333471636
0.01049218081940259
0.011796006812013354
0.01658908000612769
0.01858653539447135
0.01605900419832117
0.02586180163650946
0.018091527900629494
0.019319228438331823
0.040947167567132764
0.026057682583803525
0.024340503095504968
0.02104161306407136
0.00915307557223717
0.018033932723228206
0.008583551703533842
0.019597809841954156
0.02187889682109274
0.026082182330649184
0.039988774929365374
0.019759645048648754
0.01642079262120301
0.029571761432496763
0.020263170215197624
0.017027767638221395
0.017373806036875362
0.011633535736642735
0.010335712165390842
0.00897563904764376
0.007561755518890552
0.006102822496015118
0.0046078684891846505
0.003086133828985069
0.001547013652557028
1.8403595620679565E-15
0.0015453766227158305
0.003079605855305967
0.004593255909149638
0.006077031449694303
0.00752183058031245
0.008918800579130194
0.010259392048032244
0.011535411143218453
0.007558196443940535
0.015593763616566558
0.004016928839380961
0.010658722576346128
0.028548311133791363
0.013172517382183106
0.010980785583461685
0.011602026032815847
0.03170409409267
0.04627325902582219
0.04017355137727035
0.03019883854839652
0.04028335336916277
0.0463936626223154
0.031241700111999383
0.008204864993633283
0.007369746692252237
0.01137328468102848
0.030543219628318456
0.006245475788580394
0.008008528210238113
0.013620699233056432
0.006678184945159624
0.011402737382918289
0.01013162018526361
0.008799235330314747
0.007413839913165899
0.005984009696898215
0.004518586115974652
0.003026621694955781
0.0015173242190097535
6.642524520535009E-15
0.0015160034129993113
0.003021354726476259
0.004506796245599566
0.0059632007159414946
0.007381627315087164
0.008753376451607259
0.01007004303563512
0.01132356789569576
0.018909667442534056
0.019997616380342937
0.029229983511335905
0.02069915660882167
0.009620513557003952
0.02623101918639386
0.04026280091983608
0.042900045017957425
0.017871116760276175
0.009377244093747813
0.024263708707548834
0.023999113526091236
0.024548268727706005
0.009922089761924109
0.02062913248985268
0.0458213726711417
0.04311008756667724
0.02713035383547911
0.007478241382947187
0.020556405839697367
0.025110994085534764
0.01859815373296938
0.01920363956867846
0.011218138743399369
0.009968509378497272
0.008658364370331923
0.007295813132384495
0.005889281682082912
0.0044474606155362195
0.002979251493704513
0.0014937119704650863
5.836113580353412E-15
0.0014926825330968967
0.0029751464147030524
0.0044382715853901866
0.005873063161213052
0.007270706647695193
0.008622622008378959
0.009920516256838558
0.01115643425042414
0.006596869718553139
0.014637940043452986
0.02742425579554619
0.03759347433601455
0.028266290517797124
0.019145792212889187
0.012007931502902363
0.017556689951552733
0.008549031106980557
0.02195659091902938
0.015490192727560867
0.01374086869506223
0.014904748288328861
0.021085961773705305
0.011584205956748047
0.019262985518032908
0.010721518796694748
0.021531193053071003
0.024983642190430897
0.03711579863444689
0.029251911229189066
0.014005410151297793
0.007484196754407346
0.011076303439819501
0.009843346313627379
0.00855040886345525
0.007205484406092502
0.005816881820237965
0.004393174290424519
0.002943146454459012
0.0014757402795406906
6.193944856651897E-16
0.0014749835446425579
0.0029401288293783036
0.004386419477498285
0.005804959666128182
0.00718702876277164
0.008524134858668538
0.00980806687015283
0.011030944889170106
0.019067396214046784
0.014584312470361759
0.0025772709136173927
0.006847745616197903
0.015950337546831825
0.030710328205730344
0.03424033825384604
0.03848549852144919
0.03990151019409338
0.015448266879212073
0.015885747252017128
0.03427842174992487
0.01503013116000246
0.014574164057614246
0.03903057735368893
0.035001128215472854
0.028955015298061784
0.030483219852886774
0.02088727384396395
0.011155290884060946
0.008822952950202375
0.018895227622743677
0.01865964562928873
0.010974681112942199
0.009753882124991344
0.008473430582413864
0.007141233191069558
0.005765512186421807
0.004354754658460061
0.0029176602675279055
0.0014630876723646868
5.622904511844943E-15
0.001462590307418676
0.0029156769298829843
0.004350315050565873
0.005757676340101119
0.007129103207224393
0.008456161982296618
0.009730694707837838
0.010944869218246406
0.010906618512885442
0.00576603069253699
0.015198000718996517
0.006350743068502778
0.005173910896476804
0.018308997390891514
0.028184679814972934
0.04396278284641365
0.0360938187595479
0.038638678922143184
0.040021191083543683
0.030035905045263597
0.04062056764537999
0.03925770891758932
0.035717681429350286
0.044440491417247784
0.030513243485560188
0.015341649398269146
0.0037445925933876907
7.899620491304356E-4
0.008975820538425144
0.001950211560442071
0.012302873894037248
0.010911491925412027
0.009698550779602907
0.008426082790696307
0.007101936019155571
0.005734275035354434
0.0043315306473200935
0.0029023480018593477
0.0014555333780329484
5.774662809666642E-15
0.0014552867977848858
0.0029013647161364553
0.004329329608797981
0.005730390233530781
0.007095922300634635
0.008417521487005102
0.009687055090146479
0.010896712005373536
0.016694782126831533
0.02290768301062745
0.023729977809463943
0.02843553101294207
0.02550068087699594
0.021191710864809254
0.007545670946158059
0.003282786385284968
0.009978974658618736
0.023369890785939654
0.032446433689260715
0.050444786726149715
0.0334867189960693
0.025421122534608143
0.011076920951396303
0.008264293295317101
0.012269593054542935
0.019091319357071673
0.02090471625888437
0.023028204214796795
0.02452504603618631
0.01882548244820727
0.015647468208539163
0.010885648950794458
0.00967640084369154
0.008407551610462683
0.00708691762386766
0.005722633777818141
0.004323103446455005
0.0028969467941594865
0.0014529477539662282
