1.0
0.9989725854527286
0.9958941397184456
0.9907760398146894
0.9836371918337666
0.9745039478168517
0.9634099899352724
0.9503961825331787
0.9355103927392237
0.9188072805050683
0.900348059073979
0.8802002270235753
0.8400252356374808
0.7903019755941254
0.75755642184482
0.7137243878229613
0.6603760508756098
0.596891571591571
0.4963992237896189
0.4163409439729652
0.3255470121291478
0.3591876062166742
0.3750420907410945
0.41339762418156956
0.4148579953076202
0.4063025664165181
0.3900452684782035
0.36199193796494733
0.35005979741836407
0.3339538200796354
0.3002006862750955
0.26683328132118683
0.23395677675898263
0.20167312991975272
0.17008068053331005
0.1392737663276268
0.10934235931995492
0.0803717243920974
0.05244210162743653
0.025628413765296662
0.0
0.02437962278192759
0.04745297037168275
0.06916877240348819
0.08948212364992673
0.10835460493099744
0.12575437327165523
0.14165622109465523
0.15604160438810813
0.1688986399392117
0.18022207187652886
0.19001320791217985
0.21502899776490622
0.23125120260438817
0.23420548692753357
0.25303999090592766
0.2700398477368683
0.2995429656926073
0.3553844589522221
0.3599101729864677
0.3918579037801417
0.3458533969753552
0.33257453517725377
0.2688342589252464
0.2315238354599108
0.20985715022401208
0.18507376626944147
0.17977073294007903
0.1673236178020598
0.14055159595840244
0.1288390805231737
0.11667245240793594
0.10413347464621638
0.09130375337943837
0.07826434592779975
0.06509537670314869
0.05187566279556176
0.03868235100081246
0.025590567982650397
0.01267308518248861
3.362298840078271E-16
0.012361565328205645
0.024347745827527956
0.035898195646728255
0.04695632858088967
0.05746953627456643
0.06738938324713088
0.07667177800935217
0.08527711967004811
0.09317041956355243
0.10032139756208608
0.106704552871139
0.10042174765297955
0.11295764143391289
0.12655151196188083
0.12369546685303806
0.1308384551619437
0.13282864097385205
0.10662237358084548
0.120992358700669
0.12422350439842801
0.1189956420411661
0.1059966375286244
0.130887678434524
0.12676088259329313
0.11547176046932954
0.1168932075224125
0.10265844724668338
0.08629763619022768
0.08919691902777913
0.08219714680739854
0.0748203543015489
0.06711710121238162
0.059138962311212594
0.050938221326004805
0.04256756538062908
0.034079781627452975
0.025527457685862846
0.016962687462072176
0.00843678388003254
3.4114523999575337E-16
0.008298740059596648
0.016412099049192445
0.02429457209091749
0.03190271856496259
0.03919537927375577
0.04613387787015498
0.05268220563223892
0.05880718876800551
0.06447863753738883
0.06966947658610737
0.07435585599533769
0.08750134084207865
0.09013751976341788
0.09513045821207745
0.08610577510187585
0.07306071772464529
0.0655346276880734
0.08091179293282572
0.11135978600184065
0.1223876122253457
0.11187903719818014
0.07675730659284015
0.06015127274124149
0.07086878769104193
0.0839316658858851
0.09722566014074546
0.0885259072730682
0.07711298833928466
0.06548986096701274
0.06049987700365068
0.055204496560855736
0.04963964052493623
0.04384237336355513
0.037850671909972815
0.03170319158088254
0.025439031390899997
0.01909749911995566
0.012717877975441735
0.006339196069147391
1.4743327536579412E-15
0.006261866202465327
0.012409475561786253
0.018407024902625142
0.024220032755730998
0.02981552737365711
0.0351622238776097
0.040230689627296805
0.04499349698177907
0.04942536269936629
0.05350327330829146
0.05720659586665599
0.061909309447141396
0.06478581558302726
0.06299987679514729
0.059029625855917416
0.08127684009276866
0.0961969393331649
0.09558380791996557
0.04849448982077909
0.05387616502178499
0.04773600231032649
0.09431722548319652
0.09324599418722863
0.07585879724702947
0.05331374842469422
0.05263078218906036
0.05630450986278287
0.05944705767727459
0.05187727902217745
0.04799358665120137
0.043855240091814754
0.039489974235265964
0.03492661100534914
0.030194876749065583
0.025325216019945026
0.02034860287923943
0.015296350844885438
0.01019992261616057
0.005090740693763874
6.295534191950961E-16
0.005041516417228448
0.010003617540090708
0.014856879372911922
0.019572813786123144
0.024124030271786504
0.028484389719773705
0.03262914937775136
0.03653509821676792
0.04018068198682569
0.04354611731320175
0.046613494253764945
0.04762595212082333
0.07452605108402675
0.07986671324528899
0.06034829524630277
0.04827293292783138
0.03141499049373156
0.057885325399182654
0.04982566474859281
0.07044115849827559
0.046874148977644484
0.05564524825564635
0.02788808726989327
0.042619723276719534
0.05284483757236984
0.06956481830276832
0.06601186175073619
0.04205631005845094
0.043070478637466166
0.03988390194163738
0.03647909300014256
0.03287863137833113
0.029106096167606
0.025185915879489172
0.021143214447611428
0.017003654284082678
0.01279327734707039
0.008538345181071353
0.0042651788904551225
8.366602496100484E-16
0.0042312268559528314
0.008402948491872049
0.012490174076164963
0.016468621510455705
0.020314858443543755
0.024006437118552416
0.027522022293949573
0.030841511525971
0.03394614715006248
0.036818619353300754
0.03944315978678772
0.05381687494432103
0.04237696111253261
0.049764013169214964
0.07867189798633738
0.08455143119014177
0.09377748463095896
0.08106162691123128
0.09154986381382835
0.08874764527533174
0.09147890192256496
0.0817282188320159
0.09541585357040173
0.08913824414596927
0.0849537781294377
0.057753857048762375
0.04850353784529841
0.05278381920631711
0.036926673868339234
0.034217760463380355
0.03131765050089639
0.028245407809625794
0.025021011314590794
0.021665227760587328
0.01819948054447596
0.014645715469342195
0.011026264246839763
0.007363706582084528
0.0036807316787407346
1.4370888287386754E-16
0.0036559938856940773
0.007265056556971801
0.010805428289309088
0.014255912122850677
0.01759599869453493
0.020805986110943742
0.023867094172388286
0.026761572296944536
0.029472800534866325
0.0319853831089408
0.03428523396467185
0.024279388133708824
0.017078049570727352
0.012588297682375021
0.01402426053888336
0.016372177696069634
0.01260928766997293
0.01947899115555091
0.0416279564015833
0.03219041394644136
0.041872836715468244
0.019452463848776254
0.01401330949269839
0.01730149315250377
0.01738742405669705
0.01568625185986941
0.012432865793448048
0.02090924566466704
0.03241281085604751
0.030050316655060146
0.027517322639370335
0.024830357014185192
0.022006789021950596
0.01906471839956708
0.01602286105365597
0.012900431665655207
0.009717023953107558
0.006492489323494307
0.003246814662534547
1.4082839433566696E-15
0.0032280632073158344
0.006417712443588132
0.009549632433256284
0.012604970668226065
0.01556544948029001
0.01841347400050399
0.021132235375584653
0.023705808643466098
0.026119244705549268
0.02835865587171591
0.030411294495709278
0.04834272962517599
0.06685623416382659
0.0696223731455194
0.0881115218356616
0.08776022823366074
0.07628411142358835
0.07483451072514977
0.03808928565262206
0.039328186574620304
0.039085765189929365
0.07275164342589487
0.0712153392659504
0.08241211964102184
0.08238039584663892
0.06442241743503062
0.06450994931691419
0.0470408418139209
0.028969629458259837
0.02686882837511337
0.024613779935094674
0.02221910702400071
0.019700210362083248
0.01707317065595547
0.014354647114387541
0.01156177296143098
0.008712048594941003
0.005823233049990292
0.002913234433607556
1.7361806433227429E-15
0.002898593465299946
0.005764848289296955
0.008581352929307144
0.011331086723562384
0.01399752175036105
0.016564721191939212
0.01901743362329923
0.021341182673565735
0.023522351538318425
0.02554826185445154
0.027407246486221698
0.013405285065984889
0.0260684220733039
0.032922577899960594
0.027473060410329923
0.022290284198084143
0.034509470925598466
0.020206504498877623
0.04052686569568697
0.04051444545590355
0.03990127879628674
0.020866120698784008
0.03720583517141443
0.024745287802722088
0.026952401169496147
0.03232775942209601
0.026968897877438704
0.013375894047179782
0.026268079742018724
0.024371076804363654
0.022332853656679686
0.02016655638883611
0.01788605536620586
0.01550585727975753
0.01304101371229589
0.010507026791995076
0.007919752519505744
0.005295302366408462
0.002649943750816916
1.794248972676056E-15
0.002638249589549307
0.005248668987355728
0.007815363359245467
0.010322775102726016
0.012755777411735053
0.01509976481213785
0.0173407401305469
0.019465397382425014
0.02146120009284673
0.023316454592685203
0.025020377865605122
0.04086119475819106
0.032381473207568505
0.02905604950344184
0.03571923489491719
0.027275402407611934
0.02065453833856981
0.03906926913071256
0.06944929206781378
0.054308421352983464
0.06806277483810172
0.038806350674534945
0.022827035200892857
0.024550358602763157
0.03397769072580037
0.03046845330313204
0.02759700280853
0.03908370797644774
0.02410201114996497
0.02236746098953013
0.020502305557443718
0.018518518518519635
0.016428752422942408
0.014246258644900893
0.011984803983148332
0.009658584444419716
0.007282136745881172
0.00487024808448138
0.002437864729540105
1.6469080393869787E-15
0.0024283578107882277
0.004832337001504753
0.007197272964721343
0.009508797076711348
0.011752923439940515
0.013916132957621842
0.01598545423832032
0.017948540849478476
0.019793744462759565
0.02151018346102522
0.023087806605617652
0.01779522501467071
0.026248127503910534
0.02298722280399276
0.02268241161212544
0.039024839794297016
0.05231449018086915
0.030699611527149836
0.03592956450836193
0.03405547602940454
0.038363620699486504
0.030617035779209798
0.05134330866379022
0.038588654257497204
0.02129308134111579
0.020451060702689306
0.02532004335498042
0.01926383336011633
0.022335777788465478
0.020733088768745835
0.019008557644273245
0.017173209640045553
0.01523871030510942
0.013217291849714518
0.011121676278226581
0.008964995797927032
0.006760710998606106
0.004522527309869723
0.0022643102517716255
9.576455132864311E-16
0.0022564742107772434
0.004491279322587216
0.006690762809974712
0.008841535644205329
0.010930553364366333
0.01294519476695984
0.014873337741864327
0.016703431801370676
0.018424566870799745
0.020026537933307165
0.0214999051481045
0.031248102476260416
0.041909494508958374
0.04672053668415152
0.038144185918309315
0.024285045422363424
0.04205387250064629
0.025722541364294464
0.0262396877384665
0.007224611975317544
0.028326985943731647
0.024046021905164083
0.04174403638777198
0.02359687472772675
0.0362378487406258
0.04562604878929861
0.04416286103940709
0.029158276853544073
0.020876550878772535
0.019382415367127755
0.017773746605169435
0.016060791128659248
0.014254402945585377
0.012365975136841297
0.0104073683730599
0.008390836793719773
0.006328951709567594
0.004234523600868883
0.002120522893442278
5.966192565516134E-16
0.002113994882376463
0.0042084917280653875
0.006270679904200367
0.008287986175757631
0.010248151021481668
0.01213930279951011
0.013950029316003767
0.015669446367278378
0.01728726284573195
0.01879384202181544
0.020180258639181305
0.02440169257404673
0.009457343278639735
0.008642510814178175
0.022504993347631973
0.03224299526015916
0.028098327728191694
0.04532177783409844
0.07449082476719623
0.04140866624999521
0.07352266531447453
0.0466158386840174
0.026472824179215617
0.032008407775115336
0.02594639980719
0.012060132656002108
0.00526726512827764
0.0253770440907296
0.01965873761033158
0.018254951168106978
0.016742774869491814
0.015131808464323845
0.013432231125052718
0.011654737426118542
0.009810470346244044
0.007910951711350851
0.005968010510534513
0.003993709529247968
0.0020002707528317433
1.1532390442232806E-15
0.0019947887508686064
0.003971848879046211
0.005919076020933828
0.00782458189546152
0.00967676660671578
0.011464388985832736
0.013176634547165287
0.01480318064946482
0.016334258471108126
0.017760711428657705
0.019074049690997588
0.02066223572933743
0.03257796386477752
0.0242232267670075
0.010681367326366202
0.018554706100810617
0.03507594200181702
0.014388967566754961
0.04608131207007525
0.027845769588547176
0.04519923827455815
0.015412144093880144
0.03513122491982088
0.019144840791237072
0.008508643653824435
0.020942510131146327
0.02693912185675634
0.018587076277267765
0.018634751619661695
0.017306785855206046
0.015875622498041444
0.014350319253918841
0.012740489276205292
0.011056240820028098
0.009308114012789012
0.0075070151351582905
0.005664148820682104
0.003790948594132074
0.0018990061775883468
2.6121287508034773E-16
0.001894376650475928
0.003772487390705152
0.005622823984445923
0.007434076627067583
0.009195202845306737
0.01089549459369
0.01252464314122963
0.014072801356565053
0.015530643016464698
0.01688941878175958
0.01814100850586488
0.02777714257579706
0.02549231317595861
0.025586293227082016
0.0404390251568404
0.0215096460112538
0.008999889163096467
0.04530008901370868
0.028437559087664696
0.0372615950152393
0.028697253568647968
0.043707210496110364
0.007934317456124895
0.019853921861209555
0.03992313806642747
0.025339518084077587
0.028618686869737092
0.027996748607357534
0.017769308106982483
0.016505344286023314
0.015142585844553167
0.013689633232422622
0.01215562186500081
0.010550164881390519
0.008883293100555622
0.007165392548762134
0.00540713994644797
0.0036194365539007236
0.001813340784366381
1.720915059252071E-15
0.0018094180900317736
0.003603794008245591
0.0053721246444739315
0.007103590532064601
0.008787621854600127
0.010413962781392682
0.011972733741573477
0.0134544912593597
0.014850284989617879
0.016151711609943775
0.01735096524590413
0.011247365559836065
0.009898259439604044
0.01971725803069338
0.012529254728721484
0.028857539145929628
0.03930304545003827
0.02693916378367546
0.01996168849269315
0.016268049021236675
0.02042243241224692
0.0272905728593477
0.03907525837663054
0.029154304856985506
0.01242142928890861
0.020159457860707372
0.012737716180851698
0.009880223134681046
0.017035768917321847
0.015826024000828737
0.014521222122824378
0.013129576318169139
0.011659817132504142
0.010121138014667451
0.008523137976572793
0.006875761877447491
0.0051892387024764725
0.0034740182182227434
0.0017407063958113367
1.134213999931196E-14
0.0017373792535172723
0.0034607505683591673
0.005159539561488548
0.006823342980653058
0.008441992249956471
0.010005615456473329
0.011504697400998257
0.012930137348575356
0.01427330412917654
0.01552608825590958
0.016680950746741585
0.027446074653745215
0.024170058857059296
0.019141132010771608
0.030012905889601735
0.028315798684762975
0.022591698421733607
0.014577366333898318
0.022584947479083513
0.01208275248614845
0.021543012630544398
0.014894916195447984
0.023761697984729005
0.03029181720773824
0.029421699470252093
0.01897295958192143
0.019996223034311283
0.026982181913355545
0.016413728601432327
0.015249972865760845
0.013994328584081055
0.012654679837933315
0.011239413419891412
0.009757366466513897
0.00821777141827081
0.006630198648207237
0.0050044971149944386
0.003350733407388589
0.001679129556642275
2.5809972908231716E-15
0.0016763119168727706
0.0033394975084882973
0.004979345999420919
0.006585807068181739
0.008149052303013854
0.00965953519448758
0.011108049299676105
0.0124857842242628
0.013784379082911823
0.014995973114479333
0.01611325314607553
0.008254245214371318
0.025910023636341123
0.018627535423944006
0.010422974914664209
0.013318994980552976
0.01983531319088136
0.024160821934712074
0.03561709920147389
0.04170910566424925
0.035311689784734
0.02339648765066443
0.01769022019285817
0.009921143398494437
0.010604696597621935
0.01860306678322699
0.02701279855437513
0.008821440096116628
0.01588737822921969
0.014762581844754093
0.013548571158452942
0.012252950983890308
0.010883816402481598
0.009449702303213995
0.00795953029846493
0.0064225533456028034
0.004848298416958157
0.00324650757314404
0.0016270778027902692
5.312856357992541E-15
0.001624702545492955
0.0032370357671750215
0.004827096171893059
0.006385131545149816
0.007901600640549906
0.009367231488448645
0.01077307796852478
0.012110574301543133
0.013371587129265713
0.014548464866396275
0.01563408402590226
0.024089134500501916
0.010080616272688758
0.0162197780118148
0.02607704551344379
0.037489960971688004
0.0262567383337523
0.026849966349373176
0.026424063862291746
0.015573772297563649
0.027237541965912694
0.026936412193009924
0.02554813077436629
0.03695719504340965
0.024939570325471127
0.0144897244650652
0.012624455833091925
0.02316478556263026
0.01544437175769201
0.014352440193510296
0.013173533359922591
0.011915019650554269
0.010584747402744383
0.009190996056044004
0.007742424727153157
0.006248018519879412
0.004717032902419318
0.0031589364957626386
0.0015833526258718087
2.9418585440314345E-15
0.0015813671279506125
0.0031510189353883104
0.004699309784056431
0.006216737382104093
0.007694000992688238
0.009122058333463492
0.010492180819406437
0.011796006812016799
0.013025592550941621
0.014173460457968549
0.015232644520590748
0.012389703407632804
0.021818113176001824
0.025387324300267883
0.017752542452537285
0.016786951800445996
0.023274336085932597
0.013507875993002136
0.009072195839986743
0.02055059080189103
0.010242133396823005
0.013629261580683597
0.024288421891909474
0.018061490391747054
0.018866744766942087
0.026416633900814425
0.019393863908085063
0.013280535447977474
0.015075026171650787
0.014010597974017935
0.012861044675943062
0.011633535736644928
0.010335712165385187
0.008975639047641589
0.007561755518893004
0.006102822496012793
0.004607868489191136
0.0030861338289856085
0.0015470136525591572
5.5844099068407694E-15
0.0015453766227176008
0.003079605855296502
0.0045932559091482255
0.0060770314497012885
0.007521830580316072
0.00891880057913031
0.010259392048026134
0.011535411143221042
0.012739069568685571
0.013863032028237294
0.01490046084738378
0.019108287879004843
0.017197300469671755
0.010117363140042709
0.02536500157703594
0.024099654342716104
0.012100650466444256
0.024192646382548397
0.02956065254117542
0.02350914527648084
0.028862135740564343
0.024124086275950956
0.012571433634172588
0.023122333712561914
0.02688647000719808
0.011508087050915921
0.016399122380005002
0.018097534413584776
0.014771748995777038
0.013730038049233586
0.01260469958122757
0.011402737382910299
0.010131620185262988
0.008799235330314417
0.0074138399131583954
0.005984009696890883
0.00451858611597087
0.0030266216949640865
0.0015173242190146944
2.7683888909633086E-15
0.0015160034130033745
0.0030213547264725253
0.0045067962456056074
0.005963200715939891
0.007381627315091657
0.008753376451607035
0.010070043035630407
0.011323567895699445
0.012506287027605202
0.013610978374996155
0.014630905856399722
0.01600815706107232
0.020179255504764123
0.020237134579830358
0.014311080997417867
0.012595077116538766
0.020862283953292426
0.015800039628909066
0.037944637748753965
0.02295025323939555
0.03784453516375294
0.016054687813809622
0.019815078011682065
0.011045036387587533
0.011605003272634966
0.018036438790254017
0.02244595912424447
0.016432172463115974
0.014528624515098553
0.01350529438704976
0.012399509771521459
0.011218138743396515
0.00996850937849919
0.008658364370331052
0.00729581313238503
0.005889281682093725
0.004447460615541667
0.0029792514937057265
0.001493711970469042
6.444658838466641E-15
0.001492682533098019
0.002975146414710499
0.004438271585387184
0.005873063161205978
0.007270706647693527
0.008622622008376749
0.009920516256841297
0.011156434250423371
0.01232280737482188
0.01341249982226454
0.014418852180575356
0.014744143326052717
0.010653803855155776
0.018476705400930916
0.03127545999994211
0.02987477306403849
0.03315353278135339
0.020474656175753735
0.008603836891676968
0.032758128142169905
0.00927362993110498
0.019740727463289177
0.03398141409615369
0.030345569117123293
0.030394571205678133
0.018978342894675263
0.009743711349895923
0.014196856945479286
0.014341113543081414
0.013332175107207774
0.012241651830623973
0.011076303439817308
0.009843346313633396
0.008550408863448489
0.007205484406090796
0.005816881820232992
0.004393174290418381
0.0029431464544569953
0.001475740279534108
1.3180879805493689E-14
0.0014749835446353921
0.002940128829377239
0.0043864194775043745
0.005804959666122307
0.007187028762768591
0.00852413485867064
0.009808066870152584
0.01103094488916927
0.012185268474430291
0.013263962587796017
0.014260420895065289
0.01703332841777047
0.025415754824238898
0.026053675786881468
0.015075326926286919
0.007218569573471192
0.008167821254393673
0.02970740430124224
0.022978391549384806
0.004892228536928029
0.02291151268901407
0.030574274160779714
0.00783320508308732
0.00833335185674288
0.017972599290774924
0.028557754203099462
0.024237924967273904
0.016926666540041855
0.01420583662689085
0.013207562550503526
0.012128285123690909
0.010974681112940693
0.009753882125004958
0.008473430582408629
0.007141233191070703
0.005765512186421704
0.00435475465845827
0.0029176602675270325
0.0014630876723641603
8.67856804830836E-15
0.0014625903074141997
0.0029156769298892583
0.004350315050563762
0.0057576763401035215
0.007129103207225085
0.008456161982298633
0.009730694707838222
0.010944869218240163
0.012091227201865154
0.013162729950768403
0.01415280151808527
0.013578000661984816
0.012650814319359672
0.012550531805674251
0.016241171732189832
0.021649917713128842
0.027509606541270132
0.009389340492502344
0.012925581394091189
0.019768107000166728
0.012947944777479764
0.0111899370234197
0.026444680157307138
0.02053884706334827
0.014120808146647755
0.009934128138008813
0.014284872765586197
0.013780777711300946
0.014120420498244702
0.01312927178095387
0.012057423014005047
0.010911491925413082
0.009698550779608663
0.008426082790693425
0.007101936019149817
0.005734275035345749
0.0043315306473115135
0.002902348001853206
0.0014555333780326783
2.2704379220622692E-15
0.001455286797781301
0.002901364716139917
0.004329329608793353
0.005730390233533209
0.007095922300629992
0.008417521487003978
0.009687055090152212
0.010896712005369983
0.01203905071914845
0.01310704502455537
0.014094127177918454
0.01572683671226818
0.019085854287552908
0.024943464840238294
0.021929646691561538
0.019252510436862193
0.01780326374977128
0.037122833651965115
0.02907058083103672
0.027259378413966348
0.02892681640716752
0.03664758420983406
0.018558853385875592
0.019696562491331625
0.0202106319371294
0.021290887975357043
0.018691056247933602
0.015305537851434944
0.01408339433278589
0.013095955155911445
0.012027846164579565
0.010885648950794748
0.009676400843694258
0.008407551610462208
0.007086917623866503
0.005722633777812044
0.00432310344645624
0.002896946794166596
0.0014529477539679057
