1.0
0.9989725854527274
0.995894139718444
0.9907760398146903
0.9836371918337665
0.9745039478168496
0.9634099899352719
0.9503961825331797
0.9355103927392268
0.9188072805050652
0.9003480590739784
0.8802002270235764
0.8053265662916117
0.7643443133245382
0.7221249814523689
0.6868190865424412
0.6242727775864115
0.535107900609945
0.4533438562654152
0.3976437331489085
0.3416744073036582
0.33772497556811887
0.3331690617892886
0.3537063587783838
0.3796165121569374
0.38072490085986266
0.3582989804591931
0.34186194685226357
0.3256197577325367
0.333953820079636
0.30020068627509494
0.2668332813211869
0.23395677675898258
0.20167312991975295
0.17008068053331019
0.13927376632762695
0.10934235931995477
0.08037172439209733
0.05244210162743666
0.02562841376529754
0.0
0.02437962278192744
0.04745297037168258
0.0691687724034873
0.08948212364992612
0.10835460493099792
0.12575437327165578
0.1416562210946549
0.15604160438810746
0.16889863993921164
0.18022207187652917
0.19001320791218093
0.22242845285395565
0.23723070700659912
0.250881189110276
0.26676005404230224
0.2899814856651439
0.32253752107645034
0.35833106098844875
0.37367328386998416
0.3860126577327378
0.3593136867981015
0.3307265430247317
0.2843060926837025
0.24749118705002598
0.21922186827013787
0.1948963618147566
0.1775344609733616
0.16171134180316973
0.14055159595840214
0.12883908052317378
0.11667245240793676
0.10413347464621645
0.09130375337943801
0.07826434592780004
0.06509537670314777
0.051875662795561564
0.03868235100081265
0.02559056798264996
0.012673085182488933
3.6033222223084832E-16
0.012361565328206465
0.024347745827528834
0.03589819564672783
0.04695632858088988
0.05746953627456666
0.06738938324713167
0.07667177800935338
0.08527711967004904
0.09317041956355263
0.10032139756208647
0.10670455287113918
0.11953876176704359
0.1240044327926251
0.13088872280437944
0.12397528700171498
0.1284255744006554
0.1326983058265112
0.11409357687103207
0.10852721496422948
0.0966434813883275
0.11146827698459835
0.11907097069004072
0.13804905658760508
0.12998904372415723
0.12076144031910246
0.1250955200258516
0.1128663986810327
0.10094148961500382
0.08919691902777774
0.08219714680739908
0.07482035430154796
0.06711710121238208
0.05913896231121281
0.05093822132600384
0.042567565380628954
0.0340797816274516
0.02552745768586292
0.016962687462071052
0.008436783880032002
8.4734150167882785E-16
0.008298740059597222
0.016412099049192955
0.024294572090918138
0.03190271856496311
0.039195379273756124
0.04613387787015435
0.05268220563223901
0.05880718876800629
0.06447863753738944
0.06966947658610732
0.07435585599533728
0.08602569944353902
0.07970454230515557
0.07602066466337479
0.07626707706942948
0.06458455911781961
0.05343667716520412
0.07632772712123617
0.06702369229073385
0.07453797418663347
0.06628542533729997
0.07542144875865364
0.05099081229061732
0.05758395462874256
0.07196894375524371
0.07141439244853356
0.07812667048416524
0.08871725719164174
0.06548986096701331
0.060499877003651586
0.05520449656085681
0.04963964052493842
0.04384237336355552
0.037850671909974314
0.03170319158088388
0.02543903139090093
0.0190974991199575
0.012717877975441204
0.006339196069148043
5.852908675415518E-16
0.006261866202463626
0.012409475561785467
0.018407024902624573
0.024220032755730068
0.029815527373656753
0.03516222387761047
0.04023068962729689
0.04499349698177921
0.049425362699366454
0.05350327330829035
0.057206595866656065
0.03251603765090855
0.051929398829004436
0.06734757867167106
0.06774694627579818
0.0937889962533183
0.10380332489053412
0.09459459267509578
0.10983327919790359
0.10408075843190844
0.10692950165162132
0.08754378515514169
0.09446179028699109
0.08951772532055116
0.061850993461668155
0.0669793143387442
0.05296717544813142
0.03538434347474374
0.05187727902217925
0.0479935866512017
0.0438552400918163
0.039489974235265755
0.03492661100535041
0.030194876749064247
0.02532521601994627
0.020348602879239883
0.015296350844884503
0.01019992261615974
0.0050907406937645595
8.948995896887006E-16
0.005041516417229191
0.010003617540090834
0.01485687937291399
0.019572813786122873
0.02412403027178709
0.02848438971977335
0.03262914937775116
0.036535098216768466
0.040180681986826956
0.043546117313200926
0.046613494253767956
0.07898174985670665
0.07484022018518559
0.07483176243423478
0.08179496938598566
0.07844570328703385
0.07713640506313027
0.08093872678887563
0.057558695894947255
0.0534257583522235
0.05871585659344209
0.08373785262464764
0.08427677194367689
0.08423292424664532
0.08522540285420725
0.07629521854175195
0.0724220786665408
0.06811814928965303
0.043070478637463994
0.03988390194163768
0.03647909300014413
0.0328786313783287
0.029106096167605414
0.02518591587948799
0.021143214447610453
0.017003654284081734
0.012793277347067877
0.008538345181070583
0.004265178890454146
2.767800430541354E-15
0.00423122685595283
0.008402948491872763
0.012490174076166583
0.016468621510456888
0.02031485844354437
0.024006437118554585
0.027522022293952033
0.030841511525971775
0.033946147150063374
0.03681861935330301
0.03944315978678724
0.07322743052855538
0.08923286434595391
0.09755286707720558
0.0883587721098604
0.10125883798145159
0.08492545720954837
0.07134436874328694
0.07240600324406624
0.11642103099690422
0.07253321674660222
0.07224529629925688
0.08597105093111049
0.09836057781718328
0.0882041780127164
0.09243004200907717
0.08570571488443327
0.0744747311088666
0.03692667386834216
0.03421776046338132
0.03131765050089814
0.028245407809625974
0.02502101131459277
0.021665227760588945
0.018199480544475913
0.014645715469342221
0.011026264246841005
0.007363706582087977
0.0036807316787427985
1.8192530614997228E-15
0.003655993885694582
0.00726505655697079
0.010805428289310113
0.014255912122850408
0.017595998694535386
0.02080598611094284
0.02386709417238654
0.02676157229694545
0.029472800534867206
0.031985383108937435
0.034285233964670286
0.012071560852461636
0.02909896224565322
0.034562486815947126
0.057461647589665286
0.05458074668893527
0.0932122877502847
0.06801298243829788
0.04508110811031252
0.014436258967520306
0.04353636184911124
0.06390716759186192
0.08794872929763457
0.04606623858806401
0.04842358034050835
0.029923473731565335
0.024474658582157797
0.008379798990610502
0.03241281085604729
0.03005031665505778
0.027517322639370068
0.024830357014184873
0.02200678902195125
0.01906471839956903
0.01602286105365936
0.012900431665656222
0.009717023953106233
0.00649248932349546
0.003246814662533921
1.221975793332889E-15
0.0032280632073156765
0.0064177124435867445
0.009549632433255514
0.012604970668222677
0.0155654494802917
0.01841347400050531
0.021132235375584684
0.023705808643464783
0.026119244705548796
0.0283586558717101
0.030411294495709038
0.045338187858069014
0.03133621128061069
0.03020865844606225
0.041649756631284236
0.03901485331095517
0.025451400435672327
0.030525842137728524
0.04125816172297162
0.06122069878712378
0.04129946754088634
0.03061519481057694
0.019695578037694478
0.03687372930521536
0.03472586248349334
0.022437312643490998
0.021471915762462095
0.035309490216977726
0.028969629458261717
0.026868828375113733
0.024613779935095365
0.0222191070240049
0.01970021036208679
0.01707317065595122
0.014354647114388821
0.011561772961428842
0.008712048594941554
0.005823233049989755
0.0029132344336074653
2.148753831229333E-15
0.0028985934653020756
0.005764848289297128
0.008581352929308112
0.011331086723561645
0.013997521750358451
0.016564721191942192
0.019017433623297206
0.02134118267357252
0.023522351538320836
0.025548261854455565
0.02740724648622351
0.03110911989103065
0.04764420465119928
0.04777838517706126
0.04723833942905592
0.0527941182954042
0.061717961547697105
0.06459561963972202
0.07118775469090721
0.07588085105278752
0.07130474861604036
0.06464785396632503
0.06186048904756657
0.052458767605344576
0.04869782663999164
0.04349096515043034
0.04349952720686946
0.030070270174732235
0.02626807974202265
0.024371076804357426
0.02233285365668002
0.020166556388834626
0.017886055366204905
0.015505857279754906
0.013041013712293506
0.010507026791995389
0.007919752519505524
0.005295302366406965
0.002649943750818547
2.9337350891152656E-15
0.0026382495895477492
0.005248668987354429
0.007815363359246076
0.010322775102730265
0.012755777411733414
0.015099764812138441
0.017340740130548187
0.019465397382424563
0.021461200092844145
0.0233164545926822
0.02502037786560893
0.04070019454577736
0.029940332596867337
0.03498668502635031
0.016272147392140914
0.02650168932624185
0.020218158307771787
0.021870951028557423
0.00990573118309142
0.01741267477443952
0.009304412242973794
0.021735250165023836
0.019546144635912272
0.027447489052525437
0.019358598732704964
0.041994572446252
0.03874835640507464
0.046232482621483245
0.024102011149965564
0.02236746098953214
0.020502305557445668
0.01851851851851934
0.016428752422942495
0.014246258644905689
0.011984803983148188
0.009658584444420757
0.0072821367458826974
0.004870248084484952
0.0024378647295418493
1.2619603827114577E-15
0.0024283578107901597
0.004832337001504291
0.007197272964717697
0.009508797076710918
0.011752923439938395
0.013916132957618137
0.015985454238318385
0.017948540849472165
0.0197937444627603
0.02151018346102573
0.02308780660561878
0.0057799738635679904
0.009438669293586083
0.002642338522806908
0.026060694689565927
0.023008873216192566
0.03532138893125521
0.02626598930834287
0.04616219077545693
0.049248747929012966
0.04652801576032336
0.026694742804425655
0.0333006568823868
0.02319061786589347
0.02155969481472587
0.007699493523786482
0.01670859257726614
0.003334944818002255
0.022335777788462373
0.020733088768745446
0.019008557644275968
0.01717320964004552
0.015238710305111083
0.013217291849715259
0.011121676278227794
0.008964995797928985
0.006760710998605509
0.004522527309870237
0.0022643102517703427
4.285484882546708E-15
0.0022564742107754996
0.004491279322589134
0.006690762809977443
0.008841535644207525
0.010930553364364808
0.012945194766963592
0.014873337741867311
0.01670343180137306
0.018424566870806937
0.020026537933311297
0.021499905148103748
0.04419846740814009
0.05758529175711503
0.049036051448771434
0.04201942249405271
0.04769179229586884
0.02923112877666166
0.07177204797918199
0.07542777630582422
0.09240115817519755
0.07574844205897686
0.07209771690376923
0.02869385251980653
0.045531576442049825
0.041300817656076384
0.04385929384888206
0.053400762161659066
0.03832071723519117
0.020876550878773038
0.01938241536713017
0.01777374660517353
0.016060791128660216
0.014254402945585347
0.012365975136841872
0.010407368373062057
0.008390836793723466
0.006328951709565523
0.004234523600866374
0.002120522893442798
3.122649707580534E-15
0.002113994882375318
0.004208491728060753
0.006270679904201674
0.008287986175755336
0.010248151021481739
0.012139302799506401
0.013950029316002224
0.01566944636727793
0.01728726284573264
0.018793842021813178
0.020180258639176836
0.02411878254610183
0.017852319438788535
0.0257795374057086
0.01689841876125185
0.03543866114354723
0.03965200980707865
0.026759449940008208
0.046578432270241305
0.018518518518522244
0.04599534379746364
0.025670289755568718
0.041817695014009316
0.03882546909314383
0.020774621595746046
0.02754552874100484
0.014534406387520292
0.0252519379812305
0.01965873761033051
0.01825495116810648
0.01674277486948966
0.01513180846432697
0.013432231125050606
0.011654737426120384
0.00981047034624002
0.00791095171134576
0.005968010510535288
0.003993709529245979
0.002000270752829648
8.10089163790752E-16
0.001994788750870465
0.003971848879044547
0.005919076020934138
0.007824581895462613
0.009676766606716295
0.011464388985828255
0.013176634547164164
0.014803180649462946
0.016334258471108636
0.01776071142865557
0.019074049690995496
0.017524682413172912
0.02867827521524392
0.017832084878349707
0.018301328776064458
0.014113019965691538
0.010745536560482088
0.03186715599333942
0.04018966775678517
0.02966276768386495
0.039126273293829
0.02966976791829307
0.011132485821111291
0.013762891932436164
0.015369559168450442
0.018071038172701014
0.028414182604344394
0.018155578475715653
0.01863475161965902
0.017306785855207927
0.01587562249804353
0.014350319253919839
0.012740489276206557
0.011056240820027917
0.009308114012790098
0.007507015135159522
0.0056641488206866444
0.003790948594130156
0.001899006177590576
3.3385645414910567E-15
0.0018943766504773702
0.0037724873907049785
0.005622823984441956
0.007434076627062357
0.009195202845303804
0.010895494593690488
0.012524643141226465
0.014072801356564477
0.015530643016462703
0.01688941878175668
0.018141008505865214
0.01759580807102349
0.01883434070150022
0.02113681881180741
0.033166050363015925
0.052867544936807793
0.05729027718506781
0.04225773320394625
0.04373862258388119
0.03405664738189127
0.043501300314325746
0.04249299105136006
0.05657866609148497
0.050354926196573405
0.03171694423733861
0.01923026862803785
0.01943954736812245
0.01574677119224562
0.017769308106981838
0.016505344286025583
0.015142585844553311
0.013689633232426352
0.012155621864996831
0.010550164881389582
0.008883293100556583
0.007165392548759546
0.005407139946446271
0.0036194365539015424
0.0018133407843663595
3.378980624671833E-15
0.0018094180900316576
0.003603794008241791
0.005372124644471146
0.007103590532062552
0.008787621854601293
0.010413962781392548
0.011972733741574143
0.013454491259358797
0.01485028498962049
0.016151711609944115
0.017350965245904317
0.021794158213436964
0.019665461913885005
0.027772726891617826
0.01718681464301899
0.00877461440359325
0.0041603750956834655
0.02528495441161719
0.02288350060942752
0.019412331162503505
0.02302451939694911
0.025964536734008063
0.00253820383158446
0.01323940166789054
0.019251767480595726
0.028233146713892786
0.01574213858755574
0.020422747060854996
0.017035768917322534
0.01582602400083527
0.014521222122827391
0.013129576318164084
0.011659817132502946
0.010121138014670693
0.008523137976578825
0.00687576187744793
0.005189238702477998
0.003474018218222671
0.0017407063958175162
1.369310547964693E-14
0.001737379253520648
0.003460750568358048
0.005159539561484068
0.0068233429806491925
0.008441992249956948
0.010005615456478198
0.01150469740099345
0.012930137348577238
0.014273304129172656
0.015526088255911391
0.016680950746744503
0.017790194891818087
0.027489605764964
0.013275595966511193
0.017331182446641495
0.01748659097257219
0.03365560833631855
0.023932458307808224
0.015497977844937626
0.01777102674554761
0.014951556363686285
0.022972281759296706
0.03164223300593938
0.014934573582415785
0.016751618631320783
0.011474682434801096
0.02807912815747237
0.017818451962196377
0.016413728601429648
0.015249972865762048
0.013994328584073705
0.012654679837936339
0.01123941341989118
0.009757366466509758
0.008217771418266026
0.006630198648210102
0.005004497114996219
0.003350733407391561
0.0016791295566430523
3.6821680227297135E-15
0.0016763119168692428
0.0033394975084957254
0.004979345999423365
0.006585807068180679
0.008149052303015361
0.009659535194490854
0.011108049299678407
0.012485784224257591
0.013784379082910254
0.014995973114476776
0.01611325314607774
0.017907101567686372
0.010220460981877295
0.029196971028738354
0.026680804891501573
0.03740135998837492
0.02392681881398211
0.0335610492991167
0.029261518591992844
0.041147966800210205
0.028964870944715435
0.033115333330425344
0.025818599897798444
0.03809269429844571
0.027562197898138758
0.029855589871074048
0.012507345235288701
0.019060550858342802
0.01588737822922263
0.014762581844747897
0.013548571158450763
0.012252950983882715
0.010883816402483287
0.009449702303210038
0.007959530298470695
0.006422553345601618
0.0048482984169627395
0.003246507573149008
0.0016270778027966562
9.818770830452285E-15
0.0016247025454926955
0.00323703576717545
0.004827096171894925
0.0063851315451542824
0.007901600640550078
0.009367231488446296
0.010773077968525875
0.012110574301547045
0.013371587129264282
0.014548464866402572
0.015634084025896226
0.013030391647703015
0.0198003966123018
0.011803921589215659
0.025354133768980075
0.005929505001362073
0.01785627346855002
0.024082614643545386
0.021266949030248238
0.0398845618424117
0.021773995715437977
0.0248495384918375
0.016785656692064242
0.0075292814883951426
0.026311359395988165
0.013222128659267342
0.018674463543696517
0.01297304116966178
0.015444371757691441
0.014352440193512455
0.013173533359917836
0.011915019650550846
0.010584747402744845
0.009190996056049899
0.007742424727151721
0.0062480185198719165
0.004717032902414471
0.003158936495763251
0.0015833526258674019
3.825762511239935E-15
0.00158136712795698
0.0031510189353958157
0.004699309784059595
0.006216737382103204
0.007694000992692301
0.009122058333473227
0.010492180819411254
0.011796006812015153
0.013025592550939392
0.014173460457974811
0.015232644520596536
0.018213671724217617
0.021260541985423962
0.020447873816751852
0.03018810084211867
0.03467538247057757
0.028638239175712045
0.01597113694373369
0.00964078591485831
0.052841584581968706
0.009290560932100627
0.014849927905367967
0.02729787072549032
0.032605958618600724
0.028439637866577078
0.01763301051034267
0.02099232647417017
0.016670416714000536
0.01507502617164878
0.014010597974022501
0.012861044675942412
0.011633535736647261
0.010335712165391857
0.008975639047643477
0.007561755518892748
0.00610282249601454
0.004607868489186167
0.0030861338289863123
0.0015470136525541774
7.118340015645614E-15
0.0015453766227224257
0.0030796058552980676
0.004593255909148429
0.006077031449695988
0.007521830580315134
0.008918800579128918
0.01025939204802664
0.011535411143221461
0.012739069568693735
0.013863032028236504
0.014900460847380292
0.01581649740592276
0.012697950166101396
0.025353701554240302
0.022342985152252907
0.01587572860282753
0.026718735994600937
0.03402664576466536
0.03317627756606772
0.012362079617473426
0.03314872980104872
0.03415839831439422
0.029804827208360394
0.01851851851851906
0.022700485166792825
0.02520693320547937
0.010389972840347423
0.014628623061189753
0.014771748995780844
0.013730038049242577
0.012604699581228037
0.011402737382909055
0.010131620185264291
0.008799235330312618
0.007413839913159351
0.005984009696902069
0.0045185861159707675
0.003026621694957534
0.0015173242190199654
8.146512740651912E-15
0.0015160034130031143
0.003021354726477778
0.004506796245607682
0.005963200715935784
0.0073816273150841315
0.008753376451604629
0.010070043035632553
0.01132356789569757
0.012506287027604385
0.01361097837499478
0.014630905856396372
0.022559770166048043
0.02832816830450776
0.01668485053219111
0.009824391651107106
0.0093688606844335
0.020836596967336213
0.01074635913064262
0.014249027639061426
0.01187992525655998
0.01464985698972315
0.011696732080900557
0.01972649483921441
0.007904827564884576
0.00853880619675723
0.018973262110262457
0.031151950601945984
0.025912781639333634
0.014528624515101386
0.013505294387054516
0.012399509771534851
0.011218138743395344
0.009968509378498495
0.00865836437032679
0.007295813132390178
0.0058892816820970174
0.004447460615539372
0.0029792514937042546
0.0014937119704677454
3.64368208159189E-15
0.0014926825330961204
0.0029751464147041704
0.004438271585386251
0.005873063161206231
0.007270706647696086
0.0086226220083798
0.009920516256842477
0.011156434250426896
0.012322807374820471
0.013412499822259186
0.014418852180575006
0.0022341371011243257
0.0012270707405709815
0.010732466684190355
0.026136942411545024
0.02964661764048354
0.03419495968684069
0.02633823135072623
0.017480448695360338
0.033595324520034296
0.01671913789935364
0.025171184133446566
0.03174005549915083
0.028191071820085536
0.024364255769537917
0.013163208474641887
0.003954505597457179
0.006957599032551397
0.014341113543080264
0.013332175107202814
0.012241651830628
0.011076303439822452
0.009843346313630782
0.008550408863448437
0.007205484406090249
0.005816881820236037
0.004393174290414488
0.002943146454456492
0.0014757402795364347
1.6176753216477955E-14
0.0014749835446405419
0.002940128829375221
0.004386419477506122
0.005804959666131704
0.007187028762770448
0.00852413485866592
0.009808066870150605
0.011030944889173982
0.01218526847443387
0.013263962587798054
0.014260420895066154
0.02822346381065641
0.02837886958708227
0.030842390929750732
0.02074387576131346
0.020919539306824667
0.025368338248730256
0.02814487763844703
0.03548265340019495
0.03255417954351904
0.035990756952658555
0.029010297095833346
0.029183536569422595
0.024171700380694845
0.02382418231503736
0.029595334599131218
0.0247370442130891
0.025119967077646407
0.014205836626890041
0.013207562550505291
0.01212828512369297
0.01097468111293619
0.009753882125002845
0.008473430582408795
0.007141233191070403
0.005765512186418235
0.0043547546584581185
0.0029176602675295357
0.0014630876723657142
1.4696891420998016E-15
0.001462590307414556
0.0029156769298818662
0.00435031505056468
0.00575767634010643
0.0071291032072269556
0.008456161982301478
0.009730694707840246
0.010944869218250733
0.012091227201862325
0.013162729950766549
0.014152801518080332
0.022249123493898633
0.022661617802442732
0.024506605026455908
0.0047081355582985806
0.01454786743014297
0.021666497639088126
0.004719961476620869
0.006466036561256882
0.027899442026724085
0.006621905179432628
0.004518116899714966
0.021748240536422297
0.013914257756107443
0.0037774570967526087
0.023891483560623754
0.023930270953333957
0.02287071124012047
0.01412042049824541
0.013129271780953543
0.012057423013999567
0.010911491925409389
0.009698550779606538
0.008426082790690773
0.007101936019152596
0.0057342750353456045
0.0043315306473054
0.0029023480018521603
0.0014555333780342542
3.313115211606891E-17
0.001455286797781454
0.0029013647161366747
0.004329329608798837
0.005730390233524646
0.007095922300633401
0.008417521486999969
0.009687055090160327
0.010896712005369789
0.012039050719144684
0.013107045024552682
0.014094127177921292
0.010092609545282497
0.010174464490135314
0.013004267855306794
0.026966363623064236
0.02814296237669198
0.03582784888995521
0.02615572271912391
0.029874191066608564
0.03626899580951072
0.02904640989147332
0.02484155555897788
0.033249120038357234
0.02555329978628685
0.024292746981800527
0.014046980183169992
0.012450809969561343
0.012196722436725756
0.01408339433278867
0.013095955155908032
0.012027846164578092
0.01088564895079277
0.009676400843695665
0.008407551610465233
0.007086917623861122
0.005722633777816051
0.004323103446448599
0.002896946794162304
0.0014529477539645978
