1.0
0.9989725854527307
0.9958941397184498
0.9907760398146919
0.98363719183377
0.9745039478168538
0.9634099899352776
0.941392074617213
0.9087559113789416
0.8738514811045903
0.8372482254699893
0.7990909265366792
0.7777474307707584
0.7017734371152091
0.5880612132970338
0.5194727567460162
0.5020476046570785
0.5105658597766687
0.5090597733023339
0.4801247383938226
0.45140758884369436
0.42013327593904465
0.38931837419408893
0.3330402489559428
0.2688635675734917
0.23120132699109538
0.23758787113082852
0.28770654547472946
0.29882915478068484
0.26586978876276257
0.25024532141957
0.23567108944763634
0.22200407140160877
0.19767854752385497
0.17008068053331002
0.13927376632762786
0.10934235931995492
0.08037172439209736
0.052442101627436656
0.025628413765297155
0.0
0.024379622781927415
0.04745297037168271
0.06916877240348823
0.0894821236499255
0.10835460493099776
0.1257543732716559
0.14194507203951803
0.15751199115612113
0.18489276067447738
0.21243996085286318
0.2379636886090652
0.2450209112898878
0.2781737334576049
0.33960231320735945
0.3693372014233935
0.37518926255322904
0.3540578320644707
0.32773188170674217
0.32350126401963947
0.3147453270089578
0.3114497765132319
0.303752303870341
0.3174478594432215
0.32244659082042587
0.2994761306664877
0.2632113470634313
0.20624794342997468
0.1810095472501035
0.16890186939478163
0.1412202907621685
0.11224924198196416
0.08576982860144443
0.08443018163450226
0.07826434592780004
0.06509537670314736
0.05187566279556118
0.038682351000812375
0.025590567982649262
0.012673085182488837
1.954490685545233E-16
0.01236156532820522
0.024347745827529164
0.03589819564672784
0.046956328580889294
0.05746953627456656
0.06738938324713217
0.08571082642422362
0.11204891778996115
0.1071989937737322
0.10022089973076935
0.09631108067851736
0.10224652269981228
0.12138029064666173
0.10759462048202087
0.10370747979093435
0.09347599832161316
0.09601541113952441
0.10250824936816284
0.10293589601742184
0.11562917359281343
0.10142885745157128
0.09952995129170714
0.09069993202580011
0.09125688263715755
0.10829964525809793
0.11362795515120733
0.11689926303438342
0.08880976493961028
0.08230114967764451
0.0861178467854836
0.09191245845616819
0.09045649476147474
0.06680238787558382
0.050938221326002536
0.04256756538062713
0.034079781627451844
0.02552745768586134
0.01696268746207206
0.008436783880031494
2.937940319637952E-16
0.008298740059595909
0.016412099049193843
0.024294572090918228
0.031902718564962254
0.039195379273757026
0.04613387787015395
0.04923992575065206
0.053477263797900736
0.07430384410474253
0.0864414841829321
0.08977952996359664
0.09430206367825063
0.08225443452014286
0.08621016914439238
0.09728211629347987
0.11042049943076462
0.1270840867223983
0.12919884645727472
0.13021907696688084
0.11368362440129301
0.1306377595193546
0.13005805689034125
0.12768748322110587
0.11028631856645323
0.09952471228247935
0.08774948809731158
0.08825893868663189
0.09305935316040718
0.08889163862483387
0.08954830217591418
0.08026821287330298
0.0638660159298205
0.04825327413191108
0.03785067190997393
0.03170319158088321
0.025439031390900736
0.019097499119957388
0.012717877975441159
0.006339196069147528
9.38701661704721E-16
0.006261866202463774
0.012409475561784209
0.018407024902622002
0.02422003275572874
0.02981552737365452
0.03516222387761138
0.033657591575405876
0.029398309309210356
0.04261473457209128
0.038844387734553565
0.034153318137753214
0.03705089386785942
0.07226227243527629
0.07011048174769519
0.06413298387443978
0.04833525649390873
0.03387037610252081
0.042289875502351096
0.04197332056250047
0.05777080563218087
0.0405862134238784
0.03950369986202318
0.030300407975491318
0.0427455361515064
0.05147158494200248
0.05473449609029998
0.05840467753043198
0.03378133466592534
0.030630865098368106
0.025820988862895824
0.0256178002396591
0.015172214156428668
0.02585491143577343
0.03019487674906556
0.025325216019944696
0.020348602879243446
0.01529635084488533
0.010199922616158888
0.005090740693763889
5.610116679494285E-16
0.005041516417228685
0.010003617540089736
0.014856879372910197
0.019572813786123324
0.02412403027178618
0.02848438971977419
0.0404295397564675
0.05772196766248921
0.05434580139197218
0.057647519399533796
0.053254785062107936
0.055084353324086774
0.055143263430953195
0.06175325791471566
0.06121912899708169
0.05893035010333173
0.06527613253395527
0.05873349981817936
0.05726928207998953
0.04420607214227095
0.05322955968933048
0.0506677677050083
0.053851883694084876
0.048016121920443924
0.05367413955649078
0.05927162710598673
0.037380934100698024
0.03711950611044394
0.03355567380683675
0.03539894802666816
0.032883983354752816
0.04229110107220096
0.031064794688761818
0.025185915879488045
0.02114321444760995
0.017003654284082192
0.012793277347067675
0.0085383451810721
0.004265178890453531
6.229299759329459E-16
0.004231226855952981
0.008402948491872859
0.012490174076165978
0.016468621510456482
0.02031485844354647
0.024006437118552926
0.03233797849172844
0.04581673655329932
0.05470769067877854
0.061458124327872635
0.07703768365653357
0.08018717417499836
0.08875951327255813
0.10275640312594403
0.10001596269940852
0.09831694177722475
0.10463785779161845
0.117620872052729
0.11923091144491269
0.13113924273016575
0.121480275123533
0.12213089893915863
0.11049249037211091
0.10194644111512881
0.10374668694750047
0.10863972843699189
0.10139802829368642
0.08837340541473486
0.0863759321060565
0.07248543634024056
0.06453715660631262
0.049863384238852795
0.03399231609031264
0.021665227760589288
0.018199480544476097
0.014645715469342348
0.011026264246839104
0.00736370658208203
0.003680731678741151
1.4243202815581531E-15
0.0036559938856939333
0.0072650565569731575
0.010805428289306555
0.014255912122849474
0.01759599869453497
0.020805986110942136
0.014839664661289286
0.007172522417916015
0.01591227179284148
0.024357226604240955
0.02814068309374934
0.02733673387669236
0.03658083157846583
0.03171610622702897
0.022961148338094175
0.04468751739442822
0.07695463192677479
0.09702859815658738
0.09794204662827243
0.10812169906135481
0.0997964779763633
0.1007171351618555
0.0818271084555198
0.052476969932662064
0.030496552207662255
0.024869645068313857
0.040366111837868
0.034572962126835645
0.03565065350553943
0.033336141612910486
0.024100981282195566
0.022353884319102176
0.019124669252435663
0.01906471839957398
0.01602286105365792
0.012900431665656369
0.009717023953107787
0.00649248932349613
0.0032468146625361355
1.2922240217269327E-15
0.0032280632073148517
0.006417712443585338
0.00954963243325272
0.012604970668221046
0.015565449480288093
0.018413474000505286
0.02354763849402699
0.0313490241855516
0.048321575197397486
0.062179133561354294
0.07328662832201958
0.07426668545573074
0.09586688082951396
0.08180126985195726
0.07235542732114122
0.06919843406943381
0.08851587641524412
0.10828593947917971
0.10702854658536134
0.10829647615179057
0.10421892970481265
0.10268581789760954
0.0797904529308337
0.06090083544649003
0.06365946828530933
0.07229905705568074
0.08290102516440911
0.06243193611668458
0.060127311873263777
0.04817577603313565
0.031730538476981957
0.016137118291212043
0.01445119586072989
0.017073170655951393
0.014354647114391612
0.011561772961429214
0.008712048594937485
0.005823233049989055
0.002913234433604238
1.2166630347345647E-15
0.0028985934653039517
0.005764848289297428
0.008581352929301055
0.01133108672355795
0.013997521750358436
0.016564721191946113
0.028016475122746503
0.0391631805607606
0.025454257464778175
0.02567693470916536
0.025655969386375634
0.026252276379073264
0.023906772164537512
0.022261232012036967
0.04330249310334839
0.06415171631998448
0.06657284413753006
0.08686691030200702
0.08627967671756746
0.08250124460111122
0.08451712882992768
0.08333483047654858
0.0619165557583668
0.05784558526043334
0.036077855712885146
0.017820797659322932
0.02257514024806983
0.019030936369850864
0.017204254233466287
0.017458180274388578
0.025440576534103285
0.03578428376131807
0.02612742381083428
0.015505857279751678
0.013041013712293768
0.010507026791995468
0.007919752519503692
0.005295302366408586
0.0026499437508190437
3.898791096639172E-15
0.002638249589553725
0.005248668987354345
0.007815363359247584
0.010322775102733621
0.012755777411733638
0.015099764812135817
0.01504251955954212
0.01857970203185561
0.03517348224293529
0.03759539136843748
0.04291227788738143
0.04476600604032076
0.02989396717269309
0.05392049315727549
0.05105960009972071
0.038457434547679144
0.03958745229305027
0.017056522108590374
0.018382416625383594
0.028738132578005067
0.020467845139980807
0.02122776812859015
0.04548745778594307
0.046697434806673405
0.05826440123753908
0.05975025231476493
0.028820281128039558
0.04887633328926687
0.04755999704275214
0.044542823271225725
0.04354299775817511
0.02718193350965929
0.02143074343180592
0.014246258644902044
0.01198480398314403
0.009658584444423229
0.007282136745881601
0.004870248084483643
0.0024378647295415046
1.4542898036887186E-15
0.0024283578107900327
0.004832337001505546
0.00719727296471587
0.009508797076712172
0.01175292343993581
0.013916132957618422
0.01120942491268232
0.011873339757028986
0.019330349246342204
0.004929201621650904
0.005426572551088189
0.004774221940247919
0.029792608796616524
0.01728530581495959
0.015390780970563582
0.01714815111519965
0.01099500868685374
0.020637076841495027
0.020432627495483455
0.009009561098222922
0.01960714433266265
0.01898424970679177
0.007037600317564355
0.02226539356522794
0.017212200903100904
0.016658466907625465
0.029386140146785138
0.009100343905007286
0.009640418646278274
0.007169193906679756
0.011383275077889608
0.004443215934956269
0.006133074777741073
0.013217291849717327
0.01112167627822832
0.008964995797928803
0.006760710998604246
0.004522527309869439
0.0022643102517684423
2.0956461266534674E-15
0.002256474210772849
0.004491279322590677
0.006690762809976968
0.00884153564420983
0.010930553364364423
0.012945194766963736
0.02317002180984543
0.027433493304313276
0.034439551034283644
0.03939129556037274
0.04051112693717279
0.04134448198516415
0.025243094950289282
0.05493073960994629
0.050711871135697265
0.06060170208096026
0.04494316484121697
0.02884009560325643
0.02846315026731941
0.045302774678045485
0.02719009470911356
0.026300971898794406
0.04029112824746757
0.0542700311099993
0.04155791261241681
0.04542943167168814
0.022368248190570005
0.03319893536430581
0.03146081249949514
0.029628440395795735
0.023316420734329026
0.02063888184422202
0.017887098202785934
0.012365975136840452
0.010407368373057503
0.008390836793717509
0.006328951709570525
0.004234523600871419
0.00212052289344113
3.412126633965689E-15
0.002113994882377061
0.004208491728060085
0.006270679904200271
0.00828798617574655
0.01024815102148098
0.012139302799507251
0.01921055875704148
0.02144621388555889
0.020449641612458973
0.02354049930625671
0.025532316071367626
0.0269471022706828
0.029704656391382738
0.0261601097927778
0.03514716040753704
0.03132851830530065
0.044262789494872466
0.051343007648181956
0.05194801026772152
0.04140866624999063
0.052633824229376444
0.05271573551249824
0.0467800659932247
0.03306339822112674
0.03915462438899695
0.0346591185913034
0.029319490164735475
0.029682755417546034
0.02855353532978516
0.027748941309360693
0.027522859658520422
0.02334168756923999
0.02235572836273897
0.011654737426119456
0.009810470346245811
0.007910951711346393
0.005968010510536051
0.0039937095292449
0.0020002707528292457
1.235173274799367E-15
0.00199478875087056
0.0039718488790446895
0.005919076020938153
0.007824581895464129
0.009676766606713067
0.011464388985825677
0.00412761518324839
0.007234033941198548
0.014668637247861693
0.007278821680612888
0.010227048411359999
0.011475831302712146
0.0163528232895278
0.020814876390301693
0.017898105747768886
0.026387746627476085
0.01436094131959914
0.017338222234547822
0.0175160180285903
0.004212473792714013
0.017914640921018743
0.018122000999038497
0.016553104916992026
0.030338842734511484
0.020090779787400096
0.024165542550574168
0.017396211532412657
0.014776642923856682
0.014062530255834075
0.01102683796522017
0.017449594048438277
0.01184924781740044
0.010868256175280656
0.011056240820029154
0.009308114012790551
0.0075070151351601085
0.005664148820686502
0.00379094859413026
0.001899006177588835
1.894788891345145E-15
0.0018943766504785678
0.003772487390701065
0.005622823984446569
0.007434076627058739
0.009195202845304383
0.0108954945936883
0.01640706615511568
0.01557235253038182
0.027108091144288957
0.02670264981399699
0.02436113737823043
0.02521556309447032
0.022261819325172703
0.04044640154326419
0.027583300117442207
0.03253285558349144
0.03900381662668693
0.04229259461240231
0.042168508136473895
0.03967019283385592
0.041534923030859226
0.04102580987516796
0.03652867890615558
0.028978319106010317
0.02382799375353208
0.034640465671710016
0.022659148058124523
0.022112575000709896
0.020897657309567087
0.024192855117733558
0.023288626447915944
0.01129402093282856
0.008902556862051547
0.010550164881393586
0.00888329310055623
0.007165392548756912
0.005407139946444871
0.0036194365539014917
0.001813340784366551
3.1930674743571266E-15
0.0018094180900255984
0.0036037940082430707
0.005372124644471536
0.007103590532065275
0.008787621854600126
0.010413962781394526
0.020917371021630438
0.016853587374393263
0.011850536038413453
0.01294934947971991
0.018172093386174003
0.019184130395664755
0.024915882857682547
0.023081387511328138
0.021318949902231352
0.019273452506644598
0.017413513182265073
0.007145585231031315
0.007131993837438122
0.007915080728405516
0.006711290482934403
0.006301202606631563
0.01683459636195508
0.016863446247335653
0.020838045023766547
0.022703903717860983
0.02537463690185087
0.01817831857783104
0.01703610862980434
0.011482339249669675
0.007911530808042078
0.015218964241086137
0.020219704436644708
0.010121138014664069
0.008523137976578747
0.006875761877446413
0.005189238702477671
0.003474018218218323
0.0017407063958179616
9.297655199036058E-15
0.0017373792535243227
0.0034607505683631645
0.0051595395614840575
0.006823342980650871
0.00844199224995767
0.010005615456475178
0.010063702010621758
0.012204355281314735
0.0231962255689398
0.023015578642143413
0.017549340655314546
0.018606129922330728
0.0262941190199787
0.019935309970968502
0.024416063223322543
0.04302617692363609
0.028017101283158943
0.041997697266311196
0.04218734589489089
0.04476958153423212
0.04213753551502231
0.04189859198456983
0.027888557789956876
0.045971696820346894
0.023017270962988185
0.022391387909230127
0.02541121723730165
0.018130789916502684
0.017027719141705713
0.02225445605726385
0.023529201911195605
0.012754979999763726
0.01647612434733362
0.009757366466506967
0.00821777141826275
0.00663019864820264
0.00500449711499315
0.0033507334073917205
0.0016791295566410708
1.7784038133571246E-15
0.0016763119168744546
0.0033394975084868545
0.004979345999425535
0.006585807068183798
0.008149052303010907
0.009659535194492067
0.008230558799316657
0.012752069749953835
0.00508764039780278
0.014477899582008163
0.017010067670126642
0.018117246693433092
0.02401265606413282
0.012782717715170436
0.023706930353684538
0.02622078580088846
0.021307431912407786
0.006803783044403594
0.0072741848847412225
0.01077713985355127
0.007835899764775025
0.00792682698190083
0.022663139947192393
0.02698284482435025
0.026490543362706575
0.009425213167782961
0.023549920100704502
0.019438579317652794
0.018510410327274147
0.01708017881310024
0.007108539329177392
0.013703198611029239
0.0017214378227794983
0.009449702303212201
0.007959530298466432
0.006422553345606479
0.004848298416959623
0.0032465075731407866
0.001627077802799003
5.587844482476052E-15
0.0016247025454940859
0.0032370357671781904
0.004827096171894218
0.00638513154514948
0.007901600640540385
0.009367231488452085
0.01934996499187175
0.010356541942630687
0.01946919746884415
0.012932254340332072
0.013086230797540562
0.014049217455250902
0.02128591560977534
0.03244821933864432
0.007264591283169952
0.048612160067438286
0.027707244531360364
0.023702393302739846
0.02373610838279268
0.014959256988359015
0.02345836933379241
0.023148569661129575
0.02895786683619265
0.04786493743176761
0.007992349371136156
0.03388299114570108
0.021286701367235723
0.015264113914342868
0.014512365217206375
0.010246647888963586
0.019997322422923434
0.011673026574570708
0.015234465175026137
0.009190996056054319
0.007742424727156907
0.006248018519879036
0.004717032902416762
0.0031589364957637133
0.0015833526258712562
5.873656591600021E-15
0.0015813671279536607
0.003151018935386604
0.004699309784063308
0.006216737382100268
0.007694000992683508
0.00912205833346971
0.015868716800978615
0.01117550949383037
0.010803796376643762
0.020107156252348154
0.017877245379341978
0.018598923418715725
0.012623349878292105
0.012229144705059465
0.0219603846825606
0.024039381180200835
0.026256235884442924
0.020273001961242716
0.020393583175700114
0.03452811346003953
0.020287070423176935
0.02006028336696384
0.024369536105954413
0.021180831517290555
0.01807235141048322
0.014018463284959372
0.011868448263915135
0.015981631592041932
0.014954381767182308
0.020119075817369658
0.009054540864146162
0.007695581419112296
0.01918850828947964
0.008975639047645418
0.007561755518893445
0.006102822496014869
0.004607868489185177
0.0030861338289790157
0.0015470136525539003
4.91169635884634E-15
0.001545376622720459
0.0030796058553027093
0.004593255909150169
0.006077031449697712
0.007521830580308894
0.008918800579134372
0.0011567039778289116
0.016719776522614888
0.021123509338194794
0.009859093096928881
0.018926203258790214
0.019842786615817332
0.02388039570219715
0.036185124626210124
0.030111614539179443
0.02604270334155308
0.027825307289306312
0.01654487294856579
0.016471834027339535
0.012685528927393589
0.01595600817038847
0.015516233391042942
0.025776887368290608
0.022055240844898728
0.03079947041196045
0.03459226878911277
0.02423058566997535
0.01899989742181866
0.01797755349257883
0.010394544620086115
0.017877939888507333
0.015835832024915536
0.008724929500281992
0.008799235330312561
0.007413839913162695
0.005984009696898889
0.004518586115976809
0.0030266216949444663
0.0015173242190159063
1.746978630424786E-15
0.0015160034130012902
0.0030213547264737943
0.004506796245606712
0.0059632007159423255
0.007381627315091672
0.008753376451611837
0.01480725550215618
0.012225001537690598
0.011417451552972356
0.03024966625875197
0.015664685862269646
0.016759682469517503
0.03473405339560559
0.02169777585225313
0.013458800037308859
0.034781856703676825
0.030971557349961907
0.04021599939261746
0.040872430515149424
0.046362727125781884
0.04182375267837939
0.04211747887016368
0.03474799629561481
0.03916335925398033
0.01725067872932625
0.023702285332750997
0.037599782354512036
0.020007594335061652
0.019314108129818347
0.034612386241546944
0.01703727749265441
0.01655582654080241
0.008164004492264322
0.008658364370338097
0.007295813132378261
0.005889281682088502
0.004447460615540645
0.0029792514937006342
0.0014937119704657063
7.625714308888198E-15
0.0014926825331001649
0.002975146414704668
0.004438271585377877
0.005873063161217453
0.007270706647694556
0.008622622008381025
0.018786821364926428
0.0049961505717102134
0.004467019275532533
0.011058834686496162
0.009993424927587277
0.010635261058349922
0.012099737526796748
0.014549074300211321
0.009577079797155934
0.011875138761972116
0.013023692768514264
0.015590903422220706
0.015597006438483853
0.025804126076358343
0.015931865602113668
0.016253051608087273
0.013964251511663492
0.011649623562750566
0.006714122821627951
0.011041451684438734
0.00615640046682064
0.009782011089755054
0.008970428707022748
0.009532620956233329
0.0070730181201746406
0.00506702482557837
0.018591376108056227
0.008550408863443236
0.007205484406092001
0.005816881820241629
0.004393174290415708
0.002943146454459032
0.001475740279534427
7.781918294996537E-15
0.0014749835446483013
0.0029401288293658947
0.004386419477499587
0.005804959666127189
0.0071870287627673396
0.0085241348586621
0.008583800852728751
0.01715498730444021
0.020645075429556476
0.032281247968512575
0.016914935930753237
0.017570029756736518
0.024775863344108556
0.034158878282006803
0.02565675063906338
0.03560776335381941
0.04616586573652059
0.04309425348667399
0.04272751676232575
0.043906493628824116
0.04165353456242923
0.04095014134574735
0.0436878383776248
0.030658196590608457
0.022160405591648388
0.033899688179172854
0.017689429137592992
0.013376010589385938
0.012254274632886076
0.025749804227684858
0.01607179893117876
0.012571035527768885
0.014908788681410514
0.008473430582414038
0.007141233191077281
0.005765512186416756
0.004354754658465465
0.002917660267532234
0.0014630876723734645
7.207085053330625E-15
0.0014625903074056666
0.0029156769298911895
0.004350315050565491
0.0057576763401026064
0.007129103207219482
0.008456161982301811
0.00802437409151058
0.01810767192569965
0.018292434445727312
0.01064447515732406
0.02380655469705056
0.024945466732394006
0.026251927583533625
0.005198145307483898
0.025133042233909643
0.029614266053264254
0.02093944245778134
0.02645463779024465
0.02680382419586226
0.03607621739170192
0.02718234712400159
0.027205046423906077
0.021722187199861468
0.03235690674990797
0.02957719799645278
0.007385410511237601
0.03080592329009096
0.029150038900493922
0.02860380080436563
0.014419970540049008
0.019941920616696092
0.019987511166025596
4.3950768545217316E-4
0.008426082790688396
0.007101936019159038
0.0057342750353490185
0.0043315306473138936
0.002902348001851541
0.0014555333780335387
9.088960541330326E-15
0.0014552867977782468
0.002901364716138709
0.004329329608802992
0.00573039023352611
0.007095922300632295
0.008417521487009126
0.018432697301697186
0.005241232255914248
0.006646283996506153
0.011331618907918862
0.02369219739577209
0.0242730026021909
0.0226687835266293
0.023261767477328672
0.0318605451831726
0.021981883198928354
0.013596673293311766
0.0164130658417234
0.017039249970272802
0.015376706447576842
0.018075977468513457
0.018484592668775765
0.01527211622726376
0.02627130981461692
0.036494498715441775
0.02128181868606734
0.02818677411279264
0.029085267966273216
0.028995593416645347
0.014590000570348701
0.01298034447411022
0.012282549591756411
0.014864213090356723
0.008407551610464841
0.007086917623867072
0.005722633777821528
0.004323103446447157
0.0028969467941752907
0.0014529477539676056
