1.0
0.9989725854527303
0.9958941397184474
0.9907760398146903
0.9836371918337694
0.9745039478168522
0.9634099899352767
0.9503961825331829
0.9355103927392293
0.909644812047135
0.854799013254606
0.8072127851652551
0.7674421759074942
0.7173757997456797
0.6750616804380375
0.6400169086199915
0.6040674505167666
0.5946159875999515
0.5478235039015036
0.5096125246592215
0.4792059122391017
0.44786696461989395
0.4241108656450745
0.4089822626265079
0.3576277473482365
0.3333350372471097
0.3099177489097137
0.29287632870638675
0.2839115160275123
0.2672849091144404
0.26047809901575203
0.25872719233449676
0.23395677675898363
0.2016731299197534
0.17008068053330946
0.13927376632762764
0.10934235931995491
0.08037172439209703
0.052442101627436705
0.02562841376529702
5.896152747231135E-17
0.02437962278192746
0.0474529703716825
0.06916877240348804
0.08948212364992585
0.10835460493099787
0.12575437327165528
0.1416562210946549
0.15604160438810785
0.17557720211960803
0.209175552138169
0.24230114271461314
0.26342036485942977
0.2858366597413063
0.30370166166956664
0.31738508049690417
0.32649336516284794
0.3075676300722307
0.3201607715669961
0.3217685243444382
0.31647211461891195
0.3110454150840521
0.29935694084042697
0.27748039087486615
0.28688513897658297
0.2691507950388522
0.24617091280417358
0.222820556882301
0.20049079472920345
0.17713352144651023
0.14359070584085248
0.12086544358305723
0.1041334746462166
0.09130375337943719
0.07826434592780027
0.06509537670314797
0.05187566279556096
0.038682351000812645
0.02559056798264949
0.012673085182489224
4.540366271512683E-16
0.012361565328205251
0.024347745827528754
0.035898195646727735
0.04695632858088972
0.05746953627456687
0.06738938324713174
0.07667177800935425
0.08527711967004847
0.09227088382696054
0.10194414513979783
0.09227931729015897
0.09291500235018547
0.09755819020065425
0.09817077641535406
0.08789750413841825
0.08802433467664988
0.10884951553038115
0.11135843026975276
0.12351274496842404
0.12687660760267008
0.12438799856754046
0.11260181064200503
0.1100982942573443
0.08966583810961526
0.09016989648369494
0.10252253968047999
0.104185387000554
0.09504343839765164
0.09273447956714326
0.09931050585891428
0.07723974103786703
0.06711710121238178
0.05913896231121313
0.05093822132600297
0.042567565380627885
0.0340797816274538
0.025527457685861923
0.016962687462070955
0.008436783880031842
0.0
0.00829874005959648
0.016412099049193087
0.02429457209091786
0.03190271856496178
0.03919537927375597
0.04613387787015445
0.052682205632238584
0.05880718876800641
0.06064702613980372
0.043255976360451004
0.05675278560077111
0.07474708449901443
0.06634017443639191
0.06361274083432834
0.08036052514135669
0.08108502540958142
0.06421069302722301
0.0551013823252279
0.03853072166952832
0.03343597447668423
0.03467791737389323
0.049483817082027176
0.05865870760968643
0.07293808026836068
0.073079741805797
0.059991002843514364
0.06205708815139087
0.0653188136995856
0.040905750302439675
0.028265549644650608
0.04866821163820266
0.049639640524939216
0.04384237336355478
0.03785067190997342
0.031703191580882854
0.025439031390899543
0.019097499119956684
0.012717877975440732
0.006339196069148123
4.3502896487181674E-16
0.006261866202463229
0.0124094755617844
0.018407024902623605
0.024220032755729332
0.02981552737365661
0.03516222387760979
0.04023068962729875
0.0449934969817808
0.05794451092619321
0.09523914867943456
0.10015796730925788
0.10163520539297474
0.128026223042406
0.12772404289901487
0.1078216769754145
0.10631750153035226
0.12344102434341574
0.1384914383328069
0.15886277036850888
0.16366129600547136
0.15888607287084897
0.13810137143944784
0.12142642547470825
0.10420090320760353
0.10506442102003578
0.1254658988382253
0.1236086678455269
0.09546142030821313
0.09599361556635015
0.08738607907919393
0.05308636094768548
0.03948997423526362
0.034926611005349134
0.030194876749063456
0.02532521601994268
0.02034860287923991
0.015296350844879594
0.010199922616161308
0.005090740693766926
1.0389259971924792E-15
0.005041516417229737
0.010003617540090569
0.014856879372913964
0.019572813786122085
0.024124030271788395
0.0284843897197751
0.032629149377751264
0.03653509821676887
0.03116550460057871
0.016264553433757517
0.03188942143030695
0.056230695012258074
0.07327856741394911
0.09176361076965157
0.08423801652348645
0.07609568852400342
0.06600657408698098
0.06463057774491422
0.07182748004606312
0.07460765142333346
0.07186700368460698
0.0640340814328055
0.06499790047460144
0.07559344691347772
0.08358550540087327
0.09129076645982764
0.07085852672976081
0.05392187736145262
0.03245508546225754
0.019676882097824647
0.029017446840377624
0.03287863137833037
0.029106096167607294
0.025185915879489908
0.02114321444761277
0.01700365428408463
0.012793277347071055
0.008538345181074181
0.004265178890457628
2.316740929358489E-15
0.004231226855953512
0.008402948491873109
0.012490174076164328
0.01646862151045464
0.02031485844354495
0.024006437118552146
0.027522022293950062
0.030841511525969135
0.040702205689213615
0.04554927702083138
0.0562755860481532
0.04434748084330011
0.05898768831120263
0.06331810582425923
0.038161672721440686
0.04008897171794279
0.05471281090317543
0.08369458459047321
0.10777629939752616
0.11361517778121027
0.105674802494986
0.07993128630904106
0.0492704926345571
0.031753473670715675
0.02542460626045721
0.04705765164444592
0.04141253710534924
0.03109476920354424
0.041392294626110875
0.031844889318627355
0.035775249461195736
0.028245407809627966
0.025021011314592216
0.021665227760590138
0.018199480544475705
0.014645715469341663
0.011026264246839872
0.007363706582084168
0.003680731678742888
9.551602905487698E-16
0.003655993885695685
0.007265056556973414
0.010805428289308737
0.01425591212285069
0.017595998694535552
0.020805986110944617
0.023867094172387623
0.026761572296946597
0.030100168469772155
0.048583800319335735
0.047455497609497535
0.05406194496250704
0.06309960348018824
0.07165606460250744
0.07269888219642488
0.06544255046755873
0.050856584582628844
0.025519426455163672
0.02355293969198388
0.025934304122597635
0.02211094390156661
0.026001000717564518
0.051764374104300376
0.06549131780407726
0.0725841338746001
0.06933711088233031
0.06323495179086293
0.054064074114085786
0.0524543623797364
0.055734667236835025
0.031233663075192836
0.024830357014182975
0.022006789021948137
0.019064718399568383
0.016022861053658063
0.012900431665655769
0.009717023953108377
0.006492489323494375
0.0032468146625360406
6.865508420322087E-16
0.0032280632073159368
0.006417712443588757
0.009549632433255193
0.012604970668224516
0.015565449480292752
0.01841347400050764
0.021132235375582835
0.023705808643464683
0.022685283334328815
0.023873011810903656
0.005401794036914401
0.022244914867542473
0.02835164923242773
0.03434994937416314
0.06104189573433694
0.06471602763723579
0.07666778215137778
0.08177933687738133
0.07018811053359826
0.07025228350501454
0.07060618747134076
0.08402055808229007
0.08030337984583376
0.06933262863030729
0.06727381700015969
0.042248534526674215
0.03524838501322922
0.024599845346197916
0.005061898290764711
0.024108601396160726
0.018265162295646384
0.022219107024009806
0.01970021036208998
0.017073170655951493
0.014354647114388547
0.011561772961428166
0.008712048594942519
0.0058232330499879015
0.0029132344336088335
1.0324853775091381E-15
0.0028985934653006796
0.005764848289296244
0.008581352929306552
0.011331086723561425
0.013997521750361482
0.016564721191939143
0.019017433623294774
0.021341182673569412
0.032305162305806344
0.05206989443458342
0.049166907665866504
0.03481040111119487
0.044168025994021566
0.052955911787272957
0.05905139330398375
0.05148151780284218
0.05078503552374844
0.05225990398813159
0.030862034655597767
0.021515999358035758
0.030876747775705538
0.05184421202835585
0.048286009481884634
0.04682051380212481
0.05337809783465831
0.047102711814155346
0.035271404473362813
0.027267870587712798
0.04178599988076693
0.04326848151078223
0.03158961371726809
0.020166556388835046
0.01788605536620215
0.015505857279752969
0.013041013712291005
0.010507026791998537
0.00791975251949741
0.005295302366406336
0.0026499437508181356
2.555037925016078E-15
0.002638249589550061
0.0052486689873566215
0.00781536335924503
0.010322775102729075
0.012755777411735362
0.015099764812138775
0.017340740130547257
0.019465397382426246
0.01273892637777085
0.01762987208092373
0.019543114017718282
0.03446387876256101
0.05040880709060345
0.047270207217986256
0.06877751839903554
0.06995652171179947
0.0848414279728743
0.08462627744002119
0.0637907399175364
0.05541001581307583
0.06273603569447986
0.08233547323762716
0.08263062471768846
0.06680664945843005
0.06473884334193507
0.04322743480269718
0.051907179697265514
0.037823332927335626
0.027434734388884958
0.021679756187021636
0.013978058447861211
0.01851851851851925
0.016428752422943848
0.014246258644904681
0.011984803983147524
0.009658584444420285
0.007282136745886642
0.0048702480844840905
0.002437864729540608
1.998088594154962E-15
0.0024283578107879345
0.004832337001506901
0.007197272964715648
0.009508797076710526
0.011752923439940256
0.013916132957619454
0.015985454238323066
0.017948540849474916
0.026557333904548053
0.01749085009692539
0.012496345785140462
0.024870201803824273
0.008997230715042027
0.02157551201304483
0.004885236997541179
0.010926017653329935
0.012954921106028456
0.016313578143887543
0.026526692994769036
0.03335014142483982
0.027337948704740222
0.01582142013309896
0.014671108142034017
0.017129840398886383
0.010510262634861905
0.025295794229246545
0.015812395431397223
0.027618719425275492
0.011423152879119321
0.01796915763184985
0.023607118409308216
0.017173209640045574
0.015238710305112547
0.013217291849715792
0.01112167627822612
0.008964995797929382
0.006760710998603094
0.004522527309870567
0.0022643102517685273
8.709398768948453E-16
0.002256474210774053
0.004491279322589688
0.0066907628099752104
0.00884153564420592
0.010930553364366127
0.012945194766963436
0.014873337741866933
0.016703431801368282
0.020366122300058315
0.03717859120362139
0.048814790420759736
0.03851245984148495
0.045941908317308586
0.018977166984907392
0.033366539705889306
0.036430360290065
0.047444108244242264
0.025260063006186044
0.014215286017543967
0.0044242197011188054
0.013501243909461459
0.022710731563588594
0.04452349420846789
0.03349589802656568
0.02951754433810762
0.015804786423310672
0.040871394874741666
0.034627928107156286
0.05046385942748269
0.03733376264347942
0.022486098148626833
0.016060791128660656
0.014254402945588522
0.012365975136840466
0.010407368373055566
0.008390836793722234
0.006328951709571297
0.004234523600869988
0.00212052289344013
1.1280984247700431E-15
0.002113994882378687
0.00420849172806196
0.006270679904200944
0.008287986175748508
0.010248151021484138
0.01213930279950666
0.013950029316000603
0.015669446367283686
0.01418955036988638
0.023379089663897484
0.015700371479709846
0.02575065446965464
0.03360841684215941
0.04345569794860563
0.03918511249603248
0.0483876726126281
0.037455795343763115
0.04567302932668054
0.053910839113940005
0.06676946806415016
0.053901935972411136
0.046235544433097055
0.037596003306651055
0.04885296011720693
0.039653863657178746
0.04322766661839266
0.03623949033404753
0.024182207118225524
0.01289695454753785
0.022473037903672277
0.01057434531730479
0.015131808464321796
0.013432231125050499
0.011654737426119258
0.009810470346245992
0.007910951711349286
0.005968010510532303
0.003993709529247955
0.002000270752830072
1.6139530097433216E-15
0.0019947887508719965
0.003971848879047076
0.005919076020936959
0.007824581895465648
0.009676766606712902
0.011464388985835119
0.01317663454716394
0.014803180649465057
0.025289050187168687
0.02184015508008271
0.04081157818948246
0.018009424833186505
0.008977431278186891
0.005384709040551376
0.010023412156799643
0.007174706930989541
0.016110388162349668
0.012475644321562611
0.016775911653721505
0.02117265729546741
0.01694674043375669
0.01307376917064869
0.015774553707163845
0.004967820285311277
0.010663335293097662
0.007962482856894609
0.0038237110499875614
0.01684080769571439
0.03610938115660723
0.014949890665484106
0.025132153905310636
0.014350319253918936
0.012740489276204263
0.011056240820026294
0.00930811401279018
0.0075070151351591605
0.005664148820688158
0.003790948594131615
0.001899006177589493
1.2461483050655605E-15
0.0018943766504778195
0.0037724873907034728
0.005622823984446302
0.0074340766270614275
0.009195202845306585
0.010895494593688198
0.01252464314122583
0.014072801356564297
0.007334644633775767
0.02325330333295613
0.0055506738148746945
0.022797643666336586
0.044458583881486526
0.0294566072284768
0.027832302323743906
0.03744233503165043
0.026214221906854185
0.029292135867565565
0.027279055089676315
0.04068670257953811
0.02632591369345839
0.027663836358397902
0.024977750082002082
0.03559011128959841
0.025476959385714287
0.026780717276868222
0.04383280115058617
0.0224989086727517
0.00957250654758345
0.024508209022165217
0.00976322240847171
0.013689633232424005
0.012155621864991797
0.010550164881394113
0.008883293100561443
0.007165392548763524
0.005407139946445166
0.0036194365539021917
0.0018133407843694464
6.650589611726398E-15
0.0018094180900273165
0.003603794008244996
0.005372124644470414
0.007103590532066894
0.008787621854599435
0.010413962781399132
0.01197273374157271
0.013454491259362978
0.021548291580306873
0.01353553993677794
0.025996716829656565
0.0151430246667573
0.0057351104599304885
0.017032322139683084
0.02158567074889588
0.014222318169048242
0.025221674647951546
0.028501582139739096
0.030888368112107368
0.024093477131565278
0.031149763597680024
0.02905663821223224
0.02535685391771766
0.014514072128100708
0.021768145360050364
0.016553947849039543
0.0044709334101186915
0.014393811594972467
0.024868265896121112
0.016288520897315965
0.01912645640251253
0.013129576318164552
0.011659817132510917
0.010121138014667493
0.008523137976573593
0.006875761877445708
0.0051892387024769695
0.0034740182182267983
0.0017407063958198164
8.501592215473916E-15
0.0017373792535254793
0.0034607505683603257
0.005159539561482559
0.0068233429806539205
0.008441992249949598
0.010005615456472793
0.011504697400996316
0.012930137348564756
0.01722685388522876
0.01998684727828842
0.015144420700861904
0.022555235854960973
0.029987236607686568
0.02840294495639767
0.021931399303584894
0.028310695845461455
0.019030360560396448
0.016291371738266443
0.02264546697197649
0.019468609211411213
0.023069428786119596
0.016666294171581733
0.019447535978351853
0.028689758436086746
0.02339974283769594
0.03100217236420129
0.026693244088727707
0.02312893911167844
0.014603837664812604
0.015615345414238556
0.019432103413270292
0.012654679837933802
0.011239413419894019
0.00975736646650479
0.008217771418258609
0.006630198648206855
0.005004497115000915
0.0033507334073879197
0.0016791295566432856
3.1563111172458464E-15
0.001676311916872892
0.0033394975084905243
0.00497934599942437
0.006585807068180895
0.008149052303011366
0.009659535194482765
0.011108049299685029
0.012485784224258098
0.01084938614603512
0.022224344634907498
0.02181228185726708
0.015537466354643823
0.019940415943483423
0.0073554688992896735
0.015261958505216586
0.009970795565527052
0.019233732898409107
0.023331341963237967
0.020475188520232238
0.01842689644831206
0.01973758116709129
0.022505287846429984
0.01891489549174657
0.009750622171242168
0.01415490100684847
0.0054864710930822925
0.024107108048616627
0.016279990552004107
0.02081712748540959
0.023836303707850753
0.007453965133573278
0.012252950983890601
0.010883816402491147
0.009449702303217037
0.007959530298470935
0.0064225533456008345
0.004848298416957241
0.003246507573134879
0.0016270778027956555
2.829216258106406E-15
0.0016247025454938604
0.0032370357671761716
0.004827096171885945
0.0063851315451549885
0.00790160064054418
0.009367231488450952
0.010773077968525637
0.012110574301544679
0.0224415736241531
0.004334593819823047
0.01364152376176846
0.01935175167321492
0.020336592271513066
0.037112631588031804
0.027668482935965997
0.027137282457932302
0.019556320147803716
0.022848959879164524
0.03423811590611048
0.029586649821249526
0.03442709568097489
0.0230942600122055
0.018498872225983898
0.025504497183686758
0.02637448953923575
0.03532530006723163
0.019932291105403063
0.016535002945398676
0.014729307335237956
0.004981579219369769
0.02241139628533044
0.011915019650551325
0.010584747402746541
0.009190996056051004
0.0077424247271562305
0.006248018519879758
0.004717032902416006
0.003158936495760588
0.0015833526258737032
5.177580509270841E-15
0.0015813671279525426
0.003151018935388032
0.004699309784062782
0.0062167373821018475
0.007694000992684494
0.009122058333470885
0.010492180819403823
0.011796006812016853
0.005576592884979682
0.0230024542348813
0.016759129014656156
0.022070005165111057
0.03608633498937887
0.010471901006599622
0.018375046713160512
0.02272115380488667
0.030329586812232173
0.022064155610728917
0.012374895244753157
0.029137671541119424
0.012761484896152172
0.022442953596607185
0.03215808512962006
0.025331099605048972
0.02098201020914283
0.014624425860845272
0.03682603681934437
0.02406251897993824
0.016239394532563466
0.020147958818206364
0.008570515549773323
0.011633535736640537
0.010335712165394847
0.008975639047644661
0.007561755518896207
0.0061028224960165585
0.004607868489188338
0.0030861338289828073
0.0015470136525587623
1.0041921079412435E-14
0.001545376622715276
0.0030796058552997447
0.0045932559091528095
0.006077031449705181
0.007521830580317911
0.00891880057912673
0.010259392048035281
0.011535411143222563
0.01929135080554743
0.011446420079835207
0.022389195493810653
0.006619594872199586
0.015405462204202707
0.011781843977258994
0.01255814789394307
0.003846100713854161
0.005489727065938848
0.019044201275304727
0.03334115569003402
0.02352545389606994
0.03311642303916588
0.018548622306837514
0.0075636381555434585
0.0054584425545935455
0.012763517605858936
0.006991167129625146
0.013939832584837235
0.0064446065257055185
0.024685223569281343
0.01482189047594545
0.017072829303891077
0.0114027373829114
0.010131620185265339
0.00879923533031453
0.007413839913162991
0.005984009696901735
0.004518586115971357
0.0030266216949535268
0.0015173242190106794
1.8405093523701623E-15
0.0015160034130006063
0.0030213547264769745
0.004506796245601881
0.005963200715941517
0.007381627315091326
0.008753376451608964
0.010070043035636508
0.011323567895691842
0.01618612368651227
0.009688296081020715
0.019070809753766654
0.02446559780144422
0.031504494644541574
0.03504068319400115
0.03558087249030617
0.043199094083771206
0.04828824954278296
0.018798091839947215
0.00833008746921254
0.025491615081571113
0.007874586151770054
0.018486654458411
0.048250330839669946
0.043407016086070144
0.03550769839272222
0.0362996434883537
0.028607917302423715
0.022001755624371074
0.019294199779458208
0.008057991252082512
0.018352823742545495
0.011218138743398968
0.009968509378495692
0.008658364370327734
0.007295813132382317
0.005889281682086178
0.004447460615539355
0.002979251493710017
0.001493711970464957
6.5943828847023525E-15
0.0014926825330962485
0.0029751464146986137
0.004438271585386942
0.00587306316120325
0.00727070664769798
0.008622622008380312
0.00992051625684419
0.011156434250424478
0.009280466422465236
0.02324892383585542
0.025233624291071444
0.0170573555174266
0.012718313041310691
0.00764188807227685
0.01946466932649886
0.017731332732596687
0.01772994977994645
0.03479806740087923
0.03809282160022782
0.024740618524979836
0.038588931564697476
0.036324843636130595
0.017157697715991342
0.017419716089135954
0.019587321994684173
0.007573680738037162
0.014868805345735002
0.021009174643069332
0.02269432315804936
0.023984031896268913
0.005991361137286038
0.011076303439820117
0.009843346313624622
0.008550408863444834
0.007205484406091585
0.005816881820234477
0.004393174290422753
0.0029431464544628486
0.0014757402795409174
8.742946604804744E-15
0.0014749835446490845
0.0029401288293658553
0.0043864194774955135
0.005804959666127686
0.00718702876276382
0.008524134858668535
0.009808066870151002
0.011030944889168351
0.021333994356688313
0.005068054130634443
0.013128721683243165
0.009558475698753937
0.012710217124834406
0.02490373565829053
0.014487775965733609
0.023719321860508347
0.026250511474778634
0.02264550690339118
0.013381739217551356
0.023998823260310272
0.013454887177257128
0.02261497879014375
0.02366716173715163
0.020390947970050154
0.0111054806241092
0.021679400976346852
0.010555851933596488
0.007483638475326965
0.012153838146289753
0.004204943889249349
0.021330918642042267
0.010974681112934277
0.00975388212499346
0.008473430582404634
0.007141233191074902
0.005765512186418426
0.004354754658460235
0.0029176602675292946
0.0014630876723713212
6.133830949097388E-15
0.0014625903074103725
0.002915676929896012
0.004350315050564866
0.005757676340102321
0.007129103207223363
0.008456161982297254
0.009730694707846724
0.010944869218243218
0.005372280644230885
0.020975662513102934
0.016224324971852187
0.028882900887188506
0.023466615556246042
0.020573319520192927
0.03170975099673424
0.024126249632118648
0.023212317729477495
0.04497231348025672
0.043466917171280796
0.040528532808799415
0.04300007141832106
0.04405155810753765
0.025043690329188642
0.02630642290754898
0.0346284766433349
0.024402914956104256
0.023552488551812873
0.027447359109527274
0.01824980699292821
0.019617946879913573
0.008570785596522535
0.010911491925405338
0.00969855077959533
0.008426082790694565
0.0071019360191497535
0.005734275035341607
0.0043315306473088065
0.0029023480018523155
0.0014555333780306465
9.139667702739216E-15
0.0014552867977803729
0.002901364716139414
0.004329329608801956
0.005730390233527191
0.0070959223006239035
0.008417521487003898
0.009687055090159416
0.010896712005376896
0.018351236706943583
0.012240705407108065
0.02121382509528368
0.007286517847195698
0.014137741701450674
0.028692166571476156
0.03514730101313142
0.02831811820239824
0.029101261148506394
0.01306453605771939
0.008097263361029727
0.022499710372548325
0.009013817851842293
0.01391038970860464
0.03053213627286685
0.030331510679301395
0.038070104052253695
0.030911667827922762
0.016295547694792658
0.01147192400344278
0.022960813741051283
0.01495659113989354
0.01619766061873468
0.010885648950795558
0.009676400843700412
0.008407551610462177
0.007086917623865739
0.005722633777820176
0.004323103446456628
0.0028969467941725793
0.001452947753965782
