1.0
0.9989725854527307
0.9958941397184459
0.9907760398146923
0.98363719183377
0.9745039478168523
0.9634099899352752
0.9503961825331846
0.8985797916710747
0.8546245856541516
0.8090525659366335
0.7705190453521822
0.7398469126506318
0.6988818525078349
0.6753432034113924
0.6589237146709277
0.6328954440059977
0.6138990699391018
0.5850046491780595
0.5637242764668933
0.5330167212739133
0.5016054234370445
0.4613501555051377
0.428983483142474
0.38798641261746547
0.3532664151369664
0.31163199680981163
0.2753850435083474
0.2579459625463949
0.23272809884975723
0.21889556707678479
0.20929963278157238
0.1988064628780357
0.20167312991975375
0.17008068053330924
0.13927376632762717
0.10934235931995481
0.08037172439209718
0.05244210162743635
0.025628413765296544
3.2838013963133345E-16
0.024379622781927988
0.04745297037168269
0.06916877240348805
0.08948212364992712
0.10835460493099772
0.125754373271657
0.1416562210946544
0.19004924506626528
0.21649595436596988
0.24354582200985322
0.274479230349897
0.29358881696070876
0.3116905370958432
0.30867573164370726
0.3008773676205316
0.29578606224943615
0.28822245991930623
0.28630331670738185
0.27774132848695027
0.27341194650214456
0.26789650102479556
0.26623864461658686
0.25843030498838354
0.25599075568671564
0.25375841754149364
0.2539643155908671
0.2531332972093313
0.2325419582874294
0.20691908353529959
0.16996278669174325
0.1488345215480962
0.134953714191668
0.09130375337943801
0.07826434592780032
0.06509537670314834
0.05187566279556232
0.03868235100081252
0.025590567982650397
0.012673085182489054
3.5891715801193685E-16
0.012361565328204734
0.02434774582752781
0.03589819564672826
0.046956328580889384
0.0574695362745664
0.06738938324713144
0.07667177800935246
0.06461540926867607
0.07740723793510149
0.08575992118677288
0.06454677124837853
0.07568162705722939
0.08014156701073771
0.10656982914028228
0.11043606935045162
0.12270767535869465
0.12320579646846971
0.12480518139406155
0.12171715335160457
0.12166074768162013
0.12082991132844438
0.12336055020331255
0.12113287594498702
0.1204991905066744
0.10802107991788866
0.10304869792534146
0.07419990521801384
0.0693573498334723
0.061837531489708525
0.09132425821509152
0.07776698545170636
0.05571849232316093
0.05913896231121399
0.050938221326004465
0.042567565380628086
0.034079781627452496
0.02552745768586289
0.01696268746207041
0.008436783880032285
3.862770377794997E-16
0.008298740059596299
0.016412099049191324
0.02429457209091779
0.031902718564962254
0.039195379273755854
0.04613387787015449
0.052682205632238036
0.07972270724793214
0.06722235598748395
0.07312565071827005
0.0893752988814923
0.10374238822737755
0.10431794430709933
0.07688536919304993
0.07393976356271724
0.07446576273099748
0.08437370035809992
0.08587353492752284
0.0961593180223761
0.09673550928452072
0.09686444836125861
0.08734191217629605
0.0866881612203257
0.07672384770924932
0.07032573839961782
0.06734570120486151
0.09253287769051113
0.08934039483228161
0.07741684197013797
0.06961356508794393
0.05951299166227656
0.0656905362421958
0.043842373363555454
0.03785067190997232
0.03170319158088196
0.02543903139089845
0.019097499119954724
0.012717877975442013
0.006339196069146649
4.475043020139732E-16
0.006261866202463492
0.0124094755617858
0.018407024902626076
0.024220032755732916
0.02981552737365941
0.03516222387761022
0.040230689627295514
0.052275897385275855
0.08287754106915746
0.09313731923065735
0.053313520977961174
0.041943321099252896
0.0463319092508464
0.08207062719201136
0.09930437735339778
0.10672850581545164
0.10431814228611853
0.10465243863042414
0.09799276434107049
0.09773920125054412
0.09725806116645094
0.10333253772496354
0.10243785327399609
0.10449708899628456
0.09772530117568295
0.0785491394871889
0.04172164833871806
0.03545365060475992
0.044952859345878664
0.08089885954435302
0.0774324503739893
0.052156499927171654
0.03492661100534996
0.030194876749067866
0.025325216019947985
0.02034860287924364
0.015296350844889195
0.01019992261615928
0.0050907406937656064
0.0
0.005041516417228756
0.010003617540091433
0.014856879372913091
0.019572813786120732
0.02412403027178452
0.028484389719770804
0.032629149377748974
0.040820966938641304
0.05110494337390333
0.059741166291455
0.06695987164337848
0.0785424399154308
0.09510352596619306
0.10275947478457209
0.11534586167258254
0.13354054917861966
0.139556903561273
0.14036465367720213
0.14053629136226545
0.14060663001154955
0.14034776826263076
0.14046115570389744
0.1397010409933053
0.13436695583384234
0.11778660388977497
0.10680194314063252
0.09516015572805081
0.07745449169466788
0.06475538403760855
0.05333035592927577
0.04347780872054009
0.03223385701848899
0.029106096167607794
0.025185915879487843
0.021143214447610054
0.01700365428408367
0.012793277347066746
0.008538345181069691
0.0042651788904544755
2.2159270011389572E-15
0.004231226855953369
0.008402948491873978
0.012490174076167058
0.016468621510456402
0.02031485844354615
0.024006437118553055
0.0275220222939524
0.050257390922645084
0.045520283388372405
0.028009040017212758
0.021642865635321116
0.014497084911149438
0.01640290339135285
0.04868552085245301
0.06499442477014152
0.05726619443751434
0.05018146233366432
0.048849957108950286
0.038507083851596874
0.0373471782928516
0.03629987790602857
0.04452721571853974
0.043721575415651553
0.04925845736927913
0.057349699191963525
0.04101510137678231
0.010213337882556557
0.013749361461904426
0.0306322571563672
0.022680460581328953
0.03570952723927287
0.04849038115792254
0.025021011314592858
0.021665227760586867
0.018199480544475444
0.014645715469342306
0.011026264246837862
0.007363706582084818
0.003680731678741197
2.1606994153954164E-15
0.003655993885694508
0.007265056556970417
0.01080542828930956
0.014255912122851547
0.017595998694535833
0.020805986110944294
0.02386709417238903
0.01576114772673481
0.025792900974779744
0.04438845113590296
0.054858463663142204
0.0533939098029616
0.06275818204163126
0.08518214623488433
0.08610926694285186
0.08533417861271446
0.08319098760143168
0.08261094114937237
0.0739001854847139
0.07270450255031624
0.07123544763701418
0.07755225052795939
0.07561524394644428
0.07607528123122964
0.07701492249546533
0.07573965415436527
0.05110091696815427
0.04411913235176968
0.049335994395436455
0.0398574043773674
0.025091087659523413
0.010333944246874845
0.022006789021949944
0.019064718399567575
0.016022861053656044
0.012900431665656424
0.009717023953106176
0.006492489323494738
0.0032468146625353965
3.446894778345795E-16
0.0032280632073139956
0.006417712443584771
0.009549632433254972
0.012604970668224788
0.015565449480288433
0.018413474000507545
0.021132235375586724
0.04232314128895215
0.04093453642497655
0.0350822860904497
0.051229256273887074
0.03347819360272452
0.03791401695510607
0.023164732056733413
0.03444168009534504
0.0371606949138833
0.04326123918281418
0.044782442867111465
0.05530605965961902
0.05632062338420547
0.05708434478542967
0.0483657157181096
0.04864631761708761
0.043528990633250594
0.03980026331455574
0.029973220657225876
0.0453684256247957
0.03797497183880416
0.049909720694326073
0.03486492211276679
0.04387611102654075
0.038986246592555035
0.019700210362087116
0.017073170655954116
0.014354647114385962
0.011561772961431934
0.008712048594941287
0.005823233049988788
0.002913234433608818
5.115524788829642E-16
0.002898593465298361
0.005764848289295304
0.008581352929306837
0.011331086723563423
0.013997521750359556
0.016564721191939035
0.019017433623292772
0.006188519957813277
0.017626488723183002
0.016806906848398022
0.015652964140908394
0.02755980790899647
0.028992604161368053
0.03596231875035817
0.0329958477560317
0.028872994396963194
0.024914203775017147
0.025590258565834145
0.03334296811659728
0.03410959899666379
0.034888492097947484
0.028084594545909374
0.02868983094110574
0.0319769232323099
0.034330755419370584
0.0379076373093087
0.03616311040564359
0.03171121950480026
0.011513514712736702
0.020869988512056258
0.009697634870868973
0.008456783875419155
0.017886055366203062
0.015505857279757165
0.013041013712289416
0.010507026791995867
0.00791975251950284
0.005295302366411253
0.002649943750815797
9.553772357812605E-16
0.0026382495895467925
0.005248668987356258
0.00781536335924672
0.010322775102728048
0.012755777411736821
0.015099764812141772
0.017340740130541193
0.030336221048326725
0.038177237872007115
0.03621978844535437
0.03688334280010307
0.03982920941882589
0.05797295663313171
0.05469700884752636
0.06303734221112317
0.0658084920447949
0.0750330986603616
0.07523768861114666
0.08080525103244614
0.08057023059830512
0.08017741697494025
0.07434436269120996
0.07371067552258674
0.0638880247321988
0.062015204831550354
0.05457991258053456
0.054923542776204
0.035900640382515815
0.03481148587716953
0.036288389399469066
0.03393568512320608
0.026572731895225753
0.016428752422940323
0.014246258644903252
0.011984803983149878
0.00965858444442316
0.007282136745885996
0.004870248084482756
0.0024378647295438937
8.15854635330389E-17
0.0024283578107874887
0.0048323370015069325
0.007197272964717281
0.009508797076709959
0.011752923439937116
0.013916132957620503
0.015985454238317674
0.013479871828971885
0.01902718727546865
0.03840508873191741
0.03851017364353994
0.04386808050786596
0.05521267563554195
0.05830841034230851
0.04598777574323659
0.04382441404498897
0.04865657828418392
0.04869631561459111
0.05736828113412717
0.05722411452585344
0.05697934383659554
0.04801745991603687
0.04761711523193305
0.042010849119711646
0.04497467659699293
0.059048445046388516
0.054206170390643404
0.04349463450439028
0.04112120646959557
0.03709045850329503
0.02586788448471506
0.014781327611536875
0.015238710305112622
0.013217291849714694
0.011121676278223542
0.008964995797923415
0.006760710998605657
0.004522527309866246
0.0022643102517702542
1.9031967879967308E-15
0.0022564742107783814
0.004491279322587059
0.006690762809976168
0.008841535644210148
0.010930553364368845
0.012945194766964879
0.014873337741863243
0.018945152643389314
0.02362674935729604
0.022453000351354457
0.027076920260733536
0.010778104042717852
0.019951397091809903
0.030978882347959952
0.03202114712570049
0.03207151153768352
0.03712463615461214
0.037023689084136585
0.030355436985134328
0.029816379135568356
0.029186917085846628
0.035490009715010276
0.03481149005336473
0.03092724586697241
0.027397327297553935
0.02436322025990066
0.011469492863987506
0.00775587501181086
0.024168428378964997
0.01749328377157934
0.01844855511727084
0.016735480037284284
0.014254402945586477
0.012365975136844367
0.010407368373054938
0.00839083679372299
0.006328951709565283
0.004234523600872903
0.002120522893437244
2.4450922506027474E-15
0.002113994882374713
0.004208491728065113
0.006270679904200992
0.00828798617575637
0.01024815102148454
0.012139302799505827
0.013950029315995689
0.015599686950674888
0.026759446572578838
0.020911025018945668
0.027367988904417002
0.030847410467844533
0.032717363097895434
0.04557122988625738
0.025728009215962005
0.01342689601770103
0.02112061902113783
0.021128801103366127
0.026528474443825757
0.02618914004394588
0.025690739472553223
0.019682491645244014
0.01894939758110722
0.010243675645903547
0.022712547047317046
0.041316186955553925
0.026485241195247824
0.026080012886044845
0.020324938574217997
0.01656982977751293
0.021723782106495372
0.015064442578769705
0.0134322311250556
0.011654737426114937
0.009810470346240708
0.007910951711347834
0.0059680105105323735
0.003993709529248124
0.002000270752828076
1.7701311736139318E-15
0.0019947887508705376
0.003971848879045578
0.005919076020934207
0.007824581895461232
0.009676766606716864
0.011464388985837407
0.01317663454716748
0.015425039293695464
0.016119702440205132
0.02310960666776172
0.029273782539738093
0.024656718657896443
0.03437182394536583
0.0143718951800698
0.035456762695886955
0.04712371771319293
0.038810366700280034
0.03927731792977247
0.03942684519188195
0.039733427107080894
0.039880422225500554
0.039556005518118935
0.03923118052573087
0.04789197121492113
0.0383549683220189
0.018474411474499516
0.0397557063463283
0.02716812979194661
0.032094304747060744
0.02391437188100529
0.02363314749915251
0.016276235445489687
0.012740489276205035
0.011056240820026906
0.00930811401278902
0.007507015135157701
0.00566414882068654
0.0037909485941270867
0.001899006177587579
5.034670622936778E-15
0.0018943766504760974
0.0037724873907060506
0.00562282398444382
0.007434076627065476
0.009195202845302534
0.010895494593689723
0.012524643141226133
0.012112743722548258
0.011371665785734945
0.011979020219895263
0.004684262912898718
0.010142484781165828
0.0053168668121841125
0.018562787811286653
0.00726400744507816
0.011072948817164679
0.012551866830716036
0.013036031310614303
0.0051804653384538105
0.005320117995811665
0.00532885920041782
0.013808044322483738
0.013706628482166248
0.013001491549201381
0.0052631567623305925
0.01604088072279
0.0075826361898635375
0.010283527200932382
0.003532313351774691
0.01359301280054067
0.011443937879914122
0.010281309378092102
0.012155621864999456
0.01055016488139058
0.008883293100554983
0.007165392548762856
0.005407139946449831
0.0036194365538981983
0.0018133407843654661
2.3222640059751966E-15
0.0018094180900307527
0.003603794008250165
0.005372124644466171
0.007103590532065409
0.008787621854597057
0.010413962781404018
0.011972733741575096
0.019306219807166344
0.0359879100193003
0.016008654650700664
0.029131489031562305
0.025351912120140537
0.04456912304253506
0.026907616096084646
0.04108537099701816
0.03181635276214357
0.024872017017229124
0.024878860015128172
0.03361480639167296
0.03340853885977818
0.03306358710719823
0.023577682682277622
0.022922026010512003
0.028407297328429258
0.03924426304150296
0.025990699220736477
0.04167641227940819
0.022935128943394247
0.026152151511305014
0.013365772951259028
0.034912637741029956
0.020462039465910145
0.011659817132506774
0.010121138014666579
0.00852313797657629
0.006875761877444667
0.005189238702478668
0.0034740182182254418
0.001740706395810036
6.959669961929045E-15
0.001737379253519539
0.0034607505683547186
0.005159539561486695
0.0068233429806532925
0.008441992249955581
0.010005615456474349
0.01150469740100349
0.0054222136356911425
0.004855783773090075
0.02165476768608801
0.016416486068710927
0.02048262755396192
0.021003335149923134
0.016616212523168118
0.011482254257566292
0.028068194456745237
0.026677947114620414
0.027068587274956667
0.019854208255199682
0.02003024601863591
0.020068931776592927
0.027249970224160237
0.026954039354063715
0.028876542397514582
0.013848797323547298
0.017827529817322326
0.02289915463719544
0.022326870407792937
0.020739317311975362
0.021839242935476667
0.002250472553004633
0.0036696063163239616
0.011239413419889429
0.00975736646651399
0.008217771418268113
0.0066301986482228785
0.005004497114999695
0.003350733407385235
0.0016791295566423781
3.828579987273195E-15
0.0016763119168706382
0.003339497508483518
0.004979345999427673
0.006585807068176196
0.008149052303016156
0.00965953519449079
0.011108049299684297
0.0219078949546687
0.020283382770352822
0.014182953883576028
0.022835457904497234
0.013713130081311774
0.01965535529039552
0.017789788906911356
0.02216641998239992
0.011692570499049336
0.020840355500152813
0.021287507620326555
0.020729628654318977
0.020788439137815234
0.020719014256323175
0.021918295069350415
0.021784540512030215
0.012543303452637117
0.020088890463218205
0.017177531269891713
0.01514780019044199
0.01245669678296342
0.022358495506131174
0.016822812740708817
0.013479410868190298
0.021875793544819274
0.010883816402478147
0.009449702303206318
0.007959530298470921
0.006422553345602532
0.004848298416957315
0.0032465075731315514
0.001627077802791678
3.180557426996044E-15
0.0016247025454932723
0.0032370357671766443
0.004827096171890185
0.006385131545156235
0.007901600640541734
0.009367231488447997
0.010773077968528718
0.005040201377626727
0.01789035626287034
0.016465025277168303
0.02572452385384115
0.025782191997790103
0.025716689722829054
0.020561954792342504
0.025472629442637437
0.024336641375926206
0.015962377954895093
0.01606602478946101
0.020926420867691257
0.021058849059557433
0.021073680008837106
0.015368025345191874
0.014912055539790624
0.02347359551486779
0.026490084017904127
0.020249097329781755
0.024977695417221266
0.02661244272853591
0.024980991304964506
0.015478149735302763
0.021096888662989227
0.007017315081325387
0.010584747402746291
0.00919099605604822
0.0077424247271533795
0.006248018519868152
0.004717032902418069
0.003158936495761493
0.0015833526258675814
6.810103148131603E-15
0.0015813671279525366
0.0031510189353898283
0.004699309784058322
0.006216737382105194
0.007694000992688049
0.009122058333463993
0.010492180819391147
0.02025082697730189
0.005641754580042398
0.022680460581324426
0.012698965436435717
0.010147572162908569
0.012382918755015068
0.018206144012043624
0.012016057528536348
0.014894794188450343
0.024383836279790627
0.024607358222650696
0.01803720942483323
0.01800134363537658
0.017872565482550277
0.024349966384806576
0.02401131627225824
0.014413244269100749
0.01160248677256447
0.018300090125180093
0.01407431117583324
0.009474021931189392
0.008783352192162284
0.021397064173837858
0.0076113820626139885
0.018957279471745234
0.010335712165385771
0.00897563904764465
0.007561755518895414
0.0061028224960147206
0.004607868489189596
0.0030861338289887006
0.001547013652551605
3.693799962212205E-15
0.0015453766227252138
0.003079605855299072
0.004593255909148758
0.00607703144969854
0.007521830580312565
0.00891880057912729
0.010259392048027676
0.011309193170522737
0.01813067008505515
0.015008042606685972
0.026336067670517008
0.031159457082905608
0.01820364309082766
0.01795925221193586
0.032768641185601396
0.03238891452981716
0.03321642300033372
0.03379609670742466
0.039281442738905915
0.03954143485368931
0.03968349315703518
0.035069793832284965
0.03512319315360699
0.03394209305322803
0.03350545319144577
0.01782215183623477
0.01684335634233298
0.0314666719796033
0.027159252525836047
0.015587583691971139
0.014027656197026141
0.012740372639917267
0.010131620185258965
0.008799235330314282
0.007413839913157396
0.005984009696892646
0.004518586115970419
0.003026621694951953
0.0015173242190184761
5.211055781295077E-15
0.0015160034130021662
0.003021354726472042
0.004506796245606607
0.005963200715933741
0.007381627315091558
0.008753376451607703
0.010070043035635457
0.014955635691445372
0.01604624734632719
0.010369607771294134
0.0029842544185339544
0.0035570812761568566
0.018069178313750663
0.017433918466197136
0.010542162853903666
0.006772314555654122
0.015686357798344933
0.015474426543847376
0.007283245848271006
0.007017358925236358
0.006807211570630258
0.014677285850588103
0.014508996509007518
0.00538993474776095
0.010389954101093625
0.01748519931679921
0.018279046237524542
0.00316790551145047
0.004772840141468658
0.009415637179284559
0.01892859674890308
0.013033845091905881
0.009968509378495253
0.0086583643703333
0.007295813132378167
0.0058892816820963955
0.00444746061553844
0.0029792514937079574
0.001493711970472079
5.345873260591091E-15
0.0014926825330977614
0.0029751464147094275
0.004438271585382381
0.005873063161208325
0.0072707066476907735
0.0086226220083726
0.009920516256842236
0.014763848825471559
0.004543509840116481
0.01895590979297917
0.02061548076691708
0.023105443081785776
0.013763106726612363
0.016024283607093005
0.033086633154265806
0.030130601534087035
0.037794829479173016
0.03783779322959335
0.03304725527215844
0.03272780185459332
0.03228619446563861
0.036808743589743245
0.03625143715660863
0.02753478052798436
0.03211624230956276
0.015182779632811807
0.013537237290443753
0.01879669860202984
0.01602637912465999
0.017747401785979777
0.00355779311653866
0.015015730474808444
0.009843346313624409
0.008550408863445602
0.007205484406093016
0.005816881820232182
0.0043931742904252105
0.002943146454460062
0.0014757402795346885
8.076739400412884E-15
0.001474983544638806
0.0029401288293710373
0.004386419477511972
0.005804959666123303
0.007187028762772603
0.008524134858664404
0.009808066870151698
0.009157541178364023
0.02061146966071841
0.014231000095455184
0.018482387773736304
0.01842543387658655
0.019253959901082352
0.020496852174940277
0.0133167209533503
0.020527683514418835
0.012605928444706205
0.013236040388191476
0.02168286844015948
0.022164873957828048
0.02253095205854467
0.014701795478501983
0.01480345097471932
0.023714209364124585
0.014708239130385244
0.021136862907310063
0.019547985426107823
0.02275211805098743
0.02238902478215987
0.01564526573106861
0.01930044004928524
0.008315636297872884
0.009753882125007062
0.008473430582420017
0.0071412331910770555
0.005765512186414429
0.004354754658458364
0.0029176602675270963
0.0014630876723696366
4.387913835364032E-15
0.0014625903073990025
0.002915676929892211
0.004350315050562049
0.005757676340103878
0.007129103207226728
0.00845616198230085
0.009730694707835818
0.014184206926366285
0.007789656587044139
0.009817953184802365
0.008275770260385562
0.014853928387219533
0.01410740299345065
0.012015627968158771
0.025314906174087777
0.019322530511392457
0.019570274738476837
0.019896835042084903
0.019187505210742733
0.019650990378085997
0.0200874590056387
0.020516716301197776
0.020517279429463357
0.022673175054124084
0.025058019573757227
0.012795879606797183
0.01482129923067245
0.01957363044065824
0.012354088289823654
0.013178147582022532
0.010621380250374192
0.01328953781976021
0.00969855077960349
0.008426082790693751
0.0071019360191482295
0.005734275035345071
0.004331530647306737
0.002902348001853356
0.001455533378038024
2.583094410810184E-15
0.0014552867977835782
0.002901364716143122
0.0043293296088033045
0.005730390233527292
0.007095922300633109
0.008417521487013795
0.009687055090163656
0.009259559824669089
0.01633086279982973
0.022552968953655137
0.026642686032869747
0.03293990557613389
0.019530875755522727
0.021131843812426613
0.024067104330021495
0.042341077189101
0.03379223950050964
0.03402592763524998
0.043074095736196256
0.04311123667961925
0.04307209618041078
0.03414112122696611
0.03397384208452264
0.042405166414210146
0.02469905865216354
0.020254889321788042
0.018985733411905025
0.03264923939314258
0.024879534940554768
0.023171409029023596
0.015601811525369427
0.010455922502124846
0.00967640084369688
0.008407551610463013
0.007086917623860525
0.005722633777816089
0.00432310344646209
0.0028969467941643958
0.0014529477539606723
