1.0
0.998972585452729
0.9958941397184471
0.9907760398146903
0.9836371918337685
0.9745039478168538
0.963409989935277
0.9503961825331828
0.9355103927392285
0.9188072805050707
0.900348059073982
0.8802002270235789
0.8406543340367216
0.7091357959827124
0.6592776994802627
0.6161526765805192
0.623616427805381
0.5958149525776485
0.5680019654198911
0.54765130540709
0.4997205448712523
0.48620180281095643
0.44535092223094885
0.4116462333260653
0.3791538497531268
0.31875077292916354
0.3033148372020068
0.2898687931542097
0.353450636619396
0.33395382007963664
0.3002006862750957
0.26683328132118755
0.2339567767589833
0.20167312991975406
0.17008068053331016
0.13927376632762728
0.10934235931995506
0.08037172439209724
0.05244210162743639
0.025628413765296544
2.0717533464969984E-17
0.024379622781928078
0.04745297037168258
0.06916877240348823
0.08948212364992675
0.10835460493099794
0.12575437327165645
0.14165622109465476
0.15604160438810763
0.1688986399392118
0.18022207187652897
0.19001320791217993
0.2055243856553983
0.29761796962147496
0.3155907322214221
0.33293749400614625
0.3136189368916615
0.3131692854381292
0.30547320632280794
0.2936970766943388
0.30597590132786573
0.28379703628353165
0.2856797180764526
0.28476697371548376
0.27634957885820277
0.2827763377868211
0.25814615369523636
0.2380230832307263
0.15263045869846037
0.14055159595840228
0.12883908052317425
0.11667245240793635
0.10413347464621729
0.09130375337943882
0.07826434592780018
0.06509537670314813
0.051875662795562286
0.03868235100081273
0.02559056798265046
0.012673085182488657
3.8802391210729516E-17
0.012361565328204307
0.024347745827527304
0.03589819564672834
0.046956328580889384
0.05746953627456645
0.06738938324713062
0.07667177800935268
0.08527711967004775
0.09317041956355182
0.10032139756208583
0.10670455287113814
0.12317801672451839
0.12081633186200376
0.14547945629585265
0.1480696782311575
0.13612799211737098
0.13807083294801786
0.14567161784053828
0.1547980865669121
0.15750768815356073
0.15394724304102403
0.14388456993060406
0.13607944100019345
0.13357464690261928
0.14225333418711356
0.13848649613255112
0.11399507071105569
0.11108922145231577
0.08919691902777865
0.08219714680739866
0.07482035430154815
0.0671171012123819
0.059138962311213246
0.050938221326003424
0.04256756538062876
0.03407978162745294
0.025527457685862388
0.016962687462070584
0.008436783880031561
6.912770503250147E-16
0.008298740059596552
0.016412099049192105
0.02429457209091871
0.031902718564962775
0.03919537927375703
0.04613387787015433
0.05268220563223823
0.05880718876800602
0.06447863753739003
0.06966947658610816
0.07435585599533748
0.060396556002631385
0.08794931553080242
0.07630814873584674
0.08072586764672048
0.08138238202216347
0.0816053127435985
0.07084967906364505
0.06264923393600001
0.06787782152687213
0.060498862147972995
0.06688035832512049
0.07336186291727557
0.07042464257568343
0.07053134135491547
0.06619732662717326
0.07667118421380481
0.053144349582302325
0.0654898609670126
0.06049987700365103
0.055204496560857255
0.049639640524937266
0.04384237336355559
0.0378506719099735
0.03170319158088231
0.025439031390899067
0.01909749911995632
0.012717877975440996
0.006339196069147483
1.6440504602390642E-16
0.0062618662024647356
0.012409475561784152
0.018407024902623213
0.024220032755730744
0.029815527373657374
0.03516222387761055
0.040230689627297526
0.04499349698177968
0.04942536269936604
0.053503273308291556
0.05720659586665644
0.07348053886919759
0.05384400230483398
0.06243327618398643
0.06364540113944321
0.07959502353284151
0.08010528234004168
0.07570566850756287
0.08288510160071148
0.08565151113600349
0.08035124356072594
0.07100077926783216
0.0737870518354297
0.07126136122362105
0.0508887956824605
0.0475706355550643
0.03924636586769255
0.06364700204296608
0.05187727902217801
0.04799358665120052
0.04385524009181687
0.03948997423526663
0.034926611005348926
0.03019487674906583
0.025325216019945137
0.020348602879242644
0.015296350844886914
0.010199922616159745
0.00509074069376617
2.2650813244325684E-16
0.005041516417227565
0.010003617540090456
0.014856879372912992
0.019572813786122238
0.024124030271786567
0.02848438971977258
0.032629149377749495
0.036535098216766676
0.04018068198682582
0.04354611731319984
0.046613494253766805
0.05595051331500973
0.08933987524879838
0.08783500381722646
0.09241965681866014
0.08886155326267525
0.09076844233845181
0.11083045708071748
0.10277183634434985
0.09363769659382092
0.10404228789852661
0.11335370298496535
0.09462582001087239
0.0940342368005889
0.09470149411787293
0.08997067946186192
0.092503617608628
0.057665599475217814
0.043070478637464736
0.03988390194163773
0.03647909300014334
0.032878631378332454
0.0291060961676083
0.025185915879490258
0.021143214447611674
0.01700365428408265
0.01279327734706851
0.00853834518107112
0.0042651788904559795
1.4072969354767467E-15
0.004231226855952551
0.008402948491873114
0.012490174076164557
0.016468621510455174
0.020314858443545025
0.02400643711855234
0.027522022293949875
0.030841511525969974
0.033946147150059634
0.036818619353296195
0.039443159786788015
0.026945491253179542
0.04392796069502927
0.03997973649309901
0.026368021535513243
0.01063446544524941
0.009903049837578566
0.025541570933543152
0.019669510196379535
0.016056855941145542
0.021514288663347352
0.02811520548033587
0.012744083121519471
0.01435890607371602
0.03132106011112092
0.04630848207045023
0.05300282835883235
0.022329717757944324
0.03692667386834162
0.034217760463379564
0.031317650500898374
0.028245407809626248
0.025021011314591612
0.021665227760586176
0.0181994805444752
0.01464571546934299
0.011026264246839123
0.007363706582081946
0.0036807316787395537
9.469396588396785E-16
0.003655993885696231
0.0072650565569733995
0.01080542828930805
0.014255912122852078
0.01759599869453615
0.0208059861109438
0.023867094172389178
0.02676157229694734
0.02947280053486901
0.03198538310894338
0.03428523396467916
0.05173427187359597
0.07822560158471825
0.07072845645343856
0.07809617173390591
0.10428430698167908
0.104874193193122
0.11358686815121748
0.1076408413155581
0.10255546586544624
0.10668922901555432
0.11138363974222214
0.10276112405337466
0.10150943240337491
0.07346653683425705
0.06437395580478027
0.06999604194163908
0.04697747608287462
0.03241281085604701
0.030050316655058314
0.02751732263937003
0.024830357014184744
0.022006789021951256
0.019064718399567478
0.016022861053658594
0.012900431665655049
0.009717023953107954
0.006492489323494556
0.003246814662536376
1.5578362295227251E-15
0.003228063207315066
0.006417712443586227
0.00954963243325223
0.012604970668222772
0.015565449480287367
0.01841347400050382
0.021132235375582183
0.02370580864346026
0.02611924470554747
0.028358655871706665
0.030411294495707387
0.03427790590227548
0.06984486628367334
0.0560738818063703
0.04266597299496771
0.04812170621782063
0.04840255660590087
0.05944951928369378
0.06626075994246504
0.06576124789372258
0.06650554573148063
0.05958065785429019
0.049353382934390046
0.049310655353812134
0.04226051805947269
0.05447074372988754
0.06774717370912792
0.03820292903626284
0.028969629458263743
0.026868828375110405
0.024613779935095
0.022219107024000796
0.01970021036208651
0.017073170655956642
0.014354647114389907
0.011561772961433542
0.008712048594938269
0.005823233049989627
0.0029132344336060133
1.6628286089045894E-15
0.00289859346530196
0.005764848289298541
0.008581352929304656
0.01133108672356175
0.013997521750358465
0.01656472119193924
0.019017433623293476
0.021341182673574308
0.023522351538321627
0.02554826185446039
0.027407246486217708
0.020828494344295064
0.02516633711702761
0.03733593217782906
0.049422400480136804
0.058305457496967146
0.05819032492625051
0.053987556366160816
0.05294121346061587
0.05389386103563673
0.051602564542532196
0.05126621004479166
0.05435715531908381
0.05321099641057721
0.04690326021803023
0.03482330639246101
0.018417202792812216
0.014852020036194069
0.026268079742021538
0.024371076804364598
0.022332853656683204
0.020166556388835362
0.017886055366206403
0.015505857279758667
0.013041013712294035
0.010507026791994091
0.007919752519506612
0.005295302366408779
0.002649943750817182
1.726969908595929E-15
0.0026382495895452005
0.005248668987357803
0.007815363359244541
0.010322775102729212
0.012755777411734297
0.015099764812137035
0.01734074013054313
0.01946539738242569
0.02146120009284579
0.023316454592681748
0.02502037786560716
0.04172652510343758
0.04265327462928106
0.046129532422298974
0.042829670670828414
0.039863520992779775
0.04012105028172192
0.040845157249944586
0.04996674677069366
0.05298422212746045
0.049210184866677296
0.039343298432931384
0.03824470998398223
0.03735153050770434
0.04315918971960366
0.04525223179311513
0.036720636864517146
0.039390228198731815
0.02410201114996652
0.02236746098953163
0.020502305557444443
0.018518518518517588
0.016428752422941804
0.014246258644904053
0.011984803983150128
0.009658584444420425
0.007282136745882715
0.004870248084483084
0.002437864729540682
9.319810551481471E-16
0.0024283578107902695
0.004832337001508505
0.007197272964715906
0.009508797076710405
0.011752923439936998
0.013916132957625326
0.015985454238326504
0.01794854084947763
0.019793744462759937
0.021510183461023766
0.02308780660561608
0.022044064614138874
0.024810987113352237
0.02026116333222251
0.02224487133274025
0.03533190696522251
0.036038480909397215
0.03820624171848277
0.035273806106141684
0.03645988880886809
0.03550511405662625
0.03860609160972895
0.03673878044842534
0.03626564446840736
0.01870585928809617
0.018194558056995845
0.026912904466713426
0.026499682341572236
0.02233577778846816
0.0207330887687462
0.019008557644270414
0.017173209640045175
0.015238710305109789
0.013217291849713422
0.011121676278227225
0.008964995797925566
0.006760710998605133
0.00452252730986856
0.0022643102517728294
9.589172026811752E-16
0.002256474210775901
0.004491279322589512
0.006690762809975156
0.008841535644210098
0.010930553364367485
0.012945194766961897
0.014873337741863897
0.016703431801373476
0.018424566870797725
0.02002653793330614
0.021499905148106232
0.020904459446264772
0.02475264798591082
0.032245597960795874
0.034783189026956714
0.02148494714634502
0.021959526192798895
0.030782458216239234
0.04040663406223243
0.0509760019906915
0.04076235444502515
0.03149398008852816
0.022221701686348704
0.021860419737583733
0.03172191746572445
0.028134527052470017
0.025176390963708436
0.015311543337396644
0.020876550878775182
0.01938241536712905
0.01777374660517055
0.016060791128664483
0.01425440294559067
0.012365975136843394
0.010407368373055228
0.008390836793721133
0.006328951709567138
0.004234523600868324
0.002120522893441603
1.7518291277887606E-15
0.0021139948823754857
0.004208491728062739
0.006270679904201372
0.008287986175754186
0.010248151021481213
0.012139302799507949
0.013950029315999663
0.015669446367280397
0.01728726284573304
0.018793842021816425
0.020180258639179174
0.034542632075876135
0.02639081996229198
0.029129684634484676
0.0300131228485939
0.03770764695215408
0.038039477872562594
0.028294703663977832
0.02955636033718133
0.026189140043942172
0.028927224840174837
0.026791320469437958
0.03703705023820436
0.03638853234732811
0.0327046576400915
0.031900078344270714
0.02541222138723293
0.0337479986453686
0.019658737610333057
0.018254951168106544
0.016742774869490957
0.015131808464326367
0.013432231125054032
0.011654737426119078
0.0098104703462473
0.007910951711350585
0.005968010510535202
0.003993709529251397
0.002000270752830494
1.0766199171465656E-15
0.0019947887508683414
0.0039718488790444935
0.005919076020937664
0.007824581895462725
0.009676766606712853
0.011464388985834467
0.013176634547164692
0.014803180649468582
0.016334258471107876
0.017760711428657414
0.019074049690996433
0.013948724461936506
0.02491944025471935
0.02196668333121282
0.009665862115970432
0.03139748673526901
0.03190348004156977
0.038812252774840426
0.04655963451135189
0.05850910272168285
0.04626844267221396
0.03846384710328793
0.03229012641601038
0.031900767907272136
0.010415394001931238
0.02599709362764113
0.024314718962676653
0.018171969357854638
0.018634751619662552
0.017306785855206872
0.015875622498041933
0.014350319253919244
0.012740489276202752
0.011056240820026703
0.009308114012790372
0.007507015135161559
0.0056641488206821316
0.0037909485941277376
0.001899006177589366
4.232751764195616E-15
0.001894376650476248
0.00377248739070343
0.005622823984444031
0.007434076627062697
0.009195202845306163
0.010895494593693078
0.012524643141226081
0.014072801356566033
0.015530643016463808
0.01688941878175808
0.01814100850586701
0.021459019644941252
0.023803009483972314
0.0305711079889494
0.03114637957087325
0.018439241810871646
0.018660094090878095
0.018046399567680924
0.010982525999981584
0.014780179450147122
0.011674269141058506
0.0195983164488822
0.017607749299931582
0.01702114339838515
0.028318157327970654
0.02701360659995131
0.023530531612987602
0.01701711285624413
0.017769308106984464
0.016505344286020105
0.015142585844553962
0.013689633232423264
0.012155621864997407
0.010550164881390604
0.008883293100552752
0.007165392548760459
0.005407139946450032
0.0036194365538975344
0.0018133407843734985
5.367612598133863E-16
0.0018094180900321067
0.003603794008245322
0.0053721246444682685
0.007103590532063641
0.008787621854593843
0.010413962781396464
0.011972733741581497
0.013454491259359252
0.014850284989615459
0.01615171160994149
0.017350965245904203
0.02827001577864825
0.024855378922155245
0.04017836401122394
0.024224465954224117
0.02764721376951241
0.027990749155205604
0.017891874007858133
0.0198313531202432
0.030211265294787074
0.019037309581316404
0.016330788736573346
0.02714267766861294
0.026519978772808015
0.024564817205757934
0.039499638636476354
0.025388653926148953
0.02849949139537777
0.01703576891731648
0.01582602400082809
0.0145212221228173
0.013129576318165718
0.01165981713250685
0.010121138014664091
0.008523137976576483
0.006875761877448865
0.005189238702475031
0.003474018218219005
0.0017407063958088055
8.880999716831568E-15
0.0017373792535228484
0.0034607505683585398
0.005159539561485077
0.006823342980649125
0.008441992249951418
0.010005615456475667
0.011504697400999412
0.012930137348571213
0.01427330412917108
0.015526088255907422
0.016680950746746387
0.009401155465357849
0.018016564156587412
0.005414774441874205
0.019419720876242438
0.01933813775958664
0.019875722847556856
0.03753540235605451
0.034039382217215614
0.03910349638475804
0.03420720321435813
0.03748411832066076
0.020258331412293478
0.019851016459227475
0.02185393400522214
0.01053460577868248
0.016626302035218588
0.012515022005123732
0.01641372860143305
0.015249972865765096
0.013994328584076272
0.01265467983793509
0.011239413419888293
0.009757366466509215
0.008217771418267777
0.006630198648216949
0.005004497114994757
0.0033507334073840495
0.0016791295566406233
4.9398393182895905E-15
0.0016763119168735179
0.003339497508488471
0.004979345999428142
0.0065858070681812505
0.00814905230301833
0.009659535194490856
0.01110804929967799
0.012485784224256873
0.013784379082911446
0.014995973114478789
0.016113253146075826
0.021176229356802127
0.02293887036718313
0.01925146118226412
0.01318070026887621
0.020112178956595034
0.020573977097341684
0.01680674291104031
0.02627650994771047
0.008307018170061077
0.02687442939667075
0.01806379598495024
0.02070482039223036
0.020288991602853187
0.010515662526761999
0.014211090745766878
0.021248632594737374
0.017970871838258278
0.01588737822922304
0.0147625818447514
0.013548571158452156
0.012252950983884412
0.010883816402479887
0.009449702303210808
0.007959530298475148
0.006422553345608716
0.004848298416961543
0.0032465075731304533
0.0016270778027897813
7.687436259257555E-15
0.0016247025454928054
0.003237035767177185
0.004827096171894323
0.006385131545148296
0.007901600640538508
0.009367231488446039
0.010773077968524999
0.012110574301547803
0.013371587129267521
0.014548464866399923
0.01563408402589676
0.022575081240127807
0.018413353647159368
0.03085195104069335
0.03101300942362473
0.016891070911623833
0.017233988761932762
0.019337711365565946
0.02247879902183329
0.031265277200795034
0.021820847963004802
0.01789528851942252
0.016695552595630447
0.016176934379736354
0.02994715816653548
0.03163480700935611
0.01964773963277764
0.023395162705356826
0.015444371757692824
0.014352440193506314
0.013173533359920967
0.011915019650558297
0.010584747402742435
0.009190996056051422
0.0077424247271550475
0.006248018519869629
0.004717032902417182
0.003158936495763143
0.001583352625870489
3.258842025628329E-15
0.0015813671279529587
0.0031510189353864556
0.004699309784059292
0.006216737382101132
0.00769400099268709
0.009122058333465556
0.010492180819390642
0.0117960068120108
0.01302559255094167
0.014173460457968834
0.015232644520587786
0.009173264357283684
0.017147069411168
0.014524870353397478
0.01552188616093387
0.02382443264336919
0.02424978798428802
0.029054695640739068
0.033339171638765736
0.018111785551809957
0.03303600202330746
0.028835224683074277
0.024243861460589988
0.02382298944725556
0.01746313819151541
0.016946144563600017
0.01822883352897687
0.010343404998453067
0.015075026171649372
0.014010597974014922
0.012861044675934736
0.011633535736638216
0.01033571216538793
0.008975639047644044
0.007561755518894104
0.006102822496019973
0.004607868489191481
0.00308613382899208
0.0015470136525465366
1.026575422285448E-14
0.0015453766227239499
0.003079605855297071
0.00459325590914819
0.006077031449696034
0.0075218305803106495
0.008918800579125615
0.010259392048029886
0.01153541114321719
0.012739069568689957
0.013863032028239118
0.014900460847375204
0.019855858236226123
0.017945510795400542
0.02406584200573308
0.015345070355251475
0.020095525454280585
0.020627057690869446
0.02045021182308338
0.015191088203934389
0.028844049014631824
0.015786573728766132
0.021561180161446817
0.02166501734943862
0.021480615426443396
0.0153232522599504
0.022424974773279777
0.01585005612131203
0.01782022716071543
0.014771748995773262
0.013730038049235053
0.01260469958122155
0.011402737382910737
0.010131620185258552
0.008799235330318246
0.007413839913161165
0.005984009696895727
0.004518586115974233
0.0030266216949534908
0.0015173242190170682
1.6692552634330275E-16
0.0015160034130014856
0.0030213547264743095
0.004506796245606166
0.005963200715938075
0.007381627315092263
0.008753376451601673
0.010070043035633575
0.011323567895694372
0.012506287027605537
0.013610978374995305
0.014630905856407273
0.017850418020004442
0.021222442847284504
0.017772543331711816
0.018524850903636692
0.01697502658911561
0.017105017778151866
0.012846703136171107
0.012842202018765146
0.01443607490887534
0.012544605694477885
0.011786510995860271
0.016042415886685268
0.015571449981205455
0.01685218976119878
0.016639469919086235
0.019815737251808376
0.01877548801814758
0.01452862451510203
0.01350529438705138
0.01239950977152911
0.011218138743401381
0.009968509378500466
0.008658364370334999
0.0072958131323875835
0.005889281682093576
0.004447460615541724
0.002979251493700491
0.0014937119704675525
9.5490218354898E-16
0.001492682533099846
0.002975146414706974
0.004438271585389763
0.005873063161207036
0.007270706647689141
0.008622622008373338
0.009920516256842002
0.011156434250419029
0.012322807374819479
0.013412499822267795
0.014418852180572643
0.011619734171970894
0.018569096506683848
0.024217047140314536
0.029190151487485726
0.030552914498438676
0.030991954734433235
0.02833934167482992
0.02887992468335257
0.035140781166064124
0.028822957380603875
0.02784298384753152
0.031217145059300566
0.03085021091306598
0.030371448450205788
0.025021972723101155
0.023192209470434478
0.011739901226635277
0.014341113543072664
0.013332175107203473
0.012241651830625587
0.011076303439811136
0.009843346313627868
0.008550408863450366
0.007205484406090805
0.0058168818202354216
0.004393174290423486
0.0029431464544585058
0.0014757402795352534
8.658326779539161E-15
0.0014749835446430666
0.0029401288293680124
0.004386419477508508
0.005804959666124274
0.0071870287627682885
0.00852413485866201
0.009808066870150211
0.011030944889175963
0.012185268474427672
0.013263962587797272
0.014260420895057484
0.017594804165814142
0.0017872998124777307
0.019186215995530106
0.0038662734005260433
0.005108753285816488
0.005553824503288438
0.019180770289476394
0.02545388286705595
0.03280602737227309
0.025781923726204994
0.020078222275339883
0.005992657897192679
0.005704489992014621
0.005707713670151552
0.02062522636895499
0.005053311997136959
0.01658135492657998
0.014205836626890213
0.013207562550501003
0.01212828512368796
0.010974681112944315
0.009753882125004066
0.0084734305824135
0.0071412331910645915
0.005765512186416587
0.004354754658456893
0.0029176602675241685
0.0014630876723697901
8.025364390146394E-15
0.001462590307408556
0.0029156769298876507
0.0043503150505635095
0.005757676340099931
0.007129103207221496
0.008456161982302061
0.009730694707838064
0.01094486921824005
0.012091227201863666
0.013162729950771071
0.014152801518094041
0.015144868844585418
0.04219285155797844
0.021410472571431277
0.02713854377305968
0.027484462496992053
0.027769917729728574
0.011422545859112081
0.014695025069559588
0.014732829548319226
0.014289329667893848
0.011091944867071952
0.027142980940727982
0.026652683740495044
0.025732471632743368
0.01993813329718264
0.043952511579511785
0.015573706694310947
0.014120420498247964
0.013129271780951744
0.012057423013995695
0.010911491925414582
0.009698550779610397
0.00842608279069553
0.007101936019158235
0.005734275035345319
0.004331530647314524
0.0029023480018581806
0.0014555333780348395
3.3700776978176807E-15
0.0014552867977822139
0.002901364716134922
0.004329329608797481
0.0057303902335267606
0.007095922300637999
0.008417521487012681
0.009687055090156505
0.010896712005366592
0.012039050719144346
0.013107045024551614
0.014094127177918716
0.014402009815397762
0.032499632135576315
0.021325514430783506
0.017340722830071847
0.016620404085134065
0.01709916995752209
0.024180685379152633
0.023287644393429285
0.024728325903784654
0.022868666519609518
0.023648912042112603
0.01794568720166367
0.017744514932573476
0.018224438149968342
0.02020784480019053
0.036947235797142305
0.01467367598279408
0.014083394332787836
0.013095955155914447
0.012027846164577576
0.010885648950798923
0.009676400843691615
0.00840755161046455
0.007086917623864033
0.005722633777815109
0.004323103446449152
0.0028969467941629278
0.0014529477539642636
