1.0
0.9989725854527265
0.9958941397184445
0.9907760398146889
0.983637191833765
0.9745039478168482
0.9634099899352723
0.9503961825331806
0.9355103927392262
0.8910971604675006
0.8267447529732402
0.7884722056554043
0.776449647629785
0.7629610623772267
0.7566824036958144
0.6849804703755428
0.6224745664498798
0.5767663281304579
0.585181708617364
0.555606272466831
0.5332715488538086
0.49373251014017827
0.4615665372972571
0.39179494561119727
0.3759564892215892
0.3759690781124465
0.38718354290903123
0.3362714892938958
0.2922302482613148
0.2479429738437939
0.2308386505755678
0.23991165528470096
0.23395677675898263
0.2016731299197529
0.1700806805333095
0.1392737663276272
0.10934235931995492
0.0803717243920969
0.05244210162743664
0.025628413765297366
0.0
0.02437962278192713
0.04745297037168256
0.06916877240348758
0.08948212364992514
0.10835460493099745
0.125754373271655
0.14165622109465442
0.15604160438810724
0.19499310927330157
0.24547891750350137
0.2686689385747343
0.2614386513924995
0.2529651098944533
0.24273052223413966
0.2887781561021843
0.31316033746551103
0.3248460763145412
0.28221703249508967
0.27568452802859994
0.2689655569399127
0.2651209476266994
0.26168393891568126
0.29491832940083085
0.27552583516154155
0.2469739508985099
0.19537034197198538
0.19743739440176414
0.20282702128109859
0.209493072186898
0.18702387241663443
0.14113582563245428
0.10413347464621611
0.09130375337943708
0.07826434592779978
0.06509537670314766
0.051875662795561175
0.03868235100081229
0.025590567982649175
0.012673085182488948
1.5939886728033058E-16
0.012361565328205659
0.024347745827529178
0.03589819564672752
0.04695632858088937
0.057469536274566524
0.06738938324713178
0.07667177800935424
0.08527711967004893
0.07335433439561685
0.07157174845057873
0.07640679915840652
0.09157033253386201
0.10712901444115323
0.11862382254517802
0.09403264771893899
0.09218646205571013
0.09299279397935922
0.12888307683974448
0.13824448501497574
0.12981534675694778
0.13839585608269808
0.12834624813895942
0.09164107598796425
0.08947397471242254
0.08905472352873103
0.11161892385993152
0.1012706861950337
0.08588713798304536
0.07293875173241034
0.0678706369063785
0.059515242240586165
0.06711710121238305
0.059138962311213544
0.05093822132600363
0.0425675653806277
0.0340797816274519
0.025527457685861597
0.0169626874620716
0.008436783880032828
3.831987388605252E-17
0.008298740059596188
0.016412099049191775
0.024294572090917947
0.03190271856496256
0.03919537927375583
0.04613387787015406
0.05268220563223851
0.05880718876800636
0.08294017880023856
0.10083970004030314
0.10251634786121185
0.07883902554996583
0.07583750439370858
0.07856610481474033
0.09857687028428007
0.09836462751112407
0.09570696395887239
0.08030897706359756
0.07838210358339509
0.09246763363764778
0.07971007277223993
0.08141457048046497
0.0906565558788219
0.09153237970757898
0.09001070847365134
0.07604262097684046
0.07276278244870593
0.06409636096080064
0.08249598567912587
0.08218608927210326
0.07094033537042771
0.04963964052493704
0.04384237336355535
0.037850671909973134
0.03170319158088218
0.025439031390899713
0.01909749911995541
0.012717877975440968
0.006339196069147938
6.008507293160452E-16
0.006261866202462724
0.012409475561784872
0.01840702490262411
0.024220032755729416
0.029815527373654747
0.035162223877610206
0.04023068962729861
0.04499349698178101
0.047431621331190846
0.06119951283191994
0.05992831071982593
0.07078095845723445
0.0837416015945171
0.08334215141569105
0.06139523999152593
0.06784329645354986
0.07920702281338239
0.11555509119031661
0.13746836804069015
0.12112952868628664
0.13633395552421027
0.11332625254032072
0.07701474283939524
0.06446395866876066
0.05700722127147967
0.07713364109244963
0.07847049362560829
0.06697630497650371
0.05447864351366054
0.057202395497769044
0.046384884409774195
0.039489974235264645
0.03492661100534887
0.030194876749065017
0.025325216019943253
0.020348602879240726
0.015296350844881377
0.010199922616160786
0.005090740693765324
1.14922598646542E-15
0.005041516417228984
0.010003617540091178
0.014856879372913506
0.01957281378612381
0.024124030271788034
0.028484389719773427
0.03262914937775211
0.03653509821676669
0.04809131696966642
0.04291693244553972
0.046068366182015826
0.06643063324687182
0.08753813752072143
0.08095231428531463
0.07120901283586854
0.06817656270373257
0.07592733222912823
0.10341873888623229
0.11224597079586861
0.12292777509053647
0.11124026648893594
0.1017884232719418
0.07345485556371555
0.06455862748562688
0.06867491293084028
0.07825438199529185
0.08648430409845717
0.0711971241059916
0.0455362165306544
0.03639010872299478
0.041306490156864974
0.03287863137833099
0.02910609616760633
0.025185915879489363
0.021143214447610772
0.01700365428408386
0.012793277347069143
0.00853834518107356
0.004265178890457396
1.65746197651406E-15
0.00423122685595474
0.008402948491872902
0.012490174076164071
0.016468621510455556
0.020314858443544543
0.02400643711855096
0.02752202229394934
0.03084151152596926
0.04539287698592952
0.040561656278860055
0.03371209185810827
0.047243254658693286
0.03955524472552843
0.03649540868566933
0.03762856839013214
0.0504924140206401
0.049579933041132805
0.048315038513315506
0.047222097242157035
0.04142723437662106
0.04517911181193739
0.04598757626272878
0.05007501361534324
0.052772773332645566
0.040220188378307264
0.03350319771443016
0.031127813123791995
0.04091619861159677
0.02782179515223507
0.03421776046338096
0.04497840929166917
0.02824540780962711
0.025021011314590877
0.021665227760589673
0.01819948054447539
0.014645715469343984
0.011026264246839352
0.0073637065820850054
0.0036807316787422118
7.807106499785974E-16
0.003655993885695294
0.007265056556972233
0.010805428289309341
0.01425591212285063
0.01759599869453637
0.020805986110942996
0.023867094172388317
0.026761572296945587
0.026281777806754968
0.03638117871490057
0.05201329573725747
0.0714866593381861
0.055369896138986886
0.04010261871681408
0.03455986966835004
0.022949653570872513
0.026797794704728543
0.042163440207460906
0.03924906758386205
0.03761051714303077
0.03781122815749377
0.03898994516191083
0.023488477971148194
0.019302854910868462
0.028810759038723592
0.031724587909964116
0.04596943271530592
0.0669903683809465
0.05197130132487968
0.03890259248002333
0.02144298934470464
0.024830357014186025
0.022006789021949868
0.01906471839956881
0.016022861053658355
0.012900431665656315
0.009717023953108516
0.006492489323493833
0.0032468146625363346
1.2102890972494333E-15
0.0032280632073156466
0.006417712443589242
0.009549632433257299
0.012604970668223615
0.015565449480291956
0.01841347400050862
0.021132235375581714
0.02370580864346558
0.04291262019403323
0.01625432837680065
0.012213527232804597
0.017560265050743127
0.03864055165603825
0.05823492657740219
0.07074051537852069
0.061549469546000934
0.06469013433618863
0.06006842005033449
0.08796066737810829
0.0903629418009823
0.08910848000594628
0.06065084689298494
0.06406642793173034
0.059086427150364856
0.07300257672635882
0.06220571213861677
0.04393355443963673
0.01604047050030145
0.011376925470426322
0.011762409072140535
0.04170632492827233
0.022219107023999755
0.019700210362088116
0.017073170655952957
0.01435464711438661
0.01156177296142846
0.008712048594937384
0.005823233049986813
0.0029132344336090673
1.1461214256275179E-15
0.0028985934653010517
0.0057648482892979375
0.008581352929306313
0.01133108672356243
0.013997521750360975
0.016564721191941047
0.019017433623294954
0.021341182673569083
0.010827857197904822
0.04209786657376804
0.04133687200096895
0.042399845290208536
0.011550701708909056
0.004609413822212802
0.0076669904109269845
0.0279646642071384
0.01621780334403257
0.014959067503761603
0.02749602008015802
0.034636356556526075
0.026971420132001545
0.015674424985233415
0.017678903929191286
0.03138581023208152
0.00879288379647053
0.008119700883501318
0.010105220633539332
0.03717439408440737
0.03614654523951553
0.04099991357725008
0.007850097791619217
0.020166556388839605
0.01788605536620319
0.015505857279759986
0.013041013712297087
0.01050702679199729
0.007919752519501406
0.005295302366408308
0.002649943750819885
3.1566559526997682E-15
0.002638249589547996
0.005248668987356533
0.007815363359242536
0.010322775102729873
0.012755777411734908
0.015099764812140279
0.017340740130546376
0.019465397382425375
0.037478835051801274
0.010905653949339577
0.020665147908709897
0.023747625626382614
0.047879557660713196
0.057466564168825854
0.06001296254114826
0.018664284508375595
0.03687767955448777
0.04149712075596059
0.07386271305134369
0.08601702466171322
0.07231166276591651
0.03981418245505085
0.034988044867595
0.015656344297601498
0.05473469591122689
0.0525080010642033
0.04461257079570838
0.024321279705439243
0.023535562028307516
0.013215428152118132
0.03553507981107226
0.01851851851852092
0.0164287524229438
0.014246258644904633
0.011984803983147066
0.009658584444422053
0.00728213674588203
0.004870248084483728
0.0024378647295425627
4.3177752004409505E-16
0.0024283578107883097
0.004832337001509644
0.007197272964717634
0.009508797076711937
0.011752923439939767
0.013916132957620425
0.0159854542383244
0.01794854084947716
0.006052449030143048
0.03220086249277868
0.020399664872816817
0.029180105472890877
0.019083612661231354
0.019891143086716558
0.022817473152101125
0.04833993445623592
0.03182273083940838
0.03016491792520276
0.01880578351451515
0.023775845744879724
0.019967277225705883
0.030398525680688068
0.031826951046720516
0.04752851464885535
0.025419562856019123
0.02174312694954514
0.020666829517019137
0.029335682740086726
0.018981021664595102
0.02823472420646885
0.007507403710296053
0.017173209640045047
0.015238710305108495
0.01321729184971414
0.011121676278227183
0.00896499579792933
0.0067607109986058764
0.004522527309868701
0.0022643102517673546
2.1563563993732903E-15
0.00225647421077402
0.004491279322590109
0.0066907628099742026
0.008841535644205674
0.010930553364367301
0.012945194766961193
0.014873337741865878
0.016703431801369958
0.029799364926925427
0.018163017390805006
0.02770185011171893
0.017002749341082143
0.02631537701896008
0.024636619008963558
0.02022526796425185
0.02884770629238986
0.034647251420979304
0.030063503954515534
0.02338183937345773
0.026337628122791727
0.023307534196288275
0.030441940806612923
0.034849344630332686
0.02996842177237338
0.019816094454188034
0.023581124619927084
0.02428457806928451
0.014960530203740116
0.026950857750477352
0.018724866148678482
0.027492437907387236
0.01606079112866208
0.014254402945587564
0.012365975136842067
0.010407368373055672
0.008390836793720146
0.006328951709567446
0.0042345236008700755
0.0021205228934400174
1.868966808005801E-15
0.002113994882373681
0.004208491728061665
0.0062706799042004545
0.008287986175754193
0.010248151021479966
0.012139302799506995
0.013950029315998357
0.015669446367282618
0.011686576849121916
0.018990598728323344
0.023209047151737498
0.028917135356400656
0.022554351824267665
0.02707070692358794
0.036502321951900306
0.02087288935780537
0.02027999616180319
0.020789726801294837
0.03826032932997383
0.03703703703704138
0.037947312159410815
0.020018637608611306
0.01983662949565303
0.01833679003450939
0.03634298881190307
0.026305034754455413
0.022112807742864074
0.027976914677358022
0.024295010925440414
0.018446066112303847
0.012933563681209303
0.015131808464328428
0.01343223112504921
0.011654737426119041
0.00981047034624763
0.00791095171134898
0.005968010510536227
0.003993709529249334
0.002000270752829563
9.660927473991711E-16
0.001994788750868556
0.003971848879046359
0.005919076020936475
0.00782458189546219
0.009676766606714241
0.011464388985831839
0.013176634547167563
0.0148031806494679
0.02151181789561156
0.0171581785813375
0.019395080266698863
0.022198038036381637
0.020812610079283367
0.029860598177401842
0.03177443393538708
0.03135930048893756
0.025790942454211443
0.03266864692178489
0.028186652334765756
0.04339775511381402
0.028025252043246757
0.03247482648254586
0.0244595773339935
0.030804867890047303
0.03225941959454282
0.029943061657734693
0.01965640630535573
0.025236717118658027
0.01702698008792775
0.015696345195253755
0.019441567556620777
0.014350319253920616
0.012740489276206319
0.011056240820027742
0.009308114012787094
0.007507015135162865
0.005664148820685681
0.0037909485941314157
0.0018990061775872198
2.521954435082573E-15
0.0018943766504764881
0.0037724873907038865
0.005622823984444424
0.0074340766270626964
0.009195202845306337
0.01089549459368882
0.012524643141227648
0.01407280135656434
0.014960129479881465
0.023000339535962762
0.02225508910032814
0.020090302620737945
0.0263041122031977
0.017175575402264318
0.02662617939975958
0.028791573386761835
0.028159921342690297
0.019122165713634814
0.024359348129139754
0.018241909663039256
0.024533290876498814
0.019450595736822947
0.028509156797164946
0.02975253811514373
0.02512240302912471
0.016597118011314554
0.028526502754039194
0.017284113712782732
0.020132539350828944
0.024708590826904166
0.015241342988161545
0.013689633232424753
0.012155621864992545
0.010550164881392548
0.008883293100559356
0.0071653925487634015
0.005407139946447084
0.00361943655390103
0.0018133407843691342
3.413815701322409E-15
0.001809418090030059
0.003603794008243369
0.005372124644474329
0.007103590532064191
0.00878762185459543
0.010413962781396245
0.011972733741575333
0.013454491259361268
0.015229148155271028
0.009542959945915131
0.01776333170043147
0.028819757120797193
0.010962514703506966
0.02308665001212255
0.027495921013568608
0.019705897834971998
0.018796916639905487
0.026621034456576154
0.015572239397344256
0.027003383278289893
0.015233603572421935
0.02626239943904398
0.019749964152701367
0.01866051472765783
0.026635778237857757
0.02159616546393739
0.008922997411744939
0.02720603386676608
0.020128373721738514
0.00740220347227217
0.0143186434211405
0.013129576318165146
0.011659817132507794
0.010121138014663683
0.00852313797657421
0.006875761877445222
0.005189238702478255
0.003474018218224975
0.0017407063958192505
7.139776535009842E-15
0.001737379253529825
0.0034607505683612616
0.005159539561483761
0.006823342980652589
0.008441992249951714
0.010005615456470711
0.011504697400997759
0.012930137348568037
0.014776662468439042
0.026119825635739075
0.01058701840448822
0.012572650099417404
0.03195300848380717
0.019751398051494062
0.019566118266792918
0.024038459432423047
0.021537216078274805
0.024534569909659684
0.030359567778753548
0.022513591802565895
0.03015057171874843
0.024918029333584456
0.020528916909828745
0.022722398660979283
0.018729173956612465
0.01967049150915508
0.030066087987269657
0.015024336152080923
0.008124194012410714
0.025128571431370577
0.01418648372441398
0.012654679837931507
0.011239413419892763
0.00975736646650847
0.008217771418263646
0.00663019864820921
0.005004497114995484
0.0033507334073915114
0.0016791295566385195
5.244454307576003E-16
0.0016763119168682775
0.0033394975084935882
0.00497934599942023
0.006585807068181144
0.00814905230301217
0.00965953519448623
0.011108049299682933
0.012485784224261623
0.01402013245826043
0.006564810632776052
0.025987443181260114
0.014624391290933497
0.011839513285584661
0.01970632259935167
0.02637455170973362
0.021770077180883612
0.025932574166814923
0.014214556812012566
0.024037235879324614
0.023741691073919484
0.024614094527789086
0.013202860175871243
0.025301186915725953
0.022314574387704407
0.026917581032279574
0.020528031691377686
0.015373751060591823
0.011308991397790338
0.026079036795835488
0.008461467781812865
0.014542907500234369
0.012252950983884795
0.010883816402484104
0.009449702303217093
0.00795953029847073
0.006422553345599383
0.004848298416955356
0.0032465075731358908
0.0016270778027928396
1.045209082330444E-14
0.0016247025454922917
0.003237035767177414
0.0048270961718926975
0.006385131545155256
0.007901600640550689
0.00936723148844587
0.01077307796852273
0.012110574301547179
0.011770743006380178
0.018834177569724397
0.007867950579428285
0.02579734760548382
0.01329442450810657
0.014246162768255615
0.009864709016763713
0.017057679994220566
0.021228761368147782
0.035141528067085336
0.010835561944501687
0.012474966973595432
0.010260215171117788
0.035577538956333546
0.022507356945942254
0.017173586507306708
0.009363526827040216
0.013653309640583217
0.011127931580643543
0.027038067025498748
0.009505985434636705
0.01632491597479322
0.010623099646506297
0.011915019650552644
0.010584747402748075
0.009190996056048673
0.007742424727156466
0.006248018519872355
0.004717032902414926
0.003158936495759323
0.0015833526258632262
6.963320202168482E-15
0.001581367127954724
0.0031510189353852087
0.004699309784060879
0.00621673738210299
0.007694000992689348
0.009122058333472877
0.010492180819399588
0.011796006812012908
0.016589080006124156
0.01417346045796085
0.020730538835877544
0.00803663098071658
0.02924037389242336
0.023293242785253604
0.026881082647868485
0.024433443267012682
0.010537744750384296
0.013357672079396815
0.03255600908117199
0.031141060756049773
0.03225674005599743
0.014277138529830306
0.010008201602712678
0.0248315145859635
0.025799264590752928
0.022656241480699803
0.03025514536839166
0.008926286107525291
0.018307746797792956
0.01543493670499358
0.017373806036872767
0.011633535736642107
0.010335712165393677
0.008975639047646807
0.0075617555188930655
0.006102822496016967
0.004607868489188283
0.0030861338289820874
0.0015470136525534183
2.4472976173489097E-15
0.001545376622720392
0.003079605855300267
0.004593255909150219
0.0060770314497055515
0.007521830580319011
0.008918800579125205
0.01025939204803074
0.011535411143215706
0.007558196443946008
0.012648643141193315
0.01423576877019526
0.024898342258179464
0.019492271131695396
0.016157477804659526
0.01619901603344339
0.015882436296843615
0.032566193367240114
0.029622509594485306
0.020474396072955536
0.01840105614462914
0.021064591654240798
0.028418918500017796
0.032333764915247865
0.014981796192133225
0.017337377460046155
0.0166780386610224
0.02095819115560754
0.023551727345452158
0.014975796756979368
0.013531656822480802
0.006678184945157099
0.01140273738291326
0.010131620185260369
0.008799235330315652
0.007413839913165786
0.005984009696900268
0.004518586115968513
0.003026621694950698
0.0015173242190134465
1.8389287083941556E-15
0.0015160034130010669
0.0030213547264796026
0.004506796245602995
0.005963200715934342
0.007381627315091706
0.008753376451605252
0.010070043035635814
0.011323567895693542
0.01890966744253625
0.016222596026771605
0.014804226113656423
0.009427001496360679
0.02326212186998848
0.017147784015102304
0.01581436757340411
0.02520318237749401
0.011421029934259506
0.021478146661178824
0.008871365667497634
0.020415692923564363
0.008407298781590493
0.021574159292034597
0.011284574650113914
0.024439939543378503
0.01614325520044855
0.017965015889346164
0.02027988957836913
0.00877913801745925
0.016067385175463123
0.015447978899848992
0.01920363956868468
0.011218138743400063
0.009968509378499586
0.00865836437033662
0.007295813132385429
0.005889281682090513
0.004447460615542342
0.002979251493704165
0.0014937119704659205
4.411745122597665E-15
0.001492682533100424
0.0029751464147022883
0.0044382715853804895
0.005873063161205038
0.007270706647692603
0.008622622008377549
0.00992051625684132
0.011156434250422374
0.0065968697185536385
0.01822021733511913
0.014456377870823201
0.02341540472222993
0.019764632008404136
0.017238257026487798
0.022350343047311906
0.01890094459293841
0.026009265042501926
0.023557097266108575
0.030794714073456245
0.025174372246433648
0.030588676066524757
0.02521637827704663
0.026390092719280205
0.02143023454832283
0.022511786119559746
0.016851047817971736
0.018467724231955668
0.024664199615741206
0.013381349369335433
0.019297009315602447
0.007484196754406714
0.011076303439818955
0.009843346313623057
0.008550408863446666
0.0072054844060897094
0.00581688182023866
0.004393174290421541
0.0029431464544608897
0.0014757402795323171
8.348195689157825E-15
0.0014749835446472108
0.0029401288293648864
0.004386419477504455
0.005804959666128323
0.0071870287627669414
0.008524134858664534
0.009808066870151618
0.011030944889175933
0.019067396214044192
0.010952126974010127
0.021131740763461034
0.0042285091898886665
0.016077848213334512
0.029836164216585307
0.029136256885969058
0.012845752401581948
0.014187773951748531
0.025609944412907266
0.022274645527025676
0.04812653259808261
0.02264482226327155
0.025477390635863486
0.014493506326327598
0.01120287751018281
0.030275565121944716
0.030960228488429067
0.0174349057215541
0.0032969074660570076
0.02154510446971456
0.009422599440210599
0.018659645629285782
0.010974681112940754
0.009753882124992945
0.008473430582406842
0.007141233191071188
0.005765512186419181
0.004354754658462633
0.0029176602675291185
0.0014630876723716077
6.88777512942715E-15
0.00146259030741501
0.002915676929891254
0.004350315050563008
0.005757676340102048
0.007129103207224109
0.008456161982298637
0.009730694707839467
0.010944869218247522
0.010906618512882911
0.019107127410189082
0.008877749239404778
0.026601310994645747
0.012743581982717305
0.00917294622163777
0.0175590917559103
0.034824690517834385
0.03280728567862369
0.04123342348915753
0.011016657517818464
0.016240963274578944
0.010703299570658055
0.040659227122966414
0.032350711126375345
0.03429799655159406
0.016465967346177078
0.007581946325150025
0.012350644985623055
0.025478478937185526
0.008879369266177436
0.01788326696523731
0.012302873894034203
0.010911491925408722
0.00969855077960214
0.008426082790692103
0.007101936019150918
0.005734275035346502
0.004331530647313697
0.002902348001856115
0.0014555333780371146
6.8391911397325205E-15
0.001455286797782075
0.002901364716143807
0.004329329608800993
0.005730390233528285
0.007095922300629118
0.008417521487008249
0.009687055090155114
0.010896712005373404
0.016694782126821187
0.010078633143853523
0.017792699001400156
0.01194687213326286
0.01841690974067717
0.02382024099907984
0.024813466951514734
0.010773234126243845
0.015548379966300468
0.0143223241323632
0.02462120221993377
0.030028113613030843
0.024321931838966335
0.014917482690406825
0.01650368539099493
0.01383020334381994
0.022659385713633424
0.020585451729357895
0.0171588718635257
0.015218211127219142
0.015552497730212292
0.012025362970695303
0.01564746820853653
0.0108856489507991
0.009676400843693443
0.008407551610459675
0.0070869176238613305
0.005722633777821023
0.004323103446453963
0.0028969467941705957
0.0014529477539631944
