1.0
0.9989725854527322
0.995894139718448
0.9907760398146919
0.9836371918337697
0.9745039478168526
0.9634099899352776
0.9503961825331843
0.9355103927392292
0.9188072805050707
0.9003480590739844
0.8616937601970048
0.803016500802863
0.7151755019248086
0.6636187761186076
0.611144600748891
0.5936735988167383
0.6103578922349056
0.5905711514480338
0.5603263255920301
0.5116482616127815
0.497436858909715
0.46501501292895786
0.4223649487901715
0.34572906452096
0.30244525045751885
0.2930109724886823
0.2835786256927246
0.3131795194986033
0.31552141617386265
0.300200686275097
0.2668332813211882
0.23395677675898413
0.20167312991975375
0.17008068053331007
0.13927376632762747
0.10934235931995526
0.08037172439209758
0.05244210162743689
0.02562841376529707
4.284683669583005E-16
0.024379622781927738
0.04745297037168292
0.06916877240348854
0.08948212364992676
0.10835460493099838
0.12575437327165603
0.14165622109465562
0.15604160438810816
0.16889863993921264
0.18022207187652908
0.20829584014720148
0.25151634463553807
0.3188979215237
0.33895114010917815
0.35525952917112713
0.3443724381987054
0.31236161696001064
0.29942113167456746
0.29680287044005776
0.3051909590675731
0.2878404825627279
0.2816156132711623
0.28641924697969834
0.3066032454912788
0.30990899199723754
0.2918993515626657
0.27240554360926417
0.20340456595700715
0.15864957818321915
0.12883908052317383
0.11667245240793701
0.1041334746462163
0.09130375337943782
0.07826434592780031
0.06509537670314908
0.051875662795561626
0.0386823510008126
0.02559056798264989
0.012673085182488978
8.45447374880485E-16
0.012361565328205386
0.024347745827528567
0.03589819564672791
0.046956328580889654
0.05746953627456671
0.06738938324713127
0.07667177800935253
0.08527711967004778
0.09317041956355325
0.10032139756208597
0.08911687920560765
0.06549517112363643
0.019156292898872673
0.02678804425044123
0.04350280868532531
0.06485867687936515
0.07442505164811616
0.09199918335863358
0.09313494025609559
0.09432064999003002
0.09309411347609443
0.09196152731878893
0.07406104904842437
0.06833482990991296
0.04672238386066715
0.024824284070284114
0.01266829497708577
0.05236317707774474
0.07204806756968626
0.08219714680739897
0.07482035430154915
0.0671171012123822
0.059138962311213863
0.05093822132600419
0.04256756538062726
0.03407978162745364
0.02552745768586254
0.016962687462072475
0.008436783880032368
8.837461973545039E-16
0.008298740059596148
0.016412099049192854
0.024294572090918357
0.031902718564962976
0.039195379273755895
0.04613387787015528
0.05268220563223896
0.058807188768007536
0.06447863753738975
0.06966947658610981
0.09148523974401436
0.12076747182639641
0.16598126343421554
0.14091850234691178
0.11417799340680121
0.09373325894491612
0.09761761714584245
0.07880723616420308
0.07785039072395646
0.06970556291843068
0.07428591180370203
0.07170473050670198
0.0872998255799561
0.07791833491675208
0.09550700915378722
0.12289181858207494
0.15144664237949865
0.10939823319003014
0.08225437353122282
0.06049987700365098
0.05520449656085636
0.049639640524935955
0.04384237336355496
0.037850671909972974
0.03170319158088277
0.025439031390899747
0.019097499119955834
0.01271787797544194
0.006339196069147473
1.4525804574255617E-15
0.0062618662024637875
0.012409475561786376
0.018407024902625673
0.024220032755730883
0.029815527373656215
0.03516222387760975
0.04023068962729668
0.04499349698178006
0.04942536269936709
0.05350327330829122
0.04230884500289773
0.03304658103794224
0.007406420426061612
0.04393043489584803
0.08522020291391054
0.11392444978086844
0.10827572400289766
0.12746677725528793
0.1286051962412399
0.1394590923902408
0.12954786189226639
0.1293672704432136
0.11138145833764695
0.116537023077351
0.08817927377120545
0.04763515029240217
0.005981085361927307
0.03171991149865164
0.037844172046003065
0.047993586651201486
0.04385524009181687
0.039489974235264146
0.03492661100534883
0.030194876749063602
0.025325216019944256
0.020348602879242405
0.015296350844884676
0.010199922616159913
0.0050907406937640955
0.0
0.005041516417228867
0.010003617540090834
0.014856879372912668
0.019572813786122377
0.024124030271787243
0.02848438971977448
0.03262914937774979
0.03653509821676932
0.04018068198682813
0.04354611731320094
0.061885676690966375
0.07523012357391463
0.09594763923811656
0.05456901395318258
0.02303757330295779
0.010884912079495053
0.034912669658514014
0.04313880761885719
0.04341336070705276
0.04937228262430556
0.044346843291318466
0.04501590302739997
0.036547289661300185
0.011473904959829613
0.020377137734800738
0.04817989740055848
0.08646154686404461
0.06838810501245995
0.05784976427775181
0.03988390194163764
0.036479093000142376
0.032878631378331684
0.029106096167607228
0.0251859158794901
0.02114321444761285
0.017003654284084308
0.01279327734706917
0.00853834518107238
0.004265178890455239
2.149500502431015E-15
0.004231226855952203
0.008402948491873896
0.012490174076165284
0.016468621510454882
0.02031485844354614
0.024006437118553856
0.02752202229395202
0.03084151152597111
0.0339461471500614
0.03681861935330167
0.02895256066473111
0.029762997319558476
0.017869207290672692
0.052853463030536944
0.0780235232239358
0.10160857697377476
0.12367693309794556
0.1328706199325091
0.1328830528214855
0.1401317126156384
0.1319998497617977
0.13111151635475096
0.12223176657573476
0.09685702199466525
0.07381251688201546
0.051302410974602246
0.021550036528087915
0.02964262398050978
0.027568962771410004
0.03421776046338157
0.03131765050089696
0.028245407809627043
0.025021011314590943
0.021665227760587345
0.01819948054447599
0.014645715469341824
0.011026264246839633
0.00736370658208335
0.0036807316787413015
2.8424732690398637E-16
0.0036559938856950526
0.00726505655697282
0.010805428289310984
0.014255912122850895
0.017595998694535715
0.02080598611094386
0.02386709417238746
0.026761572296944515
0.0294728005348682
0.03198538310894087
0.047198825866433314
0.045644545604486886
0.05302687444016974
0.03670114853870273
0.02958256097925607
0.017108890638235945
0.036865887654731526
0.04241983434799647
0.04184894841846949
0.046139552502521254
0.040933710058899016
0.04057536996525405
0.034753896781563105
0.019395395231124588
0.03187999209464974
0.0377067911838386
0.0483658638818281
0.04110078829321766
0.04474262740214111
0.030050316655056083
0.027517322639368097
0.024830357014185154
0.022006789021949406
0.01906471839956731
0.01602286105365778
0.012900431665656374
0.009717023953108103
0.00649248932349519
0.003246814662533853
1.9218908971792704E-15
0.003228063207315209
0.006417712443587128
0.00954963243325742
0.012604970668226568
0.015565449480290606
0.018413474000508242
0.021132235375583733
0.0237058086434657
0.026119244705549417
0.028358655871712855
0.02498044652117442
0.02978704930820729
0.03438190182308649
0.0428710443995166
0.051035533342166775
0.05464872270893051
0.0834551784093845
0.0725724889257094
0.07200698387731269
0.0713406827444956
0.07019244646486492
0.06894577692984397
0.07952997688615376
0.051235014796429314
0.04961789298153945
0.04275923564247565
0.03577231169609623
0.029892502153320868
0.02462877076724797
0.026868828375115603
0.024613779935093904
0.022219107024005775
0.019700210362087463
0.017073170655953207
0.01435464711438821
0.01156177296142971
0.008712048594939894
0.0058232330499893795
0.002913234433608208
1.9373997143743658E-15
0.0028985934653000004
0.0057648482892980165
0.008581352929308308
0.011331086723563439
0.013997521750362755
0.01656472119193974
0.019017433623292754
0.021341182673566925
0.023522351538322824
0.025548261854451512
0.03761171522172924
0.028255247381614286
0.034611512423060445
0.043306636049675044
0.03231015404480489
0.03060589103135115
0.010505429803454383
0.029486888050400402
0.030304484433781267
0.029866474001697143
0.031302436779504915
0.03148671508475231
0.012374601252019243
0.0301656929478583
0.029821828332549996
0.0427377865333415
0.03261500442633763
0.026491322676088044
0.03582808940465775
0.024371076804362863
0.022332853656680907
0.020166556388831716
0.01788605536620433
0.015505857279755756
0.013041013712294278
0.010507026791995206
0.007919752519503267
0.005295302366407158
0.0026499437508148197
2.8950323384533924E-15
0.0026382495895475905
0.0052486689873549345
0.007815363359245837
0.010322775102727595
0.01275577741173397
0.015099764812138608
0.017340740130547653
0.01946539738242656
0.021461200092845314
0.023316454592683025
0.024074797469469725
0.029941357323688255
0.03596533573013284
0.04612935640580026
0.04729907820163666
0.035080306155693027
0.0420354519297572
0.030869006909353205
0.031151684876680536
0.035135914526126986
0.03134442583346236
0.03127080391453035
0.040309433657258906
0.034804529033156735
0.04757699706125929
0.04669669705705904
0.0349703522390004
0.02975120432723305
0.02401886733720978
0.022367460989533103
0.020502305557446004
0.018518518518520186
0.01642875242294076
0.01424625864490255
0.011984803983147954
0.009658584444420845
0.007282136745884035
0.00487024808448068
0.002437864729539229
4.023806879717276E-15
0.0024283578107893384
0.004832337001507712
0.007197272964715651
0.009508797076712741
0.011752923439941996
0.01391613295762076
0.01598545423831923
0.017948540849477928
0.019793744462759572
0.021510183461027284
0.030362700228422666
0.02417822253592065
0.02349869077796927
0.027154363829007582
0.008170326730956698
0.02520462397032082
0.03446213064836729
0.05963661841833489
0.05996029727605727
0.05252357181765755
0.06013650484380111
0.059991962952910594
0.03512387896383174
0.02550409471773406
0.00704188749746294
0.02293548845544527
0.02164827786552121
0.024302130170951886
0.028934356488156482
0.020733088768744145
0.019008557644273852
0.017173209640045924
0.015238710305112662
0.013217291849713073
0.011121676278228288
0.008964995797926829
0.006760710998605607
0.004522527309871898
0.002264310251769511
3.049850493215927E-15
0.0022564742107748638
0.004491279322588417
0.0066907628099745235
0.008841535644205633
0.010930553364366442
0.01294519476696288
0.014873337741865151
0.016703431801371318
0.01842456687080425
0.02002653793330778
0.02392893132336581
0.027743031383730285
0.029765822151343862
0.049789191044632995
0.04414073288118957
0.03491132218823155
0.026259448852142445
0.036983360586509216
0.036940895523378425
0.030967548663014738
0.03670499329797881
0.03651011380299619
0.02525039062524675
0.03418268801288933
0.04203665892037316
0.05016667784612669
0.02926817484888199
0.0269118088836644
0.023902607608788057
0.01938241536713205
0.017773746605173002
0.016060791128659883
0.014254402945586669
0.012365975136843982
0.010407368373056048
0.008390836793724649
0.0063289517095676835
0.004234523600870745
0.0021205228934396267
1.647961460625252E-15
0.0021139948823758695
0.004208491728061928
0.0062706799042027755
0.008287986175751997
0.01024815102148209
0.012139302799507994
0.013950029315997028
0.015669446367281587
0.01728726284573519
0.018793842021811915
0.024437954533113444
0.02492216823798372
0.016997977006004132
0.003132888965434648
0.017652047647429708
0.02817544722758963
0.032944194916394234
0.047567211253295515
0.04745728976447478
0.041408666249996444
0.04683392363487766
0.04632008226990498
0.0324075221981091
0.028090899453839628
0.02003496979904149
0.0030351092094628366
0.017276691397279845
0.024860425118362565
0.023241034994104744
0.018254951168106267
0.016742774869493205
0.015131808464321045
0.013432231125053503
0.011654737426118184
0.009810470346247798
0.007910951711350457
0.005968010510538144
0.003993709529246246
0.002000270752829507
2.339614368143527E-15
0.001994788750868802
0.003971848879045122
0.005919076020932958
0.007824581895465392
0.009676766606715442
0.01146438898583239
0.013176634547165689
0.014803180649467678
0.016334258471107335
0.017760711428656737
0.02372250351736096
0.02259059606409454
0.03158395674570487
0.04471464250168776
0.018747008068291795
0.02092618887740598
0.0188676922308479
0.02135301697846687
0.021386518009933065
0.00844728172564587
0.021115897989930098
0.02080468367536869
0.019104722733309383
0.019919402609155697
0.015489447022806743
0.04183850921630698
0.03260710568602348
0.021395192406425352
0.023634246654238876
0.017306785855209193
0.015875622498043553
0.014350319253917453
0.012740489276205946
0.011056240820026072
0.00930811401278874
0.00750701513515996
0.005664148820685367
0.0037909485941329366
0.0018990061775884463
9.957716874867309E-16
0.0018943766504799894
0.0037724873907049954
0.005622823984446191
0.007434076627065484
0.009195202845302754
0.010895494593689057
0.012524643141226964
0.01407280135656926
0.015530643016463886
0.016889418781757856
0.019456042978540967
0.02327699426294401
0.020929404666528737
0.01112329973166609
0.03559365435886393
0.026241938686506545
0.02624413128803414
0.027930902498326422
0.02802768375446689
0.04354154631014453
0.027794925935378554
0.027465753302316657
0.025626361616067045
0.025746704333389634
0.0365540234674946
0.013978889258570042
0.021453827773894662
0.0225755328994374
0.018454202735861795
0.016505344286021278
0.015142585844548112
0.01368963323242169
0.012155621864996757
0.010550164881390713
0.008883293100558368
0.007165392548760165
0.0054071399464507425
0.003619436553903193
0.0018133407843609003
2.9078511144404853E-15
0.0018094180900259439
0.0036037940082485637
0.005372124644471931
0.007103590532067249
0.008787621854602844
0.010413962781399756
0.01197273374157354
0.013454491259359207
0.014850284989617038
0.016151711609939414
0.023178653626071855
0.017477178096312423
0.03553652253085934
0.018309061616791723
0.006262703689899592
0.02620713582663649
0.02476650275368429
0.020500216884991675
0.020736729869182235
0.002993767963040529
0.02079327850313021
0.02061439323149247
0.02525558882687628
0.027578045097492357
0.006529705410308739
0.01471584102269109
0.03537920759915346
0.016983440532117436
0.022999743113115874
0.015826024000832856
0.01452122212282424
0.013129576318165463
0.011659817132505914
0.010121138014666787
0.008523137976575274
0.006875761877450645
0.0051892387024781265
0.0034740182182269983
0.0017407063958161826
9.521081950780585E-15
0.0017373792535267725
0.0034607505683580354
0.005159539561484151
0.006823342980653384
0.00844199224995935
0.01000561545647904
0.01150469740099641
0.012930137348575555
0.014273304129175676
0.015526088255911253
0.01536112625877055
0.019016874133464017
0.020310521014332904
0.03478149109073375
0.030242856885993052
0.014979762636980521
0.014693670242341767
0.022241526960069855
0.022383799137976612
0.03724162822806452
0.022269331930801235
0.022013106999324333
0.013772605279663803
0.013363729652718653
0.028325241851749616
0.0378891939062964
0.019368922361393596
0.01803593528446065
0.014577443627008864
0.015249972865762386
0.01399432858408003
0.012654679837933192
0.011239413419894095
0.009757366466505277
0.008217771418259568
0.0066301986482095124
0.0050044971149980156
0.003350733407388659
0.0016791295566421067
4.662445509685736E-15
0.0016763119168749089
0.0033394975084922018
0.004979345999419944
0.006585807068177245
0.008149052303014664
0.009659535194485709
0.011108049299679386
0.012485784224256202
0.013784379082913058
0.014995973114483198
0.02221869551416483
0.017740746028786027
0.030316988697461147
0.01822783015338354
0.021291191722461113
0.036097809373742566
0.031165167867765638
0.021287219636312495
0.02149330501297726
0.02676384541572004
0.02151976484978568
0.021341287431152167
0.03144821358258336
0.03626114919658726
0.023934333991460253
0.019607612108583007
0.02847417693560149
0.018472006029847533
0.021944551648284804
0.014762581844752182
0.013548571158451454
0.012252950983891708
0.010883816402490533
0.009449702303204893
0.007959530298462969
0.006422553345607129
0.00484829841695772
0.003246507573132516
0.001627077802793155
2.628975820246884E-15
0.0016247025454915812
0.0032370357671764388
0.0048270961718908075
0.006385131545154579
0.007901600640548538
0.009367231488452815
0.010773077968527847
0.012110574301543097
0.013371587129265877
0.01454846486639744
0.012351137458319054
0.014248911814258228
0.015092676938092712
0.04387977394642232
0.020668511631159195
0.005744792289108432
0.010245951141302381
0.02112360838510786
0.021338519267591224
0.027943940096127474
0.021415367978260692
0.021278761942401685
0.010589786875995292
0.006454266420615358
0.02003755354259692
0.04273532887138293
0.015036409129545165
0.01338769796092558
0.011861894684507634
0.0143524401935083
0.013173533359926383
0.011915019650557189
0.01058474740274855
0.009190996056050461
0.007742424727150458
0.006248018519879598
0.0047170329024200245
0.0031589364957610847
0.0015833526258755655
4.751867629877742E-15
0.001581367127956002
0.00315101893538777
0.004699309784059113
0.006216737382102823
0.007694000992687063
0.009122058333467924
0.010492180819402409
0.011796006812016402
0.013025592550942313
0.014173460457975622
0.020844004853129053
0.021910661541118606
0.018448055747375305
0.016544358300424267
0.03313183106671276
0.027388659988339357
0.026510806855365485
0.020549114893449027
0.020642415296699877
0.03726764452675359
0.020493388142593154
0.02025199846463436
0.025314221879315403
0.02567690047962447
0.033036888529390455
0.014712150315401561
0.01646635643218795
0.022655913365611596
0.02048132271404699
0.014010597974018279
0.012861044675942013
0.011633535736639968
0.010335712165389872
0.008975639047641664
0.007561755518894788
0.006102822496015082
0.004607868489182368
0.0030861338289828893
0.0015470136525671363
1.242525774676223E-14
0.0015453766227155657
0.003079605855297106
0.004593255909156903
0.006077031449701241
0.0075218305803143835
0.0089188005791269
0.01025939204803225
0.01153541114321707
0.012739069568693794
0.013863032028233323
0.010808510685648351
0.01037761101699386
0.020259291603612072
0.029490308136511843
0.0091007044537041
0.024652736370867404
0.022011318751279096
0.02540924333202275
0.025652766653027417
0.012535631094119258
0.02579686961212569
0.025696823258426815
0.02354145247479606
0.027181933509656735
0.007044645124259825
0.027057302330859217
0.021828463803637215
0.00973861299742422
0.010695395339242771
0.013730038049229617
0.012604699581225393
0.011402737382910177
0.010131620185262476
0.008799235330314965
0.007413839913158746
0.00598400969689618
0.004518586115969698
0.0030266216949477375
0.0015173242190155787
3.993607186362293E-15
0.0015160034130003693
0.0030213547264773136
0.004506796245607851
0.005963200715941406
0.0073816273150934635
0.008753376451608981
0.01007004303563146
0.011323567895695793
0.01250628702760697
0.013610978374998034
0.01909830838567722
0.024272040295061408
0.010905357282908132
0.011728437900072724
0.03146733720465923
0.020821377334822887
0.004991626611358437
0.009363804869987238
0.009379706189576925
0.02101004951665569
0.009072815064232815
0.008748676369080449
0.003402423622984897
0.021353265496585318
0.031627801744700805
0.012877202540254137
0.010641276479860464
0.024262948767064314
0.01866180809424734
0.013505294387050483
0.012399509771526186
0.01121813874339188
0.009968509378495912
0.008658364370333715
0.00729581313238211
0.005889281682093257
0.004447460615540808
0.0029792514937142986
0.0014937119704665888
1.7977253416626744E-15
0.0014926825331002744
0.002975146414701926
0.004438271585380475
0.005873063161208297
0.007270706647696356
0.008622622008380168
0.00992051625684024
0.011156434250422231
0.012322807374822402
0.013412499822264378
0.010933841430169462
0.00801548623711631
0.02698506969257382
0.01930945233670975
0.0073188537855511365
0.040881301894215155
0.041701196481277174
0.03281042357807931
0.0330706860535611
0.031603606326697835
0.03324207837293131
0.03315384762886393
0.042607443837709764
0.04087635811358054
0.007474294894462385
0.01877861478380992
0.027316029200111686
0.007956801377370495
0.011162085655287982
0.013332175107210478
0.012241651830629951
0.011076303439821668
0.009843346313626777
0.008550408863449634
0.00720548440609006
0.005816881820231705
0.004393174290419394
0.0029431464544526203
0.0014757402795321486
1.338436732731239E-14
0.001474983544644478
0.0029401288293609534
0.004386419477502953
0.0058049596661244795
0.007187028762765508
0.008524134858666625
0.009808066870150829
0.011030944889165405
0.012185268474430418
0.013263962587794088
0.01706259151491119
0.022503991478930854
0.011355185152964483
0.016884691914470177
0.030629505972286784
0.017409043209926072
0.008823839972807758
0.011672695122222725
0.01186946025914111
0.01936737916179874
0.012150407286054954
0.01223562403441763
0.008801855523477889
0.015917327802535377
0.029892362801405607
0.016936250329612865
0.011742015363874144
0.021671318332173273
0.01657690246296033
0.013207562550507593
0.012128285123690099
0.010974681112933567
0.009753882124998678
0.00847343058241566
0.007141233191071805
0.005765512186424692
0.00435475465846205
0.0029176602675244174
0.001463087672363566
1.0188942976735957E-14
0.0014625903074120606
0.0029156769298900797
0.004350315050561437
0.005757676340102366
0.0071291032072260145
0.008456161982295332
0.009730694707844366
0.010944869218240597
0.012091227201872938
0.013162729950769102
0.012340258390935293
0.01000606982716373
0.024940018341649627
0.016850846579071623
0.007580334680045835
0.0302076307533243
0.03973937308428309
0.033820918514069466
0.033893803412508215
0.038349620242542966
0.03372914791511715
0.03349309543429912
0.03835879225735355
0.028534442465636814
0.009286004336457192
0.01668751263808564
0.023748143745483563
0.011017685430252694
0.012764727354941975
0.013129271780951864
0.012057423013994645
0.010911491925409354
0.00969855077959834
0.008426082790695429
0.007101936019149814
0.0057342750353457286
0.00433153064730474
0.0029023480018496983
0.001455533378030392
2.6419318980784563E-15
0.0014552867977794656
0.0029013647161408047
0.004329329608798437
0.005730390233533798
0.007095922300623858
0.008417521487010271
0.009687055090163698
0.010896712005373354
0.012039050719145584
0.013107045024553631
0.014872353116842457
0.017229637967580844
0.01565627628713126
0.016519367364194026
0.022855635823817604
0.013206855052795473
0.012772554899068403
0.022720124412748698
0.022971814779467057
0.022616802657915717
0.023270088199618556
0.023313278636420565
0.014579895634868294
0.014624365701753983
0.021594681521938854
0.016504219763302727
0.01697815367404876
0.015951528004634688
0.014379508193111486
0.01309595515591509
0.012027846164578316
0.010885648950796412
0.00967640084369316
0.008407551610461899
0.007086917623865223
0.0057226337778157445
0.004323103446454217
0.0028969467941706603
0.0014529477539703285
