1.0
0.9989725854527282
0.9958941397184459
0.9907760398146904
0.9836371918337679
0.9745039478168505
0.9634099899352747
0.950396182533181
0.9355103927392271
0.9188072805050682
0.8633469377785655
0.8155984475743688
0.7755679040191011
0.7710927855394356
0.7468948040146954
0.7214450221261753
0.7032692383060124
0.6749660153895726
0.6184013889314262
0.525077773830988
0.43950998258520985
0.4626574756359705
0.4928942134105489
0.48679898742617683
0.4534154280506906
0.4113304504062813
0.3761959885691424
0.34074166042853404
0.2872614278864181
0.2706886386335467
0.263499555810814
0.26683328132118705
0.2339567767589825
0.20167312991975248
0.17008068053330913
0.13927376632762684
0.10934235931995454
0.08037172439209696
0.052442101627436365
0.025628413765296627
0.0
0.024379622781927356
0.04745297037168209
0.0691687724034875
0.0894821236499255
0.10835460493099754
0.12575437327165495
0.14165622109465467
0.1560416043881074
0.16889863993921186
0.21645012864473054
0.2508561733395685
0.273972291284982
0.2587412390265507
0.25788836606797294
0.25630700868271167
0.25161862131236684
0.2519382016497547
0.2749855614175112
0.32972339247601035
0.37745587918919415
0.32065191011880473
0.2578478824298219
0.22726823238440422
0.21927983196655362
0.21573218621161264
0.21219177780142395
0.21001910787875408
0.22244253501525596
0.19837157323708565
0.16433972920998527
0.11667245240793629
0.10413347464621663
0.09130375337943729
0.07826434592779981
0.0650953767031477
0.051875662795561335
0.03868235100081185
0.025590567982649644
0.012673085182488573
2.4453590456397515E-16
0.012361565328205133
0.02434774582752883
0.03589819564672816
0.04695632858088934
0.05746953627456642
0.06738938324713097
0.07667177800935315
0.08527711967004857
0.09317041956355192
0.06669579720483398
0.05909818051654067
0.058425501626114026
0.08782593481660118
0.10411703310908597
0.11696581861200465
0.11950208961851377
0.12162720516810277
0.11169830122165382
0.09791307619290077
0.09086660639201863
0.09746079268234868
0.10981424954026534
0.11781259590837445
0.11462175872192107
0.11230191718894489
0.09887332663493399
0.08062222911526215
0.05111247241981521
0.04883302819171631
0.050446184149792184
0.07482035430154797
0.06711710121238201
0.05913896231121258
0.0509382213260036
0.04256756538062752
0.03407978162745263
0.02552745768586209
0.016962687462071004
0.008436783880032515
5.25815691920899E-16
0.008298740059596505
0.016412099049191244
0.02429457209091757
0.03190271856496202
0.0391953792737554
0.046133877870154744
0.05268220563223863
0.05880718876800647
0.0644786375373892
0.10185544868727926
0.11718109211718848
0.12154990423812553
0.09380041632669628
0.07670798282738094
0.07191661067745914
0.080074483192402
0.08129573631233143
0.08444452588988594
0.11430437233190419
0.1430161310692196
0.11108997691364597
0.0798436049646383
0.07747220371926557
0.07512352893529811
0.06434944054700052
0.06382686951777217
0.0785877823435929
0.10531527482507382
0.10305884178295767
0.09125782245276046
0.055204496560855854
0.049639640524936475
0.043842373363554246
0.03785067190997284
0.03170319158088182
0.025439031390899064
0.019097499119954876
0.01271787797544147
0.0063391960691471065
1.0578631322276255E-16
0.0062618662024628916
0.01240947556178462
0.018407024902624445
0.024220032755730064
0.0298155273736566
0.03516222387760872
0.04023068962729755
0.04499349698177907
0.049425362699365344
0.0297417942312341
0.03914428327047274
0.043980141749212776
0.07034127303719856
0.09186758251288202
0.0964637704103067
0.09129130144646527
0.09235111453305091
0.09086539203768228
0.0717168229520338
0.06911205199201675
0.07094247476168905
0.08981311385255593
0.0902407372742726
0.08857471540080344
0.09376074340029779
0.09105480819822945
0.06966667380917964
0.043711663757623934
0.03822975517083732
0.027304053885093025
0.04385524009181534
0.03948997423526649
0.0349266110053488
0.03019487674906484
0.02532521601994415
0.020348602879240694
0.015296350844883044
0.010199922616160068
0.005090740693766336
2.7876373973213635E-16
0.005041516417228997
0.010003617540092281
0.014856879372912178
0.019572813786122516
0.024124030271787868
0.028484389719773708
0.032629149377750584
0.036535098216766884
0.0401806819868265
0.06926575789138319
0.0654334319752412
0.05662444735419141
0.04185018269622968
0.05054641407150324
0.06914793852082121
0.074825443692288
0.07582931496949148
0.053368408181589555
0.07477095902856053
0.06334883468480464
0.07549757767246572
0.05323359287120409
0.07583374325491715
0.07485150602287934
0.07040902654265321
0.053157956916876144
0.04223206434018084
0.04858400610398712
0.05684988237734201
0.06372490624094902
0.03647909300014268
0.032878631378331274
0.029106096167607114
0.025185915879488617
0.02114321444761096
0.0170036542840829
0.01279327734706958
0.00853834518107188
0.004265178890457626
1.0232054043473028E-15
0.004231226855952648
0.008402948491872389
0.012490174076164985
0.01646862151045464
0.020314858443546375
0.02400643711855084
0.027522022293950035
0.030841511525968732
0.03394614715005907
0.024532132729659595
0.035261754603485414
0.04378892544329117
0.06494187370152688
0.07519293704852767
0.06114989815618558
0.05237791723533008
0.05258604190141289
0.06340188932169721
0.04141887637864028
0.0546918924286403
0.04062336086695701
0.06216923599683653
0.049225480010833794
0.04790254570309071
0.0552063791632184
0.07019692105408988
0.06298729480628856
0.04358594903877931
0.03438489955231847
0.024195610460672062
0.03131765050089684
0.028245407809626675
0.025021011314591578
0.021665227760589753
0.018199480544475306
0.014645715469340815
0.011026264246838016
0.0073637065820829775
0.00368073167874093
5.256973784060307E-16
0.0036559938856952664
0.0072650565569726926
0.010805428289308696
0.014255912122850538
0.01759599869453518
0.020805986110943874
0.023867094172387606
0.02676157229694631
0.02947280053486905
0.049830183241038696
0.03568110236364361
0.03494774650039114
0.053351002943133
0.05341508593685042
0.056070725750268266
0.05338458422759845
0.053795281247184135
0.03301998768199114
0.08875264613648598
0.07758718877832886
0.08845743875756742
0.031174249002807883
0.05073170703734948
0.04930885987734888
0.05163260356970469
0.05070286430084583
0.05442902657651873
0.03484083531588225
0.032392414198341615
0.04583939203606081
0.027517322639367785
0.0248303570141862
0.02200678902194865
0.019064718399568765
0.016022861053656325
0.012900431665655703
0.0097170239531076
0.006492489323494572
0.0032468146625356767
1.3155745293375246E-16
0.0032280632073123415
0.006417712443588143
0.00954963243325419
0.012604970668221794
0.015565449480291165
0.018413474000503968
0.02113223537558432
0.023705808643463007
0.02611924470554831
0.023372598650775074
0.03130626738516838
0.039167125090372984
0.04791729649588724
0.0396509433494747
0.03588305924284287
0.04295698468211033
0.044170033444802116
0.06353046385127965
0.007146231398930284
0.024245018101150945
0.006406030889525122
0.06451320614995189
0.046474447512111994
0.04604782848542271
0.03820065999680515
0.03634463999992048
0.04385759658029049
0.0370379920261913
0.030306857846042527
0.023048237916214756
0.024613779935093973
0.022219107024002826
0.019700210362089122
0.01707317065595417
0.014354647114388726
0.011561772961429663
0.00871204859493905
0.005823233049989876
0.0029132344336073187
9.77459675200249E-16
0.00289859346529949
0.005764848289296605
0.00858135292930578
0.011331086723560039
0.013997521750363813
0.016564721191942345
0.019017433623295457
0.021341182673569947
0.023522351538325208
0.03530643983322413
0.029895665505577595
0.034864169706362136
0.048851323681748854
0.030102317399877326
0.021074474541591236
0.01500371294081466
0.015225950751279683
0.002436823111335641
0.06040933782115155
0.04198685470931484
0.059501826351732824
0.0036291342467529245
0.013114328554075355
0.01226559931176639
0.01790323748395525
0.02687725527979812
0.04588276352913747
0.03400308879288029
0.030541622519221826
0.03225146911225667
0.022332853656681084
0.020166556388837572
0.01788605536620504
0.015505857279755635
0.013041013712293692
0.01050702679199569
0.007919752519500568
0.005295302366408606
0.002649943750818114
1.4133949953141869E-15
0.002638249589548117
0.005248668987355428
0.007815363359243644
0.010322775102727576
0.012755777411735468
0.015099764812138643
0.017340740130547667
0.019465397382425642
0.021461200092845006
0.021837351592594863
0.02590446924273551
0.02675638701107758
0.02799024895232348
0.03905354354553777
0.05242911538247207
0.06159776683694502
0.06224121377143425
0.07038193922622915
0.022196274685436144
0.045894214767208806
0.022598812869327505
0.06962366608084553
0.06178430529023118
0.06099953685090394
0.052310123755055976
0.0405536810119208
0.026655222032534658
0.02469696700548715
0.024293523475549965
0.021368396183909105
0.020502305557443458
0.01851851851851876
0.016428752422940125
0.01424625864490248
0.011984803983147963
0.009658584444421423
0.007282136745887347
0.004870248084482047
0.002437864729540491
2.0665693640665978E-15
0.002428357810787256
0.0048323370015069325
0.007197272964718871
0.009508797076711456
0.011752923439940529
0.013916132957617686
0.01598545423832192
0.017948540849476155
0.01979374446276218
0.024600848994259312
0.03208250425199022
0.02710410656918394
0.02927076888959864
0.015840968329775454
0.007961695986445968
0.005495717902287747
0.006135719143357396
0.018818619540034706
0.03264483107140268
0.006724214103037857
0.032282950829755415
0.019485796449021663
0.007630439308159537
0.007442152501625587
0.008692077309838753
0.014938474068620686
0.026043687031020075
0.024935704685695486
0.03183644749450714
0.022633374140859447
0.019008557644270452
0.017173209640044734
0.01523871030511101
0.013217291849715726
0.011121676278227122
0.008964995797927153
0.006760710998606104
0.004522527309869766
0.002264310251769324
1.7168577410495207E-15
0.0022564742107749535
0.004491279322588306
0.0066907628099737
0.00884153564420262
0.010930553364363382
0.012945194766959904
0.014873337741864933
0.016703431801369416
0.0184245668708017
0.019848951642527066
0.018184953121978126
0.024109728704977677
0.02892099563877753
0.03899350995883468
0.03941474067957385
0.03956592895511376
0.03976212792656479
0.03912077043622998
0.027627959807603825
0.05373245830821238
0.02757057141849453
0.03712101603322431
0.037417491750595396
0.03644846127519399
0.037130170033101824
0.037053598277100995
0.029597278513003974
0.025517119491591814
0.01662250203269757
0.01932100685936127
0.017773746605173908
0.01606079112866017
0.014254402945588761
0.01236597513684161
0.010407368373057854
0.008390836793721794
0.006328951709571061
0.0042345236008714685
0.0021205228934407763
1.5164994763147325E-15
0.002113994882374251
0.004208491728061973
0.006270679904199805
0.00828798617575591
0.01024815102148103
0.012139302799508504
0.013950029316000808
0.01566944636728099
0.017287262845733207
0.018832161412462304
0.028121673807488815
0.016890926316555026
0.01727544906814913
0.017294497999583512
0.018399252212168496
0.024263885206566343
0.02499015561549021
0.032823881805298355
0.02614646386474672
0.018518518518515607
0.026070517290641478
0.03330119667534445
0.0259103168130392
0.025496901057180985
0.019169664414475495
0.018759941015886402
0.017025985907938072
0.015221658396929275
0.026333102420175596
0.018292171796234404
0.016742774869487092
0.015131808464323828
0.013432231125050603
0.011654737426117306
0.009810470346247345
0.007910951711349049
0.005968010510534401
0.003993709529247913
0.0020002707528291455
1.2592221743403602E-15
0.001994788750872386
0.003971848879049117
0.005919076020937167
0.007824581895461672
0.009676766606712921
0.011464388985834328
0.013176634547165738
0.014803180649464603
0.016334258471106994
0.01770444089863778
0.014954827611302172
0.03043021324499827
0.027042362721566172
0.02525442040476184
0.029615301777175782
0.021017518235560886
0.021518912860316628
0.014708186824697336
0.024607675820137932
0.02668290300713357
0.02451488261790545
0.014904713680921593
0.021560792097155553
0.021085335933864753
0.029440606345200758
0.024144165092002397
0.025274303469236627
0.030730781380759648
0.015833457536255834
0.017153317097121614
0.015875622498045517
0.014350319253920376
0.012740489276205807
0.011056240820028235
0.009308114012789179
0.007507015135158015
0.0056641488206884295
0.003790948594129759
0.0018990061775879768
5.152307953102586E-16
0.0018943766504767006
0.003772487390703882
0.0056228239844444
0.0074340766270628855
0.009195202845305377
0.010895494593685662
0.01252464314122782
0.014072801356562725
0.015530643016466346
0.018437413671108932
0.018806899079638884
0.010288610732642468
0.020366108792360005
0.023448660638015123
0.016554721365827817
0.026302018657316423
0.02668038042434865
0.03178104292778923
0.02560244503972942
0.028104386582559638
0.025735109734462663
0.03122110015801325
0.026069791768317627
0.025493626199761685
0.015856315134294974
0.02294370684312567
0.021429840880934314
0.009846803659553616
0.01648069714008815
0.01887689536048574
0.015142585844552253
0.013689633232427162
0.01215562186499486
0.01055016488139238
0.008883293100557023
0.0071653925487603345
0.0054071399464445755
0.003619436553901104
0.0018133407843692812
2.8062849564971564E-15
0.0018094180900290703
0.0036037940082468503
0.0053721246444709825
0.0071035905320643074
0.008787621854595206
0.010413962781397433
0.011972733741575581
0.013454491259360636
0.014850284989618677
0.015430279408604074
0.02106389882184621
0.02703537993200089
0.015624415651351095
0.024908955053543378
0.025944665375227573
0.0228100634900757
0.023260291979890636
0.02129387104410648
0.01587289292336514
0.0318057480443207
0.015493936459263145
0.02140257669992985
0.023140317056956013
0.022649211060340648
0.02490204383278155
0.025614310011582715
0.014447492318673304
0.025068753188890514
0.022574158291725193
0.014822084079946046
0.014521222122821583
0.013129576318164768
0.011659817132513392
0.010121138014666483
0.008523137976574348
0.0068757618774430386
0.005189238702477143
0.003474018218224088
0.0017407063958175353
8.02317754605734E-15
0.0017373792535261916
0.003460750568359362
0.0051595395614843385
0.006823342980651479
0.008441992249954728
0.010005615456469061
0.011504697400996093
0.01293013734856673
0.014273304129174264
0.02054645183876654
0.009296929497894253
0.013841398962560394
0.02466022926179372
0.0131731338081653
0.022015274985802788
0.02023665610723454
0.020695232237167523
0.021797698612355018
0.03682084739551473
0.024188990885385744
0.03713985383958324
0.02161572955787781
0.020689605194787943
0.020230747771883995
0.023618879162849857
0.011260529558218504
0.02459828824082843
0.01579099700789293
0.007749794758982298
0.021074711560072963
0.01399432858407997
0.012654679837936693
0.011239413419893056
0.009757366466504928
0.008217771418262965
0.006630198648207039
0.005004497114999471
0.0033507334073883837
0.0016791295566429382
1.63352493168761E-15
0.0016763119168727119
0.003339497508491249
0.0049793459994215885
0.006585807068180602
0.008149052303009507
0.009659535194489302
0.011108049299680352
0.012485784224259121
0.013784379082910357
0.012863633326411562
0.02581652228557441
0.015475899033786879
0.016889588190641517
0.028623016690136976
0.01465821704792708
0.019823287809130636
0.02025182977697583
0.02085813487177365
0.0034661365829231415
0.03167473042032612
0.003839808639895502
0.020826679309497165
0.02016027271716884
0.01970445510901983
0.013120944725066124
0.028670292158681485
0.01806895465846419
0.01320512355044523
0.0260132064497715
0.012167004743366778
0.013548571158448375
0.012252950983888039
0.010883816402483015
0.009449702303214057
0.007959530298471277
0.006422553345591362
0.004848298416953195
0.0032465075731388806
0.0016270778027912957
2.6469310482559E-15
0.0016247025454924756
0.0032370357671754886
0.004827096171887071
0.006385131545149381
0.00790160064054871
0.009367231488448667
0.01077307796852615
0.012110574301542738
0.013371587129262367
0.022192537675699633
0.00604914666519553
0.02296722766903609
0.019623744351417755
0.014198223263267494
0.027021746106778613
0.01836539219641746
0.018708337212133393
0.0191417337899761
0.0414051190089413
0.019001614672506495
0.04122899077067641
0.01884751639151025
0.018105276400375434
0.017564458921611004
0.026142431317251986
0.01581849052914006
0.0177735258977256
0.024105614512792806
0.006602945980762135
0.022359736082032768
0.013173533359924484
0.011915019650555077
0.010584747402738834
0.009190996056046882
0.0077424247271581795
0.006248018519877081
0.004717032902418506
0.00315893649576355
0.0015833526258686782
4.795887197048836E-15
0.0015813671279487265
0.003151018935386465
0.004699309784057922
0.006216737382104675
0.007694000992689849
0.00912205833347085
0.010492180819402126
0.011796006812018494
0.013025592550933805
0.01002215000270786
0.023996011606787167
0.00842661516725317
0.021445917028278604
0.023754157376975612
0.017142206185158815
0.024934146453300568
0.025487483252288137
0.023995038229851495
0.016207077607396543
0.010524066093850934
0.016384957919545657
0.024296818751366422
0.02626157437311902
0.025967334101140365
0.01952410574198557
0.022013233366987475
0.021629495799973933
0.008564610024949933
0.02273310389696194
0.009335218298718206
0.012861044675945555
0.011633535736641668
0.010335712165392074
0.008975639047644804
0.007561755518894851
0.006102822496014062
0.004607868489189314
0.003086133828989468
0.00154701365255354
3.633577973009838E-15
0.001545376622722001
0.0030796058553020267
0.00459325590915033
0.006077031449698877
0.007521830580317009
0.008918800579125603
0.010259392048033488
0.011535411143217555
0.01273906956868537
0.02214979912214573
0.009917286783447983
0.024529200921401005
0.01190345785945633
0.019966084211483767
0.014541023057174503
0.007777591381423974
0.008092011431003514
0.012908877348174487
0.025139095341485007
0.03763514441175469
0.024655764649877815
0.012866013731096228
0.007562830998894988
0.007073444652776062
0.012704061232727642
0.01984571921987657
0.012665459913777854
0.023608639347410653
0.01102863804797709
0.02183940957393987
0.01260469958122456
0.01140273738291157
0.010131620185266029
0.008799235330312955
0.007413839913162027
0.005984009696894493
0.004518586115975296
0.003026621694953977
0.0015173242190159094
1.754439728246236E-15
0.0015160034130035323
0.003021354726474182
0.0045067962456028935
0.00596320071594073
0.007381627315086581
0.00875337645160845
0.010070043035632716
0.011323567895696341
0.012506287027605605
0.007743428089273182
0.017224997198813503
0.011307944898682237
0.020949209245179106
0.015152569931381355
0.03173439728388695
0.02998722165328357
0.030335640702878416
0.024439404450028252
0.019119611770898024
0.00496202208205947
0.019104711406627388
0.023962546684837688
0.029902745050287966
0.029412220714991593
0.03216452728967717
0.015866702129435774
0.020566366879345627
0.012183150766332267
0.01567190221707989
0.007507422665102506
0.012399509771527853
0.011218138743403838
0.00996850937850057
0.008658364370328667
0.007295813132384373
0.005889281682088465
0.004447460615539505
0.002979251493705884
0.0014937119704667816
5.809100066201051E-15
0.0014926825330970484
0.002975146414708351
0.004438271585389592
0.005873063161205418
0.0072707066476919964
0.008622622008377396
0.009920516256840666
0.01115643425042127
0.012322807374815621
0.020231372162192444
0.014733126430441005
0.0175902754812928
0.020758934634088684
0.017865681785567075
0.0046075599405901325
0.012000670446874095
0.012534645370228071
0.020244635416405237
0.02310674842855503
0.02953995872833092
0.02342866924063324
0.020915900619782418
0.013459621165404029
0.013227463673540342
0.005081823035569869
0.017520714041800393
0.022122687966622305
0.016113454751576523
0.015650448417207034
0.019491386243496136
0.012241651830626216
0.011076303439814705
0.0098433463136205
0.008550408863443035
0.007205484406091621
0.0058168818202368544
0.004393174290419719
0.002943146454458523
0.0014757402795377032
4.821066644459366E-15
0.0014749835446418945
0.0029401288293713513
0.004386419477505107
0.005804959666125115
0.007187028762764894
0.008524134858666415
0.009808066870153556
0.01103094488917184
0.01218526847442562
0.00814038351997666
0.01289513767045025
0.01588815700147447
0.017739221767926912
0.023853309407009634
0.026053104067000687
0.01715855948916463
0.0173994067764039
0.011545092766005093
0.014420727379582757
0.018358750452410397
0.014196720397974092
0.011676823348391105
0.01655585340629977
0.01604016909493269
0.024553451295456163
0.02458250554372664
0.017052525987529172
0.016711801928938414
0.013101159844893344
0.008780668280598598
0.012128285123688527
0.010974681112935095
0.009753882124999383
0.008473430582405463
0.007141233191082199
0.00576551218641806
0.004354754658463942
0.002917660267527042
0.0014630876723672958
1.2173336295971318E-14
0.0014625903074090302
0.0029156769298840043
0.004350315050563745
0.005757676340097212
0.007129103207224534
0.008456161982296104
0.009730694707841221
0.010944869218242566
0.01209122720185976
0.01678962211612583
0.017617286886094114
0.014470743365233386
0.023411936183477436
0.0156521347320097
0.01470548138294378
0.024421043737751103
0.02489955151503778
0.03330172505142607
0.02852340622425005
0.01707969468882565
0.02836388614295471
0.03371598579836001
0.025527132276290884
0.02526843354973247
0.015968228315642277
0.015617347405791383
0.022650554615776634
0.015134040761650012
0.017737210296223428
0.015768504581088846
0.01205742301399034
0.01091149192540735
0.009698550779600707
0.008426082790695056
0.00710193601915192
0.005734275035345943
0.004331530647315144
0.002902348001856062
0.0014555333780360037
3.3785922445793915E-15
0.0014552867977811615
0.0029013647161464456
0.004329329608809852
0.005730390233525542
0.00709592230063459
0.008417521487001214
0.009687055090153444
0.01089671200536774
0.012039050719149916
0.011504639062675523
0.015675395090436195
0.018201439650488847
0.01652292458394059
0.02175653782638843
0.019515180297598883
0.022460112020437514
0.022877562057238267
0.0295223759042354
0.014135464341431004
0.027330065178570825
0.014513893381744974
0.030338961802676423
0.023784370312142013
0.02366646240197981
0.019518978478915303
0.02045121911542918
0.017328159278630868
0.01795911010836297
0.01644964060999102
0.012557757710690447
0.012027846164576906
0.010885648950796741
0.009676400843696854
0.008407551610459862
0.007086917623864802
0.005722633777819566
0.004323103446456616
0.0028969467941689516
0.001452947753964178
