1.0
0.9989725854527286
0.995894139718447
0.9907760398146891
0.9836371918337676
0.9745039478168522
0.9634099899352738
0.9503961825331814
0.9355103927392275
0.9188072805050685
0.900348059073981
0.8802002270235779
0.8584372731615414
0.8351383556816379
0.8103879571087217
0.7842755166751963
0.703123608056639
0.5970241385467481
0.5506362778833146
0.5311768427820087
0.5190987379011758
0.47025553919814783
0.42877282319330784
0.4141458571177286
0.45321164025936894
0.47063168088104695
0.4364366034228261
0.40218305582793396
0.3679847175671996
0.3339538200796361
0.30020068627509516
0.266833281321187
0.23395677675898333
0.20167312991975286
0.17008068053331007
0.13927376632762717
0.10934235931995463
0.08037172439209747
0.052442101627436316
0.0256284137652967
0.0
0.02437962278192797
0.047452970371682675
0.06916877240348797
0.08948212364992623
0.10835460493099751
0.12575437327165537
0.14165622109465534
0.15604160438810757
0.16889863993921111
0.1802220718765289
0.1900132079121798
0.19827982582151638
0.20503605084075008
0.21030220480156853
0.21410462795571109
0.2561069191350783
0.31114500764638586
0.3233349371146885
0.305563621621852
0.27945157215352495
0.2953680888236111
0.3036050856080801
0.28270687374310566
0.22502287244395838
0.1812421573047569
0.17215286420565598
0.16228884351832643
0.1517284766718158
0.1405515959584026
0.12883908052317436
0.1166724524079363
0.10413347464621735
0.09130375337943869
0.0782643459278003
0.06509537670314834
0.051875662795562216
0.03868235100081283
0.025590567982650574
0.012673085182489099
5.529007925539178E-17
0.01236156532820572
0.024347745827528133
0.035898195646728644
0.04695632858088969
0.05746953627456673
0.06738938324713094
0.07667177800935317
0.08527711967004872
0.09317041956355204
0.10032139756208619
0.10670455287113954
0.11229920923996697
0.1170895346526255
0.12106453569679969
0.12421802693751159
0.12761690424537017
0.17367344323994113
0.16296482351460198
0.16315919926591355
0.1511784251225723
0.16222299407662316
0.16201333373673998
0.17362405917809273
0.12388476078296336
0.11246712724584636
0.10745012688708835
0.10187006638129283
0.09577043133222349
0.08919691902777899
0.08219714680739902
0.0748203543015482
0.0671171012123819
0.059138962311212746
0.050938221326004555
0.04256756538062977
0.034079781627453794
0.025527457685862367
0.016962687462070924
0.008436783880032371
7.359905591022236E-16
0.008298740059596653
0.016412099049192316
0.02429457209091817
0.031902718564963184
0.0391953792737564
0.046133877870154584
0.05268220563223883
0.058807188768005475
0.06447863753738932
0.06966947658610775
0.07435585599533788
0.07851724266229386
0.0821364917390667
0.08519989796978635
0.0876972268787185
0.08269852846737354
0.07431506061988406
0.07976945805433235
0.06671859283398415
0.07698332797818175
0.06436900755336539
0.07292159704271427
0.06308018466773328
0.07336083859261108
0.08173000915048174
0.07829011355494422
0.07441703225767109
0.07013989843314614
0.0654898609670133
0.06049987700365145
0.055204496560857685
0.04963964052493743
0.04384237336355503
0.03785067190997339
0.03170319158088246
0.02543903139089982
0.019097499119955372
0.012717877975441511
0.00633919606914782
1.5999540841361968E-16
0.006261866202464622
0.012409475561783971
0.018407024902625208
0.02422003275573048
0.02981552737365697
0.03516222387761002
0.04023068962729727
0.04499349698178014
0.04942536269936604
0.05350327330829161
0.0572065958666556
0.06051717361937903
0.06341940615120138
0.0659003137275902
0.06794958560916284
0.10208937255101345
0.1328453093276736
0.09782191350774365
0.07956224842995005
0.044336484647616484
0.07673989399920046
0.09282052875791115
0.126993033414803
0.09912704888706515
0.06435864525290205
0.06174308144078076
0.05877625830867653
0.055479847234250736
0.05187727902217796
0.04799358665120113
0.04385524009181607
0.03948997423526694
0.0349266110053494
0.03019487674906566
0.025325216019944752
0.020348602879240403
0.015296350844884605
0.010199922616160918
0.005090740693764844
9.02652990686743E-16
0.005041516417228508
0.01000361754009212
0.014856879372913514
0.019572813786122953
0.024124030271787007
0.028484389719772633
0.03262914937775081
0.036535098216768286
0.04018068198682654
0.0435461173132011
0.04661349425376541
0.04936686681015452
0.05179233096025227
0.05387808985638787
0.05561450591181511
0.028497069788659447
0.03357797060667027
0.06922053427485705
0.08951474156351352
0.13585139720093037
0.09028996803388131
0.07143109473482856
0.03740491215746333
0.02855596429969721
0.05322582345498373
0.051113022442390424
0.04870448063081266
0.04601738833181808
0.043070478637465846
0.039883901941637635
0.0364790930001427
0.032878631378330934
0.029106096167607325
0.02518591587949026
0.021143214447611598
0.01700365428408315
0.012793277347069677
0.008538345181071768
0.004265178890456255
4.769984736393342E-16
0.004231226855952631
0.008402948491872264
0.012490174076164593
0.016468621510455278
0.020314858443543717
0.024006437118552847
0.027522022293950302
0.030841511525970648
0.03394614715006021
0.03681861935329783
0.03944315978678696
0.04180562522719352
0.04389357085926364
0.04569631281577989
0.04720497967792903
0.06609482199688202
0.05271189934329929
0.031004551806473983
0.04068864773075851
0.06738965245385654
0.04243673458149762
0.033138870271580814
0.04845931350122852
0.06221678596244392
0.0455078200171851
0.04373185834060426
0.04169996125597237
0.039426364573650605
0.03692667386834038
0.03421776046338095
0.0313176505008979
0.02824540780962709
0.0250210113145915
0.021665227760588712
0.01819948054447516
0.014645715469343614
0.011026264246839817
0.007363706582085057
0.0036807316787416037
8.802757943488196E-16
0.003655993885695759
0.00726505655697236
0.01080542828930859
0.014255912122850685
0.017595998694535746
0.020805986110944634
0.02386709417238998
0.026761572296946
0.029472800534867522
0.031985383108941515
0.034285233964676025
0.03635965386519592
0.03819739861925862
0.039788738086531064
0.04112550566160231
0.03906566157171469
0.04789915376597016
0.07531011412248788
0.0753972580052463
0.10031036392220952
0.07408080633699309
0.0736307608235837
0.0462541572624289
0.0394662189030333
0.039862452346843734
0.038326818845391804
0.036565023441393535
0.034589224142182816
0.03241281085604799
0.03005031665506074
0.027517322639370574
0.02483035701418563
0.022006789021950086
0.01906471839956734
0.016022861053658646
0.012900431665654969
0.00971702395310727
0.006492489323494583
0.00324681466253575
3.937862052298057E-16
0.00322806320731595
0.006417712443587811
0.009549632433255548
0.012604970668222767
0.015565449480291019
0.018413474000505494
0.021132235375583428
0.023705808643463798
0.026119244705547696
0.02835865587171239
0.030411294495708393
0.03226562426294382
0.03391138373906027
0.03533964183664565
0.03654284490786474
0.03702368928994769
0.048249055665135356
0.07607127356506234
0.07786283107265606
0.08747113839954751
0.07774746121248167
0.07683492556804052
0.049746279520246295
0.036035512857158426
0.035570228115987326
0.03421391831764319
0.03265444392710949
0.030902431730859225
0.028969629458260943
0.026868828375113268
0.024613779935095934
0.0222191070239996
0.019700210362084393
0.017073170655953988
0.014354647114388606
0.011561772961432073
0.008712048594937103
0.005823233049991622
0.002913234433608075
5.125223488181462E-16
0.0028985934653006406
0.005764848289298217
0.00858135292930695
0.011331086723563541
0.013997521750359362
0.016564721191940135
0.01901743362329778
0.02134118267357228
0.02352235153832022
0.025548261854454073
0.027407246486223974
0.029088715809494067
0.030583217122955697
0.031882486858028004
0.03297949530466213
0.032218384681432156
0.015661093309020362
0.02411354385270785
0.015192812931684174
0.022238194935725267
0.014127266401664635
0.021225924405615146
0.01437429690642453
0.03054203672303316
0.03221088454147198
0.03099290024893299
0.02958996092175533
0.028011524569116836
0.026268079742020112
0.024371076804363383
0.02233285365668097
0.020166556388835792
0.017886055366207694
0.01550585727975908
0.013041013712296205
0.010507026791994346
0.007919752519507101
0.005295302366407821
0.002649943750817677
3.2306018173984008E-15
0.002638249589548904
0.005248668987356978
0.007815363359244725
0.010322775102729205
0.012755777411734804
0.015099764812139536
0.017340740130544458
0.01946539738242526
0.021461200092846695
0.02331645459268438
0.02502037786560727
0.026563159556027255
0.027936017785241317
0.02913124846203453
0.030142267814797206
0.0384403899843018
0.04813109913644992
0.06093528055621158
0.047089272395481246
0.04143107645872462
0.04604980120897476
0.058966926308993944
0.046370744109040664
0.038892610901463114
0.02952259047764734
0.02841404655518004
0.02713524842484381
0.025694737479844815
0.024102011149965383
0.02236746098953108
0.020502305557443635
0.018518518518519524
0.016428752422942592
0.01424625864490622
0.011984803983151172
0.009658584444421444
0.0072821367458827165
0.004870248084482424
0.002437864729541159
4.856521265740255E-15
0.0024283578107903254
0.004832337001506871
0.007197272964721364
0.009508797076710498
0.011752923439938221
0.013916132957625818
0.015985454238321574
0.017948540849476714
0.01979374446276002
0.02151018346102287
0.023087806605616892
0.024517451394458177
0.025790896774971053
0.026900909911462788
0.02784128674387278
0.018503522910041207
0.031985801001757894
0.020318849455548408
0.028427466254037147
0.03491806884789766
0.02867021551669874
0.021428432427855828
0.0332889892810828
0.01851048839854643
0.027333821133105417
0.02631358558429174
0.025135146105054677
0.02380630979894992
0.02233577778846524
0.020733088768746105
0.019008557644270434
0.017173209640044575
0.015238710305110986
0.013217291849714853
0.011121676278225122
0.008964995797926941
0.006760710998606514
0.004522527309868378
0.002264310251768549
1.00842400986018E-15
0.0022564742107770257
0.004491279322588412
0.006690762809978156
0.00884153564420512
0.010930553364368224
0.012945194766963125
0.014873337741865833
0.01670343180137094
0.01842456687080072
0.02002653793330946
0.02149990514810629
0.02283604909025338
0.024027220790948624
0.02506658629009102
0.025948265447154662
0.035974029086812596
0.01891001504939996
0.029389235607686783
0.03499419328670288
0.04161196388580692
0.035385716177062085
0.029242447265685517
0.01767763454811583
0.03481935283402966
0.02552761204264688
0.02457973942643604
0.023483658768743032
0.02224657896333495
0.020876550878775078
0.019382415367129237
0.017773746605171205
0.016060791128664192
0.014254402945586315
0.012365975136841213
0.010407368373056381
0.008390836793721499
0.006328951709567416
0.004234523600867796
0.002120522893442121
4.486936561561985E-16
0.0021139948823773345
0.004208491728064201
0.006270679904201104
0.008287986175758117
0.010248151021480752
0.012139302799510969
0.013950029315998135
0.01566944636727958
0.01728726284573345
0.018793842021815957
0.020180258639180205
0.021438351486313127
0.022560771136894323
0.02354102258126897
0.024373502503544735
0.02761527330735997
0.03323582776109357
0.020827093915917173
0.018730729503110274
0.018518518518511964
0.018192448013635173
0.019963056306473076
0.032083657388092574
0.028635626462918125
0.024021557491570308
0.02313369846155534
0.02210599913602266
0.020945174511593636
0.019658737610332842
0.018254951168103085
0.01674277486949025
0.015131808464324138
0.013432231125050112
0.011654737426119216
0.009810470346245279
0.007910951711351784
0.005968010510535439
0.003993709529248604
0.002000270752830934
1.419053119449563E-15
0.0019947887508663126
0.003971848879047343
0.005919076020937436
0.007824581895462559
0.00967676660671521
0.011464388985834274
0.013176634547165961
0.014803180649466608
0.016334258471109753
0.017760711428657164
0.019074049690998067
0.02026650046585449
0.021331053762262776
0.02226150336102731
0.0230524827549797
0.020524365465099028
0.028053530191042318
0.035349852511646566
0.04026710952262045
0.03192852993615529
0.040024371066698726
0.03513807340215093
0.029027999378333048
0.018989246251513575
0.022756018052646078
0.021918391127267824
0.020947975676332907
0.01985107461827416
0.01863475161965898
0.01730678585520738
0.015875622498041534
0.014350319253920716
0.01274048927620429
0.011056240820027515
0.009308114012790414
0.007507015135160377
0.005664148820685762
0.0037909485941319044
0.001899006177586487
3.016357408291286E-15
0.0018943766504736198
0.0037724873907053714
0.005622823984444095
0.007434076627063868
0.009195202845304255
0.010895494593691483
0.012524643141225237
0.014072801356564066
0.015530643016464866
0.016889418781759195
0.018141008505865395
0.019277969564480926
0.02029358091980414
0.02118188265961182
0.021937710779728784
0.03119083013028247
0.015246462140059234
0.020566389415188794
0.013456840036932345
0.025576828789884796
0.013705498864317444
0.02173973653150797
0.014628811460963636
0.03070122484093552
0.021686860086467894
0.020891562743017636
0.01996944590841136
0.018926465904994586
0.01776930810698438
0.01650534428602057
0.01514258584455396
0.013689633232426812
0.012155621864999609
0.010550164881390166
0.00888329310055512
0.007165392548761499
0.005407139946448101
0.0036194365538973596
0.0018133407843667273
1.4489247536783018E-15
0.001809418090035435
0.003603794008244045
0.005372124644472606
0.007103590532064854
0.008787621854596774
0.010413962781397373
0.011972733741578605
0.013454491259361115
0.014850284989617372
0.016151711609944917
0.017350965245904952
0.01844088412787311
0.01941499320140359
0.020267542438707452
0.020993540625372672
0.01563052787071511
0.028692285806093072
0.014971223133302427
0.028793793386531107
0.032496482237595783
0.02871361798964572
0.013529045464287737
0.027859465172520286
0.016316441853997082
0.020780819622703242
0.020021352368251536
0.019140129092514387
0.01814281288280331
0.017035768917320983
0.015826024000831784
0.014521222122819291
0.013129576318170317
0.011659817132509695
0.010121138014664412
0.008523137976573633
0.006875761877445272
0.005189238702475018
0.0034740182182218826
0.0017407063958120189
6.476199856670075E-15
0.0017373792535229364
0.0034607505683597437
0.005159539561486962
0.00682334298065001
0.00844199224995499
0.010005615456475858
0.01150469740100408
0.012930137348574136
0.014273304129174757
0.015526088255911468
0.016680950746742425
0.01773096835676459
0.01866987495032749
0.019492098766715354
0.020192795358281224
0.02255408245944326
0.019852610368628912
0.035734265712142305
0.013962536558919918
0.01008287729997166
0.013760590159410531
0.035688863290262766
0.020247401426947448
0.02168245726766596
0.020012449023806524
0.019283377659068977
0.018436844561123784
0.017478263788014745
0.01641372860143392
0.015249972865769302
0.013994328584079507
0.012654679837933227
0.01123941341989064
0.009757366466510582
0.008217771418270564
0.006630198648209831
0.005004497114995842
0.0033507334073875654
0.0016791295566390022
5.918384461350407E-16
0.0016763119168715192
0.0033394975084911917
0.004979345999423102
0.006585807068181135
0.00814905230301251
0.009659535194493123
0.011108049299675467
0.01248578422426321
0.013784379082912187
0.014995973114480102
0.016113253146078022
0.01712949762031432
0.018038616921341868
0.018835189758194988
0.019514495389029288
0.02054199739471275
0.02078260715033295
0.026735323595925325
0.03062967596914663
0.03717653252781202
0.030569350040373203
0.02811369982227695
0.02108832464748396
0.020438711076822814
0.019362052385751772
0.018658762518068125
0.0178416420804327
0.016915893288927362
0.015887378229224175
0.014762581844750733
0.013548571158456058
0.012252950983885076
0.010883816402483818
0.009449702303213623
0.00795953029847742
0.006422553345598797
0.004848298416959172
0.003246507573139609
0.0016270778027883538
4.9736740328935145E-15
0.0016247025454919249
0.0032370357671769913
0.0048270961718930245
0.006385131545154572
0.007901600640539037
0.009367231488447703
0.010773077968526413
0.012110574301545449
0.013371587129266314
0.01454846486639877
0.015634084025900892
0.016621892237574848
0.017505947700953844
0.018280954835404872
0.0189422959140398
0.021368070788418354
0.016471910063218607
0.01914188681965096
0.017789781555736305
0.03168681097327948
0.018203211902968815
0.017647133114955034
0.015602171874114688
0.022082909264246046
0.018814257973996457
0.018132772620541127
0.0173405077760243
0.016442485557061782
0.015444371757691554
0.014352440193512204
0.013173533359918626
0.01191501965055287
0.010584747402745575
0.009190996056043859
0.0077424247271572245
0.006248018519871958
0.004717032902416884
0.0031589364957619642
0.0015833526258692623
1.4350294673292602E-15
0.0015813671279521775
0.003151018935389771
0.00469930978405985
0.006216737382103879
0.007694000992690284
0.009122058333464475
0.010492180819402147
0.01179600681200966
0.013025592550942364
0.014173460457967925
0.015232644520593287
0.01619673248006343
0.01705990456893809
0.01781696856465514
0.018463390948435836
0.014139254601355754
0.028801330181838274
0.038402265675000935
0.01791399204936109
0.008070744199646264
0.017422616589819674
0.03800701728800511
0.029171882950628118
0.013091116370025474
0.018357012634302925
0.017693853866569593
0.016922451818414733
0.01604767598688601
0.015075026171649495
0.014010597974019446
0.012861044675941836
0.011633535736641039
0.010335712165391642
0.008975639047641175
0.00756175551889382
0.0061028224960147206
0.004607868489192173
0.003086133828986588
0.001547013652555074
2.1637515476535204E-15
0.0015453766227228433
0.0030796058552948497
0.004593255909145853
0.006077031449701103
0.007521830580313945
0.008918800579124002
0.010259392048030053
0.011535411143219335
0.012739069568690076
0.01386303202823532
0.014900460847377672
0.015845057494120435
0.01669110074707925
0.017433481279867512
0.018067732453301046
0.02761054587802029
0.008768835316876037
0.011974182986428652
0.02864730352145019
0.047548868835507525
0.028667163098494538
0.013217229349378756
0.009143386707972264
0.027777777777779414
0.017980862949944377
0.017332944804805663
0.01657885584872668
0.01572333708212649
0.014771748995783467
0.013730038049231575
0.012604699581225412
0.011402737382908737
0.010131620185263516
0.008799235330316575
0.007413839913159908
0.005984009696890364
0.004518586115970089
0.003026621694960318
0.0015173242190113455
1.0951830508924723E-15
0.0015160034130030442
0.003021354726475081
0.004506796245604328
0.0059632007159382055
0.007381627315089501
0.008753376451607203
0.010070043035632992
0.011323567895697046
0.012506287027600815
0.013610978374995775
0.014630905856403736
0.01555986037093495
0.016392197533322266
0.01712287190942367
0.017747467544803015
0.010601657720723471
0.027500969055206135
0.018930386319911324
0.013995365974188378
0.027888355169445603
0.014342716310338587
0.017862663476606058
0.027038375451444614
0.011486825259862861
0.017678436066962556
0.01704297994451985
0.016303001486827402
0.015463134670327554
0.014528624515100504
0.01350529438705134
0.01239950977152436
0.011218138743398097
0.009968509378503685
0.008658364370331578
0.007295813132391169
0.00588928168209098
0.0044474606155362785
0.0029792514937054724
0.00149371197046976
6.461882154999481E-15
0.0014926825330922266
0.002975146414711544
0.004438271585387182
0.005873063161203573
0.007270706647690561
0.008622622008374341
0.009920516256842421
0.011156434250421827
0.012322807374820962
0.013412499822267755
0.014418852180573004
0.01533572206730969
0.016157521561488888
0.016879251205009244
0.017496530367338687
0.023819201373471197
0.015190576311702514
0.02300127213245094
0.021103912369054824
0.025200093442644712
0.020807751663992624
0.022710252899938284
0.015425223021378515
0.022888830792663482
0.017444063011072028
0.01681852937967601
0.01608972823058439
0.015262205901338243
0.014341113543076269
0.013332175107201093
0.012241651830623474
0.011076303439814118
0.009843346313631235
0.008550408863443335
0.007205484406090826
0.005816881820234147
0.004393174290419642
0.0029431464544557983
0.001475740279532637
9.103616102874981E-15
0.0014749835446310532
0.002940128829364388
0.0043864194775035245
0.0058049596661254935
0.007187028762768838
0.008524134858667426
0.009808066870155487
0.011030944889176606
0.012185268474434742
0.013263962587794338
0.014260420895061944
0.015168546166196019
0.015982787528710924
0.016698174346587387
0.017310346518442373
0.01967638834376857
0.023004810731685685
0.022279935806652173
0.022541200571744968
0.022870251514102203
0.022562390990936414
0.02304434709615565
0.022911003947798745
0.02018706348713245
0.01727350641521158
0.0166555383654709
0.015935186300043844
0.015116926671634915
0.014205836626892926
0.013207562550504159
0.012128285123689322
0.010974681112940515
0.009753882125009748
0.008473430582410683
0.007141233191069709
0.0057655121864213085
0.004354754658457482
0.002917660267524631
0.0014630876723691916
1.2339688441137135E-14
0.0014625903074147733
0.0029156769298867053
0.00435031505056144
0.005757676340100949
0.0071291032072224965
0.008456161982302722
0.0097306947078343
0.010944869218240252
0.012091227201863059
0.013162729950767962
0.01415280151809007
0.015055369018598927
0.01586489982591038
0.016576435438849377
0.017185621809840387
0.015266561234164066
0.016815318338526324
0.009562745009899112
0.015539746692971463
0.025702779213635937
0.015596925060108806
0.009383484849063914
0.01702956143681536
0.015016670615477498
0.017163767123394288
0.016551142466866394
0.015836661327484264
0.015024746775896833
0.014120420498243478
0.013129271780949317
0.012057423014001274
0.010911491925413689
0.00969855077960952
0.008426082790695896
0.007101936019155296
0.005734275035349509
0.004331530647309995
0.0029023480018589244
0.0014555333780306926
1.5897207483653319E-15
0.0014552867977833293
0.0029013647161446154
0.004329329608792835
0.005730390233528525
0.007095922300637155
0.008417521487007276
0.009687055090155931
0.010896712005368661
0.012039050719152336
0.013107045024548725
0.014094127177913933
0.014994228232285325
0.015801815300151335
0.0165119255170819
0.017120196498017323
0.019444170516951492
0.02146668872624244
0.024763389070902066
0.01960365049426988
0.022941298774973116
0.0194938646484464
0.024117572605960758
0.021184902855552034
0.01887351272081908
0.017112952651005292
0.01650354203416596
0.015792455509408537
0.01498407833983586
0.014083394332790392
0.013095955155909188
0.01202784616457661
0.010885648950796654
0.009676400843692494
0.00840755161046353
0.007086917623862176
0.00572263377781599
0.004323103446455898
0.0028969467941644335
0.0014529477539647051
