1.0
0.9989725854527274
0.995894139718445
0.9907760398146883
0.9836371918337683
0.9745039478168512
0.9634099899352735
0.9318786237706167
0.9169931277761939
0.8910383019589889
0.8725811461981192
0.7977154300000798
0.7580597867876678
0.7257659923553117
0.7196488327234035
0.7029677500490463
0.666619912713274
0.6383671274110508
0.5812746693040074
0.4977467140845601
0.4578199061909852
0.43543701458040523
0.4557558869640877
0.45057989613595234
0.41727552626886083
0.39294152236303187
0.3503523809251351
0.2991350000159177
0.27485332346825475
0.2569919613655351
0.2725224281647353
0.23916215793466541
0.21545831173419502
0.18317593757743927
0.17008068053330896
0.13927376632762722
0.10934235931995462
0.08037172439209675
0.052442101627436476
0.025628413765296586
0.0
0.02437962278192709
0.04745297037168219
0.06916877240348762
0.08948212364992553
0.10835460493099737
0.12575437327165545
0.16013148872020552
0.17451501272625203
0.19642841098846467
0.2077410890731315
0.259445827304181
0.2802272968841895
0.295393179771471
0.28195427023748804
0.2760929879663923
0.28651533097285375
0.28679147341018496
0.31446461577883766
0.35338191858835266
0.35897933309033914
0.34402500624689464
0.2976691769887625
0.2619598317556971
0.25396311034203983
0.2364908096273886
0.2356157201556987
0.24237149162926577
0.22207960324649065
0.2002719248999941
0.1561172487436376
0.14393848226142353
0.1225505467826652
0.10971799065776504
0.07826434592779984
0.06509537670314682
0.051875662795560475
0.03868235100081211
0.025590567982649005
0.012673085182488272
4.768345038037791E-16
0.012361565328205417
0.02434774582752889
0.03589819564672761
0.04695632858088918
0.057469536274566295
0.06738938324713091
0.058301315978246594
0.06691007612298745
0.06632973754530393
0.07349233715748481
0.08114323502576115
0.09050179432018975
0.0885413629108917
0.08510246687966387
0.09164095486246553
0.0852962928534415
0.08719081551484617
0.07863613115826569
0.08483629751795266
0.09141671951266908
0.08446655992721609
0.07646902504899589
0.08208354577138988
0.07867664754700811
0.08344419937503933
0.07619409059606765
0.08467267394193276
0.0866372780489274
0.07686862781870854
0.05586590451906656
0.04854015130567889
0.04884373950659379
0.04086998804693201
0.050938221326003584
0.04256756538062825
0.03407978162745248
0.025527457685862828
0.016962687462071187
0.008436783880032885
8.680160695236721E-16
0.008298740059596384
0.016412099049191626
0.02429457209091747
0.03190271856496211
0.03919537927375654
0.04613387787015396
0.07088570224041735
0.0770057192625694
0.09063774609945172
0.09579640992726053
0.09337013960136398
0.0967701866050237
0.10836203348091639
0.11525402729731728
0.11367516475187887
0.12374504799779397
0.12523980881730323
0.13142445475951342
0.12266363852947551
0.12480080516586402
0.11906798923889805
0.12701532208977337
0.12277639887365188
0.12057482948245696
0.10983251103354207
0.10903149682057962
0.0918459703003685
0.07816054768929909
0.07348968309898127
0.08610998093565281
0.08079850076080118
0.06770746052834747
0.061904268187786625
0.03785067190997254
0.03170319158088258
0.02543903139089868
0.01909749911995465
0.012717877975440994
0.006339196069147153
7.783795677021083E-16
0.006261866202463066
0.01240947556178553
0.01840702490262334
0.02422003275572946
0.02981552737365557
0.035162223877609165
0.022255753312386734
0.027025057606298076
0.025384839677808895
0.029394623732440707
0.06437134079468468
0.06459783214135668
0.05912924695041867
0.02686272081187859
0.03681770535411297
0.037788645077500974
0.03836490856098881
0.04059356839145822
0.06958120547343231
0.0799954003261118
0.06944379166951248
0.03878798757752156
0.036220991422233936
0.03519735311097473
0.031528764277080214
0.01800498027362458
0.05206049898420057
0.05718182987255656
0.05951202291125238
0.024877198492272053
0.020972613591429042
0.021688831717890336
0.017132911355894044
0.030194876749065087
0.02532521601994531
0.020348602879240885
0.015296350844886019
0.010199922616159226
0.005090740693765958
8.552437889592222E-16
0.005041516417228638
0.010003617540091206
0.014856879372914168
0.019572813786122682
0.024124030271788385
0.028484389719775356
0.050314703904738044
0.05421264696209493
0.06393939562775362
0.06724664873923816
0.04075006706766548
0.05392178003045859
0.06521657034292942
0.11027787406074475
0.11729769415208435
0.12574971300422028
0.1270057156007641
0.09723135218471358
0.07814850955824816
0.06124601187643953
0.07892871422247406
0.09720419042938358
0.12685614396670847
0.12558582872052582
0.11765756895830799
0.1105262147145344
0.06689204389414741
0.05633081273063196
0.04220337059136426
0.06283801990231155
0.05942134807491659
0.05035286297821333
0.04657139239513482
0.0251859158794883
0.02114321444761009
0.017003654284082965
0.012793277347068888
0.008538345181071752
0.004265178890457581
1.1352600268098505E-15
0.004231226855952183
0.008402948491872413
0.012490174076164953
0.016468621510455476
0.020314858443544585
0.024006437118550644
0.01018569187317955
0.013514668640050196
0.014794251995446749
0.01730815320601577
0.04079041185351831
0.02725583345058176
0.01965106512058582
0.02426299722455703
0.01841823581439876
0.02232754666828485
0.021111100109529886
0.01219476950278239
0.062289151295841075
0.07258989005421396
0.06179913327464492
0.011130727890759733
0.019913814671500066
0.02075037428928295
0.0189733909742925
0.02941982093214707
0.014113658471793312
0.021069249610186795
0.03528997550542278
0.016037507477490262
0.013719041535556368
0.01115721439563716
0.007943215542916696
0.021665227760588098
0.018199480544474733
0.014645715469341132
0.011026264246839093
0.007363706582084301
0.003680731678740692
1.811354712671388E-15
0.0036559938856950487
0.007265056556972921
0.010805428289309126
0.014255912122850252
0.017595998694535018
0.02080598611094325
0.04079553983248461
0.04367908077180834
0.049986173126641956
0.05241447065243348
0.05208312332372804
0.058615100532925686
0.0687409915084447
0.08854571818918186
0.09311397459230186
0.09486409275004759
0.09507852026346608
0.0842306574090527
0.0894904006292326
0.08355766787829151
0.08903114400803361
0.08256769737869694
0.090636661778471
0.08896919607359173
0.08649240477628548
0.08097697740830274
0.06603339642362456
0.05547296296912754
0.0523385116947895
0.04955377589046358
0.047016957189628394
0.041474691204910756
0.03863929848272746
0.019064718399566284
0.016022861053655305
0.01290043166565596
0.0097170239531064
0.00649248932349475
0.003246814662535954
1.949746107700314E-15
0.003228063207313781
0.006417712443588811
0.009549632433254452
0.012604970668221766
0.015565449480289477
0.01841347400050212
0.00466895497769903
0.007254878073220675
0.01246093045177859
0.014116529482233837
0.018774094861383515
0.016723826328771382
0.012983601503133387
0.04383986494295057
0.02047355406330901
0.013465974237488425
0.014348406812106055
0.013281856587728263
0.03245912344933951
0.04061947455760253
0.03175038523557903
0.014600756750026332
0.015735584387329804
0.015220137257297227
0.02044388208633862
0.04390299708925077
0.015793011537551745
0.019977771631782666
0.01602265154214762
0.013840044663238424
0.012292162055952181
0.006074951214805325
0.003569266359323844
0.017073170655951733
0.014354647114389362
0.011561772961431113
0.008712048594939176
0.00582323304998871
0.0029132344336055987
5.603667338614513E-16
0.002898593465299665
0.005764848289297306
0.008581352929303936
0.011331086723561494
0.013997521750361008
0.016564721191943417
0.03495984222942818
0.037269870597560276
0.040154216522500306
0.042075002226181143
0.04250185459466723
0.03394637849774525
0.04369621210689802
0.03492997428859777
0.04590886922835843
0.04647472988185153
0.04706040001894855
0.04442802971882038
0.056000160082856576
0.04835564405211976
0.05505654516938488
0.042964341971956074
0.04639652182174875
0.045612572806172785
0.04435420396757639
0.029606741658949533
0.03900516959758289
0.028930182336850952
0.03781618952885387
0.039852583490211514
0.037817878595670526
0.03575590710356312
0.03346085190257936
0.015505857279754886
0.01304101371229032
0.010507026791996547
0.00791975251950227
0.005295302366410245
0.002649943750819005
1.8796792190306063E-15
0.002638249589548197
0.005248668987355552
0.007815363359243257
0.010322775102727015
0.01275577741173298
0.015099764812135428
0.0019731473804404987
0.004112849742514719
0.012136532066821741
0.013478905306068026
0.019756138560507595
0.02935013829229653
0.022845137436746432
0.033079197239374414
0.018802504018156457
0.02731831022885589
0.027759014594006926
0.03555433022800153
0.02835668145527636
0.044349534245219695
0.028608196731390385
0.036152274118700686
0.027579213467417263
0.027134666521968935
0.01790713018725006
0.02977711619904396
0.022689267858267317
0.029732548182473124
0.022438892808446794
0.01344500640066913
0.012129015953561358
0.0035367223263902243
0.0014628035343468332
0.01424625864490192
0.01198480398314852
0.009658584444419574
0.007282136745885194
0.00487024808448557
0.0024378647295407326
1.3031968985624411E-15
0.002428357810785852
0.00483233700150764
0.0071972729647180635
0.009508797076709697
0.011752923439941441
0.013916132957618203
0.03072623206304196
0.03267300004382393
0.032158737681316676
0.033760318857863
0.026398518060476113
0.026192768251593068
0.03256287902855946
0.031785446888061765
0.05472683780654658
0.05475048625964671
0.055378607563305114
0.04570919749411067
0.02907078185924131
0.02512016044665802
0.02870167536824879
0.046556613577089456
0.05547598471209638
0.05488130358177613
0.05563883875734424
0.033222765059994185
0.03383809824837919
0.028100574225780613
0.026442935997314343
0.031890989833597706
0.03017196786035452
0.03149675765363458
0.02954517151224488
0.013217291849712902
0.011121676278224864
0.008964995797928291
0.006760710998605585
0.004522527309873532
0.0022643102517727882
1.6538123543556396E-15
0.0022564742107747597
0.00449127932258875
0.00669076280997542
0.008841535644205827
0.010930553364362817
0.012945194766960403
8.092529686160177E-4
0.002656883961575918
0.012185693889206794
0.013482087294035978
0.027292781709134108
0.023069082691426202
0.014749585171518306
0.017762497413816948
0.00460378505946154
0.011616224855232336
0.011525430774814622
0.03257157589306462
0.032111881469516254
0.05019804915848969
0.03211746863858863
0.031636930117559
0.010018655609686497
0.009536297560077641
0.002295463529923341
0.0192726182960428
0.012283315890620088
0.02022080591471451
0.026768786566374166
0.013533047961707782
0.012238632203735753
0.002443957646073547
6.558379560404951E-4
0.012365975136843673
0.010407368373057991
0.008390836793718411
0.0063289517095686965
0.004234523600871498
0.0021205228934401315
2.1854713208249503E-15
0.0021139948823742827
0.004208491728060309
0.006270679904199022
0.008287986175754805
0.010248151021482329
0.012139302799509435
0.027289832626787452
0.028990553780959962
0.025309709518464892
0.02670915857031446
0.03230234938179731
0.029337047840445146
0.03597266493434825
0.028115748828339764
0.04583928324036643
0.03943239900694584
0.039637327507321025
0.049858398729954616
0.020676004620313593
0.037037037037032663
0.020580317923741934
0.04925722285619708
0.03747354758937458
0.03655494939536841
0.04275915855594897
0.02531130393255968
0.034720541590448024
0.02745656958802189
0.03343037145887863
0.025122315637925035
0.02360797228092801
0.027995852361716055
0.02627688665761769
0.011654737426119482
0.00981047034624334
0.007910951711347362
0.005968010510534049
0.003993709529246586
0.002000270752829632
1.7362992057762543E-15
0.001994788750871692
0.00397184887904892
0.0059190760209364215
0.007824581895459414
0.00967676660671255
0.011464388985834012
6.06250370628281E-4
0.002252588072692448
0.012485692043730285
0.013799364348252286
0.018631692564522417
0.017300317863263578
0.013403951622514825
0.03327748134819385
0.01559595547280277
0.022231450158950936
0.023009017074816018
0.01165202604781886
0.035925577951291525
0.017840054242168956
0.03603251179637691
0.011487126230373595
0.02442149388042949
0.02411881086526929
0.017199671729626078
0.034681486881084064
0.016013047939078394
0.019646412991733975
0.015159557689993308
0.013926372292802486
0.012625250828900458
0.0022825927942615337
6.93205449065693E-4
0.011056240820026483
0.009308114012790424
0.007507015135157429
0.005664148820686739
0.0037909485941293405
0.0018990061775889877
2.0797654208753626E-15
0.0018943766504776005
0.003772487390703389
0.005622823984443295
0.007434076627061536
0.009195202845307546
0.010895494593689584
0.02428307398252221
0.02581041186394736
0.019534754520133354
0.020816053437925516
0.031310344072257974
0.015015730380096525
0.022897995474295094
0.00853114226195727
0.024040557414312276
0.0161989329001739
0.01658092595824082
0.029549723670989958
0.017440766996567412
0.04277314393462577
0.017371779272580757
0.028381078689094324
0.015959988479143098
0.015378291681788232
0.02295264716034803
0.0070644600354805515
0.020127970429381924
0.012171096115537437
0.029136844994283262
0.01954808843323201
0.018166277706077625
0.024920208887959233
0.023364769791715125
0.01055016488139097
0.008883293100556043
0.007165392548761824
0.005407139946448522
0.003619436553902562
0.0018133407843711916
1.8616100382905517E-15
0.0018094180900268336
0.0036037940082433374
0.005372124644471568
0.007103590532063475
0.008787621854595272
0.010413962781397383
0.001066043043445355
0.0025695791798711135
0.013113088046457473
0.014412639981922371
0.009252410623597983
0.027673847052177524
0.023457299735932174
0.03326186332369954
0.02017292765238416
0.02987865955344944
0.030330564337730816
0.025752839721523722
0.03130164779296413
0.01691852981005086
0.03093107619027637
0.026385268634740944
0.030146918115609527
0.02963855501947132
0.019811349938108326
0.03201431020604641
0.023334930981437556
0.027931548707121823
0.011061046283463364
0.01460392388439454
0.013337403263121361
0.0027741521798182118
0.0013267333146215392
0.010121138014667505
0.008523137976575054
0.006875761877443627
0.005189238702479157
0.0034740182182220365
0.0017407063958148118
8.295834800308631E-15
0.0017373792535249797
0.003460750568359178
0.005159539561484277
0.006823342980651274
0.008441992249950705
0.01000561545647258
0.021522743167070816
0.022925519903222155
0.015122952102068795
0.01634079081909294
0.019654368777143494
0.012388962975391719
0.015802956778595334
0.009635734194338061
0.021377175204114494
0.012862929111060434
0.013262345513185074
0.013202603652145537
0.02319082849777103
0.037102997142985386
0.02356170690824492
0.01287983903476463
0.012873537082784292
0.012344795589909287
0.02086691065796828
0.00985938351768582
0.01695016156386263
0.013962094678894796
0.017336798272320673
0.015496318295316072
0.014215247104858093
0.022099912981744345
0.020661469244169565
0.00975736646650698
0.008217771418260137
0.006630198648207398
0.005004497115000579
0.003350733407391178
0.0016791295566439747
1.9168011438750608E-15
0.0016763119168700916
0.0033394975084891144
0.0049793459994226
0.006585807068178165
0.008149052303011052
0.009659535194487126
0.0020125463613963404
0.0034137524050318535
0.013992680990646848
0.015226744914186541
0.016729129547578613
0.021545510206260835
0.016583773070690415
0.028241071694068576
0.020722168535112963
0.03062029786518043
0.031141510865511188
0.030345626876220808
0.015922869216312783
0.016891138416144393
0.01574351680237844
0.0303211913241355
0.03157739977111216
0.03120363438477487
0.021472869977283936
0.028330329054933646
0.01519826003379841
0.019184610061303342
0.016824852887308287
0.015439103073194117
0.014251059880652719
0.003749868513754714
0.002404669826241626
0.00944970230321449
0.00795953029847088
0.006422553345593721
0.004848298416959444
0.0032465075731387587
0.0016270778027902154
5.068970190176844E-15
0.0016247025454924008
0.0032370357671751768
0.004827096171891859
0.006385131545154795
0.007901600640541484
0.009367231488445605
0.018915261776188113
0.020228558501338142
0.0125713780821067
0.01372531863349608
0.015771591779530515
0.016778752534460255
0.022444894317545382
0.008279868190607165
0.014551545979471682
0.006206857795117669
0.0065761129234867145
0.010247622882545007
0.034158317461295655
0.03731740691836825
0.03419621241693947
0.010119435025345552
0.006292613336660278
0.005828752001237467
0.014110834692955583
0.008452949915627011
0.022841572366673626
0.016378093236819505
0.017027336120767015
0.013395624635715128
0.012241713456957116
0.019447179707515517
0.018092293982946758
0.009190996056047304
0.007742424727159444
0.00624801851987404
0.004717032902414752
0.003158936495765167
0.0015833526258713275
3.932661042862292E-15
0.0015813671279543196
0.0031510189353866997
0.0046993097840586475
0.006216737382101297
0.007694000992684578
0.009122058333470894
0.0033308667150190588
0.004659538920490641
0.014902103757753521
0.01603750747749183
0.011669107065269715
0.01824773902152329
0.01973734115725174
0.025408610463053385
0.02289033893481309
0.03148040547634179
0.03180566072472123
0.031750416503014994
0.01568297317892762
0.008163185226664968
0.01564045585009272
0.031864992467617474
0.03114687739450435
0.030604546836776384
0.022079423196947532
0.023729421176619234
0.02180173928977184
0.020139294603740834
0.009653557621201597
0.016211477622216985
0.015122014578841846
0.005097784538239915
0.003825168742407433
0.00897563904764622
0.007561755518897337
0.00610282249601705
0.004607868489187472
0.003086133828986512
0.001547013652553192
1.1017926118232181E-15
0.0015453766227206363
0.0030796058553002495
0.004593255909147209
0.006077031449696499
0.00752183058031305
0.0089188005791256
0.01641560482907105
0.017666215178128667
0.012071142662333154
0.013114102454703172
0.02217614880925134
0.01122127501793336
0.01974973167738049
0.015973279421392914
0.01861089397061249
0.011179570293763706
0.011732527614989332
0.007350996204384652
0.02782373617129749
0.0537572018495592
0.027662342659340113
0.0073764441086667226
0.01256743495680151
0.012297509500956316
0.01945404732025383
0.017613988741663873
0.018287289317801488
0.009457933719689563
0.023198242948295145
0.013215202648457077
0.012220701852565971
0.01691996480954577
0.015623130832959933
0.008799235330312842
0.007413839913161398
0.005984009696898374
0.004518586115972135
0.0030266216949557984
0.0015173242190111456
4.338873241570929E-16
0.0015160034130037715
0.0030213547264751465
0.004506796245602333
0.005963200715942731
0.007381627315090927
0.008753376451614807
0.0049397622532901895
0.006219172417603107
0.015579605783485362
0.016608128218640043
0.012490156247938882
0.02474324496484377
0.025854759887958396
0.01519247588242638
0.014728631451371257
0.023123656157069433
0.023538686877424914
0.027572618161826587
0.010503411106130657
0.021434702915585233
0.010392932678322076
0.02689091369934652
0.02382132535496215
0.02351052925691988
0.014981596598148595
0.016039662722802953
0.025108834868972377
0.024211618312733652
0.015309113310021476
0.016688603768248277
0.015694607314062803
0.006738103639704341
0.005514613039828539
0.008658364370327847
0.00729581313238645
0.0058892816820897646
0.004447460615537247
0.002979251493707915
0.0014937119704676932
3.887182338371165E-15
0.0014926825330948347
0.0029751464147067955
0.004438271585386622
0.0058730631612090994
0.007270706647694103
0.00862262200837544
0.014007505794274691
0.015217149513163376
0.012955512632107855
0.013886088606491917
0.023329720119480066
0.008581077866211468
0.01430845745740586
0.0219375111880863
0.01888172401879603
0.019130194439963142
0.019401987036037224
0.01814745174196992
0.0340581491217867
0.04490093076173765
0.03437598048771963
0.01905003275623131
0.019367395932645984
0.019106433569247586
0.017677237566241746
0.021375207155445525
0.015270055388756766
0.010585155979580265
0.02230912128537608
0.01418155329437359
0.013303761020142094
0.014503987199901662
0.013244557767905054
0.008550408863444632
0.00720548440609082
0.005816881820235448
0.004393174290425053
0.0029431464544602166
0.001475740279539755
7.404222482971846E-15
0.0014749835446410259
0.002940128829370283
0.004386419477505905
0.005804959666125784
0.007187028762767486
0.008524134858668606
0.006778197656520959
0.008027650016848683
0.015809238814284303
0.016742211932059818
0.022155527573046688
0.016488674584370658
0.017884814430519824
0.02695952867932281
0.02526799959202556
0.03280012425441939
0.033223360807193535
0.013308939930827546
0.0059993456401576575
0.020157845707042963
0.005737269491062576
0.013414831090667783
0.03355925444741099
0.033242010042964815
0.02641675790832926
0.027951024039984448
0.017038723901243637
0.014384153087806238
0.022650653296068888
0.016692380863354478
0.01577470270861108
0.008610946893302903
0.007416864178038838
0.008473430582406571
0.007141233191082697
0.005765512186422257
0.004354754658464933
0.002917660267528231
0.0014630876723630423
8.329176901226485E-15
0.0014625903074086209
0.002915676929892345
0.004350315050558727
0.005757676340098793
0.00712910320721891
0.00845616198229596
0.011693191479342136
0.012880581500983368
0.01423721753043924
0.015109683065939804
0.016892887006649013
0.018120991488672286
0.02331523477949623
0.011310802458750496
0.006584506452428951
0.010082577801459172
0.010108197406450416
0.03359898151637913
0.036176822362226975
0.020589884122864482
0.035872596133685035
0.03400920489589136
0.00926942847487475
0.00892119280740917
0.007152794232177529
0.009676832085463792
0.024467391440602566
0.018967090516959623
0.015745590069780574
0.015402481042743915
0.014563509627678089
0.012203278476223788
0.01096346749027126
0.008426082790693935
0.00710193601915009
0.005734275035348648
0.004331530647313239
0.0029023480018566116
0.0014555333780372675
4.21271804106273E-15
0.0014552867977796328
0.0029013647161424782
0.0043293296088024995
0.005730390233527448
0.007095922300636538
0.008417521487001294
0.008798571228647701
0.010035132149853241
0.015467771351238434
0.016332034722078226
0.019448458563270953
0.014971667475392017
0.02177384580307096
0.02245561294787078
0.024314943837143357
0.02443683873270012
0.024567802414113122
0.029626872583948975
0.013734174259410882
0.01948931609882829
0.014392494446965635
0.030408062871785792
0.022938396839929296
0.0222646592402515
0.02257355140727883
0.019836123525653747
0.023252275967221004
0.01655173219412201
0.017787971695571676
0.016143638812713863
0.015270855934434033
0.010670181065584785
0.009487865447062638
0.008407551610460235
0.007086917623863531
0.005722633777813353
0.004323103446457162
0.0028969467941677754
0.001452947753961276
