1.0
0.9989725854527287
0.9958941397184435
0.9907760398146886
0.9836371918337672
0.9745039478168472
0.9634099899352738
0.9412457409956774
0.8805728297207528
0.8181392871083665
0.7814441067031545
0.7710245594712234
0.7594304540672511
0.7453984495627273
0.7121297056914673
0.7034063699235258
0.6578989025754048
0.6207186297950943
0.5758104151403889
0.5571219787168812
0.5192330934684779
0.49573021164938785
0.4524050870825805
0.4338525538262179
0.4093890058736965
0.3943183256488388
0.3474748446605911
0.3223431776777302
0.28278647324235867
0.23763879979979316
0.19571415335284387
0.18251161809966512
0.1896769283704934
0.19480733665385486
0.17008068053330944
0.13927376632762659
0.10934235931995463
0.0803717243920969
0.05244210162743597
0.0256284137652964
1.2756100952812733E-16
0.024379622781927908
0.04745297037168255
0.06916877240348819
0.08948212364992743
0.10835460493099756
0.12575437327165606
0.14667343908768987
0.1963109937226758
0.24910982506854068
0.27639091065165283
0.27110945741825093
0.262801716335671
0.26180021216194366
0.2729633974107213
0.271846850339215
0.2917674350114657
0.30162186708867056
0.30551201860510996
0.28576721542425565
0.2861571837754773
0.27600978443510793
0.2867737620296987
0.2758881484373795
0.2577390738984323
0.23024409629068499
0.2187326424040595
0.2013318834845141
0.19489587077679654
0.20122679813753086
0.2064541809693721
0.1789474704573091
0.1300216833766019
0.09157087108918995
0.07826434592780016
0.0650953767031482
0.05187566279556221
0.03868235100081294
0.02559056798265073
0.01267308518248854
0.0
0.012361565328204331
0.024347745827527124
0.03589819564672814
0.046956328580889765
0.05746953627456657
0.06738938324713079
0.0801292114262759
0.0975270391322655
0.10612645878792658
0.09634861865532657
0.10006016252794907
0.12843350653737923
0.12691693321693573
0.1341093655993006
0.11914192532750907
0.10786033583895145
0.11546194684911221
0.14729287636404112
0.17156042999904533
0.1920790878869498
0.17102162764234236
0.14652755856251137
0.11405103860188948
0.10529630654267003
0.11618284271478038
0.13298207484899374
0.12499355873071197
0.12580342975685396
0.09683724073207882
0.09504569607895483
0.10669614450784899
0.09552578206255644
0.06661271418203993
0.0509382213260025
0.04256756538062877
0.03407978162745215
0.02552745768586327
0.016962687462070608
0.008436783880031728
1.0956357201263017E-15
0.008298740059595916
0.01641209904919239
0.02429457209091863
0.03190271856496307
0.03919537927375602
0.0461338778701539
0.04418014429251179
0.047160713982762406
0.07204264494679537
0.08157437554236219
0.06002748396075178
0.036859541985201465
0.04237476226298968
0.03977884821883769
0.06738457227973561
0.08637834000687845
0.0970177945705483
0.0781597616060058
0.05508345659759123
0.04459902989655513
0.05189744731509454
0.07151014532762852
0.08796268645096882
0.07577960847385486
0.054861067733169316
0.03204941763581548
0.0383532110828266
0.03437059368696523
0.044736369572687645
0.053303285913808174
0.04299742390328274
0.023478933326069717
0.034807932017684055
0.03785067190997333
0.03170319158088276
0.0254390313908989
0.019097499119955907
0.012717877975441202
0.006339196069146166
2.1669833197415935E-16
0.00626186620246362
0.012409475561786268
0.018407024902625295
0.024220032755730914
0.029815527373658553
0.03516222387760927
0.04855321718989064
0.08260576142079258
0.08695932840832364
0.073648631996464
0.08090553763523554
0.10573201940386216
0.11331967851786882
0.1219094997855621
0.10307638804445934
0.08752573757476269
0.08909587479628199
0.1033905861620085
0.11487761009588081
0.13945909239023743
0.11280012833301242
0.09989428619350474
0.0860570314979956
0.08524207247367542
0.10067306133816337
0.1171601775082869
0.10765484076394084
0.0979522475148742
0.07536831451649383
0.06312061730125156
0.07310140555918448
0.07250157487231208
0.04020821219344786
0.030194876749064976
0.025325216019945786
0.020348602879242964
0.015296350844887063
0.010199922616158874
0.005090740693764947
1.884607393949968E-16
0.005041516417228459
0.010003617540090519
0.014856879372913242
0.019572813786121267
0.024124030271784315
0.02848438971977149
0.032132743592630644
0.01728064760384424
0.023874237304678803
0.045176301712003285
0.08585071690024436
0.094887291963249
0.08349487859138915
0.08279332605762976
0.07110028548879535
0.07482544369228977
0.057902818640345424
0.05946877988709425
0.05078284853748086
0.05238493028103249
0.05155373745965112
0.06181739191470339
0.06096925048417074
0.07957871722931299
0.07752221036990938
0.08633039649453618
0.08631916865016633
0.10107377616153274
0.09579489862043657
0.05675175748757989
0.037207769726414916
0.026367179983644264
0.033589484429540566
0.02518591587948761
0.02114321444761013
0.01700365428408175
0.012793277347067217
0.008538345181070078
0.004265178890455229
1.8520046785102694E-15
0.004231226855952311
0.008402948491871561
0.012490174076166106
0.01646862151045743
0.020314858443545025
0.024006437118552836
0.022895043243230558
0.04389580979051927
0.02946362311703146
0.030604638095992776
0.050366575159965725
0.054498387501102155
0.06026417464939275
0.06927978275536441
0.07347644400364903
0.0577694971323547
0.04234110627008724
0.031097638197871726
0.04391272601321781
0.05098596273942172
0.043024330385556676
0.02798616912132052
0.03859278733314808
0.05371685733607815
0.0678163672819938
0.05834361374584241
0.04742438175634171
0.04098316451480304
0.04100848794980417
0.02070433312499512
0.013045903081626018
0.032302814675431724
0.016523403455385458
0.021665227760586853
0.018199480544475437
0.014645715469344258
0.011026264246841154
0.007363706582086223
0.0036807316787422733
1.5382576731586897E-15
0.003655993885694684
0.0072650565569712215
0.010805428289309055
0.014255912122850252
0.017595998694535018
0.02080598611094257
0.03312476583524262
0.033414660287436206
0.055954440745776865
0.07062403205626247
0.09538532767666244
0.08482665423928841
0.06528681649075764
0.06967645084135583
0.09310253518091054
0.09838707238172355
0.08576699227122268
0.07648369645487561
0.051291252793627964
0.04699799673752837
0.05079344915680812
0.07572437739972054
0.08575694861249372
0.09734253642954689
0.09106471339581425
0.0630108540913622
0.056837303143468056
0.07348249614197885
0.08681990146416005
0.06731609731038006
0.056192345412907775
0.031238284680919697
0.03030573469901463
0.019064718399563866
0.016022861053659427
0.012900431665654662
0.009717023953106908
0.006492489323494802
0.0032468146625352387
1.949275701865075E-15
0.0032280632073149553
0.006417712443586985
0.009549632433253541
0.012604970668221511
0.01556544948028897
0.01841347400050644
0.0165613521306523
0.019219126841804143
0.023919890859887313
0.011029603097566953
0.020656817753926145
0.013187654796954634
0.02766554216044043
0.023623730027317602
0.01820392930394013
0.013209804119407557
0.007331198975698619
0.02236755661532838
0.03864610008832712
0.05119378864662463
0.0386422634893198
0.023517324070221765
0.010300156581552918
0.01135209920055463
0.010476394979453374
0.028191925886697968
0.03538844594400854
0.024269475501060896
0.025967956319896002
0.017761611258741088
0.03318447410297401
0.020914296728128345
0.020453232330555387
0.01707317065595285
0.01435464711438561
0.011561772961429764
0.008712048594939396
0.005823233049990007
0.0029132344336087277
2.3283407754797696E-15
0.002898593465301383
0.005764848289297555
0.008581352929306028
0.011331086723562036
0.013997521750359197
0.016564721191941405
0.019844965513949944
0.020087928217911718
0.042354300171278975
0.040425413846126974
0.04409309278478495
0.022569612086757396
0.022162196378411755
0.028759203281333346
0.05700489436240574
0.06779510630718491
0.06178238301694574
0.048746401157489905
0.03608991095001643
0.02771482779685223
0.03592239136443937
0.04729174634923667
0.058361464134074566
0.06317748121169829
0.05057024692899302
0.02490546538129672
0.017693053149543586
0.013022799550585835
0.03125303644673618
0.028508146146507197
0.03331134858253237
0.016349731453116516
0.01368408551842247
0.015505857279760345
0.013041013712293955
0.010507026791994186
0.007919752519506496
0.005295302366409171
0.0026499437508198127
3.500067617696201E-15
0.002638249589547094
0.005248668987355045
0.00781536335924268
0.010322775102728273
0.012755777411734377
0.015099764812140957
0.025709308985750554
0.0244887991144102
0.04372746059622752
0.03427308044012498
0.045568826765051564
0.04746407009417677
0.05510752593167538
0.04869645752685879
0.03741464435804301
0.042634518161350554
0.04277976454408351
0.03048072267256493
0.03723167360055896
0.04164042066478019
0.037420435598623146
0.030259864058692795
0.04461285252786849
0.04575134855732459
0.0422840352158459
0.04956486946566277
0.05499521366424644
0.047579313655660704
0.04678859696381552
0.03707191129214076
0.04263904929260273
0.023122333712562032
0.025686602426527146
0.014246258644903463
0.011984803983151939
0.009658584444416373
0.007282136745880506
0.0048702480844861245
0.002437864729538994
6.712772015610504E-16
0.0024283578107901003
0.004832337001505459
0.00719727296471672
0.009508797076709912
0.011752923439937184
0.013916132957622365
0.007807164002080967
0.020526819533381424
0.006471301386049493
0.009979899720983869
0.0028862762341175826
0.01969486481358286
0.006055014309203826
0.014947182391321576
0.008348006979929058
0.022638960060693613
0.011020781394085084
0.032696223262868016
0.024090137862380977
0.055798473817598025
0.02351670762389162
0.032424266087989304
0.007514527361503536
0.01879864556597844
0.0037917050922195777
0.01432818017728166
0.004721736677003553
0.02145995867742483
0.008886835667225597
0.017587170975867553
0.0038274273387394206
0.024442120588588388
0.011887708341480311
0.013217291849717027
0.01112167627822804
0.008964995797925738
0.006760710998604587
0.004522527309872382
0.0022643102517710613
1.588226640371535E-15
0.002256474210776538
0.004491279322586314
0.006690762809977935
0.008841535644207291
0.010930553364369298
0.012945194766965533
0.020168717280972796
0.013395399205743393
0.029675789664862062
0.035057661083020664
0.034029174155339854
0.034527009307072434
0.044736843929090976
0.047546776668902196
0.056335373788868964
0.05486332266908724
0.05340633286665753
0.02583574360405477
0.04856498414639903
0.0021174355421073572
0.048663845831693614
0.025788398482243402
0.05294856216397809
0.053778716080331954
0.055483044184388534
0.0467387001477786
0.041971269467995086
0.031152493907143246
0.02768351559452042
0.031102446386215527
0.02237837575958301
0.007596554690689466
0.015408562884491554
0.012365975136844077
0.010407368373055137
0.008390836793723443
0.006328951709564253
0.004234523600869988
0.002120522893438977
1.5926482242321108E-15
0.0021139948823744293
0.004208491728064255
0.006270679904201308
0.008287986175757973
0.010248151021481298
0.012139302799505446
0.020114494600703855
0.028768302866874106
0.022279250887327396
0.031326022127599586
0.019386262892846295
0.017209381888505695
0.008303004937865574
0.008375707908840858
0.019276753723303328
0.007349158465144198
0.028111226471297063
0.026022220655382844
0.008880347485278934
0.041408666249993877
0.009528178227451905
0.025719632436172705
0.029770205785776157
0.009419449496276612
0.020971602382011723
0.006702194680622824
0.010250032084483737
0.01486885880326423
0.02023757259726807
0.031893417807176624
0.026137791318594353
0.027781227148791995
0.022005456826462075
0.01165473742611798
0.009810470346243326
0.007910951711344745
0.005968010510535447
0.0039937095292444805
0.0020002707528315603
5.996372408641409E-15
0.0019947887508668396
0.00397184887904559
0.0059190760209369905
0.007824581895464838
0.009676766606716075
0.011464388985833523
0.004475985535907639
0.007001720556539525
0.004800886759657256
0.014005570227364667
0.021885512858117424
0.029704979928567868
0.028257906526136314
0.037845501327217736
0.03620892561160509
0.03310471987238444
0.035664534805451446
0.02493413072119256
0.03595339448215307
0.02617439694375262
0.03528328855432508
0.024686755835905235
0.03364847501608601
0.0305902904883792
0.03261476271875574
0.035245056509402295
0.024923610325383372
0.03012393945148088
0.0255362415177669
0.009551629585012784
0.007162115963091984
0.01150830903625344
0.005306664195169944
0.01105624082003083
0.009308114012793182
0.007507015135158255
0.005664148820683279
0.0037909485941285052
0.0018990061775893993
2.177285288864892E-15
0.0018943766504766367
0.0037724873907036033
0.005622823984443037
0.007434076627063119
0.009195202845303898
0.010895494593690757
0.020578758153587017
0.020029401316706722
0.027517416427560597
0.0245916880383389
0.016691967472763917
0.01219613738663772
0.022944678891047635
0.016992244228574364
0.025803412301363314
0.02166527868101008
0.035834188617881145
0.029281508489100175
0.02730118712880699
0.024069979600377114
0.027373193610013252
0.029782910943381837
0.0353374273363703
0.022240259987790636
0.025676408853806048
0.020279628326386114
0.025505374503501033
0.014298018404413653
0.013784184134520379
0.02044758105786368
0.025301248631500513
0.015656126768011223
0.01748857825166375
0.01055016488138887
0.008883293100556617
0.007165392548763058
0.00540713994644483
0.0036194365538981615
0.001813340784366461
1.1941466720991838E-15
0.0018094180900328962
0.003603794008248635
0.005372124644469159
0.007103590532063987
0.008787621854599885
0.01041396278139974
0.014974762036587165
0.01679935878891101
0.018154612759596424
0.01696469703942648
0.030669267091047503
0.02277983442752173
0.010063689679956394
0.01774695229309087
0.01790850595288179
0.023458263955240227
0.015404267664337874
0.014612719841741631
0.02051350821430181
0.013115648775073567
0.02080258887538315
0.01398317043567204
0.015394172166823181
0.0241229458001797
0.01804108390841104
0.014892697938392712
0.008878297794728455
0.018914023529309612
0.02851541821677377
0.020460283989734495
0.020111354634362654
0.01651790356991169
0.018267458961650846
0.010121138014665894
0.008523137976576669
0.006875761877447026
0.005189238702475637
0.0034740182182237457
0.0017407063958122452
5.724093803230692E-15
0.0017373792535245243
0.003460750568357077
0.00515953956148872
0.0068233429806545875
0.008441992249955831
0.010005615456479287
0.007610026906729848
0.010482913851277765
0.01625493297853213
0.008675385330590268
0.009482264056029286
0.024428395073890746
0.028467038217668564
0.02989789006157944
0.02103979594007502
0.019904455056110354
0.023971837678674668
0.032758780513593495
0.015967735700637208
0.035949982880527684
0.015506570257282375
0.03242363532232728
0.023038045812887986
0.01910084183488032
0.02035040753872501
0.02949938032169023
0.026632660842274225
0.025936987321940136
0.013553820456323014
0.006419377750210228
0.013192518645642108
0.01191153761688401
0.002518613531103746
0.009757366466510205
0.008217771418265518
0.0066301986482102376
0.005004497114998867
0.003350733407385247
0.0016791295566435068
1.0449535406584925E-15
0.0016763119168751715
0.0033394975084912017
0.004979345999428475
0.006585807068181379
0.008149052303015094
0.009659535194486955
0.02030845062793332
0.011752560346704662
0.019716992618425876
0.024373294469010626
0.013426466252793262
0.008019250628246958
0.018405852674411513
0.011296562830357222
0.019203753723455154
0.025178996472685893
0.021666076450037534
0.013938982282135222
0.031067601971681034
0.02682702536715775
0.03100742882986547
0.014433583309358872
0.021764048605953476
0.024370274323044373
0.018500841895698603
0.012973806118714683
0.02109103523058473
0.009641601523581228
0.010182941068309755
0.023799230398962166
0.018282616499568253
0.009933895218994668
0.018860707181268456
0.009449702303207064
0.007959530298469839
0.006422553345601087
0.004848298416957475
0.0032465075731358327
0.0016270778027885557
7.493606974766786E-15
0.0016247025454951968
0.0032370357671779744
0.0048270961718926515
0.006385131545150689
0.007901600640539831
0.009367231488450594
0.00991448823219652
0.015235929449784445
0.011009153749979572
0.00683801963308601
0.025083324018263617
0.02371065598335164
0.01098088796754135
0.02003554372056601
0.024199282677141953
0.0194378432708082
0.019460842696727904
0.022519025974188225
0.019831464740226696
0.018833972767057727
0.020255350879510213
0.022259268470365228
0.01979736942810916
0.02061756021261357
0.025761458718382122
0.018402955892753776
0.008295523680056578
0.021334239540736703
0.025570193818936878
0.007462391165662636
0.01163525452558132
0.014877165269804692
0.014214315988190047
0.009190996056046449
0.007742424727154014
0.0062480185198698105
0.004717032902423198
0.0031589364957616676
0.0015833526258685142
6.9177316399519814E-15
0.0015813671279586619
0.003151018935384994
0.004699309784064551
0.006216737382104027
0.00769400099268745
0.009122058333463506
0.011548340419426453
0.013490483993955102
0.014943927078717492
0.02070433312500624
0.01818272890418473
0.01669704891303404
0.027207671199835675
0.019403225223900995
0.008129971382001678
0.012500286412965123
0.017155924069442555
0.018036794082811183
0.016386923748172542
0.03727236372957656
0.01595139698695967
0.017775638098636696
0.016985950890089505
0.01140588216104465
0.00637784293051909
0.019377899328085785
0.026424631447212413
0.01728912611097395
0.021201966266935827
0.020094593860180043
0.014463169600464143
0.016557666813989316
0.006579461832487619
0.008975639047645418
0.0075617555188913265
0.006102822496013633
0.00460786848918816
0.0030861338289880753
0.001547013652555833
3.572608065817851E-15
0.0015453766227187268
0.0030796058553001957
0.0045932559091452765
0.0060770314497042635
0.0075218305803139915
0.008918800579132063
0.01918489013520518
0.009250879645768732
0.012181516278390448
0.008004931299968423
0.014916484914701126
0.014401038931966597
0.012744630855659486
0.016371062121961735
0.032378501245711185
0.028662102808886186
0.023959118530557832
0.026865572246189108
0.0248945550581061
0.011188329494939737
0.024659052539759085
0.027146380615968677
0.02401199280470358
0.02858077626716541
0.031998144868151966
0.01664660285090487
0.014010000058836411
0.015380031516600402
0.009116268897654187
0.00808951039798211
0.011969911845034247
0.005393353133037362
0.01929769649619791
0.00879923533031343
0.007413839913157215
0.005984009696898084
0.004518586115968965
0.0030266216949543915
0.0015173242190157793
3.2688952230969425E-15
0.0015160034130012703
0.0030213547264699614
0.00450679624560074
0.005963200715937788
0.007381627315081077
0.008753376451603078
0.004862678870550512
0.02078949205487828
0.013673062685484318
0.01878520334660332
0.02606971083962062
0.016191806816904
0.017306012037809116
0.02142064792519019
0.011439925600839715
0.01688422194754217
0.028745591279267048
0.010541748900738125
0.022885540574302775
0.021010049516647884
0.02330941365502195
0.010759060687187415
0.03021182085931814
0.018497125959855833
0.013671817909885389
0.02371063929261569
0.017139942466480526
0.015448141054233668
0.025957905979089625
0.01780456333602586
0.012841432805144474
0.020595929518380178
0.009813947231402295
0.008658364370333942
0.007295813132391481
0.0058892816820974745
0.004447460615543338
0.002979251493697335
0.001493711970466761
1.831276986105476E-15
0.0014926825331002778
0.002975146414702393
0.00443827158538562
0.00587306316121072
0.007270706647693433
0.008622622008377647
0.014832100480640318
0.005276854811046167
0.013025179437126758
0.010419748574542238
0.01460688035319757
0.02163277910000615
0.0162599227842134
0.01716482183390591
0.017906208102393566
0.01582640178959661
0.017920367306650798
0.021767232757354656
0.00894281432207087
0.01777296855240705
0.008691402925855017
0.020887563367577022
0.016844000340214292
0.013281472442575945
0.014620677705838147
0.016718369961538044
0.016072663912323832
0.022150954308192177
0.019844225344420437
0.01195278129462753
0.014265922654222577
0.008882695967194477
0.010796231939264843
0.008550408863444627
0.007205484406089048
0.005816881820233325
0.00439317429041461
0.002943146454463093
0.0014757402795359206
6.4416614203817814E-15
0.0014749835446390331
0.002940128829365913
0.004386419477504988
0.005804959666126168
0.0071870287627670915
0.008524134858661516
0.017193576745182865
0.015700017110289143
0.009511562580715385
0.013112294438647766
0.020104017396178227
0.013348938918521918
0.02818298461529895
0.03782470788181711
0.028985531692983832
0.03232610350697112
0.041745870087870736
0.026037202661443905
0.02911894940900387
0.02821273166494867
0.028991215068332382
0.026783664708899865
0.04187148365747345
0.03349574044024217
0.03076959333626398
0.03871177017069726
0.02971267238242326
0.01356158809454481
0.01669207655535584
0.01201549121560987
0.009000598257894109
0.012551176194824222
0.018759362198350574
0.00847343058241349
0.007141233191075147
0.00576551218641234
0.004354754658460716
0.0029176602675289017
0.001463087672363732
1.0348310890483033E-14
0.0014625903074071817
0.0029156769298862408
0.004350315050560914
0.00575767634009943
0.007129103207225445
0.008456161982304198
5.149112917396341E-4
0.013665829599249266
0.017132504901198758
0.01630531340128633
0.02685097733685228
0.020212346725824174
0.009291615276478062
0.005788822875932154
0.014836295857815707
0.014686878482346698
0.006636251315209717
0.009480998390982978
0.017031184882701552
0.008021480950778
0.0172568640476452
0.010434146894396187
0.008089260204713396
0.017534933766621665
0.01828822242569636
0.002555981249394778
0.007291122402495731
0.01946159522259197
0.025240955816295055
0.0169924190246959
0.017302078276999536
0.013727401940488944
0.005123593483500952
0.008426082790693006
0.0071019360191558085
0.005734275035346581
0.004331530647311614
0.0029023480018549267
0.0014555333780330696
5.1886196946928605E-15
0.0014552867977766638
0.002901364716150756
0.0043293296088013295
0.005730390233521587
0.007095922300640453
0.008417521487010717
0.017258415459448246
0.008834344921092871
0.012514716136488626
0.014020207603236115
0.007419450263246058
0.016493924679173783
0.02333950553004473
0.028294615558262525
0.03540589308550068
0.036108838455805474
0.03222844196838886
0.029688019450821803
0.021636507664279464
0.030341766759905554
0.021517501688984496
0.029166483395496295
0.030670380468550185
0.03528384500472477
0.034601370784624705
0.024180001322608783
0.019588145700412753
0.017174750147339164
0.011166096722054146
0.015434548737410845
0.01446775850824372
0.01024639253005523
0.014374491353090615
0.008407551610463125
0.007086917623868112
0.0057226337778128284
0.004323103446449766
0.0028969467941619706
0.0014529477539694878
