1.0
0.9989725854527312
0.98663966458352
0.9630318777411618
0.9559191768351492
0.9468195527140352
0.9357666896673447
0.9228014551461221
0.9079717207165571
0.8913321525335226
0.8729439723562596
0.8255787011365882
0.8039944060521279
0.7808901734403356
0.7015912544666032
0.6297554240059055
0.5928856344829785
0.5927325506793959
0.5498261571948874
0.5044221827456741
0.4673741228173091
0.4437204248097459
0.42731878935338224
0.4056708153796957
0.34438935993140096
0.3221184301676942
0.33413346481502443
0.35259914717815133
0.3189265978217933
0.2854686022651259
0.27592077224170514
0.24282673810037128
0.21024873368373412
0.1782979670467311
0.14708923570272425
0.11674911847641377
0.08744008736424583
0.05944923368111774
0.045152756389591826
0.02562841376529649
1.4843050750797783E-16
0.024379622781928293
0.055002200082689974
0.09220155334061804
0.11197823952494618
0.13039780024444228
0.1473906094657648
0.16291271063022122
0.17693527026340855
0.18944034481133187
0.20041892859424346
0.23131461505960932
0.23891052186153125
0.24500867546612365
0.3000517289533123
0.34732584907332126
0.3606831635194627
0.3288690633318274
0.3176190189259697
0.31912465399905326
0.3146428641405264
0.30792778011413835
0.2969216190558791
0.3028190108929909
0.3276440720809175
0.3064269705688411
0.25343200631017077
0.19458929687596468
0.18372376736412324
0.17231991198268673
0.14291977254258195
0.13059268372426386
0.11794845266184849
0.10509048779258943
0.09213375216765544
0.07921382716821997
0.06650593687577021
0.05426745894771847
0.029849313898997767
0.012673085182489044
1.1125434686465955E-16
0.012361565328204113
0.023730077237681196
0.039501241846936284
0.04869331348774136
0.05821151300310215
0.06761093994463069
0.07665429828734428
0.08519968590617374
0.09315377036252247
0.10045088101731092
0.11403023745822435
0.11979133470500132
0.12488921200342497
0.1208212502120392
0.10585626532378684
0.08500185783678102
0.08891945565346641
0.13062782666291287
0.14718873639214103
0.15598412316237015
0.14675141372398895
0.12928809507358954
0.08793102087004163
0.08599143907507838
0.10727801255779704
0.12174174731429338
0.12169622208499796
0.11692132434583472
0.11176251828240451
0.09113662670342336
0.08446747451623171
0.07753771589649151
0.07042025908376984
0.06319881192660781
0.055973762869498164
0.048872725820518985
0.04206952426053736
0.021711860092772733
0.00843678388003115
1.3208816904174308E-15
0.008298740059595733
0.015558204551708178
0.028251493933732517
0.032305863511778575
0.03709022842878389
0.042173222521461336
0.04728235326301123
0.05224371086643172
0.056941409593427424
0.06129441622761251
0.06621056245833745
0.06843868494649659
0.07034893306515601
0.10909975853087128
0.14254870360968602
0.1565251873585469
0.1146878305400969
0.06936186211716688
0.05013539078938434
0.04959986146625217
0.04985855943201509
0.06592770041220859
0.10453038693645303
0.14295783842354157
0.12600963485012592
0.09175720067372084
0.05285016109597242
0.049056998573301175
0.04524156694941292
0.04489072181944497
0.039695332116202596
0.03438377374240734
0.029081781608412252
0.023996209435606517
0.01950361472358474
0.016297209688159224
0.015350258885017377
0.007412721764223274
0.006339196069147537
1.3138528790185633E-16
0.00626186620246374
0.020872710090849084
0.04262290688473766
0.048267786196163634
0.053773044472130764
0.059081526098547235
0.06414733473360504
0.0689321149239287
0.0734030670281405
0.07753184848241565
0.10606013443323722
0.10943685730655738
0.11241527099155464
0.11214316026007858
0.09313824954599376
0.07631834331326535
0.07879922281574667
0.09563219449700133
0.12035708089555587
0.11970558546551484
0.11942882169033212
0.09374867108972393
0.07832178125590393
0.07403747036749603
0.08853317604109388
0.10717916158746203
0.10868238802896055
0.10539806099353768
0.10179825228095372
0.07292905171418469
0.06878896943246543
0.06441655921756123
0.059840787653292656
0.055091614941234913
0.05019984880659871
0.045197023528667474
0.040115329034625086
0.0194575186559625
0.005090740693766427
1.6249652692230413E-16
0.005041516417227667
0.0011431345630290289
0.009993453098755345
0.005707260441151057
0.003393048594049069
0.005662010542108514
0.009426424132427603
0.013266469930320737
0.016946542642569413
0.02039376309593729
0.011353964494745891
0.012254725990747874
0.013684662538717092
0.021075235208073882
0.04603812655207741
0.05420464783564388
0.061867382358663583
0.1037140219104207
0.1211454163858536
0.12455277880452331
0.12146986377551977
0.10480998255058621
0.06492837757484751
0.049720633226971137
0.04236776048829496
0.017691752209038986
0.023424969036891875
0.023522737958787284
0.023825415866251327
0.02296350011697422
0.020525688962867782
0.018182646334342224
0.016109858461582558
0.014556144711211355
0.013817179152417739
0.014113990725675842
0.015446406316865141
0.005858551421624956
0.0042651788904557566
2.910498406952628E-15
0.004231226855950691
0.016501112141409043
0.033599937020445426
0.03700885239663435
0.04034371816752
0.04356745401998736
0.0466485663545452
0.049559759351346
0.052277101883057085
0.05477952451260287
0.0775665598209147
0.07931131212914087
0.08080275699511728
0.06729037791930627
0.05033946602952398
0.05317670230389534
0.07202171947033255
0.05602282051410959
0.06568229866527785
0.056034646110935414
0.06418363799711434
0.054210359048946104
0.07093212029133868
0.050862836989244764
0.04478074119537242
0.05921572034091944
0.07318924017748796
0.07088261393680041
0.06843670568535332
0.04749711970455245
0.04464250020922244
0.041692197718744585
0.03868707963663337
0.03567611147556262
0.03271903181417466
0.02988981722540986
0.027280487750203045
0.0132527319008147
0.0036807316787437917
2.27409569560539E-15
0.003655993885693104
0.010568460096969198
0.022526206482886946
0.02396839739865712
0.025826595431932116
0.027961738690756358
0.030256100701498846
0.03261595529714982
0.034968423523696036
0.03725699776778998
0.053499975476917275
0.055154250323310394
0.05672984535476821
0.04225387117298058
0.0562027179703591
0.05610141935838518
0.09395345765029377
0.08706671775789579
0.0802201188142855
0.0707772071601173
0.07870776797435944
0.08540285331745955
0.09430112070676536
0.05791550338647676
0.05827718090479656
0.04552932957535116
0.06069363597693376
0.059560404434849445
0.05828170441142288
0.04047870114908842
0.0385006521693365
0.03641710276254588
0.0342556852951089
0.03204788426039111
0.02982988598985052
0.02764366333840813
0.025538219415528106
0.013113016915935919
0.0032468146625337442
0.0
0.0032280632073146283
0.008739627869070015
0.01814420481284402
0.018278987814857626
0.018797556053131183
0.019624405297148307
0.020672993973022944
0.021859527262954405
0.023110350979295886
0.024364124932131845
0.034204152852595135
0.03416599039134054
0.034116300803797454
0.020847887347722388
0.012731249059061993
0.02680547416536262
0.04449778721756394
0.04310883981793036
0.05484188492601997
0.06442648609079876
0.05539455293209996
0.04330389825311075
0.041483527144337055
0.023774061177903594
0.01086589006686584
0.018661954057081133
0.025887136106601198
0.025114598382397647
0.024503257748900994
0.017070387137755504
0.015243346892593643
0.013530126667146522
0.012071245180022663
0.011058088827656019
0.010697976682636674
0.011115804735697263
0.0122720269977271
0.005294012708081828
0.0029132344336120653
2.1286701674024758E-15
0.0028985934653014086
0.014597312047437201
0.026302320295607983
0.02892658273660167
0.03150510831602229
0.03401138613648519
0.03642270385510653
0.03871920110852875
0.04088329642372902
0.042899338773360336
0.0624710045335573
0.06411357676071175
0.06557452390719379
0.0485240186239365
0.055427440834462
0.05857748064398916
0.0753747709173461
0.07345668291281751
0.06088032536021861
0.07028214704148393
0.061041815556993784
0.07341447905076173
0.07253048535745855
0.056983151583460324
0.052827185879112115
0.046652410241814574
0.06398651179635537
0.062333457944849284
0.06051026602706871
0.04144703934739974
0.03936583278390134
0.03715368138091042
0.03482473630352751
0.032393894752008656
0.029876753714881698
0.027289587452597068
0.0246493688188946
0.0145425774714511
0.00264994375081498
2.61956213012558E-15
0.0026382495895470133
0.0041415535443890756
0.00882844870756277
0.0065092941261448425
0.004571912493789463
0.003533482039877266
0.003977908975546701
0.005423646351385856
0.007183408979610831
0.008978200768531088
0.010869899111243355
0.010470619477720678
0.010418912399956523
0.03377686479867162
0.024631379571039683
0.014796129688518598
0.012182921643501156
0.029675638202265646
0.04575986813532723
0.039588996996474834
0.04469606961902513
0.02787866147219889
0.01288850451986492
0.017287715732670322
0.02689025050246515
0.03652762172052109
0.015925179828189653
0.01624466658080733
0.01664138787814848
0.01301959947837111
0.011912463253075581
0.010884912079491396
0.01003000992812607
0.009461237734028224
0.009290654355119315
0.009586941677387354
0.010343249161082734
0.006473410788716583
0.00243786472954277
3.0934595750203075E-16
0.0024283578107895725
0.013121676885405975
0.020088095958006046
0.021977896667448628
0.023841715219821293
0.025656556296555662
0.027402643772025566
0.029062674188522743
0.030621344117896025
0.032065052588876555
0.04569069443343098
0.04665692584893079
0.04748345279569214
0.027851330812849483
0.028083671201043183
0.03444884699219351
0.036338465750648564
0.05795566496449278
0.04560306393509473
0.043503618368778516
0.04468192264113215
0.05628586361807909
0.03396639190017955
0.031555760906309724
0.02469808547741149
0.02385085424547414
0.04264607320542654
0.04124976965811172
0.039766509085089524
0.027856836744336887
0.026139101861923458
0.024357280268310206
0.022536074312694863
0.02070564730474232
0.01890361957378158
0.017177784128262694
0.015589309976398867
0.011106821082705593
0.0022643102517712196
1.1484847035502865E-15
0.0022564742107753694
0.009700033811633688
0.013253103054193267
0.014304644486250765
0.015599689192206992
0.017048688935118156
0.018579469547443356
0.02013634222843849
0.02167671860086977
0.023167749036628615
0.032081292602016157
0.03317784317789559
0.03421341099493772
0.04172212604059808
0.03456279296266569
0.03616745512219055
0.03108366815331532
0.016882876126480307
0.02991879736284442
0.03933337917503174
0.030838967296418104
0.018754907476142935
0.03177821688357936
0.037141511111536796
0.03438182414861358
0.04089033764189542
0.03608860774151704
0.03522870952383078
0.03426143765130467
0.024912911194718668
0.023547337981292576
0.022098444803603744
0.0205825361504161
0.019018520101575554
0.017428747150363782
0.015840303252138407
0.014286954478069405
0.01168754456504501
0.002120522893438765
2.3910790923444445E-15
0.0021139948823745485
0.008139895663023785
0.008953841064597907
0.009294993518823203
0.009966322893264852
0.010872022952674507
0.011921258755664086
0.01304077394924986
0.014175369309036881
0.015284150552193442
0.017788080992728546
0.018094898835339598
0.0183871655092938
0.009774227131125735
0.018212883436803978
0.01196464092849334
0.02009647109474955
0.021177653700688828
0.009526671403892928
3.5501980819183424E-15
0.008882596756408189
0.019638294998450424
0.019958259770132273
0.011826229692166691
0.019467075136601973
0.010939687182596023
0.01379495303459533
0.012844125815145699
0.0118988388316097
0.012294985164144028
0.010838069981615699
0.009330500476610775
0.007811844978069152
0.006352190093834584
0.005089817165996354
0.004292573047062751
0.004299430960911893
0.0060570956335313465
0.002000270752829958
3.581083708617607E-15
0.001994788750869028
0.012971547389303133
0.01364472017250656
0.015475050664589643
0.017268176876573078
0.019007210926627525
0.020677734297692492
0.022267030685754398
0.023763688697147067
0.025157393954910755
0.03390380967361652
0.035019787435385946
0.03600869424905237
0.03009165307342842
0.025842069867358545
0.03344236681616247
0.0296842781801076
0.038958117636130114
0.049479467094906436
0.04642620162462394
0.04930249462168152
0.039120584901724084
0.02910740338937333
0.03181118586893373
0.02404997973491634
0.027755462541005877
0.03441405728881057
0.03321381735872916
0.03189203671781433
0.02388161780545775
0.022395514186275656
0.020814273370156493
0.019147687316329775
0.017406112004299194
0.01560044543890377
0.013742138201706394
0.01184327689609288
0.013022902972388123
0.0018990061775915744
4.5438743734378355E-15
0.0018943766504778308
0.005620438710120716
0.0013039242776603144
0.0022411836199028876
0.00388543826677581
0.005591421057317667
0.007262209185364667
0.008867475409436174
0.010390733091353828
0.011820092717709426
0.00872876816995335
0.009963600663131369
0.011100294710095873
0.02034071001148808
0.02539040024280782
0.0252508040640093
0.01904915188769732
0.010096909996709253
0.007056074001501711
0.015399292728156735
0.007360741316363849
0.010363875900928054
0.018839762894523455
0.026914389004727528
0.025376270421201476
0.021141297344279292
0.01344861673100015
0.01267519578847445
0.011812194078581929
0.013244071438680696
0.012001575115555338
0.010679632222736601
0.009292935583817042
0.007861137217280162
0.006414085938304239
0.0050059109984664585
0.003756221413677574
0.007162511567152859
0.001813340784368499
1.6879334364548149E-15
0.001809418090031096
0.011955853731962373
0.008352573509854988
0.009919640804457402
0.01146485215769354
0.012968707900441126
0.014416154705358647
0.015794651840746864
0.017093294179965433
0.018302392010767186
0.021807943455323303
0.022714346117974096
0.023512367857342058
0.018879994178094016
0.01814643143638605
0.012255490912208698
0.029038632934452607
0.034352735760932236
0.03322223537042184
0.03168486845332471
0.032944817921057044
0.03396345367292777
0.029672398673424204
0.010232595774266079
0.018941733518048228
0.018528189893939995
0.02134439804486599
0.02025246637040078
0.01905820013007764
0.016650730875215968
0.015304446946274855
0.013875498011945927
0.01237370603094283
0.010810042741530518
0.009197208626784147
0.007551064733189523
0.005894595686813736
0.010359141209280021
0.0017407063958156173
8.07088128735187E-15
0.001737379253518633
0.00960784991155037
0.005340803782370631
0.0069503500264499725
0.008547091257038219
0.010104538582318448
0.011605821151534381
0.01303810958976538
0.014390688751778973
0.01565419593891019
0.017071103233378432
0.01812948148675444
0.019078293214895372
0.020329596220950423
0.02018447627105136
0.03560702499970436
0.013451149030952398
0.015869858312499024
0.012765197593348512
0.00844629181303978
0.012697573341601901
0.01627625439578447
0.01275598672121637
0.03566236017839633
0.01898327185149357
0.01969963227514195
0.01885340725695079
0.017878370942790472
0.016794768380826712
0.015423524308844453
0.014156521745806894
0.012804150325530127
0.011374806496342456
0.009877338461630487
0.008320991023768987
0.006715348114163346
0.005070273361436295
0.011236171236370504
0.0016791295566437234
5.44339095660107E-15
0.0016763119168750934
0.008016686659715375
0.005056228993577175
0.0066906942018516635
0.008283096584619029
0.00982386748115785
0.011303777671414935
0.01271399339315563
0.0140461298378349
0.01529230180199539
0.016785922533180946
0.017876063906344157
0.018861005345765527
0.019048236266221947
0.02709789208833583
0.012997947094815273
0.036462799129930466
0.023844449012143585
0.029901119845707095
0.03829047028697663
0.02978542480121571
0.023092226980987094
0.03661901632965103
0.01425272343389063
0.027806601775681866
0.018838905642824026
0.019900852842532953
0.019074334050209977
0.018146401184454094
0.0159285575257974
0.014765220998873837
0.013520940299217056
0.012203891952702911
0.010822757483553888
0.009386724032345037
0.007905545849385187
0.006389774549394809
0.006469941722733116
0.0016270778027925206
9.89314671469366E-15
0.001624702545488517
0.012328270887236925
0.003096890508647663
0.004577145952241309
0.006029247955570584
0.0074359945459300985
0.008785801130495194
0.010068990926751701
0.011276893513216021
0.012401575268625734
0.011265408078668422
0.01214694255512083
0.012926843990515146
0.019773079664680296
0.011347797014277837
0.027417766918473585
0.0038445897350562496
0.024928296098615667
0.021229374659610598
0.029210670737359327
0.0218256317590464
0.025177507310872344
0.004018052829131271
0.025764237207279345
0.010814302532726656
0.020790269293951554
0.011482042910155182
0.010508026335928724
0.009437273258438116
0.01131090463270431
0.010097447616661996
0.008806216822541362
0.007445610098194318
0.00602498940640866
0.004555534032985973
0.0030538433686855835
0.0015671467577796487
0.012370820693833209
0.0015833526258721318
5.168664932088869E-15
0.0015813671279532922
0.00627240569493917
0.008185550156231267
0.009721310303008695
0.01121693145714028
0.012662902205805232
0.014050228162617357
0.015370386279258798
0.016615330280427106
0.01777751615600795
0.022552434121242398
0.023546005929937615
0.024436804786340457
0.013266934859245105
0.02695802586589139
0.020549920064030055
0.03259183139904594
0.014600526907628844
0.02069424554976002
0.018064927515579837
0.020438026568918997
0.014925634387387858
0.0319067240081415
0.020768377616324808
0.026188087275049003
0.011580660549096412
0.024579429309991588
0.02373274600391389
0.0227939207663104
0.01772594688771839
0.01658714723038297
0.015375583306551414
0.014101131996188829
0.012775133679577598
0.011410997808145983
0.010025347561415033
0.00864026423156261
0.007559138575857149
0.001547013652549363
3.3601654674028044E-15
0.0015453766227218205
0.011421884410714176
0.004292990062011636
0.005109703524918204
0.006174409710090109
0.007350659780996258
0.008562047968263532
0.009764885122282425
0.01093197972126353
0.012044787007178466
0.013298149726324893
0.014176276944127644
0.015004140640905597
0.028552975565911354
0.013097357852258634
0.016797271830451304
0.014458956802256005
0.01962748992509874
0.039940329374241273
0.041408659762261484
0.04012178546993006
0.018983635720234027
0.015200890081331495
0.017612157709172585
0.013852081519120603
0.029727813773656152
0.01757102717428346
0.017116409054766957
0.016609115370823626
0.013722885131439284
0.012810220411620377
0.011852277658803081
0.010866477706872423
0.00987511108488968
0.008907514232947162
0.008003078346040526
0.007214470266028132
0.009997083135948203
0.0015173242190177686
1.636537029309285E-15
0.0015160034130000325
0.00966425577198696
0.007784047912510424
0.008671251913784393
0.00963735345676092
0.010639542440349856
0.011645980047332333
0.012632628197842595
0.013580842119715929
0.014475747303294479
0.018431655930098143
0.018965900702005933
0.019436364194059648
0.003283563148163317
0.02100259642388512
0.020300664153012685
0.02314095831794154
0.02202017753930536
0.012698522762297411
0.008594474354403907
0.012574167683437875
0.021991856280247673
0.022591747111722744
0.019974293742667612
0.02069682684939132
0.004489586992137313
0.017144464193262737
0.016438913855454578
0.01571622435609878
0.012414067996201372
0.011375012228494387
0.010314488957732943
0.009262207267037663
0.008260173166558775
0.007368369880257738
0.00666914507016116
0.006260731449395451
0.011110209677324618
0.0014937119704647075
2.6970810415023014E-15
0.0014926825330947742
0.007927979690812133
0.010600624094731736
0.011884328441531415
0.013189146088929673
0.014489741108820273
0.015766547923877796
0.017003854815782465
0.01818862878650742
0.01930979585713202
0.027108823740955072
0.02808668807551206
0.028984027945224745
0.032792262238589255
0.017764462188229697
0.030386626599088223
0.019817660314514172
0.027695007619741023
0.0382183620705131
0.031992854338564566
0.038066552206632825
0.029047146669844606
0.019869763545427566
0.031371528376923294
0.01800184100378162
0.03267203069970796
0.030642723722245645
0.029953698402214964
0.02917078798795081
0.020641885030492056
0.019628931297373458
0.01854117124240461
0.017385988511052643
0.016171268696904287
0.014905389555208965
0.013597231770928118
0.012256227854240402
0.006618366973308973
0.0014757402795381371
3.0819542792259365E-15
0.0014749835446455685
0.01208764208820526
0.004213739569148897
0.003107623995911921
0.0023133333841576452
0.002134274135162973
0.002628449092548665
0.00346238636860424
0.004395142607578003
0.005327550988595218
0.0035947028303571554
0.002933045191192556
0.002426499245079227
0.014759878560975766
0.021335500163195
0.013107344581468769
0.019820674938906498
0.010322319088138935
0.012500662822141828
0.021298360579277597
0.012553655001347065
0.009395061023259953
0.019855023547749373
0.011946232051629507
0.021466034765364177
0.016299353025821285
0.001846087055385772
0.0026231747091271128
0.003516243882247066
0.004787473762785669
0.003796191366653733
0.0028093084829492287
0.0019685393218880193
0.001682146878432268
0.0022736113312558184
0.003352474729733723
0.004615611434877015
0.012102758926549663
0.0014630876723658608
1.684049387320269E-14
0.0014625903073954515
0.006559820898481865
0.01298038253804355
0.01434763462289019
0.01567904809288172
0.016965749114250177
0.018199293185371807
0.019371664412244805
0.02047529297257737
0.021503081938593762
0.031073109211028252
0.0319055632125738
0.03264338145036485
0.02943779216801421
0.01822061542427762
0.030586887975684415
0.019540070800854112
0.04461130518916713
0.03109931302047413
0.04024264004048876
0.030831155929289325
0.04455191280723659
0.01956231295996488
0.02944230870855272
0.018252917608194974
0.02861921638964424
0.03173458354570127
0.03090576616682259
0.029999567996091187
0.02062160532462702
0.01954820412547475
0.0184153045316006
0.01723414657223383
0.016017772319963687
0.014781552517848021
0.013543971505323065
0.012327771729773717
0.007790962487186924
0.001455533378039843
8.04419925037296E-15
0.0014552867977864511
0.011173241134649115
0.007634558998858985
0.007716213258095822
0.008077479275457686
0.008662381873830593
0.009405398503517485
0.010246687995438672
0.011137854312311147
0.012041779075244403
0.017458068520346155
0.018007969879355493
0.01857165375121372
0.022882491480539387
0.020373164411093166
0.012026341453573987
0.020434853214877067
0.025250431908144914
0.017209093354962308
0.009451644775680557
0.017498789555453816
0.026786852988733418
0.020405582589483717
0.013799566317888133
0.020005546525470642
0.023786617059734682
0.021696852068287253
0.02146763953577637
0.02119778387413267
0.014781436381763225
0.014083541838883955
0.013357453356665092
0.01262052430707129
0.011893291644553985
0.011199868016463525
0.010568011106341675
0.010028426240724291
0.009789917049331397
0.001452947753962227
