1.0
0.9989725854527322
0.995894139718448
0.9907760398146919
0.9836371918337702
0.9745039478168536
0.9634099899352776
0.9503961825331828
0.9355103927392294
0.9188072805050721
0.9003480590739839
0.8247578916524989
0.7754559916940348
0.7068754260191603
0.6190416832902065
0.5761082414009288
0.5852798436510462
0.6023384553198029
0.5552736816005077
0.5063362657409861
0.4569674301977634
0.4437930911927215
0.43059803845796163
0.415391077652355
0.3383413766229414
0.2712090391127498
0.25268435153729396
0.2784530078872391
0.286568934672641
0.2792070291223097
0.3002006862750964
0.2668332813211876
0.23395677675898396
0.2016731299197545
0.1700806805333105
0.13927376632762728
0.10934235931995509
0.08037172439209746
0.05244210162743705
0.02562841376529711
1.3886928003946938E-16
0.024379622781927773
0.04745297037168254
0.06916877240348815
0.08948212364992654
0.10835460493099795
0.1257543732716559
0.14165622109465506
0.15604160438810807
0.16889863993921259
0.18022207187652925
0.24334119429659498
0.2752402881147168
0.3134665422866299
0.3629608004664217
0.3718058228370947
0.34390699963799864
0.3103866818250139
0.3225693796054535
0.3398477469756107
0.35390916236727754
0.3301627032965247
0.3031084499927296
0.2823385104737026
0.303807036620973
0.3198808903058213
0.3065319432788705
0.2590757114470227
0.2243633533947019
0.1921309496221581
0.12883908052317367
0.11667245240793701
0.10413347464621658
0.09130375337943797
0.07826434592779986
0.06509537670314826
0.05187566279556211
0.038682351000812666
0.025590567982649894
0.012673085182488828
5.805595688181719E-16
0.012361565328205327
0.02434774582752887
0.03589819564672823
0.0469563285808897
0.057469536274566746
0.06738938324713158
0.07667177800935282
0.0852771196700482
0.09317041956355279
0.10032139756208598
0.05985348898367974
0.048854353103867404
0.05029218884009537
0.03915679211227911
0.05981752369768183
0.0703358604291244
0.0931310865816492
0.08882603385208558
0.06313593805924234
0.04650067217128384
0.06360650706074941
0.08967102574540342
0.09421706028965118
0.07505069496766224
0.06496869877239572
0.04455047768385121
0.050343464072529716
0.03911368023866578
0.046287792663533694
0.08219714680739867
0.07482035430154871
0.06711710121238283
0.05913896231121423
0.050938221326004715
0.042567565380627885
0.03407978162745374
0.025527457685862297
0.016962687462071364
0.008436783880032557
0.0
0.008298740059596544
0.01641209904919236
0.024294572090918447
0.03190271856496258
0.039195379273755666
0.04613387787015455
0.05268220563223921
0.05880718876800726
0.06447863753738937
0.0696694765861086
0.11683218738505419
0.12589813518499254
0.10926999587668204
0.10650929070966515
0.08995012328427578
0.08188356280490157
0.07261057818665798
0.07831728268955251
0.10950526664199452
0.12258692518894486
0.10691675356564079
0.07189070851388758
0.06259768260279777
0.06745768252693689
0.07160665672858438
0.08500475303524642
0.08714680943543625
0.11001567732766512
0.10461099479334054
0.060499877003650046
0.0552044965608565
0.049639640524936204
0.043842373363555426
0.0378506719099732
0.03170319158088249
0.025439031390900025
0.019097499119955966
0.01271787797544186
0.006339196069147786
1.4602785394862565E-15
0.006261866202463451
0.012409475561786206
0.018407024902625187
0.024220032755730928
0.029815527373657457
0.03516222387760992
0.04023068962729575
0.044993496981779006
0.049425362699366544
0.05350327330829092
0.030137813819109915
0.03314591473887402
0.07422635694938462
0.08549712562869877
0.10179986043765624
0.11072277731691171
0.1275838879780846
0.12041519337868542
0.11168763730481766
0.09465183412205577
0.11249121968800563
0.12083928403614097
0.12894704779756136
0.11013817391770749
0.1015413411462208
0.08768968476735267
0.0786804878764906
0.03518890984106167
0.028970684471126776
0.04799358665120168
0.04385524009181688
0.03948997423526646
0.034926611005350605
0.030194876749063813
0.025325216019944908
0.02034860287924194
0.015296350844885011
0.010199922616158897
0.005090740693765678
5.021367003872934E-16
0.0050415164172285054
0.010003617540090284
0.01485687937291207
0.019572813786122457
0.024124030271786636
0.028484389719773535
0.03262914937774944
0.0365350982167694
0.040180681986827865
0.04354611731320089
0.07277445490718365
0.059877165991894764
0.02108167650271288
0.040524030591250065
0.03465395304678617
0.02100423326296298
0.05454061314322429
0.06498707029465435
0.10026644620033531
0.09913062196699952
0.1005397441148336
0.06597194423999263
0.05621901615168721
0.022763849549273407
0.033669965030175976
0.039969116899885956
0.01642516274056243
0.050244925371455
0.06530339550272664
0.039883901941637455
0.036479093000142515
0.03287863137833015
0.029106096167606378
0.02518591587948899
0.021143214447611462
0.01700365428408395
0.012793277347068258
0.00853834518107187
0.004265178890455833
2.7567914264036207E-15
0.004231226855952564
0.008402948491872973
0.012490174076165785
0.016468621510454886
0.02031485844354613
0.024006437118553988
0.027522022293951252
0.03084151152596991
0.03394614715006052
0.03681861935330176
0.02757773391209147
0.04560202127106612
0.07772934062984668
0.06497418276536417
0.06722391118777556
0.07362634229858836
0.10420667368027
0.08094523780461012
0.09003808172484151
0.07296218965415567
0.08817639356312386
0.07675054399095216
0.09924392320639032
0.06863551323669348
0.06153315214470661
0.057951054715240834
0.07274182600270561
0.047619388108203604
0.02750409013420316
0.03421776046338109
0.03131765050089918
0.02824540780962658
0.025021011314591723
0.021665227760587765
0.01819948054447596
0.014645715469340879
0.011026264246840398
0.0073637065820838215
0.0036807316787416593
5.933732609601876E-16
0.0036559938856952794
0.0072650565569707835
0.010805428289310791
0.014255912122850907
0.01759599869453561
0.02080598611094408
0.023867094172387467
0.026761572296946298
0.029472800534868178
0.031985383108941084
0.043803022423915206
0.024186600295422196
0.02114244529155113
0.04177128755152553
0.03448652597552774
0.04076000784082242
0.05180389696804721
0.0678437934068666
0.0802193527933539
0.0842545858688226
0.07936146307396047
0.06808385629308888
0.05107036626700164
0.04092940282598847
0.03543048929147705
0.04249357151008063
0.024538638007398403
0.02089341155380113
0.038794990161845656
0.030050316655056544
0.027517322639367185
0.024830357014185293
0.022006789021949868
0.019064718399566378
0.01602286105365767
0.012900431665655378
0.009717023953107161
0.006492489323495431
0.0032468146625332607
1.173139618529197E-15
0.003228063207313845
0.006417712443587337
0.00954963243325394
0.012604970668226804
0.015565449480290063
0.01841347400050745
0.021132235375584514
0.023705808643462854
0.02611924470554794
0.028358655871709305
0.027856280171030364
0.049514222079555026
0.03786733457390155
0.03076778216937865
0.035125612651095636
0.037336469216459126
0.03147783047223818
0.012473917399853492
0.010926539812999075
0.017934276084621212
0.011746681708756052
0.015266782977933113
0.027462223721196048
0.03628835922174106
0.03254071179216176
0.029235523035846204
0.030349097694079598
0.048275078639121644
0.028049560752643487
0.026868828375114555
0.024613779935093942
0.022219107024004318
0.01970021036208413
0.01707317065595272
0.014354647114390558
0.01156177296143078
0.008712048594941098
0.005823233049989113
0.002913234433608461
2.3448236404125473E-15
0.002898593465301585
0.005764848289298987
0.008581352929306622
0.011331086723562126
0.013997521750360883
0.016564721191943233
0.019017433623294333
0.021341182673571525
0.02352235153832341
0.025548261854455145
0.02663546715384639
0.016612331016687035
0.04292081791176613
0.04382597213817873
0.04949165018859732
0.03783930280777144
0.052536594222346404
0.07330521992974015
0.06376769289794035
0.07802558965071371
0.063574037151024
0.07279511440189251
0.05239889845274334
0.0393115788488152
0.05319632530301456
0.04484542687236176
0.04541242953664767
0.01675698237259746
0.024740589221308788
0.024371076804363116
0.022332853656681133
0.020166556388831847
0.017886055366204974
0.015505857279756535
0.01304101371229163
0.01050702679199467
0.007919752519504176
0.005295302366407684
0.002649943750815784
2.597077555499906E-15
0.0026382495895449767
0.005248668987354834
0.007815363359245932
0.010322775102728783
0.012755777411732373
0.015099764812138173
0.017340740130548146
0.019465397382422856
0.021461200092845228
0.023316454592682744
0.02839159556408076
0.03779004967953296
0.00877725214927158
0.03342448296095141
0.031409801980175726
0.04620369037435335
0.026189471048325568
0.04741588020660557
0.05547786573846485
0.06536551730507635
0.0556749695523841
0.047462203889818165
0.02690377462099273
0.04647078311935304
0.0318889642279038
0.0345319594602147
0.008016469521915658
0.034312290799732977
0.02826273960041188
0.0223674609895318
0.020502305557442466
0.01851851851852019
0.016428752422943962
0.014246258644900783
0.011984803983146573
0.009658584444420405
0.007282136745885782
0.004870248084481225
0.0024378647295397534
1.5360479969190209E-15
0.0024283578107919907
0.004832337001507373
0.007197272964719128
0.00950879707671306
0.011752923439940045
0.013916132957621797
0.01598545423832318
0.01794854084947874
0.019793744462758535
0.02151018346102799
0.02285369158622761
0.020489482274280397
0.04370355906554685
0.05617334547233365
0.06583356908911354
0.05107781622796979
0.035375591586514384
0.042676648615299496
0.03673219266656127
0.05023653605101589
0.035626143990766426
0.040621412280099634
0.03339233374969161
0.05084397060987317
0.06403651108020317
0.05741577621523839
0.040848270115539674
0.022065195251528884
0.023072045195659627
0.02073308876874228
0.01900855764427512
0.01717320964004677
0.015238710305110835
0.013217291849713824
0.01112167627822975
0.008964995797927621
0.006760710998606568
0.004522527309872558
0.0022643102517695955
1.8193548192543823E-15
0.0022564742107749666
0.00449127932258774
0.006690762809973133
0.008841535644207692
0.010930553364364985
0.012945194766962213
0.014873337741862542
0.016703431801371058
0.01842456687079912
0.020026537933305624
0.02657653995550693
0.02121927337242088
0.014035477617088293
0.026072047243556554
0.017120258317860074
0.021311160349866402
0.028830902088965736
0.034421086956433755
0.038271537620846875
0.04128884851286338
0.03763309977645735
0.03354936984021672
0.02889277395637187
0.016480520122159913
0.014564759593785602
0.022081100097755945
0.01652464072614443
0.018897761005661696
0.025701113565897472
0.01938241536713103
0.017773746605174296
0.016060791128661555
0.014254402945585939
0.012365975136842549
0.010407368373059526
0.008390836793724432
0.006328951709568366
0.004234523600868643
0.0021205228934415322
5.156844657149615E-16
0.002113994882376795
0.004208491728058943
0.006270679904201163
0.008287986175751518
0.010248151021479194
0.012139302799508485
0.013950029315999164
0.01566944636728041
0.017287262845733144
0.018793842021813265
0.02383819952023751
0.02801529367566578
0.023939761903359988
0.05678849421414996
0.033850226782529184
0.04526367856247787
0.02814693918799457
0.025640610844018377
0.02884039658673786
0.026189140043943376
0.029573515534624503
0.02609883785103194
0.0291321116184372
0.04477646155781173
0.029104539226321235
0.0561006554741903
0.02082224417595939
0.028886059944362403
0.023786428653924392
0.018254951168104695
0.016742774869491373
0.015131808464321982
0.013432231125053273
0.011654737426116791
0.009810470346248299
0.00791095171134754
0.005968010510536016
0.003993709529245557
0.0020002707528295896
5.842127473848408E-16
0.0019947887508705723
0.003971848879047839
0.005919076020934038
0.007824581895466065
0.009676766606714635
0.011464388985835117
0.013176634547163842
0.014803180649463987
0.016334258471108785
0.017760711428657164
0.021641819144388712
0.015108796761945271
0.026431281200098668
0.011250283602462123
0.029776446829189708
0.024736775504741782
0.02530209335607216
0.019552428097448008
0.026729275349722924
0.019845344334569776
0.026617831884761217
0.0190996394462102
0.024394268334183507
0.02756020407836461
0.03192302176140292
0.012553839348199166
0.02740967558477041
0.015009158709368493
0.02031117720504931
0.01730678585520889
0.015875622498043068
0.014350319253918487
0.012740489276208264
0.011056240820025692
0.009308114012790417
0.007507015135158383
0.005664148820688161
0.0037909485941328863
0.0018990061775882978
2.2830791627923185E-15
0.001894376650478292
0.0037724873907046524
0.00562282398444525
0.007434076627063984
0.00919520284530162
0.010895494593690717
0.01252464314122755
0.014072801356566734
0.015530643016462991
0.016889418781758606
0.02226333751408177
0.02820732844388565
0.012618331662196497
0.04869042819695048
0.017133379412943878
0.031108498965463013
0.03690097239675787
0.029029044334424752
0.03753319626313741
0.03061401400584913
0.03714536219589056
0.02870111519073819
0.03698018765798106
0.02841736782640896
0.01835002802625938
0.046453914808452484
0.012370454709506377
0.027019562834713517
0.02147137503330924
0.01650534428602355
0.01514258584455159
0.013689633232421339
0.012155621864998236
0.010550164881394092
0.008883293100554196
0.007165392548759288
0.005407139946448026
0.0036194365538996937
0.001813340784365601
4.1665059604892735E-15
0.0018094180900273076
0.0036037940082489046
0.0053721246444723035
0.007103590532062167
0.00878762185459909
0.010413962781398292
0.011972733741573503
0.013454491259359498
0.014850284989619973
0.0161517116099405
0.016482113797903646
0.015101179047500347
0.027260654292563673
0.006829929137326734
0.0320112712064679
0.039242155721971095
0.010535598195089417
0.024665457177417954
0.02565429963868703
0.026177141095640434
0.025946104140758097
0.025271138130507312
0.009873541752084073
0.03914257514563294
0.0306507597736267
0.0040343381810296714
0.026735239571929404
0.015314773977238344
0.015913961411285392
0.015826024000834917
0.014521222122823852
0.013129576318162259
0.01165981713250701
0.010121138014667063
0.008523137976579671
0.006875761877452379
0.005189238702478403
0.003474018218225059
0.001740706395816191
8.672134934068933E-15
0.0017373792535231992
0.0034607505683580137
0.005159539561485638
0.006823342980652517
0.008441992249960851
0.010005615456476956
0.011504697400997082
0.012930137348575985
0.014273304129172685
0.015526088255909601
0.018021052310647996
0.020107053359758507
0.015206828878019838
0.035927653200322596
0.021040465330605815
0.007560245299153697
0.03288630083298722
0.015257148791320776
0.014669440491340394
0.0070576605373475565
0.014216239511000183
0.01443365416112824
0.032202116120719694
0.00790549560006858
0.019754621464176326
0.035004263715796874
0.015652586306499718
0.018405674101392346
0.016926606427664293
0.015249972865763047
0.01399432858407806
0.012654679837934743
0.011239413419889207
0.009757366466506875
0.0082177714182647
0.0066301986482151225
0.00500449711499941
0.0033507334073902342
0.0016791295566443893
4.10327492188408E-15
0.001676311916872667
0.0033394975084862608
0.00497934599942235
0.006585807068180474
0.008149052303009038
0.009659535194489423
0.01110804929967712
0.012485784224257711
0.01378437908291008
0.014995973114482534
0.016671218895682783
0.017990800112458426
0.023423812555921433
0.011402566965077052
0.026608804837867935
0.024488802832504358
0.013328258218939045
0.030683461803912293
0.03706061444574419
0.04119985717996439
0.03704401770468284
0.030702039885273005
0.0140084769072317
0.021764265734355245
0.027788873222361957
0.012578801983373907
0.02248763323269817
0.01894834162514088
0.017513497374137935
0.014762581844750045
0.013548571158446402
0.012252950983886608
0.01088381640248947
0.009449702303206782
0.007959530298465894
0.006422553345605007
0.004848298416961936
0.00324650757313393
0.0016270778027876304
4.2264576877068723E-16
0.001624702545493829
0.0032370357671753086
0.004827096171892761
0.0063851315451491
0.007901600640549108
0.009367231488448428
0.010773077968523163
0.012110574301548004
0.013371587129263784
0.014548464866394663
0.013336630188155776
0.014999794056719988
0.014505390913558852
0.02472729274726812
0.005785149310738508
0.02750532372843124
0.02236652574361663
0.02209600221093876
0.010030984917926259
0.003918167641357875
0.010226761429593325
0.023073039278698547
0.02169059286665179
0.02929759292663548
0.004700725194382908
0.021414014306555436
0.014517867882704517
0.015023776089285353
0.012405023079602806
0.014352440193510705
0.013173533359923868
0.01191501965055598
0.010584747402742588
0.009190996056051967
0.007742424727147239
0.006248018519876538
0.004717032902421096
0.0031589364957613267
0.0015833526258717452
1.089708618936131E-15
0.0015813671279558646
0.003151018935389993
0.004699309784057622
0.006216737382102144
0.00769400099268901
0.009122058333469584
0.010492180819397352
0.01179600681202053
0.013025592550941227
0.014173460457972022
0.020914469099639985
0.02155694859607233
0.01983294534585216
0.022373627663493618
0.034174481883153515
0.005450209818291142
0.023979596743232977
0.0273074386394334
0.022796230415493442
0.02815990036376621
0.022333934558174832
0.02681869778848602
0.024823990570056048
0.005452077154404254
0.03346175759281743
0.025182682443361463
0.020105706038539693
0.02159072793585068
0.021763865581940215
0.014010597974019224
0.012861044675945467
0.011633535736642227
0.010335712165388337
0.008975639047642394
0.007561755518892822
0.006102822496015345
0.004607868489188544
0.0030861338289856796
0.0015470136525548655
1.1108812967060872E-14
0.0015453766227193947
0.003079605855297333
0.004593255909147934
0.006077031449693397
0.007521830580312587
0.008918800579130448
0.010259392048034756
0.011535411143214928
0.012739069568687155
0.013863032028226755
0.009623915517501726
0.015646934338426004
0.021314265187536
0.007790289926943005
0.010419945125823804
0.02798132033074106
0.015251653736249999
0.02672818226697084
0.025349785676078814
0.02301778740738619
0.025652431091182034
0.026006330409172926
0.01466376139627532
0.026041129716681332
0.012597108832189726
0.00841910139849038
0.023071113338818915
0.015586784273687076
0.00893083276583251
0.0137300380492398
0.01260469958122321
0.011402737382913414
0.010131620185260573
0.00879923533031259
0.007413839913160451
0.005984009696891611
0.00451858611597024
0.003026621694951036
0.0015173242190230389
2.2437094686843295E-15
0.001516003413002511
0.003021354726474513
0.004506796245606513
0.0059632007159442346
0.007381627315094891
0.008753376451613915
0.010070043035630806
0.011323567895698456
0.012506287027608325
0.013610978374998929
0.023352416809041276
0.0189938212974529
0.020267294310509144
0.033005387694108115
0.021892517685450315
0.020939074012601002
0.03406040147393338
0.02181236894195197
0.020548682833133658
0.02536188251513242
0.020714919853398402
0.022585164759174513
0.03470228348579182
0.023560474540306874
0.0206612575111956
0.032075758788628915
0.0190094722282653
0.01792556965204697
0.023344837625738434
0.01350529438704745
0.012399509771522862
0.011218138743400389
0.009968509378496276
0.008658364370332159
0.007295813132378918
0.005889281682097907
0.004447460615538815
0.0029792514937097498
0.0014937119704690259
3.234132301196344E-15
0.0014926825330979384
0.002975146414707497
0.00443827158538348
0.005873063161210272
0.007270706647693349
0.008622622008375602
0.009920516256839986
0.011156434250426995
0.01232280737482325
0.01341249982226193
0.007229683662774438
0.01498228415747561
0.025847816032016996
0.01556088065865328
0.023191106335420073
0.011273984022633333
0.006608801136419452
0.007506023479096055
0.01955262880363524
0.017380990316892067
0.018951540522324697
0.007245576188323021
0.006124685126616212
0.010730424002629666
0.022779838466351766
0.017921361868234262
0.025418396975230805
0.015050515052118478
0.007129850891101078
0.013332175107208454
0.012241651830628185
0.011076303439824521
0.009843346313627014
0.008550408863447666
0.007205484406089926
0.005816881820232891
0.004393174290418739
0.0029431464544494882
0.0014757402795403606
9.449298931132527E-15
0.0014749835446444864
0.0029401288293598184
0.004386419477511175
0.005804959666127575
0.007187028762768423
0.008524134858664495
0.009808066870154087
0.011030944889163822
0.012185268474432746
0.01326396258779794
0.021644994476741397
0.01500918742168155
0.007891620077023006
0.022624632477687673
0.015879396843334413
0.03660080925340622
0.038398045374940334
0.0412628674848246
0.028184640367737143
0.030872326344569222
0.028558685571046356
0.041624338104587266
0.0381016505331066
0.036398901399735985
0.01642446187015932
0.022333109235444328
0.007627779879736904
0.015040839822594057
0.020709702477796813
0.01320756255050311
0.012128285123690607
0.010974681112929896
0.009753882125004986
0.008473430582415242
0.007141233191078935
0.005765512186420332
0.004354754658462159
0.0029176602675231493
0.0014630876723643817
1.068643384035945E-14
0.0014625903074041429
0.0029156769298896447
0.004350315050563652
0.00575767634009973
0.007129103207222882
0.008456161982298524
0.009730694707839039
0.010944869218237424
0.012091227201867888
0.013162729950764495
0.009048823628079291
0.01668420344194337
0.024826136779731278
0.03181711426631603
0.019847312950679975
0.0023877165916904985
0.0023759641503191217
0.005416332449793482
0.023459021493898655
0.023158286873692258
0.02430572949720059
0.004679049485281449
0.0033214336072071166
0.004235644617316494
0.022111134738598253
0.033047210369516876
0.025235468244750238
0.017152397500985864
0.01018427323751157
0.013129271780953758
0.012057423014000906
0.010911491925410648
0.009698550779607469
0.008426082790697835
0.007101936019152485
0.005734275035345408
0.00433153064730725
0.0029023480018535225
0.0014555333780347725
3.1664452294302066E-15
0.001455286797771759
0.0029013647161396598
0.004329329608799425
0.005730390233530443
0.007095922300624284
0.008417521487011036
0.009687055090163503
0.010896712005366556
0.012039050719145841
0.013107045024555092
0.01640743787861991
0.017003278927107075
0.020781604926808934
0.029428079488676796
0.031194582188645573
0.025472272463927546
0.02469166016634298
0.02751530390491988
0.04215747722822455
0.04248996621841407
0.042209064285747576
0.025907297426920547
0.022992381665604078
0.02370599851081739
0.03230745711306128
0.030878812135077302
0.022921068399519146
0.01741838279259007
0.014970541190735518
0.013095955155910027
0.012027846164579123
0.010885648950794144
0.009676400843695492
0.008407551610460048
0.007086917623865329
0.005722633777817458
0.004323103446453949
0.0028969467941659696
0.0014529477539687273
