1.0
0.9989725854527299
0.9958941397184448
0.990776039814689
0.9836371918337699
0.9745039478168512
0.9634099899352739
0.9503961825331791
0.9080643897941848
0.8193389891422151
0.7300455625187774
0.7194764195084679
0.7092091872291313
0.6874425812173581
0.6802319439882581
0.6702680989876031
0.6443302748051589
0.6084424733274764
0.5812363553680375
0.5534247407405487
0.5228580553591293
0.4933602414508863
0.4607015384268568
0.42723040619310065
0.4025809832069601
0.36874516069487373
0.3290958211110678
0.28978155716455983
0.2588658992136855
0.21422476697195855
0.18723810493678666
0.198547403603565
0.21176303505157507
0.2016731299197535
0.17008068053330944
0.13927376632762636
0.10934235931995466
0.08037172439209705
0.052442101627435865
0.025628413765296138
0.0
0.024379622781928248
0.047452970371682696
0.06916877240348838
0.0894821236499277
0.10835460493099776
0.12575437327165565
0.14165622109465453
0.1743936237911525
0.2302781671447865
0.2799768666783389
0.28100540685001285
0.2680866615626834
0.27314022898750995
0.2752245053339489
0.2826390731382612
0.28156253352418276
0.286832261288797
0.2800783274328984
0.27161914012496785
0.2709296097974444
0.2607383886622456
0.2589510173854286
0.2561909607532596
0.2420442444363904
0.2346501816758903
0.2126930082735495
0.19439756872367547
0.17968298446619538
0.18758717111811601
0.17719352057615767
0.1474702023618268
0.11304138078273887
0.09130375337943844
0.07826434592780009
0.0650953767031494
0.05187566279556279
0.03868235100081232
0.02559056798265063
0.01267308518248912
2.4222043025263565E-16
0.012361565328203797
0.024347745827526936
0.035898195646728484
0.0469563285808893
0.05746953627456642
0.06738938324713044
0.07667177800935307
0.09187724216637382
0.13771234236114413
0.14286723518073186
0.11890650196910314
0.1353437594519132
0.14285450981825018
0.13520795422662993
0.1376681085333991
0.15603904077768413
0.16901742657545035
0.1890251352169765
0.20597965608322802
0.2099836183982627
0.2049632126058136
0.1866184056645722
0.16468596816255748
0.1493115877461849
0.12797283904658233
0.11651506700014373
0.11936908024665623
0.1117118411718015
0.09818361487739553
0.12306804079239601
0.1275569084841481
0.08422672101060841
0.059138962311213024
0.05093822132600252
0.04256756538062816
0.03407978162745354
0.025527457685861288
0.016962687462070802
0.008436783880031983
9.533072364524073E-16
0.008298740059596426
0.01641209904919141
0.024294572090918197
0.0319027185649623
0.03919537927375563
0.04613387787015528
0.05268220563223743
0.042660205954358744
0.023682980619404936
0.05068633859236737
0.09740921717731213
0.115933467001926
0.11413326911423752
0.10629965451663424
0.08636959169085556
0.07057180275069012
0.0598617833502271
0.036434459601354545
0.01382825043604961
0.008005401455961157
0.013260198466362543
0.03384443082705136
0.0571616298973687
0.06964622703128161
0.08850394664878453
0.11579222447822027
0.13413944981802575
0.13915690391650767
0.12084894272796859
0.07813744104418462
0.021062712546372063
0.02551177227551316
0.043842373363554475
0.03785067190997298
0.031703191580881994
0.025439031390897718
0.019097499119954744
0.012717877975441074
0.006339196069146375
1.5068692045814897E-15
0.006261866202464368
0.012409475561784155
0.018407024902625236
0.024220032755730554
0.029815527373657166
0.03516222387760948
0.04023068962729673
0.07059369485565987
0.07008511587836078
0.043602343094772816
0.036867016213296626
0.041507970965293614
0.02923496764500975
0.010803111642992995
0.030202794139028977
0.05757007323672344
0.07553580220199894
0.09670012990395135
0.11356812704066095
0.12995819643629702
0.11055752291467473
0.09132698254390824
0.06885934621788511
0.049691958857388585
0.021146671320435833
0.025986399812675795
0.04295425741925451
0.04620772902284112
0.03563448325447155
0.017554103345286794
0.045966189698357855
0.06263792992580688
0.03492661100535098
0.030194876749065767
0.02532521601994373
0.020348602879241486
0.015296350844885455
0.010199922616159979
0.005090740693765157
4.342002475106997E-16
0.005041516417227848
0.010003617540090486
0.014856879372914118
0.01957281378612288
0.02412403027179007
0.028484389719773646
0.032629149377751986
0.026011456846323104
0.0480442406687337
0.08583303905482802
0.12570130300584284
0.14083185346871593
0.14346099610372054
0.12348596713704116
0.11676819650794557
0.08993376694239244
0.07218182391694926
0.0588906689675303
0.0693174992660258
0.07792842038449464
0.06916900973321073
0.05806773430104266
0.07084680489570065
0.08843966537191147
0.11502203106115758
0.11651351238967946
0.1297581302272269
0.12294828479689698
0.1051032928396054
0.06576686236483983
0.04494904774036207
0.033828691227439874
0.02910609616760909
0.025185915879489897
0.02114321444761336
0.017003654284084065
0.01279327734707044
0.008538345181072928
0.004265178890458392
2.9098765800972138E-15
0.004231226855951376
0.008402948491873067
0.012490174076164939
0.016468621510457346
0.020314858443545098
0.024006437118550862
0.027522022293949643
0.03900049058672615
0.04122503911466219
0.044191230995594716
0.05682281697792696
0.055903316640805896
0.07445089844945504
0.07456379227345361
0.08662132015082687
0.09072360167923796
0.08350651260261975
0.06821169913278881
0.0456472072777903
0.03356090548050834
0.04603367788619351
0.07021494589542791
0.08730075452422492
0.09653246150004757
0.09289215335198275
0.07669915054006336
0.07106169738757966
0.05132306857843289
0.060748327945272775
0.05553283698170823
0.05179212740270427
0.027728665352301302
0.02502101131459166
0.021665227760586568
0.01819948054447592
0.01464571546934448
0.011026264246839765
0.007363706582081682
0.0036807316787398642
1.9858718930915235E-15
0.0036559938856954998
0.007265056556973612
0.010805428289310358
0.014255912122849738
0.01759599869453654
0.020805986110943753
0.023867094172389136
0.04427551957961447
0.013381609187811522
0.01051047653055029
0.014523695257144763
0.05191579318815678
0.05862651462406394
0.07039620562391756
0.0614365679109954
0.04300482544583677
0.02174403809304635
0.005113525930157968
0.03388006319887624
0.047517736975058116
0.03339970708296636
0.0049405576463524845
0.01830082103043866
0.037220678232748196
0.0503554024086371
0.06234655865255565
0.05013255473975452
0.04428937507258655
0.009689330624343228
0.02590325203543309
0.0030304269528510885
0.04466204947048168
0.022006789021949594
0.01906471839956572
0.01602286105365895
0.012900431665654443
0.009717023953109577
0.006492489323495112
0.0032468146625353506
1.1700600531485201E-15
0.003228063207313275
0.006417712443588044
0.009549632433253994
0.012604970668226982
0.015565449480288665
0.018413474000509196
0.021132235375584323
0.004135396514585919
0.053707178491186565
0.05316518545729111
0.05255678571865802
0.0289661228301394
0.04483869008695334
0.0766665663753235
0.08625026262915073
0.09896652197955151
0.08894606543555249
0.07418826461929807
0.04780926563531026
0.04558407760205864
0.046971564858697815
0.07219797620253664
0.08539876445490358
0.09405242874380201
0.07923111156026055
0.07348967000236029
0.04049667938137084
0.025118591428317575
0.044768561979494345
0.04339999721346285
0.04445169432901877
0.008282776792695356
0.01970021036208633
0.017073170655956687
0.014354647114388207
0.011561772961431653
0.00871204859494375
0.005823233049991045
0.002913234433611807
5.936512946169369E-16
0.0028985934652999788
0.005764848289297878
0.008581352929306722
0.011331086723559664
0.013997521750365616
0.016564721191937623
0.019017433623292185
0.037272498637367917
0.030908673724694313
0.03641074487189273
0.041184667099828896
0.038828262848666965
0.0359872724870617
0.008362406896103979
0.020603989479695013
0.03856166741145964
0.05187552265402357
0.05917354261873423
0.056677754062026624
0.049934459704473924
0.05711860543031852
0.06055912178388672
0.05414572735950395
0.040956996723652675
0.027110567998361576
0.01165727062004996
0.0368418896297807
0.040813234666185264
0.04140196891771526
0.030461426236799857
0.034338902750568515
0.03143956464203232
0.01788605536620477
0.015505857279753513
0.01304101371229065
0.010507026791998565
0.007919752519505443
0.005295302366410979
0.002649943750815131
8.738865588497331E-16
0.0026382495895497043
0.00524866898735757
0.007815363359242657
0.010322775102729572
0.012755777411732689
0.015099764812141373
0.017340740130547296
0.02352597574847537
0.011200940665189273
0.026770738114974792
0.019400899069179425
0.008376723198856082
0.020767721415784108
0.024857286802626135
0.020659449108999906
0.03010879985854527
0.0196547846087105
0.011748056492443006
0.010538011783258347
0.00857506890731138
0.011657018731070144
0.008288396066285396
0.014202863248402833
0.024146529714873754
0.018213783854847232
0.014985496990518113
0.02045886796653882
0.008548209505502906
0.015319036281820133
0.02991530638429568
0.013643730451719141
0.027181933509662623
0.016428752422944042
0.014246258644903538
0.011984803983155717
0.009658584444418923
0.007282136745883379
0.0048702480844813895
0.002437864729539668
1.3771890941029653E-15
0.002428357810787793
0.004832337001508665
0.00719727296471764
0.009508797076706333
0.011752923439941325
0.013916132957620713
0.015985454238322868
0.015121476215713648
0.022146470648436112
0.011344224182669596
0.03543379193285704
0.047016169610628954
0.046492248669144656
0.05213834538384408
0.04033106564184082
0.036062064841061545
0.04858612232513279
0.05077289030741074
0.0399503554484779
0.05693866110382265
0.03877154532338483
0.048735147771490954
0.04586839938733684
0.032843770741828156
0.03798384237559091
0.052473535748087344
0.044629274699669465
0.0435740840288798
0.034012258405245105
0.008119455996024642
0.011809536714575936
0.008519155035244303
0.015238710305110299
0.013217291849712973
0.011121676278229534
0.008964995797926338
0.00676071099860746
0.004522527309871967
0.0022643102517707295
6.8954082103189184E-15
0.0022564742107760586
0.004491279322586539
0.006690762809973133
0.008841535644203346
0.010930553364366569
0.012945194766962664
0.014873337741862079
0.028616345310882828
0.034087526022984836
0.036166947220106514
0.013319597475068204
0.0362991357159707
0.042481694624282085
0.05413358324651755
0.04489596082712497
0.04017082226929687
0.03573067869533753
0.03709603335237063
0.04573011074961409
0.03633776944476684
0.04589340594379369
0.03799032904258896
0.03724683127074591
0.04240163128238282
0.04636467067408697
0.05836176436698785
0.0447970330824635
0.04056298380635689
0.017600304921692397
0.037413075663803634
0.03522667782648847
0.026615841794145105
0.014254402945586627
0.012365975136839702
0.010407368373051402
0.008390836793724946
0.0063289517095670555
0.004234523600870248
0.00212052289344227
2.1752970377290136E-15
0.0021139948823748777
0.004208491728067213
0.006270679904201644
0.008287986175757892
0.010248151021481489
0.012139302799507973
0.013950029315995928
0.008966203189814163
0.017880747787173072
0.0054787740367771886
0.02557980738924481
0.011081088552748235
0.011174455611581013
0.015908024523068148
0.009513508512299292
0.007095536782138255
0.012306555080836
0.01270301797565745
0.017922194590201824
0.018518518518516457
0.018999697124973982
0.012930752023865897
0.01264744714977325
0.00983603215162055
0.006924042948387042
0.007872395584386325
0.004410471143728132
0.0033170263059935654
0.022131840029356042
0.00798047644896364
0.02592583487129178
0.012846257268195818
0.01343223112505004
0.011654737426118096
0.009810470346248285
0.007910951711353016
0.005968010510529784
0.003993709529249925
0.0020002707528330257
2.2976137125534946E-15
0.0019947887508682313
0.003971848879044493
0.005919076020939786
0.007824581895468601
0.009676766606714347
0.011464388985836842
0.01317663454716732
0.01836715281249274
0.020799951438795393
0.03656470019753743
0.0244306158601987
0.03279853737297084
0.03137637102492938
0.037075291614422745
0.034990403952757425
0.03809734020380074
0.029485674413356363
0.030284715721916763
0.0254132940406472
0.03391674712677121
0.024421226728473775
0.02916737274908151
0.027534675862803407
0.03586255911289208
0.03206057073308693
0.027756612545186975
0.025810801176492013
0.027398243763885183
0.022058907040562143
0.032253372996298366
0.011326857132254712
0.0145358830652461
0.012740489276203476
0.011056240820025529
0.009308114012792018
0.007507015135160821
0.0056641488206877295
0.003790948594129716
0.001899006177585565
1.1192128451230473E-15
0.0018943766504782697
0.0037724873907067635
0.005622823984443665
0.0074340766270664365
0.009195202845305561
0.010895494593689764
0.012524643141227568
0.01747884121158293
0.03102155841030505
0.014500315964548245
0.021842076168376374
0.015019971075925936
0.02218765462725112
0.03620931667967043
0.017967566844218706
0.026198824220843128
0.028626177900679357
0.025626890158087164
0.04138741162536279
0.024008468749313262
0.04133404963123647
0.025481132197037768
0.028872212798624224
0.026401431061608516
0.018313008683151267
0.03712516794420884
0.02098153849093349
0.013324424790233777
0.025045558140080987
0.015269325202535617
0.026723650543819116
0.017431958297389378
0.012155621864998682
0.010550164881389745
0.008883293100553821
0.007165392548760824
0.005407139946443895
0.0036194365538954783
0.0018133407843663408
6.257498422553535E-16
0.0018094180900312432
0.003603794008249338
0.005372124644469621
0.007103590532063308
0.008787621854594795
0.010413962781401075
0.011972733741574842
0.010149880410038446
0.012350504051318304
0.0174905929082339
0.018585822715172687
0.031161065796465007
0.022928448973400923
0.021340702999184995
0.026931562911048843
0.021510944175868487
0.018489784883342884
0.023817136534108736
0.015793175385771442
0.026723746993942307
0.01647064683348627
0.024325017984560708
0.019435429921939664
0.02114538967134355
0.027891450100132328
0.025062081600356032
0.02461633712249445
0.03338003034100939
0.021479251408945646
0.019044324217879223
0.017907122016377144
0.010834895462621586
0.011659817132508049
0.010121138014660499
0.008523137976572706
0.0068757618774467075
0.005189238702475506
0.0034740182182237864
0.0017407063958113
7.731791106806636E-15
0.0017373792535277143
0.0034607505683597836
0.005159539561487705
0.006823342980651162
0.00844199224995869
0.010005615456472041
0.01150469740100319
0.014328676677208304
0.008315783035953258
0.010056567049252011
0.026787081276184146
0.007021286062916735
0.022094297643057637
0.016265416127861934
0.011363168531996783
0.024851794113810183
0.021233582676202543
0.01641255897136632
0.023739102953642986
0.00982670531440751
0.02316719936666754
0.016509155219833843
0.02034370815853885
0.025191483443690155
0.01062348534366377
0.015525653628239638
0.027446961588687223
0.011888623275698096
0.024282822391450434
0.0066397441548551855
0.009680659284812786
0.012892739631848062
0.011239413419890822
0.009757366466510781
0.008217771418260652
0.006630198648211254
0.005004497115000466
0.0033507334073823248
0.001679129556643581
5.002638325865905E-16
0.0016763119168673039
0.0033394975084972286
0.00497934599942422
0.006585807068181431
0.008149052303008426
0.00965953519447922
0.011108049299683596
0.012625353113278252
0.019130993027215132
0.023959077651425933
0.021351110075625207
0.018663097020195373
0.013955271458912061
0.013203273855254594
0.027815933304047896
0.01539327569819649
0.027763274402833847
0.025149760026602127
0.02687513210242874
0.04003859626931358
0.026766484827642243
0.024594972015247272
0.02812419738567725
0.014153120795646068
0.026822047613721728
0.008588389981724717
0.008460124353601118
0.014500658131722126
0.01843036911828335
0.02155516732626293
0.015049021408977188
0.01222075642777877
0.010883816402483837
0.009449702303210537
0.007959530298470168
0.006422553345602193
0.004848298416951803
0.003246507573130585
0.0016270778027916077
1.139952421805195E-14
0.0016247025454849907
0.0032370357671758936
0.004827096171890354
0.006385131545146816
0.00790160064055176
0.009367231488447937
0.010773077968519309
0.013064753614281619
0.024776203131730373
0.014114558028387554
0.02412999295151074
0.019173414593539106
0.03370269361809351
0.034644112571061376
0.014489252067917662
0.028565235477477798
0.011516750934248473
0.028179555579020066
0.017675144190395394
0.024830295868169965
0.017849615991326593
0.028641289705309547
0.010665436061323762
0.028259151788290294
0.01490286917930083
0.03463325485516373
0.029592886355434354
0.01704210010344309
0.025648418702521013
0.016241683201397884
0.026879687042541477
0.014395950682309148
0.010584747402738627
0.009190996056051517
0.0077424247271519085
0.006248018519870154
0.004717032902421855
0.003158936495760809
0.001583352625867723
4.818890499565651E-15
0.0015813671279559258
0.003151018935389425
0.004699309784062128
0.006216737382105551
0.007694000992684838
0.009122058333461035
0.010492180819392558
0.008525662419407122
0.0013253972959325511
0.013190585048051769
0.01827605541961466
0.032307951143774084
0.014867662042828172
0.02669827518944438
0.022137617345608717
0.014317076400956627
0.03441642918582422
0.010875869323486087
0.01936494460349851
0.017428781465274185
0.019249741065671816
0.010345259670119622
0.03489514306836934
0.015662414309853274
0.02199563436425175
0.0283799092888134
0.01691901682643332
0.033835776154361286
0.01944748999167522
0.014666108172170471
0.006948325414394658
0.006989703182234912
0.010335712165386476
0.00897563904763959
0.0075617555188929
0.006102822496020382
0.004607868489193271
0.0030861338289848673
0.0015470136525556702
6.486033257568811E-15
0.0015453766227204958
0.003079605855298645
0.004593255909145372
0.006077031449703555
0.007521830580320701
0.00891880057913341
0.010259392048031557
0.016545684749839414
0.021085168628445877
0.012749470243644251
0.016622075753576403
0.0029030738929504483
0.020995270235961545
0.01572636354109196
0.016319890300455775
0.018797815494986228
0.007605685086034633
0.03077313674419889
0.020851620626729444
0.03158030588506898
0.020825441857602673
0.030709678497368664
0.009137187288003392
0.0176121577091741
0.017210655279648573
0.013918251683231304
0.02589290045742811
0.008595162096360269
0.013810351543358903
0.015184660330867107
0.016261372334584818
0.016203179433727035
0.010131620185261103
0.008799235330313383
0.00741383991315665
0.005984009696894005
0.004518586115974466
0.003026621694952349
0.0015173242190203557
1.1756435945804844E-15
0.0015160034129989778
0.0030213547264744674
0.004506796245602346
0.005963200715940323
0.0073816273150909785
0.008753376451604572
0.01007004303563328
0.010061686307802917
0.015252456190948952
0.019789582730616206
0.012020690835071806
0.016539070518656027
0.008599493951333814
0.01781477896752396
0.016863703799641645
0.022476960756810917
0.03214537690233938
0.00906432964840441
0.020529653663013937
0.016051279857392395
0.02070940026167857
0.009393984202466236
0.031103195314798437
0.022524997356271382
0.015228639778761105
0.015472755856850104
0.004756018746098117
0.011884760674020972
0.007462198120035849
0.018152129925111605
0.015145765161429299
0.013060815278399716
0.009968509378496391
0.00865836437033956
0.007295813132381416
0.005889281682091142
0.004447460615538451
0.0029792514937024926
0.0014937119704665073
5.815678740377181E-15
0.0014926825330922968
0.0029751464147070848
0.004438271585379084
0.005873063161211488
0.007270706647685958
0.008622622008373838
0.00992051625684134
0.011673381312233118
0.010792296055500921
0.027997863239810496
0.03196676981356919
0.020981006720504184
0.03428138544943998
0.02396773448638286
0.02588091125494822
0.013707060046534386
0.02439004768838304
0.027825779705234217
0.015238932229184484
0.019341673728937425
0.014923972522522111
0.02745357897497367
0.024966029712897974
0.013612300928382151
0.026586845088619908
0.024154430997693335
0.03195705238417155
0.020359666948972833
0.03527239383878356
0.026974369106582876
0.013585641197154781
0.008344333290637116
0.009843346313624131
0.008550408863450711
0.00720548440609544
0.005816881820234471
0.004393174290420121
0.002943146454456058
0.0014757402795291515
1.899645875414097E-15
0.0014749835446378485
0.0029401288293642784
0.0043864194775127385
0.005804959666121669
0.007187028762765113
0.008524134858661143
0.009808066870146338
0.01861323173449385
0.00867963433675795
0.005240053371103951
0.012750987980759708
0.021173036361033296
0.012816660205227072
0.02080337405774132
0.008525892972975398
0.022968437997504525
0.015060173356157875
0.019853502251288912
0.031369907392450616
0.012064707459129652
0.03161405813084969
0.020353415877611337
0.01421710088715549
0.023248811809908034
0.009751381129138561
0.02150465280712183
0.013898186283727665
0.02169161237826155
0.016706429806239983
0.012090352051504808
0.006183841603059095
0.01960955761930226
0.009753882125000139
0.008473430582422458
0.007141233191069442
0.005765512186416855
0.004354754658454855
0.002917660267529368
0.0014630876723655698
1.883146421791332E-14
0.0014625903074095648
0.00291567692988602
0.004350315050563335
0.005757676340099535
0.007129103207233438
0.008456161982297627
0.009730694707838024
0.0029333971471379562
0.018943865225738946
0.007158859177826146
0.023900473582765612
0.014320053437331861
0.021000155177847046
0.018309678824605487
0.024565289131606837
0.012366487837397798
0.023543689317912366
0.016157820310766863
0.007729561673861965
0.03353024852626382
0.008321884285834021
0.01570605511960933
0.023005102676272694
0.012839092922217587
0.023661908482172412
0.01804146676580556
0.02075803971640936
0.015200475786637324
0.016616392224114266
0.011816480438218042
0.018907405352150908
0.0067349593453333865
0.009698550779601979
0.008426082790693085
0.007101936019156305
0.005734275035341372
0.004331530647315985
0.002902348001861397
0.0014555333780347484
7.572240847211184E-15
0.0014552867977829771
0.0029013647161430637
0.004329329608804294
0.005730390233524015
0.007095922300636549
0.008417521487004902
0.00968705509016274
0.017798289934655983
0.011015505981465331
0.03179505462728485
0.01980695690461923
0.017308806551676745
0.015447594402376318
0.019353396047900012
0.01791573984256155
0.0225409277827681
0.016124248954081235
0.02104196956949929
0.030566528189461636
0.01970540423539798
0.03021715855477263
0.02059666599616334
0.016623730353168453
0.021786873234791206
0.01856365269850875
0.01909879768887951
0.016878898709960847
0.017412930613211527
0.016655495318951743
0.03209850990766951
0.014069273872666212
0.015313330859697338
0.009676400843689375
0.008407551610464305
0.007086917623860435
0.0057226337778170724
0.004323103446451105
0.0028969467941705666
0.0014529477539636934
