1.0
0.9989725854527298
0.9958941397184444
0.9907760398146906
0.983637191833767
0.974503947816851
0.9634099899352749
0.9136955039003706
0.8165445100257736
0.7637186881005013
0.7730202185741551
0.7531894728274616
0.7497615345122074
0.7172965832822903
0.6747731438431546
0.6577128051977984
0.6303782958050663
0.5926490993533212
0.5355103201039914
0.5134517495237392
0.45453218193638495
0.4504438546616637
0.4102475520819499
0.4053800383682832
0.38204899533204495
0.34956846559827526
0.30904816743365526
0.2929267362776165
0.27041383843439415
0.22344932163416314
0.1928351632317835
0.14197895916332362
0.13876316564986493
0.17224230384178213
0.1700806805333094
0.13927376632762742
0.1093423593199546
0.08037172439209699
0.05244210162743669
0.025628413765296724
0.0
0.02437962278192725
0.04745297037168251
0.06916877240348755
0.08948212364992615
0.1083546049309973
0.1257543732716555
0.1675934796029262
0.24074550574768114
0.2792454859383346
0.26744063391976874
0.27623101574207126
0.2724259816450829
0.29071239256115633
0.30880472742631676
0.30836466531169854
0.313038592721619
0.3250698596603835
0.35312173193326996
0.349198390917159
0.373839557056199
0.34062286079896076
0.3351415853994458
0.29810355130741006
0.2770917388301572
0.26324100845709963
0.2534604087209983
0.23033411889518401
0.20421655710432698
0.19785408299527898
0.1850258544136076
0.18938813399377863
0.15788467283881225
0.10719759063477942
0.07826434592779935
0.06509537670314698
0.051875662795560544
0.038682351000811833
0.025590567982649134
0.012673085182488443
1.546970934434289E-16
0.01236156532820503
0.02434774582752872
0.03589819564672816
0.046956328580889425
0.057469536274567176
0.06738938324713115
0.07229806883868958
0.06408925696641889
0.07037514447965494
0.08251617807507595
0.09076685850524241
0.09673519303658296
0.08808175300608795
0.08755771022275588
0.08423796454754
0.08041358711847137
0.07371896811183878
0.054143450753193295
0.041275851027928474
0.036921718718488074
0.04083249017595363
0.05360768435725621
0.07316267772032585
0.07957801821654356
0.08400240297060677
0.0884727693565853
0.08698696017085948
0.09577043133222514
0.09005923325675477
0.07654932790483333
0.05726495168980972
0.050658486830616925
0.058777374435305896
0.05093822132600441
0.04256756538062774
0.034079781627452926
0.025527457685861465
0.016962687462071673
0.008436783880031965
6.443077648422966E-16
0.008298740059595735
0.016412099049192483
0.024294572090918183
0.031902718564961914
0.039195379273756346
0.04613387787015386
0.0584130785345758
0.07634031569572394
0.08212514912503972
0.0755638501402121
0.0729331050095448
0.07181722578789577
0.08109067642800356
0.08144432028076933
0.09164891417952449
0.09816720422668017
0.1016719054994931
0.12971189651443882
0.14498761637920238
0.1698423760547166
0.1415276626728946
0.1225203018273245
0.09240458648413276
0.0903422021248581
0.08525883905515672
0.07769546595249943
0.078297198849631
0.07675727707736281
0.0849225164823924
0.08317162611553414
0.08263427474414894
0.07193822974797032
0.05092559728862273
0.037850671909973786
0.03170319158088164
0.02543903139089892
0.01909749911995444
0.012717877975441407
0.006339196069147782
1.4094524117033937E-15
0.006261866202463302
0.012409475561783638
0.018407024902622564
0.024220032755728142
0.029815527373654706
0.03516222387760982
0.04131814165702824
0.02145178574077464
0.0305581015354078
0.06501148369408778
0.09776825652104301
0.10305039267983816
0.10138899376211702
0.11502554167312268
0.10858578170757965
0.10141977677738775
0.09903282147569817
0.07203292964216984
0.05795651888833398
0.044336484647618586
0.05890808176368989
0.07375526741650515
0.10166119172857829
0.10366090884714593
0.11112108237578346
0.11758143751404274
0.10306889409172097
0.10127285465381546
0.09501695945730546
0.057868059176351516
0.020750359689821588
0.02342700253698944
0.04310322806372905
0.03019487674906368
0.0253252160199416
0.020348602879240184
0.015296350844880336
0.010199922616160591
0.005090740693765922
3.253401451256166E-16
0.005041516417228788
0.010003617540091036
0.014856879372912989
0.019572813786123362
0.024124030271787576
0.028484389719775714
0.03827688107947096
0.045341363698061535
0.0680407289876011
0.09781281055679668
0.12342702173293692
0.11642993709855547
0.11968914713313662
0.12189215742426987
0.11398267180677589
0.10021315049850049
0.08141218903547182
0.06300841753766474
0.05323880423924285
0.0561654018383667
0.052472690403762894
0.06356099799231381
0.08429398554264216
0.10209098382085095
0.11642274707793068
0.12438461229202538
0.12281948377311716
0.11548037629173144
0.11924754294824413
0.08884166486845183
0.04893774398711067
0.023004894187874263
0.02866041692080828
0.02518591587949005
0.02114321444761187
0.01700365428408513
0.012793277347071622
0.008538345181073556
0.004265178890458806
8.624115176091648E-16
0.004231226855952816
0.008402948491872165
0.01249017407616223
0.016468621510453304
0.020314858443544213
0.024006437118549984
0.0546603094968198
0.058911398152299406
0.03615937429312636
0.0239660205001804
0.05098204533266159
0.06026383249748305
0.07783380858840033
0.09012955956151578
0.09153883669677437
0.09297388958066712
0.10763432720819811
0.08749451592225761
0.08572959571196626
0.07482261646908427
0.0859274328856537
0.08684171915079193
0.10550135300781072
0.08841380165538773
0.08350202676129032
0.07843957636951793
0.06544155706315324
0.04349460639679525
0.03178091949167313
0.01982819390310302
0.04806290390110937
0.06708809903297065
0.055691875128171274
0.02166522776058879
0.018199480544473987
0.014645715469340575
0.011026264246838164
0.007363706582081922
0.0036807316787407477
1.4119474814144505E-15
0.0036559938856965033
0.007265056556975484
0.010805428289306872
0.014255912122851874
0.017595998694536034
0.020805986110943146
0.0071299882630595675
0.024357024689178518
0.028978752460465936
0.04852902343173583
0.06575437465420828
0.0683868290327306
0.09219704338692722
0.08960581380853297
0.09021290208325704
0.0835359665495188
0.0885266548639862
0.06735124350042802
0.05153013112601335
0.03599998859986507
0.0514930216518873
0.06646610951960405
0.08624349426007133
0.07841907947689009
0.08196689125883706
0.07784977418006259
0.0788149193916793
0.050726306514745106
0.04622727775181074
0.040984878056355534
0.038198244695475995
0.03334893826895381
0.00950732695425002
0.019064718399571943
0.016022861053655458
0.012900431665653828
0.009717023953109085
0.006492489323496191
0.003246814662535222
1.2285248467698122E-15
0.003228063207312379
0.006417712443587957
0.00954963243325449
0.012604970668223121
0.015565449480288051
0.018413474000503045
0.04330896709026331
0.04788935140984001
0.0466833336208861
0.028838882151416195
0.03629560853015781
0.04021232498130311
0.016808885173538513
0.023772520812476845
0.02605446867259514
0.043690088835447775
0.057705792541862894
0.0559049974707645
0.07282729758211927
0.06776554933641536
0.07208794757750459
0.05395137205544043
0.05342919057892532
0.041378031019818316
0.026982754828767965
0.03076884272453864
0.028421739180661404
0.0536517709897142
0.04751742821779339
0.02567472659206869
0.03407519115307684
0.026785432637781482
0.03329427550014021
0.01707317065595738
0.014354647114389133
0.011561772961430763
0.008712048594935273
0.005823233049987938
0.0029132344336052305
6.022203093771871E-16
0.0028985934653027083
0.005764848289295747
0.008581352929302627
0.011331086723559161
0.013997521750360651
0.01656472119194224
0.018146116809896723
0.03191913887980522
0.036949419095595626
0.03620466653563572
0.007735582895738519
0.011063769489763144
0.011982590788925425
0.01504325334602106
0.02351924567973258
0.03046107975952537
0.0445510883721082
0.03909087734950693
0.03775562364938379
0.032616605123412724
0.03725569438408192
0.037697268197200755
0.04118324141368213
0.02640736149206485
0.017557609619149782
0.008365965846233787
0.0010653962402470856
0.02055334049657661
0.01330529870798053
0.03376635718352301
0.028613060508347894
0.030166613534101668
0.016507708717210298
0.015505857279755977
0.013041013712291754
0.01050702679199847
0.00791975251950179
0.005295302366410499
0.0026499437508188404
2.1225568957041693E-15
0.00263824958954719
0.0052486689873566805
0.007815363359243446
0.010322775102727626
0.012755777411736034
0.015099764812136169
0.022206287141203953
0.031022049987485183
0.023149791812444625
0.01843908658048616
0.05630992356148191
0.07539640715660827
0.06967439021577852
0.0660352390295818
0.06141745979267799
0.047337285690170275
0.03775765949649761
0.03558959477241141
0.04234349761179292
0.03460691330099885
0.041742632124888
0.035640230285991316
0.03911835117633709
0.04778914352557578
0.06321178123224098
0.06630936425185784
0.07161693348903385
0.0720171823209596
0.052163730259796745
0.026529358940723776
0.03336235614981111
0.04398129229856628
0.02468184266335222
0.014246258644902157
0.011984803983147121
0.009658584444419603
0.007282136745883164
0.004870248084480355
0.002437864729538777
7.402391082560094E-16
0.0024283578107887806
0.0048323370015077236
0.007197272964717912
0.009508797076710027
0.01175292343994157
0.013916132957618827
0.010362142569878285
0.02629620164897422
0.00676202820810646
0.02136283368280533
0.016582857705535786
0.030821862163210006
0.0306676880518547
0.013120349888431106
0.007060034750900509
0.01166790029766471
0.014798650300691663
0.02548925570223972
0.02702190395717261
0.034556624838321955
0.027059507765628963
0.025475765529939017
0.013756616060596565
0.012227522617412523
0.0077531308739401976
0.014486586118949462
0.032895720310730105
0.028715705746076795
0.015400775559528955
0.016344422348128048
0.002534860379261268
0.019537166632590516
0.015676388320402444
0.013217291849715599
0.011121676278227442
0.008964995797928432
0.006760710998602778
0.00452252730987249
0.002264310251770757
1.3720328145444991E-15
0.002256474210773989
0.00449127932258581
0.006690762809975644
0.008841535644201858
0.010930553364363372
0.012945194766962478
0.025882956210720117
0.042552000043651755
0.03829529950505579
0.04059398360228405
0.032609193191951734
0.03841497038546213
0.052161934974937534
0.040879391643008724
0.04855443320176826
0.036537201713282334
0.04349397198544211
0.03446774878308164
0.02693254510331053
0.03416247108659213
0.02664978498966738
0.034047984325535574
0.04242967255612994
0.0343071157857343
0.04398226451646635
0.034238594451310944
0.04425466906500937
0.029765201228811492
0.02755784710312132
0.03868463620937048
0.03271272066194602
0.03294143254939073
0.021117921255290772
0.012365975136840311
0.010407368373057412
0.00839083679371717
0.006328951709569739
0.004234523600873131
0.0021205228934411107
4.064488516164706E-15
0.002113994882376689
0.004208491728064455
0.006270679904199388
0.00828798617575473
0.010248151021484346
0.012139302799509488
0.028515368798483907
0.007626897423524465
0.011131197668236715
0.0034926025364611824
0.01852591079740489
0.021455441066719375
0.03505842942119277
0.029527224712283313
0.026018640277263673
0.024274001826714398
0.019084837586109692
0.02887176336291108
0.03320100105441324
0.03703703703703943
0.03341038130579388
0.029110782764045863
0.0209728091439647
0.025506977072146334
0.028936611808735135
0.031476689825532256
0.03472142015751503
0.020941264354991967
0.02141553283660747
0.007634385444314659
0.013170286008739172
0.014020914175840714
0.030115884605649994
0.011654737426114361
0.009810470346250025
0.007910951711352766
0.005968010510533725
0.003993709529247125
0.002000270752834868
1.3399995920631572E-15
0.001994788750872342
0.003971848879046448
0.005919076020935195
0.007824581895463333
0.009676766606706778
0.011464388985832085
0.003928970961953735
0.019749246179124894
0.01962845141949274
0.02431106686470359
0.015101223238061514
0.024404822296985474
0.011658753993038803
0.011606291337985391
0.014418722769530656
0.018477068892516615
0.021150096748545337
0.02390748535300566
0.01389905806182667
0.034098468855420526
0.013566181240713678
0.023449337171967698
0.01946997347293961
0.01749721997947318
0.01183777916693378
0.011757435453048304
0.010394969087346238
0.02651643758696082
0.015252041783995456
0.022255818607927278
0.018345001445240944
0.020129115439345233
0.00632849806782913
0.011056240820028918
0.00930811401279014
0.007507015135158292
0.005664148820686073
0.0037909485941320245
0.001899006177587338
1.1074374829547499E-15
0.0018943766504737264
0.003772487390703234
0.0056228239844459465
0.007434076627060271
0.00919520284530471
0.010895494593688132
0.02106990490083477
0.016200157534565513
0.014122149571693741
0.01232965071229426
0.030240625471736445
0.01560300398085735
0.027585314039500423
0.02883068931997545
0.03787162792288097
0.0304517717564473
0.041505442865095096
0.029018781943654523
0.0404122681029641
0.023301444563053067
0.040491673209685206
0.028684872228651504
0.04237400817251608
0.030637167884881765
0.03748290361100901
0.027479516401335842
0.025053668627992097
0.013832420402334183
0.030623968432877645
0.009745005076245098
0.01565528587498892
0.014382890660029927
0.012515093899525523
0.010550164881392899
0.00888329310055444
0.007165392548762138
0.005407139946446693
0.0036194365538992296
0.001813340784371948
1.6585967111825403E-15
0.00180941809002956
0.0036037940082449286
0.0053721246444704655
0.007103590532067511
0.008787621854596835
0.010413962781400173
0.01776519355426937
0.014620901613660899
0.012965792843153873
0.026509787693646734
0.024207495948202883
0.025248445563597594
0.017813715310601757
0.017950622634254978
0.009556865700988276
0.015179269141188941
0.008532516142014054
0.01964084362044204
0.0061014511615809265
0.021581886509072744
0.006103214454429686
0.019822458492859886
0.008221022915970232
0.015624443875656157
0.01084954590276441
0.019720181725382754
0.018154617661267986
0.023166109020879483
0.025468532000690665
0.0269405933775151
0.010770164513421669
0.010676280398909626
0.01809199964194277
0.010121138014663762
0.00852313797657488
0.006875761877445018
0.005189238702476828
0.003474018218221007
0.0017407063958197319
2.76523969117671E-15
0.0017373792535235676
0.003460750568364045
0.005159539561484735
0.006823342980656116
0.008441992249951905
0.010005615456473382
0.010158206805872247
0.01869662678335696
0.01748531786964259
0.008355386949858752
0.020593713946658047
0.01551719972897404
0.021285632426873584
0.035986302668662686
0.0331301674536623
0.03363890828997567
0.039886351712900135
0.024190034231505654
0.034940379891359376
0.03143168365573655
0.03456679926423734
0.024476841110700694
0.0388464930859969
0.03379904523208729
0.03305713645880189
0.038558627453352215
0.022805064286965507
0.01673389999251215
0.01614462967953768
0.011907142390948781
0.014214282321859605
0.019364520800152295
0.016487960994844952
0.009757366466504346
0.008217771418256874
0.006630198648206015
0.0050044971150092835
0.003350733407393699
0.0016791295566460952
6.52663036467745E-16
0.0016763119168681582
0.0033394975084852286
0.0049793459994287815
0.006585807068180356
0.008149052303011136
0.009659535194484994
0.008551085453198187
0.012356193092044021
0.023045249948637277
0.019423977122008305
0.020637345877952795
0.016764069382084607
0.014717043562946982
0.02387760011458606
0.020889012454954874
0.02046528684989183
0.01356650013993665
0.02885849823348087
0.01609004210245392
0.019707365976141086
0.016551456386407867
0.029302263420048397
0.014745084772527532
0.020991958161052548
0.02178076116808266
0.02245752329224389
0.013602163231026218
0.016649465678117054
0.01725311962627895
0.016289118937136072
0.029385739993515427
0.015518248670894783
0.0021376185157433625
0.009449702303213531
0.0079595302984594
0.006422553345594372
0.004848298416954112
0.0032465075731330697
0.0016270778027948224
2.7804234435672106E-15
0.0016247025454979303
0.0032370357671793783
0.0048270961718864525
0.006385131545149714
0.007901600640536542
0.00936723148844732
0.01886281088483943
0.011904560737223239
0.00618613567678271
0.012925805801989003
0.018809322855819384
0.015797202300244333
0.02458443452743595
0.03742050769568382
0.031783467815204504
0.027666856440440153
0.02524120911712159
0.034584982811478135
0.017279585807658104
0.03592400862752872
0.01696485159216131
0.034882552040835214
0.024436046747142604
0.02637659885164286
0.03080311160937788
0.0340300906859622
0.022688466719704946
0.014672056811721838
0.02211361534291605
0.010505782646525118
0.010766810349139804
0.00823433554893872
0.014232911524444943
0.00919099605604545
0.007742424727153502
0.0062480185198709294
0.004717032902416796
0.0031589364957650924
0.0015833526258815227
3.1055084187754466E-15
0.0015813671279517418
0.003151018935384648
0.004699309784062841
0.0062167373820986895
0.0076940009926812925
0.009122058333471907
0.013010260592836083
0.017823739013008533
0.031909018141328155
0.025212086603504498
0.006422922813561435
0.019450958112393304
0.017675571362957162
0.016259954523579333
0.0245778650707249
0.03125433955301768
0.02812960228411891
0.028018972325270997
0.03432401169561373
0.01391829954935207
0.034655913355345645
0.027417556983143406
0.02887809227429733
0.03287392892108524
0.025135030008023047
0.01965174568772623
0.02079547023795653
0.01985508261246157
0.008293867947625615
0.029956905025143324
0.025626641226281808
0.01699408674433866
0.016086584748586596
0.008975639047644576
0.007561755518895022
0.006102822496018992
0.0046078684891889795
0.0030861338289834713
0.0015470136525569675
6.2042104189976905E-15
0.0015453766227168278
0.0030796058552992993
0.004593255909148136
0.006077031449697578
0.007521830580313404
0.008918800579125077
0.006279366192294023
0.008220246488706996
0.015503492815452375
0.006981550480927641
0.02321296695575862
0.01448058034319464
0.012744459431159283
0.009993125501236974
0.019504617839826925
0.022938201079937905
0.01731190957392995
0.029038632739540497
0.017856319349276686
0.02042983660633274
0.017983002156705646
0.028215222108176098
0.016731440619109604
0.023657115757050453
0.017960975988439692
0.00939760962839413
0.014536937071385625
0.015362961922702067
0.020460719685673583
0.006497081975983256
0.015459481606912387
0.009050844264639878
0.014319933363223762
0.008799235330312868
0.007413839913161201
0.005984009696889969
0.004518586115969847
0.003026621694955744
0.0015173242190212122
1.6401818372249976E-15
0.001516003412996753
0.003021354726473634
0.004506796245600379
0.005963200715944248
0.007381627315095685
0.008753376451609125
0.012929100541262907
0.021981419898238794
0.011725734953759113
0.032041970827675355
0.02009299662206719
0.017278383305705036
0.03284262507757606
0.03963045610553744
0.0313720766294025
0.03955316334824163
0.03438768727622105
0.019354310907298233
0.03695166587027204
0.027888355169454412
0.03672749382460914
0.019735168798115682
0.034657669015093005
0.03873827148714818
0.03192550801173617
0.04064860470367371
0.033393695057663354
0.016060912738069342
0.02145946307473679
0.029504664634771888
0.020517901333674954
0.0249488540505974
0.008573665618740114
0.00865836437033384
0.007295813132381709
0.005889281682083105
0.004447460615537409
0.002979251493698913
0.0014937119704641622
3.7218337935821086E-15
0.0014926825330983766
0.0029751464147015757
0.004438271585385978
0.005873063161206514
0.007270706647694284
0.00862262200837804
0.026125821649922654
0.006492444959428098
0.018684600524061526
0.00383530676540057
0.00918236689054641
0.016669106752537348
0.030572525035126377
0.01948272025279132
0.012217547973776804
0.02727647060386129
0.009773956404732099
0.012091593537711066
0.01721975884569794
0.0075039518539320536
0.017117596266458923
0.01151101468832588
0.009409722777999332
0.027164057126848537
0.011806691989705952
0.019903602248360446
0.0329007657810814
0.016212274851006497
0.009977088590140869
0.006980354582470682
0.01825644208017264
0.0021043910768614887
0.026593392474907745
0.008550408863444412
0.007205484406088858
0.005816881820238461
0.004393174290428147
0.002943146454459511
0.0014757402795357918
3.738047805871385E-15
0.00147498354464844
0.002940128829366302
0.004386419477503167
0.005804959666125397
0.0071870287627646854
0.008524134858662004
0.011289381798386617
0.01821818073249929
0.03269392631684342
0.028165058620348356
0.014481277694360804
0.015168546166194136
0.02269886342856028
0.02775688172110223
0.028718801967555756
0.01697622126050037
0.03533858314167989
0.03105654559304266
0.022853962268960453
0.03691182599655084
0.022534098699519584
0.03128983314950257
0.03501916796536689
0.013793172691718935
0.027468992932637895
0.02335265272614286
0.01800695764297293
0.015870405213739804
0.010565432654095671
0.02949910581498817
0.0305618708226129
0.010108949241434963
0.015389697165496026
0.008473430582406854
0.0071412331910787
0.0057655121864236
0.004354754658474906
0.002917660267531936
0.001463087672367943
1.18601528649909E-14
0.0014625903073993622
0.0029156769298850807
0.004350315050564235
0.005757676340103402
0.0071291032072241444
0.008456161982293982
0.016731811044126993
0.01817322470002836
0.009572050186749028
0.009054174148623582
0.02216995267158602
0.013497586468794615
0.033817676540909634
0.02032635637548802
0.011965803887139392
0.028075291238429573
0.010039828494154936
0.007251519594528373
0.018340617152682214
0.005192065306593063
0.018481484848142913
0.0075041255026992455
0.010645917388899381
0.02837512059639676
0.01264032196095679
0.020757115027714008
0.03185972406306247
0.01326568487230249
0.024505590799585572
0.00582432440530841
0.009061038986128596
0.025852405204318817
0.009308605796536622
0.008426082790696107
0.007101936019150587
0.0057342750353384835
0.004331530647313236
0.0029023480018518545
0.0014555333780358433
7.547192251760651E-15
0.00145528679777755
0.0029013647161400583
0.004329329608805761
0.00573039023351873
0.007095922300627492
0.00841752148700335
0.015592311466938976
0.021761109843244957
0.019135636859953845
0.022809279675895185
0.01736610804516637
0.016332154069729612
0.008389506195520553
0.01470470025467711
0.01920613605803712
0.020201927639183215
0.02490316988206146
0.023481913280091936
0.02009721454589477
0.02383278799729201
0.020170166243933724
0.022576805978801393
0.023708234723732496
0.02227505041577864
0.0183385112779767
0.01680078493991003
0.013717974380818882
0.015616526647619785
0.021387735301337796
0.016563850314635073
0.01622671877381002
0.028571700928705996
0.011168055414935426
0.00840755161046244
0.0070869176238636655
0.005722633777821138
0.00432310344645479
0.0028969467941690813
0.0014529477539644007
