1.0
0.9989725854527325
0.9958941397184481
0.9907760398146925
0.9836371918337706
0.9745039478168537
0.9634099899352804
0.950396182533185
0.8989764400999337
0.8460318736561324
0.7538422069283989
0.6971867656459937
0.648816917577951
0.6645892652019699
0.6232496362440155
0.6244940008886101
0.5976876223456411
0.6123665705288832
0.5814284935762746
0.5234076749347367
0.4922050494692514
0.4605966809790431
0.456002234894613
0.42619612398848294
0.35526973834972947
0.3238932820405322
0.26894927999744855
0.25077348600707694
0.1743504027933336
0.1643238561657355
0.16685674019109123
0.20764737278511594
0.2046853648198239
0.2016731299197546
0.1700806805333098
0.13927376632762759
0.1093423593199551
0.08037172439209737
0.052442101627436774
0.025628413765296978
3.511589402680642E-16
0.02437962278192808
0.04745297037168243
0.06916877240348866
0.08948212364992793
0.10835460493099874
0.12575437327165662
0.14165622109465503
0.17652435625303867
0.20822725724257213
0.2919356184745313
0.3337110337541726
0.3581926044846405
0.31403797139226275
0.3304224098153029
0.3176252065099597
0.319524249018935
0.29941353429498113
0.31251086827364244
0.3399368950655203
0.33763907669474075
0.3314349716713291
0.29533154555460767
0.27128616269891564
0.2771707714944815
0.26549116563039454
0.2637533721144692
0.23891580942388135
0.27913670287750636
0.25410924111834055
0.2114108354069512
0.12549143340865315
0.10790252410063352
0.09130375337943833
0.0782643459278004
0.06509537670314865
0.051875662795562126
0.038682351000812916
0.025590567982650404
0.012673085182488747
4.2334719605525916E-16
0.012361565328204519
0.02434774582752774
0.035898195646728547
0.04695632858088983
0.05746953627456663
0.06738938324713124
0.07667177800935286
0.09309199286577298
0.10966832758808981
0.05105310445086138
0.04181787661872681
0.05224823793536617
0.11259227173684737
0.1124110201490093
0.11759563378752372
0.1202274198549226
0.12087315319351329
0.0946014078175377
0.08176091532188212
0.08028675152969908
0.08160354546790595
0.09409813282983766
0.12125998242538409
0.11925537550969931
0.11485098958149607
0.11031907234347918
0.11736063808776831
0.06155660649895288
0.053025430213173394
0.05938080850538124
0.1174788118705065
0.0900036053593781
0.05913896231121381
0.05093822132600402
0.042567565380628135
0.03407978162745244
0.025527457685863477
0.01696268746207191
0.008436783880032817
8.103105001936215E-16
0.008298740059596545
0.016412099049191928
0.024294572090918964
0.03190271856496269
0.03919537927375591
0.04613387787015573
0.052682205632239076
0.031757946034307746
0.023655261520851435
0.07186350586764163
0.07655370111525786
0.07461651901677115
0.051099467425082506
0.06839304223880317
0.0735699387622398
0.06701932882300532
0.05953008183715413
0.10582378975466027
0.14196674355061067
0.14683114589412627
0.13869223142069614
0.09896813656932467
0.048577421768168004
0.05705608800232028
0.06388556069768439
0.06498454360534678
0.05839188959546151
0.05657415045367638
0.05259286372863081
0.053102710350435844
0.02803335311977506
0.022979145359207608
0.0438423733635549
0.037850671909973856
0.03170319158088218
0.025439031390899248
0.01909749911995642
0.012717877975441771
0.006339196069147559
0.0
0.0062618662024635325
0.012409475561786336
0.018407024902626225
0.024220032755731848
0.029815527373659452
0.035162223877608444
0.04023068962729637
0.07721700220931882
0.10667248798286451
0.07415996662868604
0.1041805042679032
0.11477957658342927
0.12429946753926202
0.08369704539857563
0.09152616711079546
0.10843016682438332
0.1321482392134409
0.0979661899219918
0.0688697457505376
0.061964170647244084
0.06837582623174777
0.09819635383384986
0.1318977376063526
0.10764434354256276
0.09034442700722724
0.07640231111558299
0.11690625669783088
0.11787517728118047
0.10881131615525795
0.06694503859774643
0.08485360696108704
0.06269508531903732
0.03492661100534867
0.030194876749064348
0.025325216019945654
0.020348602879242353
0.015296350844884796
0.010199922616159896
0.005090740693765872
1.322844772617259E-15
0.005041516417227962
0.010003617540091237
0.014856879372912106
0.019572813786121714
0.024124030271785155
0.028484389719772175
0.03262914937774899
0.024954396831978316
0.02411369286786814
0.04098467518043526
0.06133088093143448
0.0759999693896173
0.07860194300272298
0.0492372100550067
0.022305211852117507
0.008831945578981966
0.051945395182569916
0.02871802380989771
0.058967988449879105
0.06992024603283511
0.05856636032135697
0.029965249530971787
0.054587948992925475
0.007016893759617762
0.01689592109949339
0.041868569089478266
0.0722561491477294
0.07277987597267152
0.058655576809463095
0.04025651528751698
0.036106542519023774
0.03319710148065987
0.02910609616760842
0.02518591587948887
0.021143214447610498
0.017003654284083118
0.012793277347069231
0.008538345181071163
0.004265178890456577
2.2659744045486714E-15
0.004231226855954573
0.008402948491871547
0.012490174076167357
0.01646862151045921
0.020314858443546385
0.02400643711855337
0.027522022293953077
0.023482948792848745
0.02363462993012334
0.032323629269984104
0.07562531205098298
0.07853272543210696
0.06534090322816091
0.06551415080709184
0.09331501199041445
0.09767703906316781
0.10076886806379136
0.09024477612512369
0.04933004641381593
0.03649950743699509
0.048821374289934626
0.08894813845284527
0.09638321541150413
0.09312674356646705
0.08916879437609683
0.06494309603394345
0.05708010361842908
0.06272680232951387
0.05791580898715799
0.03207501495497986
0.025586106407588953
0.02076921367669504
0.02502101131459108
0.021665227760588584
0.018199480544475982
0.014645715469341873
0.011026264246839333
0.007363706582083545
0.003680731678741322
1.7260965417408642E-15
0.003655993885694504
0.0072650565569709925
0.01080542828931202
0.014255912122851025
0.017595998694535344
0.02080598611094367
0.023867094172388803
0.05271245403315045
0.06504618183686868
0.04596316314984509
0.030512106845221463
0.03596936600476957
0.04379637930473681
0.028150857934874256
0.027557621740012642
0.028832587547681712
0.05268302195607668
0.05542105685975544
0.07536145150935086
0.08446827689173576
0.07580469649920897
0.055713451677525186
0.050969554618236775
0.03339994699925283
0.03685237995901579
0.033115807269595995
0.04319952639836104
0.030967130427443965
0.0318147899769892
0.04364601656221685
0.06202045423295295
0.052293256712013174
0.022006789021949368
0.019064718399565788
0.01602286105365867
0.012900431665655594
0.00971702395310769
0.0064924893234952884
0.0032468146625341913
1.5976112552284321E-15
0.0032280632073157234
0.006417712443588405
0.009549632433255299
0.012604970668222576
0.015565449480289643
0.01841347400050438
0.02113223537558382
0.025519674389719815
0.028982887190922388
0.04083603930975726
0.04307579894701959
0.040038969284430764
0.022146991783701973
0.025665903878672375
0.014356530936256877
0.02205202814906619
0.04505221714327962
0.049653906193036355
0.023177542677371783
0.019340417015161926
0.022352774192764224
0.047209343399327336
0.04248400309284444
0.019314760607952643
0.004547129687921603
0.01631325719572158
0.013690878398102768
0.043023117468585566
0.05130809862456313
0.03852315750610961
0.022862920803791674
0.02096648758259467
0.019700210362086457
0.017073170655954432
0.014354647114385435
0.011561772961428969
0.0087120485949438
0.005823233049991063
0.002913234433607302
2.464625922718774E-15
0.0028985934653020947
0.0057648482892985456
0.008581352929308556
0.011331086723561739
0.013997521750360441
0.01656472119194189
0.019017433623293993
0.028496908436158555
0.029727534286906665
0.018593715492634666
0.04648158913818695
0.03162532592238817
0.0594289692277495
0.05970432134647615
0.08808104843296337
0.06572165989038477
0.03505049302217804
0.04649366091124416
0.07488895184426672
0.08077482489060195
0.0744367092053161
0.045624747582068394
0.0344999531839397
0.06504317104086067
0.08887580151212089
0.05964453999825897
0.062046982042526636
0.030275471521735917
0.04354823716802807
0.015951316744407477
0.021304074628649226
0.01885575420035486
0.017886055366206393
0.015505857279755515
0.01304101371230013
0.010507026791994585
0.007919752519505639
0.005295302366412888
0.0026499437508164985
1.2372041215059338E-15
0.0026382495895482328
0.005248668987354142
0.00781536335924564
0.010322775102728828
0.012755777411734207
0.015099764812141266
0.017340740130544693
0.027502359704012564
0.027118378497512596
0.0326161057127246
0.054406475062763256
0.03860287553970906
0.02905171420676085
0.028511888661330972
0.043886042908709844
0.048830392609301936
0.030942092496103097
0.027704564195596408
0.013665351876993293
0.014893042887481276
0.014503492982091935
0.0287736412960906
0.030362841137527432
0.04834005179128058
0.04278155806505135
0.030351918763049268
0.032074798379013086
0.03438366353314361
0.048017522788865535
0.032045760411928054
0.028862598772545506
0.034756365859256094
0.01642875242294331
0.014246258644904341
0.011984803983147694
0.009658584444416534
0.007282136745880805
0.004870248084482472
0.0024378647295390026
1.2694597137369337E-15
0.0024283578107857974
0.0048323370015039575
0.007197272964717826
0.009508797076715621
0.011752923439940699
0.013916132957622729
0.01598545423831951
0.02907858247561454
0.021382919117466793
0.030351664651995226
0.01513490336680558
0.024133412178326784
0.046438901589088186
0.029885516719067414
0.04565416970701856
0.026457936650129518
0.03351427938308619
0.029751373064766082
0.04783768936252013
0.042944040669651566
0.0470400435167512
0.02889881292159964
0.033755629453276655
0.024523201949369973
0.03798295272647356
0.024347607361397128
0.0385805792315084
0.023450205781645795
0.013865314822211948
0.030156665209082625
0.020076326906296384
0.029957351533508234
0.015238710305112651
0.013217291849712313
0.01112167627822949
0.008964995797926938
0.006760710998606217
0.004522527309871058
0.002264310251767251
8.161369926906477E-16
0.0022564742107757997
0.004491279322589206
0.006690762809973712
0.008841535644203743
0.010930553364368122
0.01294519476696357
0.014873337741863314
0.03165606589498921
0.020723574498011592
0.02220233734905534
0.023800621132081035
0.02401983076138783
0.026479293131458467
0.030924229818494818
0.022168408746346135
0.02118191455139385
0.02092765444944786
0.04680500768718778
0.03861308565727991
0.043293462991820617
0.03892135092861856
0.04708127299035421
0.020439900882591525
0.017704270208672077
0.021037784764264506
0.030520848563647496
0.02375093826655011
0.024624933642286784
0.019886215469155595
0.018908740791648962
0.018169100300089926
0.022637049337441793
0.014254402945587845
0.012365975136842122
0.010407368373056137
0.00839083679372054
0.006328951709566012
0.004234523600871111
0.002120522893438289
7.379528910996153E-16
0.0021139948823760434
0.00420849172806298
0.006270679904201109
0.008287986175753522
0.010248151021478628
0.01213930279950747
0.013950029315998506
0.016733934280805936
0.01727929950880697
0.01976961832401406
0.03431585064268786
0.016873292352870516
0.027854629931217102
0.018758814283553117
0.03902815565718801
0.040280560023535465
0.033015806362346155
0.009488506883176645
0.018733265810875237
6.126114895460523E-15
0.018194299103539497
0.008609606396667262
0.032305865971976426
0.0399537092702567
0.03976467371256981
0.01709495578751372
0.03125885822789144
0.015412762174531405
0.03607694779500849
0.017710913889994954
0.016758487678359447
0.016159772493333252
0.013432231125050209
0.011654737426117641
0.00981047034624891
0.007910951711347577
0.0059680105105343155
0.00399370952924882
0.002000270752833445
2.8345910907632616E-15
0.0019947887508700232
0.003971848879045955
0.005919076020934461
0.007824581895462807
0.009676766606715735
0.011464388985837673
0.013176634547165743
0.020864497148900374
0.01630535869855078
0.01949780216114616
0.008405653258634205
0.03259044938710214
0.009310290834211796
0.03484815057628145
0.01272237398797855
0.03632383579347537
0.023524957420218113
0.03985093875944569
0.03747389476517407
0.05523121916009513
0.037139195631415406
0.039035799436634586
0.02431584633775039
0.03985909076009593
0.012956007079207984
0.0365156617263932
0.007079558640903338
0.03353486562410874
0.005727092062067928
0.018364454375733072
0.01615723677586984
0.02719648616632828
0.012740489276205573
0.011056240820028583
0.009308114012789477
0.007507015135156678
0.005664148820682461
0.0037909485941308688
0.0018990061775893245
5.7840676517128E-16
0.001894376650477486
0.003772487390704354
0.005622823984444577
0.007434076627065708
0.009195202845306005
0.010895494593688231
0.012524643141227964
0.02454892627157592
0.019575444006095417
0.020419727573659785
0.027969558444935705
0.015791736314816673
0.031828148502947094
0.012694758531777204
0.027050203881514023
0.01863959710928033
0.017509984167980205
0.021362917685870335
0.01789142904850692
0.022876279943568313
0.01824651964024118
0.0223255969575013
0.016336987664388868
0.01505148261603452
0.02514270322482106
0.014980581710611568
0.02881397932313737
0.015349082747047348
0.024191947055672573
0.023289651417563458
0.021138073278931104
0.022178690309618086
0.012155621864999277
0.010550164881388107
0.008883293100555552
0.007165392548765157
0.0054071399464436926
0.0036194365539016383
0.0018133407843642967
3.2846612894138686E-15
0.0018094180900312137
0.003603794008253691
0.005372124644473167
0.0071035905320645625
0.00878762185459945
0.010413962781396158
0.01197273374157202
0.025251977915666288
0.015398419863255677
0.009568997093840523
0.019017312106584323
0.026831737131898896
0.017865324992934882
0.02656760813153728
0.019984647091126524
0.036936335009545365
0.032277652628168056
0.02328221381600425
0.02078275311057305
0.044809527957105966
0.020454017886136048
0.02261024806980682
0.03243059275195087
0.03289754311801852
0.019812240925846988
0.021079894056116374
0.018962345181062202
0.024196870155542137
0.021993668609024613
0.008683067175397512
0.013580007050347478
0.018550575853617194
0.011659817132509144
0.010121138014665895
0.008523137976574523
0.006875761877445376
0.005189238702479432
0.003474018218225101
0.0017407063958116312
1.000238739992609E-14
0.0017373792535271902
0.003460750568357623
0.005159539561487098
0.006823342980651083
0.008441992249955677
0.010005615456479131
0.011504697401002021
0.012089693794050515
0.015117609782904643
0.026919310326951808
0.015418735305177376
0.01347522473620471
0.019303540111890886
0.030911707312245913
0.021313570699538365
0.02638348640923927
0.011092991849032603
0.029247824919406657
0.027455067859343336
0.02228026810694076
0.02748624938546833
0.02896005885150585
0.01116593565399477
0.029858335982719454
0.02085427583859049
0.03281249437585062
0.021504050945502156
0.014334819128296926
0.01436051831841217
0.023780272523089764
0.012315360595518344
0.016897810123578702
0.011239413419890727
0.009757366466513498
0.00821777141826675
0.006630198648212032
0.0050044971150000625
0.0033507334073893933
0.0016791295566436894
2.4966201143437777E-15
0.0016763119168753966
0.0033394975084853305
0.004979345999424909
0.006585807068184223
0.008149052303010423
0.009659535194483886
0.011108049299681547
0.011781888426656919
0.02275463192563204
0.015226189903248514
0.02117811763937339
0.024272792622658454
0.014216120306228609
0.0134360032466492
0.02068666626337395
0.013773876910605942
0.02917666745596928
0.0198735321459096
0.02015756905974179
0.033039564472050864
0.02034449971869031
0.020387862352710385
0.02901616091672457
0.0156822123834222
0.021372384573875414
0.016013660131291883
0.012555903553008707
0.025172026615065072
0.018691406846331422
0.020190900208298987
0.028051990414966883
0.013190493693966101
0.010883816402476747
0.009449702303202486
0.007959530298465384
0.006422553345605609
0.004848298416957255
0.003246507573128669
0.0016270778027903479
5.0646467823743946E-15
0.0016247025455013568
0.003237035767175748
0.004827096171891807
0.0063851315451475595
0.007901600640554033
0.009367231488453497
0.010773077968526432
0.025505125460690954
0.015743311986272924
0.0041205639711843975
0.017139269836211554
0.014466112472759793
0.030479462630687053
0.02589958756456748
0.019487544149773526
0.03271132605211579
0.014546027981267147
0.01681037835055436
0.01985814599015326
0.014405554393111177
0.01951061249024155
0.01624989263346455
0.014867920403379734
0.03034171853897515
0.02152086349461795
0.023001989584611617
0.02960636420157188
0.013676260685700803
0.018826138470409946
0.00278420728516142
0.013866179724168226
0.023469096608569513
0.010584747402741224
0.009190996056051616
0.007742424727153825
0.006248018519873634
0.004717032902420577
0.003158936495758688
0.0015833526258640445
8.988702984217615E-15
0.001581367127951781
0.0031510189353839905
0.004699309784057853
0.006216737382104187
0.0076940009926902385
0.009122058333462276
0.01049218081939365
0.008673756373485202
0.02539110001944906
0.03207501495497648
0.010348133417819483
0.02020508310379328
0.011065041741873689
0.01648470464778034
0.022837483115695084
0.017214610674291368
0.033133468320957545
0.033737209547256015
0.02532748287796554
0.031141661261144288
0.02537124033057393
0.03428568732126422
0.03342321678080959
0.016760956764200283
0.02194021380854923
0.015656207509775828
0.012991061297007814
0.017333807937043925
0.009073832573785736
0.031591619793237526
0.018584855951600764
0.00885785781780661
0.010335712165388172
0.008975639047647206
0.007561755518895345
0.006102822496016022
0.0046078684891845
0.003086133828993081
0.001547013652560241
1.9737894511119765E-15
0.0015453766227224621
0.003079605855297915
0.004593255909146083
0.006077031449693133
0.007521830580309667
0.008918800579135877
0.010259392048036348
0.01164714582963468
0.012870016308533795
0.012517282492404757
0.021364378763606754
0.019073643565130898
0.02023506321910126
0.020684243161566754
0.03074409846262732
0.023445906609212686
0.011951512196474386
0.02009675410598015
0.01818851955488523
0.018725446580938655
0.01860407117578095
0.020659238805647698
0.011246979171560732
0.024339403338858177
0.029400055071667507
0.02017670030038368
0.018978848755326842
0.02111117282270669
0.021269843479980653
0.014326352721815601
0.019731973741559862
0.007788358250352866
0.010131620185262338
0.00879923533031387
0.007413839913156514
0.005984009696899592
0.004518586115969447
0.0030266216949501414
0.001517324219019336
1.9052310099509015E-15
0.0015160034130012193
0.0030213547264723506
0.004506796245604238
0.0059632007159339745
0.007381627315084339
0.008753376451611316
0.010070043035637844
0.017977526424987244
0.006902053026532721
0.015525375559339614
0.00977414721082551
0.011374406371343114
0.01748047309958022
0.018281131357038547
0.016323807728444426
0.015270989506430637
0.02714544069443946
0.034465183049716734
0.02407665681467576
0.016603249484603066
0.023956764336475478
0.03387878499382158
0.025899635362613152
0.015203539542554214
0.018312044942278824
0.020766718045538677
0.017421881532769662
0.013531033163506673
0.01067169207179025
0.008266476662022147
0.007233945535374031
0.01925236094638627
0.009968509378501089
0.00865836437033477
0.007295813132390032
0.0058892816820963634
0.004447460615535656
0.0029792514936942266
0.0014937119704683264
4.126548597146966E-15
0.0014926825330995308
0.002975146414712645
0.004438271585388073
0.005873063161214801
0.007270706647690724
0.00862262200837731
0.009920516256838667
0.005164528220179739
0.026254520770447713
0.02454202509213662
0.02154891423847174
0.020430950271442472
0.01379748780780791
0.008177854306795896
0.012966435199567644
0.024056938170842913
0.019619238640799674
0.02696138377564461
0.03443135694559755
0.033066951890747445
0.0346647610537299
0.027057123284206768
0.021199550980909625
0.02377834674391987
0.012555583325057391
0.007755240798784807
0.014243392773327401
0.01799876181572027
0.021748806512200715
0.02668898364136484
0.023019897364201385
0.00598159262959263
0.009843346313631913
0.008550408863451632
0.0072054844060912004
0.005816881820230199
0.004393174290413245
0.00294314645445357
0.0014757402795333068
3.273333509856516E-15
0.0014749835446432084
0.0029401288293624765
0.004386419477505597
0.005804959666126982
0.007187028762761278
0.00852413485866492
0.009808066870149108
0.014792426857121
0.005837365838020851
0.005853967681805999
0.010993928205518057
0.026455028618068328
0.032204665455952776
0.026513719805500973
0.023260189390849055
0.012545496216922913
0.008944091641650862
0.015495280288031894
0.014400157143742534
0.013343090033957958
0.014040922979515333
0.014495285147525173
0.007818531284497885
0.011520920983125243
0.02085099994661421
0.024431083196898053
0.0356331023076948
0.028471092743478126
0.010253820366404478
0.006721268710540942
0.010007922418454763
0.011980410921745179
0.009753882125002373
0.008473430582410763
0.007141233191081634
0.005765512186414636
0.004354754658468732
0.002917660267530273
0.001463087672371821
1.9958483001233907E-14
0.001462590307411141
0.002915676929892941
0.00435031505056329
0.005757676340099693
0.007129103207224568
0.008456161982302975
0.009730694707839178
0.011341012278821864
0.011180321751801994
0.022608964875851206
0.020247170197355176
0.0032177318420955237
0.01754810507770618
0.01621842167965453
0.02176129953930607
0.02690131111928051
0.03077592290690739
0.026396275892225738
0.03256311826681017
0.04406984071090618
0.03223184001154737
0.02621736802930528
0.03043500247057712
0.027461646487116513
0.023537980773383916
0.017794547511960867
0.015581674746312562
0.0020789287819127384
0.019012901035692406
0.019424837173492995
0.009263983947685855
0.012343785463155309
0.009698550779606626
0.00842608279069357
0.007101936019147073
0.005734275035352924
0.004331530647309642
0.0029023480018533043
0.0014555333780348423
3.720631040049026E-15
0.001455286797774809
0.0029013647161392274
0.004329329608805006
0.005730390233517913
0.00709592230062865
0.008417521487014442
0.009687055090151084
0.009533374083257693
0.014714520447255445
0.00982931158167149
0.011164698838026708
0.024644716631293646
0.02915262990367045
0.01545658869263113
0.019038375856919885
0.020223935013773245
0.014318529960007834
0.016661449315539197
0.01297354075891593
0.03785766130681739
0.013466829537591088
0.0174087615688846
0.015870183814113467
0.022263835690451088
0.021934872095316124
0.017120794329171615
0.023579850686801487
0.02089568106429081
0.012907726877807965
0.012013749461791073
0.012980580498163983
0.010460537924449781
0.009676400843693264
0.008407551610462806
0.007086917623865396
0.005722633777812886
0.004323103446445937
0.002896946794165146
0.0014529477539697232
