1.0
0.9989725854527295
0.9958941397184462
0.9907760398146912
0.9836371918337702
0.9745039478168522
0.9634099899352754
0.9503961825331818
0.9355103927392284
0.9188072805050694
0.9003480590739824
0.8802002270235794
0.8584372731615431
0.8351383556816406
0.7918732775145506
0.7565222129688193
0.6747181281514261
0.6186688516762747
0.5892284226304195
0.5856214510805057
0.5812423839336742
0.5221905495992641
0.463052455114855
0.4299645193405261
0.4239760814499956
0.4429223246130849
0.41793132415571155
0.40218305582793396
0.3679847175671997
0.33395382007963736
0.3002006862750959
0.26683328132118767
0.23395677675898333
0.20167312991975325
0.17008068053331019
0.13927376632762745
0.10934235931995513
0.08037172439209747
0.052442101627436614
0.025628413765297134
0.0
0.02437962278192768
0.04745297037168276
0.06916877240348814
0.08948212364992603
0.10835460493099802
0.12575437327165603
0.14165622109465476
0.15604160438810774
0.16889863993921173
0.18022207187652953
0.19001320791218027
0.1982798258215174
0.2050360508407503
0.22876363690773807
0.24156786070640693
0.288416382014976
0.31606597762343985
0.3152731128980198
0.2924778457279657
0.26730276050986246
0.28504026915088426
0.2996513608456254
0.2929340481661735
0.25831925560697666
0.20858342605538918
0.19058612713838155
0.16228884351832668
0.15172847667181694
0.14055159595840283
0.12883908052317367
0.11667245240793682
0.10413347464621714
0.09130375337943787
0.07826434592779971
0.06509537670314813
0.051875662795561835
0.038682351000812465
0.02559056798265
0.012673085182488636
5.064664505228582E-17
0.012361565328205783
0.024347745827529004
0.035898195646728255
0.04695632858088968
0.05746953627456715
0.06738938324713185
0.07667177800935261
0.08527711967004868
0.09317041956355233
0.1003213975620866
0.10670455287113938
0.11229920923996677
0.11708953465262444
0.10271881872105423
0.0974722555543753
0.08410033356231464
0.0695621503407079
0.07065605564235276
0.07055473869840545
0.07475530363405912
0.06900479001610212
0.06898075460356753
0.06718671305299036
0.0795068595253519
0.08595736983607538
0.0891512526156059
0.10187006638129432
0.09577043133222567
0.08919691902778056
0.08219714680739838
0.07482035430154874
0.06711710121238232
0.05913896231121357
0.05093822132600487
0.04256756538062848
0.034079781627451684
0.025527457685863352
0.016962687462071527
0.008436783880033216
9.07991175770198E-16
0.008298740059596398
0.016412099049191994
0.024294572090917864
0.031902718564962504
0.03919537927375657
0.046133877870154556
0.052682205632238924
0.05880718876800716
0.06447863753738958
0.06966947658610803
0.07435585599533813
0.0785172426622942
0.08213649173906555
0.10336782371606339
0.11367516475188046
0.1233216830060759
0.1481044337773744
0.14825820357219432
0.14833289943428724
0.14341244457943447
0.1464647974373159
0.14350014365661254
0.14102627141393517
0.11447641237740999
0.1074449024405772
0.0963926815670202
0.07441703225767203
0.07013989843314611
0.06548986096701252
0.06049987700365087
0.05520449656085656
0.049639640524936406
0.04384237336355594
0.037850671909972926
0.031703191580881966
0.025439031390899487
0.01909749911995556
0.012717877975440951
0.006339196069147141
8.301599348431999E-16
0.006261866202463539
0.012409475561786497
0.018407024902624733
0.024220032755730907
0.02981552737365704
0.03516222387760961
0.04023068962729674
0.044993496981779756
0.049425362699366336
0.05350327330828942
0.05720659586665631
0.060517173619379645
0.06341940615120074
0.04797165372058649
0.04380956026541055
0.05879439416800533
0.05028911378828751
0.050885602175197865
0.045980236252054246
0.02618914004394688
0.04567812733270391
0.049804566106615794
0.04867392593803642
0.05677682430530184
0.04065749912603323
0.04389807304803558
0.05877625830867477
0.05547984723424964
0.05187727902217851
0.04799358665120019
0.04385524009181605
0.039489974235266546
0.03492661100534986
0.030194876749065742
0.025325216019945796
0.020348602879242058
0.01529635084488621
0.010199922616160107
0.005090740693764924
1.1055274159379526E-15
0.005041516417229149
0.010003617540090954
0.014856879372911476
0.01957281378612286
0.02412403027178594
0.02848438971977363
0.03262914937775169
0.03653509821676748
0.04018068198682683
0.04354611731320085
0.04661349425376687
0.04936686681015428
0.05179233096025224
0.07150681921383648
0.07906345816926777
0.06586239900674312
0.08259743804713714
0.08306409884245644
0.09465163287183276
0.10574665026952877
0.09374531612799956
0.081442049021798
0.08018360125991818
0.06398878578171828
0.07629516418811084
0.06864008935612094
0.04870448063081252
0.04601738833181886
0.04307047863746585
0.039883901941636817
0.03647909300014319
0.032878631378332475
0.029106096167606028
0.025185915879487982
0.021143214447609724
0.017003654284083902
0.012793277347067644
0.008538345181071437
0.004265178890457057
1.1667386154762059E-15
0.004231226855953869
0.008402948491872285
0.012490174076164465
0.016468621510454105
0.02031485844354562
0.024006437118552403
0.027522022293951617
0.030841511525969652
0.03394614715006137
0.03681861935329984
0.039443159786788105
0.0418056252271934
0.0438935708592639
0.02842716414778679
0.027151448558071698
0.037150256255468965
0.026576222255758543
0.027054455782872352
0.03256069190436828
0.018554540802779282
0.03220207782949838
0.025887757924536535
0.02483972159027092
0.03492959632743783
0.02603668227604305
0.026582038952270647
0.04169996125597175
0.039426364573649515
0.03692667386834133
0.0342177604633815
0.03131765050089826
0.028245407809627286
0.02502101131459154
0.021665227760587515
0.018199480544474796
0.014645715469340832
0.011026264246840415
0.007363706582085932
0.00368073167874339
1.3955384697279334E-15
0.0036559938856948553
0.007265056556972342
0.010805428289309615
0.014255912122851698
0.01759599869453701
0.02080598611094484
0.023867094172387256
0.02676157229694736
0.029472800534867526
0.03198538310894179
0.03428523396467582
0.036359653865195525
0.03819739861926111
0.056639872732392516
0.061205438498166856
0.06590259142650874
0.07077223638400625
0.07144694343623896
0.07058554445787572
0.08410267861840727
0.07024108467946756
0.0714394612499197
0.07077321069547876
0.06670088926099861
0.059473356519565874
0.05504136114816936
0.03656502344139461
0.03458922414218224
0.032412810856047504
0.03005031665505699
0.027517322639369447
0.024830357014184453
0.022006789021949042
0.019064718399568772
0.016022861053655472
0.012900431665655281
0.009717023953106418
0.006492489323495049
0.0032468146625344438
2.5081470531177086E-16
0.003228063207312913
0.006417712443587968
0.009549632433254556
0.012604970668224252
0.015565449480291814
0.018413474000505654
0.021132235375583477
0.023705808643461602
0.026119244705549986
0.02835865587170934
0.030411294495707876
0.03226562426294719
0.03391138373905859
0.01896354011845518
0.021266331848641157
0.015770179551407484
0.0070678540891761996
0.0074452801138463745
0.020562749798793082
0.019063574652221454
0.02037232344459375
0.006749787996811611
0.006026467213428646
0.013749029535705557
0.020883993910334207
0.01799120982072004
0.03265444392710975
0.03090243173086338
0.02896962945826185
0.02686882837511748
0.024613779935094456
0.022219107024005327
0.01970021036208918
0.017073170655950494
0.014354647114388441
0.01156177296143299
0.008712048594939525
0.005823233049989765
0.002913234433606861
8.730532877284655E-16
0.0028985934653004016
0.0057648482892972384
0.00858135292930446
0.011331086723561775
0.013997521750360972
0.016564721191941217
0.019017433623295155
0.021341182673571237
0.023522351538323594
0.025548261854456942
0.02740724648622319
0.029088715809497814
0.030583217122954722
0.04772814410405771
0.04908307433070356
0.06652060921201297
0.06566746958469546
0.06604150791582297
0.06035154944333828
0.06774405207596589
0.06011262506425485
0.06533414359416449
0.0646144769885654
0.06552309966533805
0.04778793238142743
0.04666888242963679
0.02958996092175663
0.028011524569113797
0.026268079742024542
0.02437107680435715
0.022332853656681296
0.020166556388834314
0.0178860553662028
0.01550585727975315
0.013041013712291891
0.010507026791997345
0.007919752519501746
0.005295302366408383
0.0026499437508176664
1.734659399108706E-15
0.002638249589549346
0.005248668987355758
0.007815363359243807
0.010322775102728736
0.012755777411733522
0.015099764812141609
0.017340740130548017
0.01946539738242414
0.02146120009284569
0.023316454592682986
0.02502037786560553
0.026563159556024334
0.027936017785245404
0.013869652376439664
0.01931809669212141
0.003511628738087314
0.010252559147596407
0.01075845380757644
0.018193068521681958
0.01911520967856089
0.018234507910310577
0.01143695692127649
0.01126411943587971
0.005133750639840054
0.01920314889335562
0.013337833252286968
0.02713524842484288
0.02569473747984341
0.024102011149963302
0.022367460989533836
0.020502305557442483
0.01851851851852119
0.01642875242294288
0.014246258644901102
0.011984803983147156
0.009658584444422202
0.007282136745884651
0.00487024808448231
0.002437864729543384
1.0898997913158948E-15
0.002428357810787725
0.004832337001504884
0.007197272964717326
0.00950879707671159
0.01175292343993855
0.013916132957618451
0.01598545423832399
0.017948540849478084
0.019793744462759437
0.021510183461024672
0.023087806605617676
0.0245174513944594
0.025790896774975754
0.04152680442640244
0.039638147147799035
0.05025828502561342
0.04529896830087386
0.0454445123504662
0.04825877555444527
0.053769874958278834
0.04788771618845236
0.04422634291086513
0.043477357039029024
0.04820536776357984
0.03858510005546888
0.04073901687582767
0.025135146105054178
0.0238063097989518
0.022335777788460433
0.020733088768745002
0.019008557644273057
0.017173209640041345
0.01523871030511092
0.013217291849713592
0.011121676278226298
0.008964995797927292
0.006760710998606228
0.004522527309869573
0.00226431025176984
6.375924229317139E-16
0.0022564742107774923
0.004491279322590481
0.0066907628099752
0.008841535644206866
0.010930553364365651
0.012945194766962148
0.014873337741865507
0.016703431801373486
0.01842456687080097
0.020026537933306977
0.02149990514810392
0.022836049090249576
0.024027220790950685
0.011125882743133603
0.018816542630751026
0.016661197257593442
0.022191576005132545
0.02271311764009454
0.020244457944709183
0.018627191756320265
0.02027989075166064
0.02313742199537877
0.022827347792786924
0.017441811641705187
0.018804875899559287
0.010853901239495147
0.02348365876874422
0.02224657896333528
0.020876550878774623
0.01938241536712941
0.017773746605172613
0.01606079112866341
0.014254402945589242
0.0123659751368439
0.010407368373054868
0.008390836793719481
0.00632895170956815
0.004234523600870352
0.0021205228934409307
1.705460753793368E-15
0.0021139948823770418
0.004208491728062749
0.00627067990420112
0.00828798617575843
0.010248151021482023
0.012139302799506585
0.01395002931599764
0.015669446367279603
0.01728726284573318
0.01879384202181874
0.0201802586391762
0.02143835148631272
0.02256077113689758
0.03674936423227232
0.031869824039519094
0.032681566031491686
0.025823005103242074
0.026102206448755393
0.03345585739301646
0.04140866624999709
0.03315718400946626
0.02564697598397368
0.02514362541361006
0.031617982342746445
0.031000441375010287
0.036113499652295225
0.022105999136024037
0.020945174511593896
0.01965873761033416
0.018254951168102117
0.01674277486948854
0.01513180846432412
0.013432231125052534
0.011654737426117532
0.009810470346244276
0.007910951711349921
0.005968010510535155
0.003993709529245811
0.0020002707528279855
6.805214805138137E-16
0.0019947887508708047
0.003971848879047418
0.0059190760209368145
0.007824581895463131
0.009676766606714583
0.01146438898583211
0.013176634547166874
0.014803180649465937
0.016334258471106824
0.017760711428656505
0.019074049690994764
0.020266500465845366
0.021331053762262003
0.009830216453127996
0.018917859198210492
0.019362655875676007
0.025685557387311538
0.02603208519696206
0.020236208759170076
0.018656071698992742
0.02019406501302028
0.02590527319140794
0.02550020586011431
0.019122491651974837
0.018956045554967306
0.009728546471304425
0.020947975676332387
0.01985107461827389
0.0186347516196623
0.017306785855207993
0.015875622498043328
0.014350319253917958
0.012740489276206452
0.01105624082002605
0.009308114012789156
0.0075070151351603245
0.005664148820682596
0.00379094859412999
0.0018990061775900574
3.094239271488004E-15
0.0018943766504763572
0.003772487390705957
0.0056228239844447175
0.007434076627063452
0.009195202845306265
0.010895494593689664
0.012524643141228513
0.014072801356563166
0.015530643016465848
0.01688941878175834
0.018141008505864455
0.01927796956448242
0.020293580919803905
0.03279405128454927
0.02555478531943927
0.028239701816014397
0.024744535914639345
0.02511963955981581
0.02939851367792006
0.030806929834963984
0.029502403496157025
0.02522424912952333
0.024903473429049944
0.028241006794424567
0.024872796215526228
0.032250204288494504
0.01996944590841124
0.01892646590499781
0.017769308106983628
0.016505344286025167
0.015142585844549682
0.013689633232427693
0.012155621864995253
0.010550164881391218
0.008883293100556147
0.007165392548762045
0.0054071399464496175
0.0036194365539002713
0.001813340784369854
1.1417041151958862E-15
0.0018094180900318356
0.003603794008244852
0.005372124644469992
0.007103590532064229
0.008787621854595862
0.010413962781400584
0.011972733741574568
0.013454491259356924
0.014850284989617468
0.01615171160993961
0.017350965245904768
0.01844088412787241
0.01941499320140487
0.009513783999624483
0.019325549669037594
0.018310397584368265
0.020562492132516343
0.020834495242944437
0.016580185712831937
0.019838566509771633
0.016432416677315143
0.020602849765850088
0.020215540033052745
0.018822525783453035
0.019388846516288354
0.009532347980752504
0.019140129092512278
0.018142812882802253
0.017035768917319245
0.015826024000831426
0.014521222122824798
0.01312957631816904
0.011659817132507879
0.010121138014667058
0.00852313797657557
0.006875761877444665
0.005189238702476604
0.0034740182182251703
0.0017407063958152058
3.3457214337187905E-15
0.0017373792535234395
0.0034607505683621215
0.005159539561488388
0.006823342980655647
0.008441992249954374
0.010005615456473476
0.011504697400991916
0.012930137348570481
0.014273304129171962
0.01552608825591213
0.016680950746746134
0.017730968356762425
0.018669874950326213
0.029351059705422483
0.02084910336697341
0.027183991802630078
0.02301663059872734
0.0232671749238069
0.035282191491388025
0.022810607243276628
0.035388392629980545
0.022923965339007247
0.02250303776164636
0.02681664916559133
0.020388922150273967
0.028867253417947557
0.0184368445611173
0.017478263788005127
0.01641372860143098
0.01524997286577504
0.013994328584079584
0.012654679837934796
0.01123941341989373
0.009757366466512596
0.008217771418265041
0.0066301986482142465
0.005004497115000864
0.0033507334073914095
0.0016791295566421314
2.437548504108972E-15
0.001676311916872538
0.0033394975084884175
0.004979345999417385
0.006585807068185981
0.008149052303016812
0.009659535194494312
0.011108049299683334
0.012485784224255624
0.013784379082910116
0.014995973114479944
0.016113253146072003
0.017129497620318443
0.01803861692133657
0.009904385922906532
0.019855967408874787
0.028365286287493723
0.022313858356077576
0.022737425670755658
0.008948762015990173
0.021968583686253644
0.008751748388635771
0.02315059907769059
0.022935094520305663
0.02955836547515568
0.019921669658964882
0.010012444189665355
0.017841642080433782
0.016915893288926034
0.015887378229222326
0.014762581844746422
0.013548571158447395
0.012252950983886129
0.01088381640247865
0.00944970230320951
0.00795953029846766
0.006422553345600113
0.004848298416960502
0.003246507573137653
0.00162707780279421
1.2456786222766384E-15
0.0016247025454899664
0.0032370357671774558
0.004827096171889295
0.006385131545149854
0.007901600640546957
0.00936723148844758
0.010773077968524532
0.012110574301541038
0.013371587129261281
0.014548464866398818
0.015634084025903935
0.01662189223757036
0.017505947700954188
0.026253382554078747
0.018031308855609926
0.0208426561151553
0.013355968111517931
0.013531201526415458
0.03426715402932019
0.018818534686477265
0.03408766252782744
0.012994872246318546
0.012552730901782988
0.019907552282310857
0.01781830229516151
0.02581227711417554
0.017340507776020628
0.016442485557060276
0.0154443717576913
0.014352440193511116
0.013173533359924182
0.01191501965055534
0.010584747402741491
0.009190996056045108
0.007742424727151818
0.006248018519874121
0.0047170329024143216
0.0031589364957650507
0.0015833526258721576
2.037164267477127E-15
0.001581367127953719
0.0031510189353888443
0.004699309784056723
0.006216737382104892
0.007694000992688858
0.009122058333470283
0.010492180819404692
0.011796006812019269
0.013025592550939482
0.014173460457965085
0.015232644520591304
0.01619673248006339
0.01705990456894052
0.010829893134390816
0.02032146444642139
0.03638812543690599
0.029926163855306633
0.030284194290939946
0.010782149106171814
0.024328719157690745
0.011093772735606616
0.030476516565539034
0.030215810483929764
0.036541216472413
0.020365576774785205
0.011007148220026576
0.016922451818412124
0.016047675986887906
0.015075026171650085
0.014010597974015075
0.012861044675942245
0.011633535736640365
0.010335712165390845
0.008975639047642554
0.007561755518895289
0.00610282249601563
0.004607868489190865
0.0030861338289842476
0.0015470136525533485
3.656265746141809E-15
0.00154537662272011
0.0030796058553031304
0.004593255909149423
0.006077031449697643
0.007521830580308221
0.00891880057912361
0.010259392048026377
0.011535411143220648
0.012739069568689981
0.013863032028236274
0.014900460847371958
0.015845057494119137
0.016691100747079014
0.023411562370184876
0.01711299411481371
0.010246907024117383
0.009060358386798936
0.009385819467028924
0.021826118083168637
0.019195628897664175
0.021409005281920437
0.009683809097585063
0.009515176031141432
0.009259259259262714
0.01711032855988198
0.02300422590897974
0.01657885584873041
0.015723337082126424
0.014771748995777092
0.013730038049236634
0.012604699581220331
0.011402737382903852
0.010131620185261111
0.008799235330313664
0.007413839913160495
0.00598400969689141
0.004518586115971792
0.003026621694954765
0.0015173242190160397
1.101539156460103E-15
0.0015160034130023937
0.003021354726476186
0.004506796245608247
0.005963200715941449
0.00738162731508802
0.008753376451609975
0.010070043035635459
0.011323567895695625
0.012506287027607083
0.013610978374996014
0.014630905856401368
0.015559860370934243
0.016392197533322113
0.012174013093151914
0.02053677449593701
0.03218064177885743
0.02845881972944712
0.02865330524797319
0.024856545322783488
0.026189140043942776
0.02519492094078039
0.028290123732164645
0.027916309992170454
0.03118783369848368
0.02053822459368627
0.012406313202775
0.01630300148682717
0.015463134670327585
0.014528624515097262
0.01350529438704397
0.01239950977153152
0.011218138743397573
0.00996850937850408
0.008658364370333587
0.007295813132384981
0.005889281682091514
0.004447460615539004
0.0029792514937066455
0.0014937119704654762
4.3461868591519385E-15
0.001492682533100337
0.0029751464147073662
0.004438271585383748
0.005873063161207362
0.007270706647694875
0.008622622008377288
0.00992051625684271
0.011156434250421258
0.01232280737482051
0.013412499822261286
0.014418852180570723
0.015335722067307751
0.016157521561482924
0.02078214237551157
0.01756427197064044
0.009836118655858763
0.01694494804890179
0.017278792008134775
0.009253469380489269
0.021886628945400714
0.009342449725523677
0.017616930059159895
0.017448482567495538
0.010805339834676912
0.017677237566252037
0.020404892746445254
0.016089728230587963
0.015262205901336864
0.014341113543083085
0.01333217510720904
0.012241651830630132
0.011076303439813778
0.009843346313630453
0.008550408863450302
0.007205484406095679
0.005816881820237376
0.00439317429042318
0.002943146454460285
0.0014757402795425522
6.3009409063459324E-15
0.0014749835446474574
0.0029401288293653
0.004386419477509653
0.005804959666124485
0.007187028762769737
0.008524134858661535
0.009808066870150964
0.011030944889173633
0.012185268474428156
0.013263962587800061
0.014260420895058093
0.015168546166193321
0.0159827875287089
0.013854456970129297
0.020359161953171258
0.02177840610207151
0.019309256291769026
0.019472011634471154
0.03513032143299822
0.02701937427976498
0.035274874901055055
0.019061951567903537
0.01869316067302435
0.021033132078236937
0.020305297671940423
0.014131613492069608
0.01593518630004658
0.015116926671638166
0.014205836626893538
0.013207562550507222
0.012128285123693844
0.010974681112942839
0.009753882124998333
0.008473430582412109
0.007141233191073844
0.005765512186417395
0.004354754658462488
0.0029176602675271526
0.001463087672362703
5.171297978279569E-15
0.0014625903074001279
0.002915676929885747
0.004350315050560079
0.005757676340100723
0.007129103207221872
0.008456161982301326
0.009730694707843839
0.010944869218249267
0.012091227201864896
0.013162729950767968
0.014152801518090877
0.015055369018600639
0.015864899825911136
0.01835135678181113
0.018603900350710755
0.01837657328716853
0.020317189311069753
0.02059133376607847
0.02357243275502686
0.024693927255454745
0.023971420410556905
0.020550919301741976
0.020255760398159232
0.01886438933174633
0.01874179786198376
0.018004088684044732
0.015836661327489468
0.015024746775895518
0.014120420498242576
0.013129271780953255
0.012057423013997754
0.010911491925410702
0.009698550779604338
0.008426082790695977
0.007101936019156144
0.005734275035347306
0.004331530647312659
0.0029023480018568483
0.0014555333780376068
3.971955096163861E-15
0.0014552867977843192
0.0029013647161436973
0.004329329608798849
0.005730390233521897
0.0070959223006293376
0.00841752148700288
0.009687055090153784
0.010896712005369236
0.012039050719151517
0.013107045024552766
0.014094127177917557
0.01499422823228507
0.01580181530014843
0.015811805979600566
0.01973310563066279
0.01948435239782828
0.016859318557847513
0.01718568837605284
0.03529816433097185
0.026527982131342488
0.035148216016164045
0.01736553712476476
0.01712885373194126
0.019638502952607304
0.019625520686113024
0.0161264907832778
0.015792455509407378
0.014984078339835154
0.014083394332791911
0.013095955155909292
0.012027846164580785
0.010885648950794935
0.009676400843691823
0.008407551610462187
0.007086917623864491
0.005722633777812323
0.004323103446453394
0.0028969467941658894
0.0014529477539615794
