1.0
0.9989725854527282
0.9958941397184466
0.9907760398146899
0.9836371918337692
0.9745039478168515
0.9634099899352738
0.9041216004198803
0.8431245024298433
0.7158183410608929
0.6891002652569412
0.6884725148394675
0.7328841554665653
0.7382009033999111
0.7409014151140783
0.7329945044084333
0.6967653973743096
0.6316798012142695
0.5564881209639575
0.5160037479802063
0.4764882224613736
0.45360641940130186
0.4323492142438241
0.44596053811482606
0.4501978353814965
0.42666623804820236
0.3778538423449929
0.321175974660507
0.26059105219253154
0.15934027295287814
0.1033056882138809
0.07151112586351352
0.1446387739660789
0.1558706896813803
0.17008068053330835
0.13927376632762692
0.1093423593199542
0.08037172439209704
0.05244210162743595
0.02562841376529635
0.0
0.02437962278192776
0.04745297037168247
0.06916877240348761
0.08948212364992703
0.10835460493099783
0.125754373271656
0.18701137113991603
0.24136324992539418
0.35205850790614185
0.353710171792142
0.3337493996835962
0.26273340034667525
0.23778609779672083
0.22678716699680945
0.221272099072878
0.232384841147672
0.2694194172119584
0.3109310553221873
0.3342184432960237
0.3464375547283962
0.32481058924554573
0.2903399733304454
0.2398133596318796
0.19383352466098694
0.17411016893140704
0.16691512399999425
0.163085358069258
0.17871377909292452
0.2483377167508175
0.26845748297902605
0.27873172428739323
0.18084706526135927
0.13537107848133564
0.0782643459278002
0.06509537670314758
0.051875662795561134
0.03868235100081259
0.02559056798264992
0.012673085182488527
2.0449413103651695E-16
0.012361565328204285
0.024347745827528036
0.035898195646728026
0.04695632858088999
0.057469536274566635
0.06738938324713122
0.034076774425423804
0.01578355380925345
0.047558088244447586
0.027011958624665443
0.06818238348977672
0.1513450433647673
0.17585487056773183
0.17277351700452642
0.16687388779096415
0.1648642747216263
0.14427945089199554
0.10255815634712616
0.09265525526803621
0.1224789168394051
0.09266226359510112
0.10377071185573272
0.14514613269225948
0.16262973077427753
0.16180816916802537
0.17133701003696816
0.18136055259016862
0.16607929443239994
0.08401596376242254
0.0352226755582854
0.03650491686862672
0.0101204774977582
0.019471165833480974
0.050938221326004486
0.04256756538062876
0.034079781627451344
0.025527457685863245
0.01696268746207054
0.008436783880032687
1.876944993517864E-16
0.008298740059596446
0.01641209904919148
0.02429457209091803
0.03190271856496285
0.03919537927375626
0.04613387787015373
0.09251144521362223
0.10673002271865728
0.1504005851280669
0.08710376488914645
0.05351493757230201
0.02195225952481826
0.011881450209944099
0.017493439086427583
0.041027689957035526
0.04598829822638174
0.06745987165422411
0.0775875099803962
0.10169256012085996
0.13623164823449402
0.09796279757239941
0.07364865816505194
0.06409145220234296
0.04365816931539803
0.04205653020747279
0.020952069239749356
0.01715749850513901
0.03832924333085637
0.019790268006781974
0.042392535788004816
0.11026605732172261
0.08351009473400597
0.08096942211021464
0.03785067190997307
0.03170319158088225
0.025439031390899047
0.019097499119954266
0.012717877975439747
0.006339196069147242
4.323745076405779E-16
0.006261866202462215
0.012409475561786287
0.018407024902624452
0.024220032755730647
0.029815527373657138
0.035162223877609734
0.010121415857717302
0.020391601762768753
0.01813202600100414
0.09905597510679226
0.12067475519385124
0.15678705074120838
0.11630869786864757
0.09075044301318495
0.07439298316732004
0.0946955609833542
0.11389144039709864
0.10004662480667378
0.09820137331188446
0.0977392012505416
0.09817324116507826
0.0969512017531462
0.10684222865974292
0.08292556480220997
0.058053061351155
0.0670015161821417
0.08625246818737936
0.13329194406258185
0.11555430098894554
0.11140677841055513
0.03828960996720432
0.02800077252835424
0.00969469045198274
0.030194876749066672
0.02532521601994618
0.020348602879242682
0.015296350844884858
0.010199922616159377
0.005090740693766586
1.1221180433964648E-15
0.005041516417228627
0.010003617540091015
0.01485687937291403
0.019572813786122138
0.024124030271787885
0.02848438971977291
0.06306547610528547
0.040143104715140404
0.02832737481338729
0.032552172950376074
0.02326651943349949
0.03725166219026167
0.08117457741543498
0.09482185101855739
0.09301802432782662
0.07389267006026791
0.05862791424435599
0.06321855455557171
0.034367630822879004
0.050847869938032315
0.03458606372616251
0.06432057881917996
0.06065319351283103
0.07888777232699405
0.09619054946501912
0.10439906599548496
0.0984162234705584
0.04958675067138688
0.027808834725401296
0.03726706739855117
0.008574551057466214
0.026428712658389617
0.05593419904629977
0.02518591587948679
0.021143214447609728
0.01700365428408177
0.012793277347069261
0.008538345181070465
0.0042651788904556846
1.625217527089027E-16
0.004231226855952297
0.008402948491872179
0.012490174076165305
0.016468621510456853
0.02031485844354526
0.02400643711855295
0.009676361347048735
0.04261591810985101
0.07041253197274905
0.10155272755657885
0.05567318797671182
0.02040050638044948
0.02636169905579568
0.017457180294214097
0.01718908318694684
0.04348446573522683
0.029932538039680722
0.025049517859924507
0.07836481915184795
0.03921808384586586
0.07749245030177862
0.02357141254172976
0.028417782414036946
0.04341401230794213
0.018266852603312577
0.01664977178863068
0.029275884793557222
0.008313165390422941
0.035997475954531476
0.08657600853017934
0.07272014229194912
0.04572199901030456
0.00974501038275999
0.021665227760587838
0.018199480544474355
0.014645715469343722
0.01102626424683701
0.007363706582085356
0.0036807316787432474
1.515709533607022E-15
0.0036559938856939164
0.007265056556971702
0.010805428289309475
0.014255912122849932
0.017595998694535712
0.020805986110943166
0.0427881689793717
0.007046717795253811
0.01179524203972263
0.01591074470060142
0.060108021320538794
0.09058916211075806
0.09039147093511235
0.06812162064481114
0.04625624959440478
0.06217987236875443
0.057352180078182304
0.07698206093328266
0.03495573091197729
0.07473384110708682
0.03470775847981713
0.0760135856526216
0.053457767943938646
0.05509059325474049
0.03500037457054934
0.050373511958699026
0.07216808248205604
0.08685343770948438
0.064631084566117
0.011742778602038683
0.00927892149082074
0.004029283831197414
0.03708350098192
0.01906471839956682
0.01602286105365701
0.012900431665654653
0.009717023953105976
0.006492489323493265
0.0032468146625342846
1.2190153265785498E-15
0.0032280632073134015
0.006417712443587578
0.00954963243325553
0.012604970668224405
0.01556544948029108
0.01841347400050631
0.010802373674459709
0.04383705732220113
0.05653169646277294
0.038851188577526924
0.0027749185900834265
0.020177167539283978
0.041609128425717665
0.06439947829543344
0.06574888705958569
0.04201137740159769
0.05000488143781636
0.02959946159967044
0.04943103555271718
0.012290530460343214
0.048993010761811416
0.029872077994315283
0.05294897010916628
0.04471176041198571
0.06883938938751115
0.07430867444722332
0.054811032281758036
0.020524410288706187
0.003371394268975912
0.030035755491631955
0.045085479761509346
0.039574035435662826
0.011893326228899642
0.017073170655953533
0.014354647114387303
0.011561772961430569
0.008712048594937826
0.005823233049990338
0.0029132344336054486
3.335429582371139E-16
0.0028985934653005703
0.005764848289297684
0.008581352929306011
0.011331086723557735
0.013997521750359834
0.016564721191942345
0.026487988968587655
0.006779523022763244
0.011988072758388224
0.029546998788574606
0.04626927158090519
0.04031149750953008
0.009447939953089788
0.01893717657074285
0.01774650983691091
0.03925607477167177
0.011489390884098885
0.03707299706846931
0.029359668712061474
0.06481528803688646
0.02943979434552821
0.03522113162525287
0.012467456731251748
0.0404048343302576
0.017110098628799905
0.018377086318956355
0.01235175680004103
0.029976676331260766
0.03540269487921821
0.0303904386010393
0.02153224480723681
0.010739896099886348
0.022066871853127855
0.015505857279758294
0.013041013712294955
0.010507026791997113
0.007919752519505704
0.005295302366412762
0.0026499437508240814
3.2254585854112143E-15
0.002638249589545856
0.005248668987354746
0.00781536335924194
0.010322775102724004
0.01275577741173118
0.01509976481214231
0.014945010218464795
0.02512865447901058
0.014416069427274367
0.028576581146904173
0.02721732467807291
0.03521074088345667
0.061916974813733525
0.055489078670053885
0.03362989339899896
0.03726270149703766
0.05936446819578364
0.03993758618352971
0.031093314950769328
0.030668818191541852
0.030480542654590236
0.040135699005222306
0.05675918154523531
0.033091148733969816
0.02636155763066016
0.04239960095316162
0.05239862158288866
0.03407779945307722
0.03258997284405299
0.030281785631326885
0.005807421676736812
0.018518518518518674
0.01652128492266748
0.014246258644906409
0.011984803983154244
0.00965858444441935
0.007282136745883963
0.004870248084486375
0.0024378647295399476
2.1568108487862565E-15
0.0024283578107870494
0.004832337001504042
0.007197272964717769
0.009508797076708118
0.01175292343993936
0.013916132957615058
0.014694447597178091
0.021469570307439657
0.03875993972052232
0.017296261897339807
0.011191432922321614
0.02109887659033823
0.026030356709304488
0.04551455985305881
0.047066944480818176
0.035349473851598666
0.023414679634884587
0.019650901263277606
0.04196560488312544
0.031057880686056565
0.04237964610396244
0.019548892362573
0.02526621150372024
0.03491339808489464
0.04892139302294928
0.05331343377381655
0.032475289989519075
0.02409956687210151
0.011203526971468158
0.011467735358953943
0.04053399605464523
0.02520065915727493
0.012235435918564108
0.01321729184971647
0.011121676278223297
0.008964995797926728
0.006760710998603571
0.004522527309870447
0.002264310251767525
4.576325782923988E-15
0.0022564742107750646
0.0044912793225865815
0.006690762809972051
0.008841535644209645
0.010930553364362576
0.012945194766962487
0.019420029094145287
0.006368334103067029
0.00305720784648367
0.03278942828745443
0.028536176546255662
0.019090823109361728
0.01051141956907897
0.011151299827335854
0.01723320033543202
0.02771133881505673
0.020153155949548588
0.04112179016871887
0.0076301057188855196
0.02606983513896323
0.007353045306105028
0.04130110393378433
0.019091036012690417
0.02903574361539551
0.01715578396412308
0.01193021632666382
0.008680809368609212
0.0177457517598752
0.022841207198680713
0.031272026373390126
0.0013447273256130185
0.0035160079395121675
0.020476045770717204
0.012365975136842705
0.010407368373056756
0.008390836793717722
0.00632895170956566
0.004234523600870286
0.002120522893439072
3.8751900739223834E-15
0.0021139948823775574
0.0042084917280667145
0.006270679904199258
0.008287986175758605
0.01024815102148294
0.012139302799509418
0.009798108531782666
0.028796172673975055
0.03296600302840344
0.011456476951379399
0.025079878460817096
0.02342314614173451
0.03199241124358192
0.04303795388101186
0.026203386941347943
0.020603164470625452
0.033355399320306234
0.018607564863151918
0.04637504907272296
0.04140866624999467
0.04605215761622699
0.017959005962967078
0.0319295578820837
0.018469119845524164
0.022436549848779297
0.03422567332413545
0.02716026241649987
0.018728334600977396
0.02906016075878927
0.01596228017253517
0.027008632752310954
0.027808140708663862
0.009693851914514556
0.011654737426116495
0.009810470346245553
0.007910951711349479
0.005968010510531494
0.003993709529247506
0.002000270752830282
3.627612551471994E-15
0.0019947887508700345
0.003971848879048372
0.005919076020935544
0.00782458189546305
0.009676766606715074
0.011464388985836045
0.02170461844342429
0.0032406934550451836
0.010957621312625284
0.017782415046626452
0.013563539568573861
0.031344584535099716
0.026088993788207643
0.03366500563379804
0.032095597641425784
0.03277821073442084
0.02793474191237383
0.03648672316231187
0.01683875730723329
0.009197313429476502
0.017279914825145324
0.03594030214419389
0.029445045453813233
0.03251992722050804
0.03251232263683992
0.03822984375463829
0.02720272567437153
0.036771152642783085
0.014279397530536576
0.011949086104225902
0.016362912617732372
0.005471188710281068
0.021784730414599482
0.011056240820030235
0.009308114012795158
0.0075070151351557205
0.005664148820684215
0.0037909485941302152
0.0018990061775889244
2.632628762708739E-15
0.0018943766504749336
0.0037724873907069106
0.00562282398444544
0.0074340766270650826
0.009195202845306338
0.010895494593687006
0.010290802282837823
0.020650995230836553
0.010792391868601016
0.029369015899063513
0.025863059728321387
0.017283057221958407
0.01721253408497151
0.004322811781250789
0.01757676905587774
0.016967253892592817
0.010238790050772332
0.022597040169900547
0.022416726637329184
0.046406753471307724
0.021779084910303163
0.023920780540035203
0.00943762490593937
0.017194463715757953
0.018073813062612253
0.007737031223272632
0.020442927412509897
0.019139237711628156
0.02030106565070894
0.032041173323603796
0.00633954725734743
0.016375177549616083
0.01055025781858362
0.010550164881388697
0.008883293100560807
0.007165392548764014
0.005407139946448157
0.0036194365539012545
0.0018133407843688293
1.2309704435509513E-15
0.001809418090035461
0.0036037940082494684
0.0053721246444687724
0.007103590532064926
0.008787621854597312
0.010413962781396727
0.020884986701845912
0.013454491259361191
0.025826683619392284
0.0011841495741407994
0.022523526399811165
0.03851843432496336
0.01035039435119262
0.02969592105456382
0.021485171150202587
0.024406994221722562
0.03569062724336037
0.029539455735041888
0.0313684777615877
0.010562236595760447
0.03149547449479081
0.028988828159812737
0.034964859782607924
0.02380445303184385
0.020392824018342557
0.02448521596232556
0.006370039479839687
0.03254080540807401
0.02652599643660131
6.422014088799802E-4
0.026629097511077268
0.01694949146287953
0.019979219553070082
0.010121138014668447
0.008523137976570842
0.006875761877446391
0.005189238702476319
0.0034740182182250302
0.0017407063958196373
2.3124384662508838E-15
0.0017373792535213199
0.003460750568358423
0.005159539561487729
0.00682334298065387
0.008441992249950426
0.010005615456476989
0.010607001220977857
0.006886070631161705
0.0024423248918766342
0.029854359158786675
0.006112770746679144
0.019211479884861223
0.0340546766194871
0.027566588423292
0.021255738075946298
0.02389651013333876
0.014403338029020085
0.030537494060750524
0.01651579027461432
0.025846260952191735
0.016714274064407467
0.029943988402547975
0.015485567758300975
0.024715863643034172
0.020721693740633068
0.0286703728927915
0.03169516056929887
0.023072651388393883
0.007587499433798581
0.02634668260374936
0.003761298654165289
0.004020053369079089
0.010416512184113273
0.00975736646651248
0.008217771418261837
0.0066301986482081975
0.005004497114999274
0.0033507334073871807
0.001679129556645142
2.774572468741681E-15
0.001676311916870131
0.0033394975084939734
0.004979345999432273
0.006585807068179
0.008149052303016048
0.009659535194483763
0.017331485725775614
0.02223819646753473
0.021928797841676187
0.007617809367542244
0.03019962053346263
0.0059604759562611916
0.014311368287717828
0.01192139508972503
0.02015946464967395
0.014092006445163112
0.02465899860261155
0.01769067951389312
0.02344119892832311
0.023331506605272674
0.023048327400980066
0.01783309750970532
0.02400843055125182
0.012243932144862947
0.02027270301145962
0.015131008501887838
0.021030776728932374
0.007999083166385552
0.027152802712627717
0.010966176886647177
0.01857955952300796
0.022658299606023745
0.01581287273563284
0.009449702303218949
0.007959530298465724
0.006422553345589068
0.004848298416951571
0.003246507573129949
0.0016270778027957543
1.3495602820803495E-14
0.00162470254549735
0.003237035767176294
0.004827096171891947
0.006385131545148868
0.007901600640546132
0.009367231488448282
0.009869882826274963
0.0019652130330608092
0.011029895022920492
0.015825374016576695
0.011811339249432765
0.03419172068539174
0.0022483786695489277
0.01688430284394422
0.018678125573916265
0.03168218409219502
0.01890895964695392
0.021609263405954305
0.022779124577137252
0.026032995817013585
0.022891985492565013
0.021583115236581164
0.018684355004397267
0.03197238563919895
0.019135653076741563
0.014290644139053463
0.0029275859762755156
0.0325976396677359
0.01486429036461164
0.014102956607536504
0.01390693717872588
0.0031374008997225806
0.009701871604723659
0.009190996056045377
0.007742424727152659
0.006248018519867595
0.004717032902416486
0.0031589364957625493
0.00158335262587253
7.87113797606723E-15
0.0015813671279510846
0.0031510189353906965
0.004699309784069298
0.006216737382105863
0.007694000992687236
0.009122058333460203
0.012619511891737576
0.01909467958189335
0.010192308422597187
0.014854094711516995
0.011575938702179036
0.014150705554221408
0.038436575369968216
0.02593152017554196
0.017117909019928143
0.011004764141523122
0.021413340651824896
0.01734150288309947
0.022737307368284353
0.02008667784873417
0.02304933200020247
0.016733150965384646
0.02151605588711989
0.012406684120113778
0.017171558152165495
0.02403043400844209
0.035307162779740296
0.015733277649747225
0.008339605279475634
0.013505602123866202
0.008189192904661413
0.016074886792213975
0.011304094560068522
0.008975639047643955
0.007561755518895006
0.006102822496018707
0.0046078684891926736
0.0030861338289894743
0.0015470136525520901
1.8020639618020088E-15
0.001545376622719056
0.003079605855304088
0.004593255909141776
0.006077031449698848
0.007521830580314686
0.008918800579130406
0.009922842039469186
0.009272468278633442
0.018238260140602168
0.01664899150171896
0.02375398569289748
0.017805891407052875
0.010653560591375996
0.018891843935321846
0.02331943567490481
0.017106747713890837
0.018321213031141145
0.027814033273872354
0.021188140135045854
0.03622738819898315
0.02093250006476353
0.028274824007283882
0.0181777436174209
0.014290388133571284
0.02253169984340399
0.02289153796380219
0.017349782775777874
0.015011788490278316
0.024031756024017376
0.019667377045720552
0.01829565458809924
0.01252880936806397
0.01033741254925675
0.008799235330316709
0.007413839913161631
0.005984009696897361
0.004518586115976007
0.0030266216949541196
0.001517324219014531
2.552064933449146E-15
0.0015160034130008186
0.0030213547264721042
0.0045067962456017035
0.005963200715936356
0.00738162731508458
0.00875337645161281
0.009748248763174509
0.00802909232018512
0.007244755647193955
0.007711606953704112
0.00649471832752318
0.02291546996600136
0.0038666190406738497
0.006818294585089857
0.017367161805377035
0.031492297226064385
0.019942874736536824
0.008192355849045924
0.027833887096126855
0.0070173589252406745
0.027726169902289148
0.008355081520540764
0.020441007989492894
0.03249401876108241
0.018216582509470825
0.005821224044857144
0.002944541268991455
0.02313409037085912
0.008294442979754913
0.007328246548033917
0.008191841467773188
0.005084197342286723
0.009720508608635865
0.008658364370332544
0.00729581313238947
0.005889281682090975
0.004447460615545952
0.0029792514937020194
0.0014937119704637356
5.140566132805795E-15
0.001492682533098928
0.002975146414702794
0.004438271585393868
0.005873063161205323
0.007270706647691269
0.008622622008376261
0.011594503890293399
0.018768767688364517
0.015414796283293054
0.027947605812898818
0.019331395404297385
0.012769799679071886
0.03415964878989722
0.026898739154238648
0.01908355668729421
0.006552184823859719
0.02270662915173451
0.023777791089341353
0.013149213219523961
0.023762139204283234
0.013318038193409354
0.022831771719863066
0.023047605330145566
0.008190521409862903
0.020394775840985015
0.022890973293576262
0.03140322223112266
0.01306255510801288
0.017376153422437993
0.028868741603329067
0.013905773063920098
0.020102544306849837
0.01223467860587943
0.008550408863439824
0.007205484406089087
0.005816881820234716
0.004393174290412395
0.002943146454464211
0.0014757402795351326
3.1611813054242265E-15
0.001474983544639625
0.0029401288293682483
0.004386419477500564
0.00580495966612917
0.00718702876275902
0.008524134858660593
0.010795002158191826
0.0016633380690387794
0.011571098748625632
0.004437852392131889
0.014130786629441595
0.017490859710473764
0.013465371066867383
0.022410125357156006
0.02494883591609785
0.018703391397289545
0.027266588627822882
0.023884721988450958
0.02106355360681582
0.022980159040369888
0.020922337411009184
0.024761720533873998
0.026927455826757603
0.01590675604060793
0.02339462878769142
0.027243632433201246
0.01789582172211585
0.015955580853068422
0.01493842128770102
0.0014730228812726413
0.012481128528442954
0.0020312537589944786
0.01154412437222436
0.008473430582400084
0.0071412331910867015
0.005765512186411625
0.004354754658467181
0.0029176602675352954
0.0014630876723755535
4.931681486242801E-15
0.0014625903074107756
0.002915676929896943
0.004350315050564351
0.005757676340100784
0.007129103207228846
0.00845616198230451
0.013256327635987736
0.019007792494334406
0.011282691153567807
0.025466256561933916
0.012903691249049299
0.01674962743282683
0.006948822396127637
0.0019942517233177376
0.01712355250342276
0.02738973571152259
0.013791182799364697
0.00844529290223654
0.022389908618149934
0.01542841552834857
0.0224599951752641
0.008381623925323274
0.013336057051819911
0.028074722122621534
0.017510110117455648
0.0018963189107946419
0.005729367558662212
0.019114195896146307
0.013551379173180242
0.023133893451975637
0.011121262486476576
0.01687776258761074
0.013494669205219549
0.008426082790695783
0.00710193601915329
0.005734275035348573
0.004331530647310715
0.0029023480018523884
0.0014555333780370654
9.267859886106192E-15
0.0014552867977752624
0.0029013647161500616
0.004329329608803895
0.005730390233507293
0.007095922300636519
0.008417521486999062
0.012905280765191799
0.006736659166495588
0.012773901836868133
0.010579561132030218
0.01701922326162338
0.021551629869281972
0.024915353169419636
0.028097658211277098
0.02210161323488584
0.013370407012181963
0.02180828661655272
0.02391291689977389
0.019541269529132897
0.028240797545822885
0.019627802849690557
0.022972494565895105
0.021551389889740143
0.01547526493994947
0.023910329117035375
0.023128585668847557
0.021884614586115878
0.02326439965989664
0.01710159470679153
0.01433068795350446
0.012267758133418408
0.009810641791367057
0.013316584718792978
0.00840755161045865
0.007086917623863166
0.00572263377780918
0.004323103446457997
0.0028969467941679064
0.0014529477539672766
