1.0
0.9989725854527303
0.9958941397184471
0.9907760398146904
0.983637191833768
0.9745039478168506
0.9634099899352763
0.9503961825331819
0.9355103927392275
0.9188072805050699
0.9003480590739814
0.8802002270235783
0.8031247926555123
0.7244966296337376
0.6721679778068248
0.6557969857896148
0.6655619433578454
0.6737360520756304
0.598305248437284
0.5490657151301578
0.5080239710356922
0.4857354592138441
0.472000497758627
0.48456268303078476
0.4149283646772633
0.3443852986684479
0.2998936896185057
0.2930872261645841
0.313820386914046
0.3339538200796372
0.3002006862750959
0.266833281321188
0.2339567767589833
0.20167312991975334
0.17008068053330946
0.13927376632762742
0.1093423593199544
0.08037172439209755
0.052442101627436524
0.025628413765296947
1.5553051697233315E-16
0.024379622781927568
0.04745297037168275
0.06916877240348786
0.08948212364992582
0.10835460493099766
0.12575437327165548
0.14165622109465506
0.15604160438810782
0.16889863993921242
0.18022207187652917
0.19001320791218043
0.25007257859657206
0.30851608089327637
0.3399322502943225
0.3318031331055565
0.29541588191537616
0.2629664824431951
0.3048119752306611
0.3238176209434517
0.3340526509211572
0.31598027239283105
0.2889310731146707
0.2402067709500647
0.2645211445920066
0.29466494298995544
0.2974138044020737
0.2613758424477251
0.2011334411866154
0.14055159595840236
0.12883908052317364
0.11667245240793675
0.10413347464621611
0.09130375337943818
0.0782643459278003
0.06509537670314859
0.05187566279556165
0.038682351000812354
0.025590567982649328
0.012673085182488315
4.394436840535206E-16
0.012361565328205239
0.024347745827528612
0.035898195646728324
0.046956328580889634
0.057469536274566704
0.0673893832471315
0.07667177800935195
0.085277119670048
0.0931704195635524
0.10032139756208623
0.10670455287114008
0.07388264863972707
0.028427132036145622
0.02420954879038699
0.06234415846304995
0.07887509580220961
0.09979352977010579
0.06490185233942511
0.0417110091991385
0.025599169009886277
0.040462220951419436
0.06259047596866942
0.09529456742471158
0.07552917840787006
0.06240818534217915
0.023905025053440363
0.019919681313054
0.0635978406178503
0.08919691902778153
0.08219714680739842
0.07482035430154912
0.06711710121238265
0.05913896231121321
0.050938221326004
0.042567565380628045
0.03407978162745249
0.02552745768586258
0.016962687462071867
0.008436783880032526
1.286872528749637E-15
0.008298740059596452
0.01641209904919126
0.024294572090917867
0.03190271856496243
0.039195379273755646
0.04613387787015438
0.052682205632238716
0.05880718876800681
0.06447863753738925
0.06966947658610895
0.07435585599533713
0.11462057683399537
0.1509019465341513
0.17395741411121027
0.15950918019847365
0.11596663331839627
0.09953058197142714
0.12854233400964404
0.1557665433797978
0.1812441034126128
0.15316817819126996
0.12316809804558009
0.09273171977121211
0.10486273423243508
0.14655713523688882
0.1591990184089479
0.1355253620741192
0.10229934830290768
0.06548986096701197
0.060499877003650296
0.05520449656085569
0.04963964052493551
0.04384237336355534
0.03785067190997275
0.03170319158088194
0.025439031390899192
0.01909749911995537
0.01271787797544147
0.006339196069147623
9.781602084566523E-16
0.006261866202463771
0.012409475561786029
0.018407024902625593
0.02422003275573039
0.029815527373655934
0.035162223877609956
0.04023068962729731
0.04499349698178035
0.04942536269936634
0.053503273308290245
0.057206595866655274
0.051156311346892754
0.020040293241866285
0.025746794185530372
0.06478415737460184
0.07776207813217165
0.08105286112042484
0.061378923949076604
0.03954490117162469
0.018518518518517612
0.04005818011663998
0.06216557075262214
0.08131712056375184
0.07932195522922131
0.06434262607045119
0.02600460681798765
0.023808037257825872
0.050052815524955135
0.05187727902217808
0.047993586651200515
0.04385524009181647
0.03948997423526598
0.034926611005349446
0.030194876749064858
0.02532521601994504
0.020348602879242388
0.015296350844884975
0.010199922616159618
0.005090740693764263
5.421998849943679E-16
0.005041516417228504
0.010003617540090552
0.014856879372912133
0.019572813786123015
0.024124030271787496
0.02848438971977363
0.03262914937775051
0.03653509821676675
0.04018068198682694
0.04354611731320132
0.04661349425376524
0.06523734416151081
0.07808360492974875
0.08923395424496622
0.07228587521036628
0.028497069788658125
0.038667323292123766
0.049191061688338714
0.07426275739376904
0.10373380058032373
0.07277423131643485
0.04675483818208694
0.03693286007611218
0.023612419173857046
0.06386955846370412
0.07899636055111359
0.06888103427107986
0.05806137766026177
0.04307047863746619
0.039883901941636685
0.03647909300014242
0.03287863137833266
0.029106096167607242
0.025185915879489415
0.021143214447611924
0.01700365428408474
0.012793277347068428
0.008538345181072602
0.004265178890455841
9.331444160484346E-17
0.004231226855953805
0.008402948491872661
0.012490174076164717
0.01646862151045331
0.0203148584435461
0.024006437118552094
0.02752202229395023
0.030841511525969895
0.03394614715006126
0.03681861935329963
0.03944315978678763
0.044743182763780795
0.04362359501899904
0.03695355497663858
0.059418209687447335
0.09029060313754245
0.08278261953539287
0.06993462260527812
0.05892607939503757
0.029380070674566498
0.059232217052093146
0.06969272165516494
0.0823368800215554
0.09057746264667522
0.05854299201553851
0.03962414642995422
0.04714154100157342
0.04296031515512322
0.036926673868340504
0.03421776046338097
0.03131765050089662
0.02824540780962853
0.025021011314591658
0.021665227760588757
0.018199480544475094
0.014645715469340707
0.011026264246839803
0.007363706582083421
0.0036807316787418583
5.303605685823127E-16
0.0036559938856943765
0.007265056556972529
0.010805428289309615
0.014255912122851613
0.017595998694534945
0.020805986110943843
0.023867094172388022
0.026761572296946055
0.029472800534867182
0.03198538310893932
0.03428523396467454
0.03692275048960928
0.041013637289076185
0.03471616354988612
0.026913183284279177
0.033284970771049936
0.03571276825507695
0.025321282360348363
0.03537235489283794
0.047307312342767624
0.03489685844838117
0.025182397825825056
0.03592717701268232
0.03548538786053778
0.0257096863349505
0.029715364713228738
0.03812899820033461
0.033794655671751925
0.032412810856047004
0.03005031665505741
0.02751732263936867
0.02483035701418595
0.022006789021949455
0.019064718399568602
0.016022861053656114
0.012900431665656662
0.009717023953107286
0.006492489323496173
0.0032468146625357734
2.1423762354731487E-15
0.0032280632073147185
0.006417712443588614
0.009549632433256383
0.012604970668224766
0.015565449480290015
0.018413474000504467
0.021132235375583303
0.0237058086434638
0.02611924470555045
0.028358655871712476
0.0304112944957083
0.03426683003685455
0.05580807916017739
0.04961179194158183
0.04942942855631226
0.0805122586905651
0.06684380835570129
0.052510784718008664
0.05956749685863256
0.05016149065789416
0.05929129986175018
0.05114520304250903
0.06488753406490477
0.0780449644419568
0.04755248590382673
0.05001063238290365
0.055755067551599216
0.03182819757303155
0.028969629458260936
0.02686882837511568
0.024613779935094973
0.02221910702400208
0.019700210362087602
0.01707317065595259
0.014354647114388525
0.01156177296142909
0.00871204859493823
0.005823233049989886
0.0029132344336058246
2.7510717102208434E-16
0.002898593465299655
0.005764848289299038
0.00858135292930696
0.01133108672356037
0.013997521750361262
0.0165647211919412
0.01901743362329192
0.02134118267356859
0.023522351538322155
0.025548261854454826
0.0274072464862192
0.030179785269814307
0.03061643923421452
0.01928653749855333
0.031162222856194306
0.0433208247382259
0.03278044078495169
0.03155271239752883
0.027737135275073873
0.019650259588431074
0.02776136055469199
0.03216904620294506
0.032256187540476176
0.04320767134405677
0.031956931130913455
0.019696680937675414
0.029256537315314676
0.03083674104155215
0.026268079742022197
0.02437107680436209
0.02233285365668137
0.020166556388835286
0.017886055366204783
0.015505857279755708
0.013041013712296379
0.010507026791994563
0.007919752519504062
0.005295302366406821
0.0026499437508177887
1.545456516694284E-15
0.0026382495895481296
0.005248668987356049
0.007815363359244579
0.010322775102730372
0.012755777411734632
0.01509976481213883
0.017340740130547653
0.019465397382425566
0.021461200092846456
0.02331645459268541
0.025020377865606284
0.02182337971781457
0.04769708975825127
0.044295739497750036
0.03146554201258362
0.0485421731265266
0.03889074741226639
0.02703366246826199
0.042089557620957715
0.05870560957071313
0.04157281690720893
0.02616052000919411
0.03709387467243098
0.044928389634738296
0.02918015183719249
0.042144885148236146
0.044776080171401486
0.019396577074500623
0.024102011149964443
0.02236746098953018
0.020502305557442597
0.018518518518519433
0.01642875242294289
0.014246258644902683
0.011984803983146768
0.009658584444422002
0.007282136745879971
0.0048702480844831
0.0024378647295420467
6.754978705752561E-16
0.002428357810787622
0.004832337001507718
0.0071972729647196265
0.009508797076711286
0.011752923439939611
0.013916132957619011
0.015985454238320897
0.01794854084947806
0.019793744462759808
0.02151018346102354
0.023087806605617496
0.03443631056567948
0.022725955382079176
0.02444678652651101
0.03251430555448745
0.04051178173226963
0.02884711790513031
0.04058112382864379
0.03230473363268497
0.019601144533317367
0.032439353667287084
0.0406526391209894
0.028881888502575833
0.040296683842072634
0.03207348438835459
0.025402293790289347
0.021809939183342023
0.03501669013941996
0.022335777788463674
0.020733088768743725
0.019008557644269796
0.017173209640041556
0.015238710305110271
0.013217291849711358
0.011121676278227112
0.008964995797927734
0.006760710998605664
0.004522527309870411
0.002264310251769006
9.320579014943504E-16
0.0022564742107765686
0.004491279322586343
0.006690762809975556
0.00884153564420613
0.010930553364363913
0.01294519476696131
0.014873337741864265
0.016703431801371398
0.018424566870802715
0.02002653793330833
0.021499905148104355
0.011030420484580089
0.029861942343099968
0.027247862516937785
0.022468897973551193
0.017630851592643878
0.027377470612263494
0.019510115440498566
0.02467443034433089
0.050234851827912215
0.02438333865366777
0.019502620235428633
0.02747179639640128
0.01576167668319052
0.02324000438768751
0.0246086558386015
0.027149012786226893
0.009576165037465214
0.020876550878776837
0.019382415367131447
0.017773746605172294
0.016060791128662027
0.014254402945586822
0.012365975136843182
0.010407368373057167
0.008390836793719117
0.0063289517095693896
0.004234523600872538
0.002120522893440804
5.423043188699239E-16
0.002113994882375869
0.004208491728060983
0.0062706799042028
0.00828798617575183
0.010248151021482448
0.012139302799508013
0.013950029315999923
0.015669446367281722
0.01728726284573302
0.018793842021817372
0.020180258639179147
0.03464685069244226
0.02202805592388222
0.030292510599796284
0.027849492323356654
0.03821481106188884
0.02875124625050324
0.033424450649259224
0.03336430056430881
0.01851851851852349
0.033244957014213546
0.03270875535466951
0.028507170853713324
0.03777254241892081
0.027169391724107164
0.030852454310711264
0.0226354441749863
0.0338498197724563
0.019658737610335472
0.01825495116810387
0.016742774869488677
0.015131808464323828
0.013432231125052776
0.011654737426118864
0.009810470346244706
0.00791095171135002
0.005968010510534985
0.003993709529246453
0.002000270752828545
0.0
0.001994788750871529
0.003971848879049845
0.005919076020934589
0.007824581895462701
0.009676766606716333
0.011464388985832494
0.013176634547165406
0.014803180649466327
0.0163342584711086
0.017760711428655918
0.019074049690994972
0.0087238291115488
0.019887704054159554
0.013550525345564899
0.0316336456344389
0.012689482594874835
0.028861325856196073
0.02314291086624914
0.0205477471922013
0.03162222422069919
0.020632248806597284
0.02351739102902737
0.028733028231538286
0.013022804660817422
0.03248555797584841
0.012625818852156709
0.019400756223686234
0.009588598239776185
0.018634751619664595
0.017306785855207736
0.015875622498044056
0.014350319253918505
0.012740489276206567
0.011056240820027824
0.009308114012789805
0.007507015135161025
0.005664148820686874
0.003790948594131428
0.0018990061775860368
2.122760501191948E-15
0.0018943766504758116
0.0037724873907019974
0.0056228239844454695
0.0074340766270643765
0.009195202845303539
0.010895494593689752
0.012524643141229412
0.0140728013565687
0.015530643016464368
0.016889418781757693
0.018141008505866495
0.028355956570235576
0.023843207334132213
0.03053874080884831
0.021680197883818773
0.031390241190475746
0.023048603579232625
0.02050544730342654
0.02393782790963286
0.024039951426304856
0.023628051251269377
0.020151396957558205
0.022602620107791686
0.030597269813757696
0.020810412762264485
0.029795552476789524
0.02347383848430364
0.026583417963356004
0.017769308106981747
0.016505344286022516
0.015142585844552497
0.013689633232422917
0.01215562186499772
0.010550164881391677
0.0088832931005563
0.007165392548761695
0.005407139946451108
0.003619436553898381
0.0018133407843659928
3.840980391049447E-15
0.0018094180900269912
0.0036037940082460905
0.0053721246444698315
0.007103590532065642
0.00878762185459796
0.010413962781400029
0.011972733741572858
0.013454491259361946
0.014850284989618554
0.016151711609939716
0.017350965245902183
0.013920750526790688
0.018522460364382737
0.013281562340570346
0.032782105389347546
0.01528499840548014
0.02452414863462778
0.029381093656800444
0.027245452411642578
0.018830349505429122
0.027426688864200466
0.0294636256937087
0.024101472502864128
0.015544268093336856
0.032043998410293414
0.014116113166023028
0.018377878399906972
0.014905512044061974
0.017035768917319203
0.01582602400083484
0.014521222122819677
0.013129576318164277
0.011659817132509027
0.010121138014666022
0.008523137976578613
0.0068757618774470865
0.0051892387024782055
0.0034740182182270815
0.0017407063958117285
7.053406279505363E-15
0.001737379253524322
0.0034607505683602663
0.005159539561486617
0.006823342980657141
0.008441992249953643
0.010005615456473419
0.011504697401000128
0.012930137348573357
0.014273304129175485
0.015526088255910595
0.016680950746742165
0.01951929743360895
0.019652704227660394
0.022518659625847773
0.016650082726988064
0.026374963299869693
0.020595729072947943
0.01830092529298059
0.013362167302747351
0.033300176866469175
0.01320155604371547
0.018302034737300802
0.020649424078182415
0.02628287758040047
0.016685013946235058
0.02092272617843703
0.01883269843925069
0.01813384445933562
0.016413728601434373
0.01524997286576994
0.013994328584079088
0.012654679837932118
0.011239413419893233
0.009757366466512088
0.008217771418263745
0.006630198648211104
0.005004497114998286
0.0033507334073907572
0.0016791295566417348
3.6249096420285574E-15
0.0016763119168726702
0.0033394975084890905
0.004979345999414331
0.0065858070681789815
0.008149052303010506
0.009659535194489843
0.011108049299679955
0.01248578422425888
0.013784379082909779
0.014995973114484784
0.016113253146074858
0.0176426580061563
0.01837605327438025
0.020461813474745377
0.02355965369896299
0.01814515051202066
0.020220138626304153
0.02509612193360586
0.030329454579671768
0.02103937463319066
0.03026214095507772
0.024647510337462736
0.020081838506790864
0.018355430946829676
0.022143602149305056
0.021649446568368307
0.01861041257098141
0.0179650650961977
0.015887378229224352
0.01476258184475206
0.013548571158450855
0.012252950983890239
0.01088381640248127
0.00944970230320308
0.007959530298464851
0.0064225533456011286
0.004848298416959739
0.003246507573139006
0.0016270778027885687
2.524362079887054E-15
0.0016247025454930956
0.003237035767177316
0.004827096171892691
0.00638513154515198
0.007901600640543594
0.009367231488448933
0.010773077968524756
0.012110574301539072
0.013371587129266
0.014548464866401834
0.015634084025896725
0.016240061427014174
0.01815014293750811
0.012709279953569122
0.0212566691994155
0.025731809041963247
0.019728545158276246
0.01972202348879385
0.013260777331606714
0.03440035612247466
0.013423580634322717
0.01992397382284856
0.01941199151938815
0.02547217453858209
0.022126357838165397
0.01164449327556906
0.018695817418466987
0.016697127918305334
0.01544437175768905
0.014352440193509725
0.01317353335992449
0.011915019650561335
0.010584747402745195
0.009190996056050036
0.007742424727154253
0.0062480185198710994
0.004717032902420988
0.0031589364957610873
0.0015833526258672106
9.408412021005152E-15
0.001581367127952041
0.003151018935385541
0.004699309784058771
0.006216737382101754
0.00769400099269025
0.0091220583334708
0.010492180819404362
0.011796006812021543
0.013025592550940603
0.014173460457962956
0.01523264452058878
0.01764851361141383
0.01983639610116718
0.026848200224788617
0.014002857455232203
0.0190063822142777
0.022202006030838325
0.01844289409151411
0.022223730679966316
0.02113325138690482
0.02191618836775602
0.018370481767443728
0.0227109454765299
0.01904434206595014
0.013298607391200238
0.027341370285155948
0.01986655077154031
0.017175298676028156
0.01507502617164827
0.014010597974021259
0.012861044675943184
0.011633535736638709
0.010335712165392245
0.008975639047640697
0.00756175551889407
0.006102822496012847
0.0046078684891894955
0.003086133828987753
0.0015470136525655121
6.9060342954194775E-15
0.0015453766227183914
0.0030796058552989844
0.0045932559091507496
0.00607703144969686
0.007521830580311823
0.008918800579126893
0.010259392048032999
0.011535411143218382
0.012739069568687355
0.013863032028230969
0.014900460847377459
0.0199921355940739
0.021714161907427903
0.008050288635841046
0.02596497569694677
0.02045584492982363
0.013302531435995593
0.02370161819123585
0.023534011798356624
0.025990400550883964
0.023831508344067352
0.023762068130524554
0.012760162212564579
0.01970257246865051
0.026058933766712984
0.007712120208014528
0.022108363627451257
0.020778080904726583
0.014771748995777304
0.013730038049233895
0.012604699581218307
0.011402737382907563
0.0101316201852618
0.008799235330316704
0.0074138399131586175
0.005984009696890749
0.004518586115968613
0.003026621694953494
0.001517324219014253
2.8969964696449627E-15
0.0015160034130030763
0.003021354726476068
0.004506796245606058
0.005963200715941043
0.007381627315094315
0.00875337645160866
0.010070043035628895
0.011323567895696808
0.012506287027607149
0.013610978375002164
0.014630905856401524
0.014037796777845972
0.017880773172559393
0.02738100466974275
0.011786407394153845
0.02087340864516614
0.03041942272067183
0.018808398312985163
0.010758795951885846
0.01851851851852161
0.010572364998766192
0.01879470781507428
0.030947667033489838
0.02121467610595338
0.011914699559378631
0.02698692308939698
0.017065781770136245
0.013071280171960617
0.014528624515084196
0.013505294387046417
0.012399509771533621
0.011218138743391741
0.009968509378499057
0.008658364370332908
0.0072958131323783175
0.005889281682093099
0.004447460615539655
0.0029792514937108583
0.0014937119704676609
4.414201907915072E-15
0.0014926825330983566
0.00297514641470828
0.004438271585382551
0.005873063161208798
0.007270706647695233
0.008622622008381722
0.009920516256841613
0.011156434250422833
0.01232280737482218
0.013412499822264331
0.014418852180574157
0.022367217636266964
0.02205509829148991
0.007985250400947453
0.02384216844745442
0.01378625352055725
0.007601429225481532
0.02081422640357763
0.032324206232458456
0.018550172645243897
0.03241332030808758
0.020538029508354753
0.0072964377365406
0.013385207461422716
0.023257105929238117
0.008602198056029532
0.021704029374160393
0.022279983158533915
0.014341113543082932
0.013332175107205968
0.012241651830624818
0.011076303439819924
0.009843346313625996
0.008550408863448895
0.00720548440609153
0.005816881820236651
0.0043931742904204105
0.002943146454454789
0.0014757402795397255
7.325907113467609E-15
0.0014749835446430251
0.0029401288293677322
0.004386419477507096
0.005804959666126312
0.007187028762769874
0.008524134858665308
0.00980806687015502
0.011030944889167959
0.01218526847442815
0.013263962587797986
0.014260420895057914
0.010072908392105078
0.013347312595119329
0.023896685634298438
0.01382624072792453
0.023102050256481745
0.03246834079973454
0.01841785875746132
0.00956928254265893
0.02236379481341056
0.009665725240025673
0.018481793417374586
0.03210493182659458
0.023034675890497344
0.014172654208810106
0.02334000571598892
0.012984068103633659
0.009945560519541945
0.01420583662689287
0.01320756255050572
0.012128285123689452
0.010974681112940211
0.009753882125001214
0.008473430582410051
0.007141233191074388
0.0057655121864219625
0.004354754658461108
0.002917660267524972
0.001463087672361154
2.093327635378387E-15
0.0014625903074127935
0.0029156769298908382
0.004350315050560002
0.005757676340101799
0.0071291032072228816
0.008456161982298385
0.009730694707838689
0.010944869218244354
0.012091227201865397
0.013162729950771614
0.014152801518092093
0.019957612739996224
0.019189456225828877
0.014040276062940917
0.01929702911878921
0.013315912754665895
0.007801071755942733
0.018609790603372985
0.029402486352711255
0.02298027933990002
0.02917395520734696
0.018727948309247497
0.008487227080320415
0.013687652680419436
0.018867284237360834
0.015058375537149503
0.018534699170541135
0.018949366903274763
0.014120420498240676
0.013129271780946729
0.01205742301400067
0.010911491925412522
0.009698550779603902
0.008426082790694777
0.007101936019152485
0.005734275035354533
0.004331530647311728
0.0029023480018549206
0.00145553337803368
5.448393795610191E-15
0.0014552867977805212
0.0029013647161445976
0.0043293296088044815
0.005730390233530805
0.007095922300624182
0.008417521487001435
0.009687055090152857
0.010896712005371541
0.01203905071914577
0.013107045024553121
0.014094127177919967
0.012787200882800746
0.014385989058842932
0.020307310339550813
0.016429505500875328
0.01951799417216403
0.022286836453151656
0.020510724382639425
0.017453343133751745
0.026305310341741828
0.01774718665719579
0.020546340627753387
0.02119043193945423
0.01889662436476549
0.01670499854336153
0.01969982912026518
0.015096078976465198
0.014018595401263318
0.014083394332788693
0.013095955155910215
0.012027846164577667
0.010885648950793704
0.009676400843692078
0.008407551610461604
0.007086917623864288
0.00572263377781438
0.004323103446453979
0.0028969467941661635
0.0014529477539610767
