1.0
0.9989725854527308
0.9958941397184479
0.9907760398146939
0.9836371918337706
0.9745039478168538
0.9634099899352799
0.9503961825331848
0.9355103927392312
0.9188072805050728
0.9003480590739833
0.8524355980705084
0.8122048115002742
0.7889869431579074
0.7642598233975829
0.7380789991130733
0.7107122905177606
0.6730602989683271
0.6525738682654547
0.6681453370740582
0.6367095615426732
0.6045294994987144
0.5256362446041106
0.483331275699407
0.4586135488911582
0.4246135958377067
0.39073534357574957
0.3565317865339147
0.3220385433673173
0.3062687699095354
0.3002006862750965
0.2668332813211881
0.23395677675898408
0.20167312991975406
0.17008068053331
0.13927376632762756
0.1093423593199553
0.08037172439209732
0.05244210162743648
0.025628413765296867
8.772569845348936E-17
0.024379622781927863
0.04745297037168275
0.06916877240348848
0.08948212364992611
0.1083546049309977
0.12575437327165587
0.14165622109465495
0.15604160438810774
0.16889863993921161
0.1802220718765295
0.21752135031736455
0.24341837249719453
0.24925141360344366
0.25443484080809137
0.2591052760420916
0.26142876751686817
0.2702181401628094
0.26193524557463455
0.215402325551828
0.21247617121610793
0.20835759281111607
0.24776311214815272
0.2489666876374601
0.23403095779322045
0.22573998695297462
0.21529661034747608
0.20535684581151695
0.19606511182197395
0.1678421767667271
0.12883908052317372
0.11667245240793692
0.10413347464621693
0.09130375337943798
0.07826434592780018
0.06509537670314834
0.051875662795562
0.03868235100081266
0.025590567982649935
0.012673085182488417
2.5118478756424646E-16
0.012361565328204944
0.02434774582752832
0.035898195646728456
0.04695632858088964
0.05746953627456696
0.06738938324713165
0.07667177800935365
0.0852771196700485
0.09317041956355278
0.1003213975620865
0.07988938318060836
0.06987314114505966
0.0794347746392979
0.08348770371335987
0.08200221492185189
0.08440985548123112
0.08185165091601687
0.08678227367831852
0.12865770971349186
0.12777396638002336
0.12612784355261722
0.08212626956946216
0.07563117644382933
0.07546172514328264
0.07115549331223768
0.07232384852428682
0.06713265533803174
0.05482484902831486
0.06282220438597917
0.08219714680739866
0.07482035430154843
0.06711710121238214
0.05913896231121386
0.050938221326003626
0.04256756538062848
0.034079781627452906
0.025527457685862377
0.016962687462070677
0.00843678388003254
4.2790836206898463E-16
0.008298740059596153
0.016412099049191747
0.024294572090918537
0.031902718564962636
0.039195379273756645
0.04613387787015462
0.052682205632238584
0.058807188768006995
0.06447863753739026
0.06966947658610922
0.10045162074057036
0.11778182244261873
0.11733167338263027
0.12018768326230102
0.1266359110425222
0.12845289572005153
0.13216574547171517
0.13036002053346998
0.09194262377130642
0.09157719729772777
0.09065641992766615
0.12738886607264988
0.12726823807588963
0.12269737895154932
0.11961492367792502
0.11148874581310425
0.10753745215161656
0.10772377468274112
0.0911181448858378
0.060499877003650275
0.055204496560856596
0.04963964052493605
0.04384237336355539
0.037850671909973016
0.031703191580882355
0.025439031390898724
0.019097499119955532
0.01271787797544146
0.00633919606914706
8.177899717299276E-16
0.006261866202462736
0.012409475561784903
0.01840702490262428
0.02422003275572998
0.029815527373655604
0.035162223877610234
0.04023068962729743
0.04499349698178071
0.049425362699366426
0.05350327330828982
0.03306151671588774
0.027558247120039226
0.04477743704545035
0.04706232139735763
0.03506591007555051
0.0367542558231054
0.042988538204905294
0.03884425990776168
0.07171886540085719
0.07155006120659743
0.07094448137915227
0.03787057878002947
0.042113095174893166
0.034926555433378685
0.0328932229158527
0.0456191687346952
0.043311958384667386
0.02486014375137672
0.028589138114970124
0.04799358665120019
0.04385524009181686
0.03948997423526615
0.03492661100535002
0.030194876749065645
0.025325216019945095
0.02034860287924264
0.015296350844885122
0.010199922616159736
0.005090740693766025
0.0
0.005041516417229051
0.010003617540091395
0.014856879372913115
0.019572813786123158
0.0241240302717874
0.02848438971977375
0.03262914937775128
0.036535098216767106
0.040180681986827484
0.04354611731320098
0.0702590330218642
0.07897028412527814
0.0740699546890055
0.07585820850758888
0.08475971902621138
0.08599116676082383
0.08255480421921459
0.08737087304434453
0.0589513593970417
0.05887403352415842
0.05843611535484423
0.08579026673802488
0.07973639564854572
0.08290570174651926
0.08097317903723118
0.07102793497448887
0.06857968727128005
0.07338788732503959
0.06604105994349502
0.0398839019416377
0.03647909300014263
0.032878631378332066
0.029106096167607173
0.02518591587948917
0.021143214447611185
0.017003654284084117
0.01279327734706844
0.008538345181072958
0.0042651788904573724
3.101672206126227E-16
0.0042312268559533284
0.00840294849187252
0.012490174076164293
0.0164686215104541
0.020314858443546847
0.024006437118552135
0.027522022293951905
0.030841511525969343
0.033946147150058774
0.03681861935329811
0.019706957720580745
0.020554206872098326
0.03952093661310406
0.04111861826177702
0.025918156538295167
0.027188213418921716
0.0372874004716845
0.028871352322566605
0.050186835774733436
0.050157665719565224
0.04982070318229354
0.02871488162219063
0.037140389925275304
0.026924337576041173
0.025633125934820488
0.04047987340023081
0.038832943373414704
0.020385009424151303
0.018336394284651916
0.034217760463382076
0.03131765050089801
0.02824540780962726
0.025021011314592372
0.02166522776058798
0.018199480544475385
0.014645715469342376
0.011026264246839437
0.007363706582083525
0.0036807316787423223
1.281262460711758E-15
0.0036559938856955843
0.007265056556972213
0.01080542828930939
0.014255912122850909
0.0175959986945368
0.020805986110944148
0.02386709417238796
0.026761572296947252
0.029472800534868324
0.031985383108940856
0.054635819615896496
0.054360721704175066
0.04729769431350517
0.04861447527599281
0.058633306168445726
0.059550825516347695
0.05127415417619093
0.0605922247478721
0.0438201939424409
0.043818547836157275
0.04354768818147043
0.059463337218920595
0.04945143222393287
0.05733263015938863
0.05589726470795243
0.045447004672814255
0.04366558285809145
0.0502312167753947
0.05192724285878041
0.030050316655057818
0.027517322639368492
0.0248303570141848
0.02200678902194886
0.01906471839956803
0.01602286105365659
0.012900431665655245
0.009717023953107336
0.006492489323495258
0.0032468146625357287
1.0957629993919706E-15
0.0032280632073140914
0.0064177124435883985
0.009549632433255266
0.012604970668223605
0.015565449480290657
0.018413474000508155
0.021132235375583248
0.02370580864346278
0.02611924470555014
0.028358655871710298
0.015778295616274408
0.021427680400931716
0.034890946189592716
0.0362392229666135
0.025917640890989475
0.02698577778297458
0.036214439189386244
0.028434225493231338
0.0390041517099242
0.03901918266175158
0.038794295736120865
0.028513381717630158
0.03616583318583106
0.027169182626581623
0.026169603496678927
0.035354995339101934
0.033887649686666084
0.021972814566693817
0.015422600005161855
0.02686882837511637
0.024613779935094664
0.022219107024003922
0.01970021036208895
0.017073170655953207
0.01435464711438804
0.011561772961431637
0.008712048594937367
0.00582323304998917
0.002913234433608776
3.0264067567537715E-17
0.002898593465300266
0.00576484828929753
0.008581352929304984
0.01133108672356193
0.013997521750361671
0.016564721191941682
0.0190174336232935
0.021341182673571102
0.02352235153832372
0.02554826185445686
0.04383705251380945
0.03581567256527542
0.03106649879276808
0.032274282410013524
0.03930223809738298
0.040060629973037054
0.033427920435116255
0.04094175275960631
0.035249356830586435
0.035274942182594686
0.03508351124206092
0.04011691760231098
0.03267055447148623
0.03843426474537405
0.037290845990411534
0.030872276460975838
0.029459777012812927
0.03274242755686357
0.04175518818609965
0.02437107680436119
0.022332853656682614
0.020166556388834602
0.017886055366204436
0.015505857279755982
0.01304101371229157
0.010507026791995392
0.007919752519503588
0.005295302366408723
0.0026499437508174842
3.479784603865631E-16
0.0026382495895475562
0.005248668987356691
0.007815363359242239
0.010322775102729125
0.012755777411733747
0.015099764812140554
0.01734074013054524
0.019465397382425104
0.021461200092846813
0.023316454592683836
0.014824876030197809
0.024634951816052787
0.028537811918407145
0.02970192082249211
0.02850899873299841
0.02942895250283483
0.03506551207010888
0.030683818623549373
0.032253554437872686
0.03228605177076137
0.03211984069032883
0.03080923445670766
0.03490419146766606
0.029698790031739704
0.028863881467516093
0.028619351794134648
0.027307579034304367
0.025320934428791648
0.014760571017202042
0.022367460989533017
0.020502305557442237
0.018518518518519995
0.016428752422942176
0.014246258644902724
0.011984803983149751
0.009658584444421497
0.007282136745885539
0.004870248084483082
0.002437864729541939
2.37921468137462E-16
0.002428357810788003
0.004832337001507422
0.007197272964717047
0.009508797076711057
0.011752923439938261
0.013916132957621404
0.01598545423832395
0.017948540849476714
0.01979374446276003
0.021510183461023877
0.03523285066847349
0.022818561262774414
0.026782650743743024
0.027947001730637293
0.025908230619313
0.026597570254460016
0.02866564273660926
0.02743972325159212
0.029820081631795836
0.029857237741510424
0.029710578442081904
0.02693687009668729
0.02862930145763762
0.025609657762895362
0.024689969026050352
0.02811277509271998
0.027009662935384423
0.020984204630943845
0.033497981513524795
0.020733088768744672
0.01900855764426989
0.017173209640043655
0.01523871030511074
0.013217291849713637
0.011121676278227131
0.00896499579792677
0.006760710998607831
0.00452252730986912
0.002264310251770439
1.2840322697968976E-15
0.002256474210777042
0.004491279322590421
0.006690762809975077
0.008841535644205983
0.010930553364367263
0.01294519476696357
0.014873337741865415
0.016703431801373046
0.018424566870803436
0.02002653793330777
0.014740184193946597
0.02761623744100139
0.021320004977042638
0.02227776422450066
0.03089068478814247
0.03166583255936207
0.03160647644747746
0.032716420168634595
0.027815566149519976
0.027855947180743877
0.02772479413203545
0.03277665652553602
0.03123166005028405
0.031801474568808746
0.031074393511056307
0.02115228233222336
0.020043927268373604
0.028007439555435353
0.014778700651734748
0.019382415367131672
0.017773746605174258
0.016060791128662977
0.014254402945588208
0.012365975136843354
0.010407368373052677
0.008390836793721733
0.006328951709568438
0.004234523600872551
0.002120522893439261
1.4037290298061473E-15
0.002113994882375511
0.004208491728060721
0.00627067990420106
0.008287986175758268
0.010248151021480948
0.012139302799506549
0.013950029315995314
0.01566944636728151
0.017287262845732135
0.018793842021817234
0.02799805981095757
0.016341550830165946
0.029355437293732137
0.030382168740232623
0.019049816117900898
0.01967912274002629
0.028656444990128805
0.02049511785545271
0.02614646379714483
0.026189140043944858
0.026070517223234738
0.020305478224625063
0.028609765250175126
0.0193186715642787
0.01861733602471371
0.030789529856060538
0.02985061338885244
0.015783715208280008
0.026536567530294555
0.018254951168101524
0.01674277486948717
0.015131808464327046
0.013432231125050664
0.011654737426118349
0.009810470346246656
0.00791095171135021
0.005968010510535212
0.003993709529246515
0.002000270752828328
4.765304409900525E-16
0.001994788750869349
0.003971848879048355
0.005919076020937863
0.007824581895464817
0.00967676660671473
0.011464388985835591
0.013176634547166824
0.014803180649467671
0.016334258471109572
0.017760711428656435
0.015036890020322383
0.028554797053331884
0.0142766007562142
0.015057450726212583
0.03129882771462232
0.03194249443371945
0.025758221049881576
0.03279783817748005
0.024745324854731653
0.024789688099430718
0.024681349757807818
0.03273473893068006
0.025292460970164004
0.03182748950024728
0.03116552373153102
0.014081528229345565
0.01315973187561463
0.028413399411596763
0.015145536423302462
0.017306785855209537
0.015875622498045323
0.014350319253919426
0.01274048927620575
0.011056240820024854
0.00930811401279099
0.007507015135161571
0.005664148820686775
0.0037909485941303865
0.0018990061775879007
7.618119052471079E-16
0.001894376650475696
0.0037724873907047417
0.0056228239844440435
0.007434076627061902
0.009195202845305107
0.010895494593689289
0.01252464314122883
0.014072801356565202
0.015530643016465104
0.01688941878175683
0.02199679447679682
0.01499476696302223
0.03101433379509165
0.03191304690653351
0.017249615841485728
0.01779638586927376
0.026672550351432192
0.018534614457802422
0.02356238919029487
0.023608042708349024
0.023508256832646696
0.018504952105878263
0.02640766714806585
0.017747605287596006
0.01719853921445086
0.03184170568108369
0.03094275533062086
0.014981798527058833
0.020835112578672512
0.016505344286021698
0.015142585844548962
0.013689633232426114
0.012155621864996108
0.01055016488139008
0.008883293100555556
0.007165392548760855
0.005407139946447463
0.0036194365538979876
0.0018133407843683473
9.399007253333608E-16
0.001809418090032616
0.00360379400824749
0.005372124644469657
0.007103590532063702
0.008787621854596443
0.010413962781402745
0.011972733741576865
0.013454491259359769
0.014850284989617437
0.016151711609940778
0.015617567149870662
0.026736423509161524
0.009129235958934898
0.009912891363187688
0.02907880752674226
0.02962091817084717
0.0208346939595122
0.030321174767347765
0.02256024663512419
0.0226069368289165
0.022514342164527582
0.03013558440441265
0.020655898469209982
0.02925679361901576
0.028630215292862443
0.00955081646596833
0.008700481810466076
0.026063414617527682
0.015777300514203393
0.015826024000833435
0.014521222122822267
0.013129576318168868
0.011659817132511246
0.010121138014664058
0.008523137976574672
0.006875761877446402
0.005189238702477568
0.0034740182182257367
0.001740706395814228
1.2713609657550786E-15
0.001737379253528936
0.0034607505683609883
0.005159539561485992
0.006823342980652408
0.008441992249954585
0.01000561545647343
0.011504697401001436
0.012930137348571553
0.014273304129174021
0.015526088255910642
0.017462126262886065
0.015009945095568751
0.028990883724604358
0.02978057319035901
0.017114266178490076
0.017627925893895925
0.022258825572259923
0.018327865992905378
0.021710335509812287
0.02175790830826349
0.021671417165723707
0.018328263651862867
0.02187894432512783
0.01762892582887066
0.01711529350580703
0.02914393650453634
0.028258154647775875
0.01500251101251848
0.01668569227854533
0.015249972865778954
0.0139943285840807
0.012654679837933936
0.01123941341989182
0.00975736646650703
0.00821777141826379
0.00663019864821397
0.005004497114998981
0.003350733407388265
0.0016791295566399268
1.6960415173391031E-15
0.0016763119168712855
0.0033394975084927035
0.0049793459994201105
0.006585807068182833
0.008149052303015918
0.009659535194489555
0.011108049299685148
0.012485784224257078
0.013784379082911984
0.014995973114481474
0.016366376069824683
0.02264197034848606
0.009444419648128446
0.010295438847656314
0.02476368649205318
0.02525013184960075
0.02139125823057719
0.025866162908014547
0.020990583713820257
0.021038956202614867
0.020957686697649303
0.02561776457956584
0.02164469088240073
0.024756294799396353
0.02414906352652887
0.010824684414998894
0.01007250198337154
0.021675471652825417
0.0165391570581536
0.014762581844749269
0.01354857115844945
0.012252950983888657
0.010883816402482472
0.009449702303208641
0.007959530298472153
0.006422553345598943
0.004848298416955353
0.0032465075731324044
0.001627077802791249
1.3963765499470192E-15
0.0016247025454883925
0.0032370357671764674
0.004827096171890413
0.006385131545152362
0.007901600640545873
0.00936723148844713
0.010773077968522098
0.012110574301540947
0.013371587129263398
0.014548464866404714
0.014790268919375143
0.01500465413057014
0.02369061900177633
0.024397040001250914
0.01721948824533621
0.017751548596650756
0.017219508831678776
0.018475058789202206
0.020383782721312034
0.020432924425228854
0.020356152185522076
0.01849380206950639
0.016862220575029646
0.017787211141982614
0.017261966237363417
0.023426409761813156
0.022566228736192073
0.015050861769030036
0.014470390631466094
0.014352440193508804
0.013173533359925412
0.01191501965055948
0.010584747402742426
0.009190996056046095
0.0077424247271547075
0.006248018519870288
0.004717032902417782
0.003158936495762238
0.0015833526258693408
1.8985588854548813E-15
0.0015813671279554765
0.0031510189353833704
0.004699309784058462
0.006216737382105046
0.007694000992688209
0.009122058333469414
0.010492180819395963
0.011796006812013626
0.013025592550939517
0.014173460457967454
0.01708904025145093
0.017930029448402038
0.01380287919872228
0.014624912072239317
0.020035956566854928
0.020520650856097365
0.025336316333622863
0.021141550055157964
0.019876445121696097
0.019926365579896615
0.019853488654958736
0.020941099908101994
0.02560348936657835
0.02012088333999249
0.01953717238071682
0.015317188408763326
0.014615046601965912
0.017135996704623593
0.017225258445170446
0.01401059797401404
0.012861044675942053
0.011633535736638402
0.010335712165389857
0.008975639047642515
0.007561755518893509
0.006102822496017564
0.004607868489190035
0.0030861338289878294
0.0015470136525551962
2.0894363061467034E-15
0.001545376622717657
0.003079605855300826
0.004593255909151813
0.006077031449699756
0.007521830580310901
0.008918800579123433
0.010259392048030008
0.011535411143218842
0.012739069568690843
0.01386303202823832
0.014088116258384669
0.01558808913710281
0.01735049448322121
0.018030488522828972
0.0178724268841175
0.018416046450301884
0.01297384986471968
0.01915633842105807
0.019457989522053805
0.019508730084873686
0.019439243015839644
0.01920635467142013
0.012713343861213923
0.018518518518514795
0.01800275900261843
0.017219434549019474
0.016409411909760665
0.015811403594490087
0.014152689700124
0.013730038049232363
0.0126046995812196
0.011402737382907464
0.010131620185262681
0.008799235330315087
0.0074138399131619005
0.005984009696892146
0.004518586115974045
0.0030266216949515214
0.0015173242190137427
1.092431589368871E-15
0.0015160034130021116
0.0030213547264760455
0.00450679624560714
0.0059632007159395135
0.007381627315090484
0.008753376451607228
0.010070043035633722
0.011323567895695181
0.012506287027606812
0.013610978374999019
0.017566413690075715
0.015150874174199348
0.01791100635795937
0.018686357026871058
0.017300965063864044
0.017805234311997774
0.02736712327364212
0.018475816781883817
0.01912015257168965
0.019171781118706734
0.01910525549647066
0.01842603338451488
0.02736010964233636
0.017710572839373093
0.017187364472474174
0.019136676225825495
0.018443004431790307
0.01500433337802939
0.017620130425322914
0.013505294387048856
0.012399509771530638
0.011218138743398479
0.00996850937849958
0.008658364370333948
0.007295813132384951
0.005889281682092067
0.004447460615540607
0.0029792514937085953
0.0014937119704661087
1.2673202467675845E-15
0.0014926825330982799
0.002975146414704406
0.00443827158537884
0.00587306316120279
0.007270706647693292
0.00862262200837704
0.009920516256842888
0.011156434250420573
0.012322807374818834
0.013412499822267223
0.01476696660909236
0.01687864197224623
0.013918295162952413
0.014612446691034946
0.019032231110873935
0.01954588168604065
0.010820299514483604
0.020246065407171783
0.01885656246314914
0.01890917021815646
0.018845239928353512
0.02029657677817458
0.01082165594290961
0.019652267489406315
0.01917038625166231
0.01457918617261837
0.013894948861170795
0.017138190745163803
0.015016233984940274
0.013332175107204865
0.012241651830628713
0.011076303439814878
0.009843346313625614
0.008550408863446058
0.007205484406094474
0.005816881820239872
0.0043931742904207115
0.0029431464544602093
0.0014757402795380777
1.250389660596082E-15
0.0014749835446428222
0.0029401288293604295
0.004386419477509724
0.005804959666126379
0.007187028762769127
0.0085241348586614
0.009808066870154033
0.011030944889172119
0.012185268474426254
0.01326396258779707
0.01761777550162428
0.015574590690656545
0.019901099561609854
0.020595346202655393
0.017601244418497572
0.018089498247722307
0.02530539769779658
0.0187596165121367
0.018662430263371128
0.018716130185382103
0.018654480104854394
0.018824694712479
0.024991147519251106
0.018225273750063716
0.01777640465045441
0.02064389522655416
0.019968103197671328
0.01589560422086407
0.01755874158176644
0.013207562550505468
0.012128285123687443
0.010974681112938737
0.009753882124999393
0.008473430582413975
0.0071412331910745445
0.0057655121864160185
0.004354754658460234
0.0029176602675258143
0.001463087672366235
1.1779254534721088E-15
0.0014625903074069412
0.0029156769298869854
0.0043503150505618945
0.005757676340100559
0.007129103207221791
0.008456161982300012
0.009730694707841058
0.010944869218246245
0.012091227201864802
0.01316272995076927
0.0159400580528735
0.0178351089091471
0.015623761137069122
0.016283942214217938
0.01976833840202609
0.02023068337473483
0.01333515443825386
0.020856158089993915
0.01853432982032364
0.018589256250802738
0.01852961353757871
0.020857478558422293
0.013715877594460035
0.020237294279427515
0.01978044394998631
0.016770883690030335
0.016198237096548156
0.017883212271484938
0.0162000562011438
0.013129271780949822
0.01205742301399403
0.010911491925412017
0.00969855077960124
0.008426082790695497
0.0071019360191576005
0.0057342750353444214
0.004331530647313484
0.002902348001857621
0.0014555333780365783
4.662608029318646E-15
0.0014552867977848188
0.0029013647161453375
0.004329329608802238
0.005730390233525256
0.007095922300630659
0.008417521487005386
0.009687055090156256
0.010896712005368916
0.012039050719146661
0.013107045024553062
0.01714906389405673
0.017207875632800542
0.019132568512952534
0.019735490450379936
0.019099715562341437
0.01955998964623836
0.019860214673764642
0.02019457748550676
0.018470046705196818
0.018526356091938426
0.018468483468749783
0.020256037392768225
0.019379824726489973
0.019683454829241272
0.019254542922283242
0.019385956918821973
0.01873261403140375
0.017458697311134565
0.01697258181643373
0.01309595515591401
0.012027846164579378
0.010885648950798509
0.009676400843693037
0.008407551610462026
0.007086917623865688
0.00572263377781478
0.004323103446454878
0.002896946794166993
0.0014529477539600543
