1.0
0.9989725854527274
0.9958941397184425
0.99077603981469
0.9836371918337663
0.9745039478168499
0.9634099899352746
0.9503961825331787
0.9355103927392265
0.9188072805050674
0.9003480590739805
0.8802002270235769
0.8039672794697084
0.7361089056780534
0.6758540187835065
0.6507989253719891
0.5915483159075245
0.5692720948928446
0.5467920599644398
0.5768441803418535
0.5640611266725774
0.5135323013698413
0.4227473126962018
0.3863944073878033
0.35451151934283526
0.34763826462299346
0.3140314897258809
0.31369502396325877
0.3187367814486225
0.3339538200796367
0.30020068627509555
0.26683328132118744
0.23395677675898285
0.20167312991975297
0.17008068053331002
0.13927376632762728
0.10934235931995484
0.08037172439209697
0.05244210162743649
0.02562841376529721
0.0
0.024379622781927072
0.04745297037168241
0.06916877240348777
0.08948212364992512
0.1083546049309978
0.12575437327165515
0.14165622109465414
0.1560416043881075
0.16889863993921067
0.18022207187652914
0.19001320791218046
0.2391909605763306
0.27743136560990395
0.3095690108526171
0.30742918152276505
0.3251763234246737
0.33614613923742953
0.3396508828640079
0.2992923541364649
0.2777977887072434
0.291716479780233
0.32158015060382217
0.3071439151238337
0.2826419096147605
0.26076467964467354
0.25614581333959713
0.22101018329318767
0.18421502808006385
0.1405515959584022
0.12883908052317294
0.1166724524079365
0.10413347464621608
0.09130375337943691
0.07826434592779946
0.06509537670314772
0.0518756627955609
0.038682351000812486
0.025590567982649366
0.012673085182488495
1.9626190131036545E-16
0.012361565328206488
0.02434774582752996
0.03589819564672771
0.046956328580889266
0.057469536274566586
0.06738938324713183
0.0766717780093529
0.08527711967004976
0.09317041956355246
0.10032139756208545
0.10670455287113975
0.11669953455718544
0.13451683649395138
0.12965500438754687
0.11809560746446554
0.16623719602227968
0.13419484505002033
0.11102716512785633
0.0839073340107666
0.09860350944433453
0.08320255684009475
0.11016514175748199
0.13148311769314822
0.16058189763343259
0.11077302989546722
0.12636632473286882
0.13294211673463763
0.11279697775721743
0.08919691902778087
0.08219714680739751
0.07482035430154868
0.067117101212382
0.05913896231121399
0.05093822132600482
0.04256756538062681
0.03407978162745159
0.025527457685862728
0.016962687462072086
0.008436783880033496
9.175504642393906E-16
0.008298740059596658
0.016412099049192212
0.024294572090917385
0.031902718564961484
0.03919537927375483
0.04613387787015456
0.05268220563223883
0.05880718876800706
0.06447863753738799
0.0696694765861065
0.07435585599533835
0.07121012459184231
0.07109725323791254
0.08280409018011686
0.09976580812484208
0.06650969254323902
0.10783712687641987
0.12878531522438794
0.1473540268388782
0.13036892267866956
0.1452170755317725
0.122994862497134
0.10066125312736977
0.061185244521790236
0.09554644515017796
0.06635988933050238
0.05077473107119456
0.053002620042807536
0.06548986096701288
0.06049987700365086
0.05520449656085643
0.04963964052493526
0.04384237336355496
0.037850671909973134
0.03170319158088228
0.025439031390899498
0.019097499119955993
0.012717877975441145
0.006339196069147172
9.48286789032851E-16
0.006261866202462453
0.012409475561787647
0.018407024902624886
0.024220032755731223
0.029815527373657072
0.03516222387760896
0.04023068962729644
0.04499349698177938
0.04942536269936616
0.053503273308290175
0.0572065958666561
0.10131869001147331
0.10769377787588982
0.0860529723525692
0.038354618677234144
0.06493724941973839
0.06600854968360362
0.07147974325043158
0.08181787663659569
0.09465183412205418
0.08183337542178186
0.06886962257932323
0.060391325698279597
0.053604809225486466
0.03026658272792179
0.07758368885376919
0.09924009634213808
0.0965074902839597
0.05187727902217737
0.0479935866512008
0.04385524009181569
0.03948997423526611
0.034926611005349856
0.030194876749065996
0.025325216019944915
0.02034860287924259
0.015296350844886454
0.010199922616158801
0.0050907406937637035
7.50132241807952E-16
0.005041516417228803
0.010003617540089499
0.014856879372910588
0.01957281378612267
0.02412403027178722
0.0284843897197743
0.03262914937775018
0.036535098216769146
0.040180681986827775
0.043546117313201085
0.04661349425376599
0.01194890807381848
0.025903344394689796
0.048415906019017234
0.10136311855509868
0.09099334714496456
0.088974543256325
0.07576768359737855
0.07852653749916279
0.06614990846059059
0.07711390631626165
0.07530940409553996
0.08909140460094805
0.09060975114310958
0.0983603274645555
0.048687571630942124
0.031185810387254972
0.017239478677971844
0.043070478637466145
0.039883901941635984
0.036479093000142175
0.03287863137833054
0.029106096167605774
0.025185915879487486
0.021143214447610425
0.017003654284083264
0.012793277347067028
0.008538345181071199
0.004265178890455442
9.304762442024056E-16
0.00423122685595284
0.008402948491873313
0.012490174076164847
0.016468621510455098
0.020314858443545275
0.02400643711855407
0.02752202229395085
0.03084151152597003
0.03394614715006251
0.03681861935330119
0.039443159786787446
0.06983969869541813
0.060670106147936304
0.04792254457920488
0.06655066430208677
0.06127561402143617
0.052907626430437636
0.03807611815116183
0.0756156668889967
0.09083966490152878
0.07529473309204593
0.037994881469317704
0.05537153929785709
0.06674871335563558
0.07339373393255695
0.04737700079358263
0.054970408705364716
0.062198205560471106
0.03692667386834106
0.03421776046338046
0.03131765050089888
0.028245407809625585
0.025021011314591383
0.021665227760586547
0.01819948054447539
0.014645715469340754
0.011026264246841161
0.007363706582084652
0.003680731678743188
7.724998342681785E-16
0.003655993885694093
0.0072650565569705085
0.010805428289309821
0.014255912122852247
0.017595998694535563
0.020805986110944204
0.023867094172387162
0.026761572296945833
0.029472800534866665
0.03198538310893982
0.03428523396467237
0.037783267626211356
0.03833306437943078
0.03472559914912432
0.03903472234477968
0.03951006793733279
0.05619671505353181
0.055969804388368585
0.03202487146208464
0.022519035411686
0.03119297153246362
0.05412828146329243
0.05131938110141693
0.03077703974363624
0.028646299990667704
0.03388133202837379
0.037738337142084424
0.040025368578333845
0.03241281085604785
0.030050316655058033
0.02751732263937019
0.024830357014185855
0.022006789021949472
0.019064718399567627
0.016022861053655024
0.012900431665654445
0.009717023953106318
0.00649248932349502
0.0032468146625345756
7.609401027842986E-16
0.003228063207312562
0.006417712443588273
0.009549632433255968
0.012604970668224287
0.015565449480292391
0.018413474000508665
0.02113223537558331
0.023705808643463
0.026119244705549233
0.02835865587171328
0.030411294495708795
0.03426105104747896
0.043895495136696584
0.05166411802518252
0.09181619043267397
0.07504077485456075
0.060854999543442145
0.04511628848923879
0.05847232635535076
0.07456292709164172
0.057958987034802116
0.04521751263835643
0.0589662035765666
0.07181081292596474
0.08996327471986564
0.051163022886163215
0.04304534501496212
0.029098909674818773
0.028969629458262255
0.026868828375112827
0.024613779935092304
0.022219107024001247
0.0197002103620863
0.017073170655950147
0.014354647114387203
0.011561772961430737
0.008712048594939124
0.005823233049987234
0.002913234433606526
8.001515927369294E-16
0.0028985934653026502
0.005764848289298374
0.00858135292930353
0.011331086723563
0.013997521750359121
0.016564721191946227
0.019017433623291474
0.02134118267356934
0.023522351538324802
0.025548261854454347
0.027407246486222704
0.039469880423422095
0.04513438984610091
0.0546598883761126
0.053023156521352
0.03705930504937726
0.02814614628626704
0.02717421972770412
0.023408373642203002
0.008890918717192635
0.023754569855333814
0.02741473424561505
0.03171326531507901
0.041572419151055855
0.05886058049180153
0.058142774693423306
0.048803442871781136
0.037858608951677204
0.026268079742023536
0.024371076804360563
0.02233285365668053
0.02016655638883373
0.017886055366201317
0.015505857279757491
0.0130410137122918
0.010507026791996964
0.007919752519503293
0.005295302366405945
0.00264994375081929
2.4749647623965324E-15
0.0026382495895463302
0.005248668987354676
0.007815363359243306
0.010322775102727274
0.01275577741173063
0.015099764812138662
0.01734074013055083
0.019465397382424143
0.0214612000928449
0.023316454592683084
0.02502037786560232
0.019570713424607422
0.03356226296907233
0.034055662225399
0.0511601746357604
0.026873154653299047
0.018770268694256683
0.034322749655024666
0.03676943860277496
0.051318744893734565
0.03622274163702263
0.033155742625893
0.015073583781205269
0.02198165361240733
0.043121706430887134
0.029043876877495368
0.030000834885155855
0.018948902667891915
0.02410201114996303
0.02236746098953162
0.020502305557441702
0.01851851851852117
0.01642875242294253
0.014246258644900839
0.011984803983147043
0.009658584444422028
0.007282136745882585
0.004870248084484549
0.00243786472954087
2.1899985442922028E-15
0.0024283578107896536
0.0048323370015060435
0.007197272964718737
0.009508797076710977
0.011752923439939462
0.013916132957615412
0.01598545423832289
0.017948540849477293
0.01979374446275915
0.02151018346102935
0.02308780660561435
0.03228695877471115
0.06009581195501768
0.05680709099798263
0.060865944641824224
0.047286258334304034
0.055397090964270125
0.042550769429674
0.037013174810285064
0.023593936619651302
0.03723559799467598
0.04285669308692114
0.054913800276925655
0.04501591925848597
0.056268358245530475
0.05322833077213111
0.05977319234338522
0.031980739366448116
0.022335777788458983
0.02073308876874376
0.019008557644271555
0.017173209640043798
0.015238710305111166
0.013217291849715321
0.011121676278228809
0.008964995797928725
0.006760710998604771
0.004522527309871669
0.002264310251771107
2.555063765034617E-15
0.002256474210776123
0.004491279322588306
0.006690762809974721
0.008841535644210734
0.010930553364366376
0.012945194766963729
0.014873337741864522
0.016703431801372858
0.0184245668708049
0.02002653793330674
0.021499905148104535
0.014317312175528828
0.009631668603247321
0.009026603613613361
0.013369032723162965
0.018023428076395145
0.02278172707275047
0.01369707270859125
0.017404778096534363
0.030653368595888585
0.01704956055284463
0.013795205017283929
0.024365050199113843
0.01915174650744385
0.01881739802425786
0.01135292696155234
0.005978997757252138
0.012205937582536039
0.020876550878776833
0.019382415367130888
0.017773746605177488
0.016060791128660698
0.014254402945585309
0.012365975136843526
0.010407368373054572
0.008390836793718886
0.00632895170956741
0.004234523600867938
0.002120522893441188
2.4292756702149546E-15
0.0021139948823774494
0.004208491728061987
0.0062706799042003235
0.008287986175753676
0.010248151021479688
0.012139302799504462
0.013950029315997004
0.015669446367279176
0.0172872628457335
0.018793842021815277
0.02018025863917739
0.03403588426808209
0.044894002240575596
0.031493000791497604
0.019297588440253362
0.031797774589111365
0.029721777192514398
0.03357295894599866
0.03925903021000573
0.026189140043947748
0.03914499609577407
0.03256019805651913
0.027623754336874196
0.03252962639721439
0.01897154099200287
0.029959475517287653
0.040034198323781245
0.03445091191875917
0.01965873761033054
0.018254951168104154
0.016742774869487845
0.015131808464322731
0.013432231125051678
0.01165473742611958
0.009810470346246273
0.007910951711349522
0.005968010510533898
0.00399370952924558
0.002000270752825734
1.6372477352605138E-15
0.0019947887508711395
0.003971848879046777
0.005919076020935432
0.007824581895463664
0.00967676660671761
0.011464388985831617
0.013176634547165762
0.014803180649465864
0.01633425847110692
0.017760711428657105
0.01907404969099274
0.008826860880641252
0.01288882156871784
0.0193477196310516
0.031585096412745206
0.013976646260919464
0.024032238483340112
0.026899497305683407
0.015217314599390736
0.027279181776095403
0.015443633731863398
0.02729472546801276
0.022604872188171386
0.012554649593129588
0.029425543610952485
0.01846097249348673
0.014497472427982131
0.011541114697117683
0.01863475161966161
0.017306785855206203
0.015875622498042505
0.01435031925392011
0.012740489276205707
0.011056240820024717
0.009308114012789574
0.00750701513515979
0.00566414882068475
0.003790948594130956
0.0018990061775886573
1.1664974094122168E-15
0.0018943766504804027
0.003772487390706913
0.005622823984444372
0.007434076627065102
0.00919520284530528
0.010895494593692646
0.012524643141229655
0.014072801356567162
0.015530643016464936
0.016889418781757422
0.018141008505866252
0.031504442136063356
0.02496752774928049
0.03143537069508475
0.03578691398827532
0.035026461474724616
0.034023226849861456
0.018870162929806252
0.029530211045677913
0.01865566628089213
0.029178834262616374
0.018784322549196823
0.035360119086691004
0.03387321050260202
0.03615587200137211
0.03115192609197387
0.025207491058173822
0.029367990241621716
0.0177693081069843
0.01650534428602704
0.015142585844548351
0.013689633232422478
0.012155621865000351
0.010550164881394894
0.00888329310055903
0.007165392548761824
0.005407139946450532
0.003619436553901657
0.0018133407843665566
2.1295314920391895E-15
0.0018094180900266395
0.0036037940082475936
0.005372124644469674
0.007103590532062458
0.008787621854598002
0.010413962781396478
0.011972733741568072
0.013454491259361722
0.01485028498961718
0.01615171160994113
0.017350965245904754
0.024764782390259626
0.013511178723548522
0.012163769642089442
0.009613152132426122
0.015488249950527132
0.008758003920925884
0.025202770088493913
0.0254420310801134
0.03593377202605898
0.025666619891300212
0.02492391304445146
0.010366066686643223
0.016556981279055565
0.013454108787608774
0.013238666287809328
0.011912600882194101
0.027416384060825864
0.01703576891732046
0.015826024000835437
0.014521222122827424
0.01312957631816382
0.011659817132506384
0.010121138014668199
0.00852313797657639
0.006875761877449754
0.005189238702479738
0.0034740182182258572
0.0017407063958165675
5.296672058728651E-15
0.0017373792535195244
0.0034607505683595338
0.005159539561486062
0.006823342980658268
0.00844199224995337
0.010005615456476132
0.011504697400987956
0.012930137348569045
0.014273304129173991
0.015526088255907702
0.016680950746744725
0.016010464451252114
0.029177174277563278
0.022123860403238518
0.02016629088459596
0.023953904754811853
0.03347004581760425
0.01978946201025948
0.014699773859352677
0.005484000320220429
0.014391542881461515
0.019614552963468982
0.03181167631712656
0.024429508604478515
0.01616801701916224
0.020396098192838306
0.028622700374415517
0.0118776493539722
0.016413728601427997
0.015249972865767668
0.01399432858407292
0.012654679837938887
0.01123941341989374
0.009757366466512186
0.008217771418266533
0.006630198648214188
0.005004497114996855
0.0033507334073924356
0.0016791295566401928
6.018684670490505E-16
0.0016763119168730746
0.0033394975084863787
0.004979345999419953
0.0065858070681845855
0.008149052303010348
0.00965953519449043
0.011108049299677025
0.012485784224259675
0.013784379082911167
0.01499597311447907
0.016113253146067454
0.03236787275012473
0.010383555118762721
0.019041575135821477
0.037091117253296835
0.015795973602373087
0.028994339254623847
0.029502434364415117
0.03136009937124511
0.040203972774588925
0.031418314269513414
0.03007013025909121
0.029651400743753876
0.014632393195572323
0.03775175664579988
0.01832167736250027
0.012471397798911188
0.03202773267096875
0.015887378229224987
0.01476258184474342
0.013548571158451898
0.012252950983884394
0.010883816402486477
0.00944970230321149
0.007959530298466468
0.006422553345600156
0.004848298416964127
0.003246507573137383
0.0016270778027903424
3.328247763372868E-15
0.0016247025454894759
0.003237035767178886
0.0048270961718917494
0.006385131545149937
0.007901600640554155
0.009367231488450629
0.010773077968525774
0.012110574301538734
0.013371587129266334
0.014548464866400768
0.015634084025897037
0.005495051604523703
0.01872444480352308
0.022352533442974557
0.011246451113333531
0.03085252811527501
0.009570204488950716
0.009862506895974833
0.014600792388788418
0.010500798666734009
0.014876774805244615
0.009194550823592877
0.010115977468322896
0.03052462237458072
0.014160283844934923
0.023957762216043572
0.01629282560913638
0.009104075997277613
0.015444371757690936
0.01435244019351294
0.01317353335991945
0.011915019650554857
0.010584747402746501
0.00919099605605203
0.007742424727153606
0.006248018519878243
0.00471703290241635
0.0031589364957644354
0.001583352625873545
9.603888468067048E-15
0.0015813671279548997
0.0031510189353890694
0.004699309784058888
0.006216737382102368
0.007694000992688171
0.009122058333469083
0.010492180819406793
0.011796006812023186
0.013025592550940811
0.014173460457967711
0.015232644520595157
0.025039483041637826
0.020881272333497604
0.010099249284191767
0.02383025492140818
0.01134152437472089
0.024813872282794476
0.03263253413998128
0.030039552528614052
0.036088289716347366
0.02991291962410616
0.03215518153053955
0.023557452326670992
0.01255102877831889
0.020643744105963622
0.011605119802986367
0.021501666239328688
0.022264186817388006
0.0150750261716531
0.014010597974015904
0.012861044675945012
0.01163353573664499
0.010335712165392088
0.008975639047642264
0.007561755518892602
0.006102822496016992
0.004607868489195546
0.003086133828982373
0.001547013652549749
7.443309050651533E-15
0.001545376622716135
0.0030796058552980186
0.0045932559091498015
0.006077031449697242
0.007521830580317072
0.008918800579129518
0.010259392048029923
0.01153541114322497
0.012739069568688054
0.013863032028233626
0.014900460847374255
0.019564568390015708
0.014167868660863399
0.027544408682568685
0.02242754614791116
0.020423567336931406
0.028029041578117312
0.013759083666668682
0.025677298567763813
0.021919692469637472
0.02589416870537691
0.014578362446108734
0.02878211526801411
0.019897788349527115
0.021914980275145855
0.026659013134421747
0.014815722498855651
0.0208641937548757
0.01477174899577775
0.013730038049243484
0.012604699581218608
0.011402737382905497
0.010131620185262117
0.008799235330313555
0.007413839913168429
0.005984009696891646
0.004518586115969153
0.0030266216949488807
0.001517324219018616
2.653214378413652E-15
0.0015160034130039166
0.0030213547264751005
0.004506796245600986
0.005963200715943775
0.007381627315087886
0.008753376451613039
0.01007004303563308
0.011323567895696975
0.012506287027609923
0.013610978374996184
0.014630905856400466
0.011296137026730725
0.02047057131177087
0.02742027003397496
0.016793252436384378
0.018381810889024765
0.007659151195032514
0.016850654659940182
0.02205480388472265
0.025361882515124615
0.021795540525975116
0.016277619716664377
0.007451318594879662
0.01793440020469704
0.017592216770963103
0.028928665679291136
0.02057672163148955
0.009890498035491718
0.014528624515090991
0.013505294387044387
0.01239950977153192
0.011218138743401074
0.00996850937849913
0.008658364370332938
0.007295813132380133
0.00588928168209356
0.004447460615540765
0.0029792514937080614
0.001493711970466385
3.619978893506933E-15
0.0014926825331027535
0.0029751464147058744
0.0044382715853792006
0.005873063161207735
0.007270706647696157
0.00862262200837863
0.009920516256840194
0.011156434250425866
0.012322807374823427
0.013412499822260181
0.01441885218057169
0.020836701760232824
0.012198491990326387
0.014656885279288184
0.01797382178893174
0.028229825824191097
0.026743315603283257
0.024754493194542867
0.03020519514961771
0.02691901720986267
0.03020277077467916
0.02487133553248845
0.025964670471018577
0.029239239837444368
0.019271919707451225
0.01244493051120886
0.010796409242418946
0.019815168050175497
0.014341113543085548
0.013332175107207194
0.01224165183063033
0.011076303439816132
0.009843346313625772
0.00855040886344496
0.007205484406088273
0.005816881820237018
0.004393174290417742
0.0029431464544599373
0.001475740279535185
1.1524229562704624E-14
0.0014749835446464508
0.0029401288293619374
0.004386419477507733
0.005804959666123437
0.007187028762769039
0.008524134858660753
0.009808066870153767
0.011030944889171447
0.012185268474426587
0.013263962587799393
0.014260420895056814
0.012813925523004765
0.02807135989107028
0.025410214708565502
0.008766271857069578
0.006358849397322897
0.01628979439042153
0.021962404511979224
0.012311016116870138
0.014443287406507101
0.012165984428303005
0.022439874802597532
0.016838095534264446
0.005183419147006677
0.006378186558262151
0.023388359549727487
0.030228250150103924
0.014007855274828295
0.01420583662689671
0.013207562550500021
0.012128285123685679
0.010974681112939418
0.00975388212499732
0.008473430582413758
0.007141233191081411
0.005765512186422821
0.00435475465846012
0.0029176602675262658
0.0014630876723616129
9.70014557918437E-15
0.0014625903074039451
0.002915676929887088
0.0043503150505599985
0.00575767634010241
0.007129103207229482
0.00845616198230147
0.009730694707838857
0.010944869218250367
0.012091227201864747
0.013162729950766634
0.01415280151808707
0.015133529190955215
0.017339497924754425
0.0154980751104921
0.034495053836789254
0.02929904680768137
0.01786132515146515
0.02046783050618481
0.02594947166227082
0.024304157264451915
0.02574610855613164
0.020146962604529722
0.01762229627442369
0.028429354672594716
0.035764860976069075
0.017026858379127836
0.02087034260820991
0.014538385181285559
0.014120420498244154
0.013129271780956282
0.012057423014001837
0.010911491925407716
0.00969855077960509
0.008426082790693882
0.007101936019151871
0.005734275035342672
0.004331530647310154
0.002902348001847465
0.001455533378033564
4.017191578141861E-15
0.0014552867977844005
0.0029013647161459577
0.004329329608794042
0.005730390233525669
0.007095922300631958
0.008417521487008778
0.009687055090156705
0.010896712005369891
0.012039050719143208
0.013107045024553185
0.014094127177918693
0.015613821921816195
0.034451692961832994
0.017820057528790165
0.025587554560759302
0.015388116172408565
0.01857728037682878
0.022499063750047073
0.015689830849931953
0.016412502531034334
0.015944790178939183
0.022136148391217397
0.018446042286113865
0.016939219333038418
0.028752177981888602
0.018323784053192474
0.03347975579107142
0.015296166956567202
0.01408339433278946
0.013095955155912341
0.012027846164584506
0.010885648950796575
0.009676400843696783
0.008407551610464178
0.007086917623864466
0.005722633777814358
0.00432310344645776
0.002896946794170312
0.0014529477539682266
