1.0
0.9989725854527273
0.9958941397184453
0.9907760398146894
0.9836371918337672
0.9745039478168495
0.9634099899352752
0.950396182533181
0.9355103927392276
0.9188072805050668
0.8541373371715357
0.8063663574089349
0.7484008632570278
0.7170989354696322
0.6930072836699548
0.6682600320543539
0.6506764496864298
0.613954446649744
0.5946906394203283
0.5649074518076266
0.5337733898190976
0.5030099071916513
0.47111768452527714
0.42887625069823526
0.4044438703569401
0.3622054915028558
0.32624678547438746
0.29172751861953194
0.2626411112168456
0.2615861202941655
0.25471986196590946
0.2668332813211883
0.23395677675898327
0.2016731299197531
0.17008068053330924
0.13927376632762706
0.10934235931995462
0.08037172439209747
0.052442101627436476
0.0256284137652967
1.0240273332646011E-16
0.024379622781927818
0.04745297037168228
0.0691687724034876
0.08948212364992648
0.10835460493099779
0.12575437327165573
0.14165622109465473
0.15604160438810774
0.16889863993921242
0.2246847845128191
0.25931814378147
0.2904804844559409
0.2896293836029602
0.2895106090187117
0.2812362637005842
0.2734302984113409
0.27694986948466316
0.2627521365471492
0.2590905234247323
0.2583781002110545
0.24803237620217572
0.24075629300081686
0.24459110554876506
0.23209729585402694
0.2301700816553429
0.2334639284803041
0.22818009073094847
0.2319740554576221
0.20612406272908043
0.1717032053289303
0.11667245240793647
0.10413347464621672
0.09130375337943801
0.07826434592780038
0.06509537670314822
0.0518756627955613
0.03868235100081241
0.025590567982649942
0.012673085182489474
1.938258897491735E-16
0.012361565328205572
0.024347745827528383
0.0358981956467276
0.04695632858088933
0.05746953627456619
0.06738938324713085
0.07667177800935329
0.08527711967004763
0.09317041956355243
0.06264347147834476
0.050282678676629985
0.05263824804781377
0.09027881555143058
0.10627666070707127
0.1337338843523675
0.14482793970984031
0.1510049030163888
0.16541823015815665
0.16722626631007573
0.16061321074706958
0.16846115975172812
0.16793247788199256
0.15542899071700397
0.1494647210998916
0.14052407319460405
0.1124248570749284
0.09541740209564496
0.05035020540725171
0.040009118066518246
0.04914355408643261
0.0748203543015477
0.06711710121238182
0.059138962311213364
0.05093822132600327
0.042567565380628475
0.03407978162745297
0.025527457685862277
0.01696268746207119
0.008436783880032234
0.0
0.008298740059596913
0.016412099049192577
0.024294572090918443
0.03190271856496178
0.039195379273754695
0.046133877870154494
0.052682205632238376
0.058807188768006176
0.06447863753738886
0.10555822004830669
0.12106222432218476
0.10485491003148793
0.05636117982831931
0.04163711508991136
0.033630521755470474
0.025312979143609467
0.02728272424073079
0.02765904769444786
0.028074939267025225
0.03722735960216333
0.028951287082258
0.029537579368923293
0.028492711635111776
0.02503271737407386
0.03357926006527988
0.024814352295101726
0.03619852352496438
0.08606736667500953
0.10557235537600163
0.09350303627620839
0.055204496560856554
0.049639640524936905
0.04384237336355542
0.03785067190997393
0.03170319158088298
0.025439031390899012
0.01909749911995504
0.01271787797544221
0.006339196069147431
2.5951318405859373E-16
0.006261866202463894
0.012409475561786195
0.018407024902626884
0.024220032755731858
0.029815527373659244
0.03516222387760925
0.040230689627296465
0.04499349698177913
0.049425362699366225
0.036336323369385304
0.031595027532371
0.06017269536426149
0.11458839157505411
0.14025632536731417
0.1581882658991522
0.15987179799715964
0.16913353030734218
0.16185288904748668
0.16127887741480681
0.1636612960054698
0.1587405375763489
0.15679160404398812
0.16368535497839223
0.15336817424353952
0.151046661438355
0.13745948482019063
0.11080703470709993
0.06052417615326981
0.03180369321750048
0.0353962261809052
0.04385524009181728
0.03948997423526677
0.03492661100534935
0.030194876749064133
0.02532521601994509
0.020348602879242172
0.0152963508448828
0.010199922616159048
0.005090740693764246
6.821302072234538E-16
0.005041516417229153
0.01000361754009024
0.01485687937291417
0.019572813786122408
0.02412403027178531
0.028484389719771307
0.0326291493777488
0.03653509821676906
0.040180681986828524
0.06688473738283994
0.06348859125199333
0.04729510641221888
0.025743811679327815
0.03505589025806922
0.04142943648011155
0.032195297850499516
0.023911494188030367
0.03169430551371251
0.03277282455423481
0.03532227920452719
0.034241825350041444
0.03458557657263964
0.022939124862952767
0.031720467819878403
0.03947306947144837
0.03648785442675051
0.03174089587110727
0.04337377378318373
0.05389679463403956
0.059835913724159986
0.03647909300014203
0.03287863137833091
0.029106096167608196
0.02518591587948886
0.021143214447610834
0.017003654284083097
0.012793277347068796
0.008538345181071116
0.004265178890456572
1.4428115501519096E-15
0.0042312268559534265
0.008402948491872488
0.012490174076165898
0.016468621510457127
0.020314858443545785
0.02400643711855181
0.027522022293951443
0.03084151152597138
0.03394614715005867
0.033682469820845176
0.03540950169384245
0.04494645770544215
0.06275345740541989
0.08066999942435828
0.05372689903216985
0.04845694750922454
0.04573679487405728
0.02640437150075638
0.026048503081967784
0.03888841723390437
0.02487046709270406
0.024132694328927146
0.03668903996556129
0.03674108971944057
0.039054889469360934
0.06804920445852046
0.05201113432049797
0.039718600417736255
0.03672686572206769
0.03294117862340841
0.031317650500898124
0.028245407809627015
0.02502101131459225
0.021665227760588178
0.018199480544475902
0.014645715469344942
0.011026264246840271
0.00736370658208495
0.0036807316787416853
1.1915041623826658E-15
0.0036559938856959876
0.007265056556974253
0.010805428289308245
0.014255912122852113
0.017595998694535164
0.020805986110942518
0.02386709417238811
0.026761572296945788
0.02947280053486845
0.04211646144022273
0.03094217431441167
0.04015714755285829
0.06605342033990466
0.06277990311457805
0.07430294632640251
0.08233259873434608
0.09222910828781576
0.11183623290580215
0.11250083470437326
0.10312396215750613
0.11298921080109568
0.11281964406696122
0.09543209730466226
0.08603490247867178
0.07808887779357887
0.06726839424436207
0.06979839250192173
0.04151031890339669
0.02758346669079128
0.03726567726527922
0.02751732263936792
0.024830357014183832
0.022006789021948813
0.019064718399567044
0.016022861053659056
0.012900431665655718
0.009717023953108554
0.0064924893234950785
0.003246814662536356
1.2283466014424976E-15
0.0032280632073136794
0.006417712443585114
0.009549632433252532
0.012604970668223353
0.015565449480289227
0.018413474000506757
0.02113223537558421
0.023705808643461872
0.026119244705549948
0.02979012450591093
0.03933661926136944
0.03749957884725774
0.028458530473551527
0.02019643928531993
0.02942315768545459
0.0360430163267389
0.037562700726377865
0.04883656384637741
0.04834497803844864
0.06434830367501909
0.04747603498975609
0.04708418696386929
0.03694966449344575
0.0370872389861895
0.03172621326659589
0.015147352511964455
0.026079589014874543
0.03965407023719126
0.03913449984441488
0.02847404791320962
0.024613779935096645
0.02221910702400175
0.019700210362087658
0.01707317065595283
0.014354647114391071
0.011561772961429047
0.008712048594940588
0.0058232330499897395
0.0029132344336074735
1.9175191068062463E-15
0.0028985934653038064
0.005764848289296188
0.008581352929309475
0.011331086723560263
0.013997521750359057
0.0165647211919437
0.01901743362329173
0.021341182673571026
0.023522351538324496
0.026403367407513187
0.024442120334137268
0.03847970764548397
0.05298785888954147
0.05962220174149846
0.05599008048036064
0.065174009236932
0.0672882898921321
0.05530031956219876
0.054310804595331504
0.06726596947287748
0.051747381955649485
0.05017434423158746
0.061244257769203336
0.05858824183931804
0.048000580616276926
0.053184074188633516
0.04398365267861973
0.03385692192680402
0.02447262604645692
0.024245291488195483
0.022332853656681355
0.020166556388832402
0.01788605536620636
0.01550585727975707
0.01304101371229044
0.010507026791994748
0.007919752519504336
0.005295302366407425
0.002649943750818051
2.952510711736004E-15
0.0026382495895497715
0.0052486689873544505
0.007815363359247167
0.010322775102728351
0.012755777411733085
0.01509976481213908
0.01734074013054465
0.019465397382423574
0.0214612000928451
0.02402219386341266
0.03458850289548577
0.04011330770461941
0.03544362383641689
0.02524567321605869
0.046455284485506634
0.03951560972792857
0.037782429315100084
0.049873140648497044
0.05083086474730481
0.03452528426031987
0.052143584412105815
0.05250372091143076
0.04099473466551382
0.041256311479872035
0.049417863298630134
0.03234438571483989
0.04130140012359121
0.03889663702057681
0.0323419230124054
0.022437704550780757
0.020502305557442677
0.01851851851851393
0.01642875242294154
0.014246258644906107
0.011984803983148615
0.00965858444442174
0.007282136745882563
0.004870248084482639
0.0024378647295414256
2.671340405588835E-15
0.0024283578107916494
0.0048323370015068996
0.007197272964715155
0.009508797076713175
0.011752923439936598
0.013916132957618682
0.015985454238317612
0.017948540849477695
0.019793744462759277
0.02234533112850948
0.023434952874201883
0.011358892208086318
0.00943153894389762
0.020189371153448637
0.0011131737726824405
0.011004341326230568
0.010636432962664762
0.03606454280334155
0.036371378423496664
0.044375568864009854
0.036881668381680235
0.037085307720850044
0.011643095759109818
0.011411663522302936
0.003958726112846999
0.018165414457719506
0.008140398351849407
0.014042801903938446
0.02272847974624834
0.022857122152096124
0.019008557644273158
0.017173209640042566
0.015238710305112658
0.013217291849717972
0.01112167627822691
0.008964995797926723
0.006760710998606392
0.004522527309869916
0.00226431025177071
3.4090863673637777E-15
0.002256474210777949
0.004491279322588738
0.0066907628099778255
0.008841535644204328
0.010930553364365474
0.012945194766963177
0.014873337741866725
0.01670343180137226
0.018424566870805674
0.01760424573998764
0.023813440581224983
0.037771050690847116
0.04897072733361167
0.052697498658046696
0.049331378748304844
0.04284238356622043
0.0520679780646621
0.05538864983108963
0.055040705517756694
0.056142000377252047
0.053911997410565
0.05313319510192939
0.05003396173840986
0.04067291393694588
0.045940792728807675
0.051728603843474594
0.04484330000129205
0.0374060046784673
0.02185219458781978
0.01600398620038698
0.01777374660517116
0.016060791128663928
0.014254402945584763
0.01236597513683931
0.010407368373054442
0.008390836793722925
0.006328951709567821
0.004234523600872304
0.0021205228934372358
2.1817264469026547E-16
0.002113994882375257
0.004208491728060894
0.0062706799042014545
0.008287986175755874
0.010248151021483444
0.012139302799504125
0.013950029315997318
0.015669446367280144
0.01728726284573231
0.025482707466814008
0.020191613910937743
0.03273959733143068
0.01423327494391307
0.008219726543465674
0.017662371719224964
0.02742056784200404
0.019189784622052286
0.029068455034007602
0.02923919297791092
0.03703703703703694
0.029186658956861435
0.028954732133882027
0.02090165722554321
0.028824100030583284
0.019999898819713723
0.007298487148558142
0.020148399783953483
0.03426231123796389
0.01966979942633809
0.02629683021730455
0.01674277486948955
0.01513180846432375
0.013432231125053568
0.011654737426115969
0.009810470346243444
0.007910951711347066
0.00596801051053701
0.0039937095292410345
0.002000270752830043
3.3860937124589913E-15
0.0019947887508709418
0.0039718488790457755
0.005919076020938236
0.0078245818954643
0.009676766606717378
0.011464388985833969
0.013176634547165032
0.014803180649466827
0.016334258471108157
0.011363993486792828
0.019965455397580652
0.025148446656358545
0.012363430095068635
0.03231062209786056
0.019830746893479082
0.017124365834721714
0.016990822198335285
0.018888838554927522
0.019164429907997847
0.024707328926712194
0.01931507887540617
0.019196295792082114
0.015381936016605653
0.01560838532589872
0.01814866918136655
0.028947969487984216
0.00627941629645002
0.019548641356539054
0.02063997712473054
0.009911766386176947
0.015875622498044147
0.01435031925391727
0.012740489276205467
0.011056240820030275
0.009308114012791312
0.007507015135160251
0.0056641488206897435
0.0037909485941282762
0.0018990061775854847
1.139056842202219E-15
0.0018943766504767377
0.003772487390704441
0.005622823984445467
0.007434076627065496
0.009195202845305513
0.010895494593686304
0.012524643141225426
0.014072801356569615
0.015530643016464599
0.027595513777983107
0.018459959098224597
0.03045571085611467
0.04364715202819995
0.020329527064865714
0.029434845040677105
0.031142299900123405
0.037789664871927614
0.03166003462292902
0.031724402678448956
0.024266632939996053
0.031448348072591455
0.031109748251900448
0.03780238204311291
0.030141411493186835
0.029181037956183372
0.02122940010029439
0.04496856611569799
0.02912771411780839
0.018036485890910586
0.027553874603388425
0.015142585844549073
0.013689633232425969
0.012155621864998006
0.010550164881392356
0.008883293100555785
0.0071653925487600275
0.005407139946445889
0.0036194365538991394
0.0018133407843668702
6.447670399168936E-16
0.0018094180900293888
0.0036037940082453155
0.005372124644467387
0.007103590532064149
0.008787621854593683
0.010413962781399248
0.011972733741579781
0.013454491259357822
0.014850284989613348
0.006282111562492604
0.023282852981948283
0.012629890546587724
0.0059529836703848754
0.02244033686424329
0.01959225000955358
0.018067126843075924
0.009711311338216745
0.023809631503982392
0.0239792909294457
0.028761956674405776
0.02392914583194963
0.023707428687085412
0.010096269064353808
0.01893675656314218
0.0199163586540838
0.023113345766965738
0.006026723581231989
0.016707163528094267
0.02355047336569655
0.005578583801353521
0.014521222122822015
0.013129576318163286
0.011659817132514584
0.010121138014668195
0.008523137976575928
0.006875761877443057
0.005189238702477944
0.003474018218225722
0.001740706395813977
7.115217758130466E-15
0.001737379253521107
0.003460750568359359
0.005159539561484685
0.006823342980655544
0.00844199224995372
0.010005615456476817
0.011504697400997407
0.012930137348573836
0.014273304129178656
0.0259430139368365
0.015540788429669846
0.026278502809751417
0.033069222914139426
0.013773065122540501
0.02482294048896923
0.02058755938553711
0.02903288945860819
0.02074311859078777
0.020939856769050608
0.020595038980606765
0.02094061526057652
0.020744814519902486
0.028344387920160464
0.020281432776148276
0.024917605321281705
0.011707971913412087
0.02848957338185469
0.024947563776246868
0.01463796553987997
0.024950055899055832
0.013994328584075856
0.012654679837934718
0.011239413419896397
0.00975736646650599
0.008217771418265888
0.006630198648210587
0.00500449711499521
0.003350733407386865
0.0016791295566453831
4.534369787121733E-15
0.0016763119168728391
0.003339497508491984
0.004979345999429217
0.006585807068180226
0.008149052303005859
0.00965953519449024
0.011108049299682182
0.012485784224260488
0.01378437908290351
0.00624244045144025
0.021767075193229644
0.023436287042829965
0.018771744684813477
0.029132284187386885
0.015066896852686298
0.018983863523686244
0.019633891906226414
0.020054652048851908
0.02020261368794901
0.02075163691769977
0.020116935474221925
0.019884399596325257
0.020003346494036137
0.018109320265875264
0.01353975789980422
0.029337729189196898
0.021488428627891777
0.022443719232036124
0.020550119908663737
0.007202589288959319
0.01354857115844895
0.0122529509838834
0.010883816402488226
0.009449702303212773
0.007959530298470218
0.006422553345599053
0.004848298416956199
0.0032465075731365027
0.00162707780278911
6.9896390705503534E-15
0.0016247025454968983
0.0032370357671770863
0.00482709617189019
0.0063851315451513265
0.007901600640537187
0.009367231488449996
0.010773077968526109
0.01211057430155313
0.013371587129271879
0.020938977242326132
0.013304684924879333
0.016730043620081805
0.010433769051477566
0.010529460759155453
0.0320644509798589
0.0247127067282042
0.021584799995406117
0.021667684326047345
0.021820075159969747
0.017174099196754434
0.021760018024913747
0.02154989248800256
0.021001646526358043
0.02531681976467275
0.033089373913552024
0.011944435062169068
0.009075767878855865
0.015832864687388246
0.013938433192418866
0.01937657271773043
0.013173533359923172
0.011915019650556307
0.010584747402741571
0.009190996056045139
0.0077424247271558515
0.0062480185198680385
0.004717032902421264
0.003158936495762086
0.0015833526258725592
1.6847529471155933E-15
0.0015813671279550183
0.0031510189353893083
0.004699309784062941
0.006216737382103214
0.007694000992685705
0.009122058333464154
0.010492180819398058
0.011796006812020678
0.013025592550938601
0.010730941213309916
0.01515022154159924
0.016084039506969742
0.02652130624600169
0.021369841243459458
0.004020451841756973
0.01196705498820543
0.02152774849868549
0.02575182116000865
0.026025985629283124
0.033871382319309085
0.026228091686377155
0.02615540213804166
0.02181523440361439
0.01219394009746414
0.0031929817776736326
0.01907699085951494
0.02688016654974677
0.015309702564694886
0.01353337733703782
0.011912617796981452
0.0128610446759459
0.011633535736642024
0.010335712165389577
0.008975639047645208
0.0075617555188929155
0.006102822496009602
0.004607868489184767
0.0030861338289895606
0.001547013652561392
6.341419725212818E-16
0.001545376622717616
0.003079605855303168
0.004593255909149118
0.006077031449698873
0.0075218305803122975
0.008918800579126612
0.010259392048036085
0.011535411143217834
0.012739069568688933
0.014713037916183086
0.01864588236882788
0.018292993576847605
0.018966133847397374
0.021404034109528732
0.03088169870520483
0.02222095483561772
0.013877834127814306
0.011568544339997626
0.01159759643960364
0.012135577603795515
0.011339809988026948
0.011050073932070971
0.013305786745451038
0.021004233262960657
0.029365361183034757
0.02236355493936588
0.021104621772348172
0.018279228321101036
0.020119442858420107
0.013396546903266103
0.012604699581224047
0.01140273738290802
0.010131620185264078
0.008799235330313612
0.007413839913162003
0.0059840096968962996
0.004518586115977446
0.0030266216949482727
0.001517324219015413
4.014199646016048E-15
0.00151600341300325
0.003021354726478012
0.004506796245608727
0.005963200715934981
0.007381627315081065
0.008753376451611708
0.010070043035630116
0.011323567895698444
0.01250628702760918
0.01499455066930103
0.008969569147072384
0.015807868527929533
0.029613389950416184
0.011789199153251434
0.0176681860471465
0.025176247372509668
0.026955481533790945
0.026887187745519632
0.02700384796982551
0.025491615081566662
0.026899149986810273
0.026681249068564856
0.02728132354349971
0.02706671720586208
0.02044517124115362
0.012243334410248117
0.029845185463278436
0.016757014146442505
0.008024114782708607
0.01579357295235828
0.012399509771525688
0.011218138743396576
0.009968509378500837
0.008658364370335408
0.007295813132382555
0.005889281682095688
0.004447460615535131
0.0029792514937057217
0.0014937119704675414
4.061334937897106E-15
0.0014926825330986075
0.0029751464147053444
0.004438271585377795
0.005873063161211928
0.007270706647692082
0.008622622008379334
0.009920516256839871
0.011156434250423626
0.012322807374822255
0.011294231904481585
0.023243784061293578
0.012383409947388827
0.019996830427021398
0.018849755556298805
0.019075213455737497
0.010985352622208597
0.008791239279823036
0.027889414429634794
0.0282899518708352
0.0329283913737368
0.02880449328441324
0.02891641784082675
0.008752010548344949
0.009874942105362692
0.017656567965531004
0.017132193185462493
0.01742513860757167
0.01037219252545869
0.02334943336393336
0.011363843614301953
0.012241651830629705
0.011076303439828331
0.009843346313625469
0.008550408863435634
0.007205484406090709
0.005816881820230198
0.004393174290422446
0.00294314645445393
0.001475740279540609
8.537569177697084E-15
0.0014749835446410944
0.0029401288293600756
0.004386419477505972
0.00580495966613133
0.007187028762767269
0.008524134858663407
0.009808066870157194
0.011030944889173019
0.01218526847442927
0.017282454477212876
0.0063964862182213904
0.02238845571444747
0.028055939371815924
0.02060047484378377
0.03013413914157015
0.035327487734897016
0.0269350929467933
0.013525762712441916
0.013245161433481943
0.015249329894933992
0.012552975661492358
0.0121459767765097
0.02657227194100402
0.035125777078983324
0.029888999235684485
0.021958391201351214
0.027421498832278204
0.02314825567651732
0.006694255298596419
0.01744230782239974
0.012128285123693832
0.010974681112928888
0.009753882124999657
0.00847343058241296
0.007141233191073105
0.005765512186415852
0.004354754658457687
0.0029176602675231584
0.001463087672361469
7.617428251814739E-15
0.0014625903074008254
0.0029156769298847173
0.0043503150505634115
0.005757676340105168
0.007129103207221904
0.008456161982301758
0.009730694707837455
0.010944869218237264
0.012091227201860792
0.013227742858883439
0.0207556017277119
0.007099623577618267
0.005712818759294867
0.012107361183815434
0.006761838926717052
0.008154695742862043
0.013026153304043607
0.035186349889007394
0.03530388896563857
0.050956230443559195
0.03518854569421341
0.03495653552097561
0.013764187434205261
0.010722918669238617
0.007817823326782656
0.012775612030981688
0.007635773148523454
0.008043920461115506
0.019270666882858733
0.014083719373698754
0.012057423013997853
0.010911491925417552
0.009698550779598475
0.008426082790691172
0.007101936019149168
0.005734275035352281
0.004331530647311784
0.002902348001853925
0.001455533378034396
6.837196283115998E-16
0.001455286797778016
0.0029013647161413593
0.004329329608801835
0.005730390233523866
0.007095922300640887
0.008417521487011624
0.00968705509015913
0.010896712005368849
0.0120390507191514
0.01687092734570727
0.011039933744508094
0.019287503636113736
0.022352169577916935
0.021937094216802316
0.02325409908222529
0.029215112618954944
0.021894688581292426
0.01916144649316018
0.019610599698923262
0.004984764929637822
0.020311935227958957
0.020559054310206368
0.021511020359269512
0.02815753163955334
0.02187550823981002
0.020654458313124038
0.020420325505893
0.01690480405577169
0.012902036422419449
0.016350993577575978
0.012027846164571853
0.010885648950796259
0.009676400843694057
0.008407551610460674
0.0070869176238654834
0.005722633777819853
0.004323103446452997
0.002896946794170684
0.001452947753965504
