1.0
0.9989725854527305
0.9958941397184475
0.990776039814691
0.9836371918337673
0.9745039478168536
0.9634099899352766
0.9503961825331815
0.9355103927392279
0.91880728050507
0.9003480590739829
0.880200227023578
0.8584372731615431
0.8258807700304999
0.7553546905803084
0.6937106983130634
0.6399133512653842
0.6300237580670665
0.5915143541391488
0.5613987471158012
0.5304605141923973
0.498812361988564
0.46656958624556455
0.4432264815506085
0.39235531746863084
0.3839572288866384
0.3827356985624344
0.39293110327425584
0.3679847175672
0.3339538200796368
0.30020068627509566
0.2668332813211878
0.2339567767589836
0.2016731299197532
0.17008068053331038
0.13927376632762722
0.10934235931995498
0.08037172439209739
0.05244210162743647
0.025628413765296842
0.0
0.024379622781927762
0.047452970371682654
0.069168772403488
0.08948212364992628
0.10835460493099783
0.125754373271656
0.14165622109465514
0.15604160438810757
0.16889863993921195
0.1802220718765289
0.19001320791218052
0.19827982582151676
0.2142690001883735
0.2594921222140897
0.2876537413591523
0.31044732005131553
0.29365699618625085
0.3020678980727845
0.2995770100685648
0.29585772293561974
0.2909703256638511
0.28497990263139983
0.2682970408380343
0.27677167671673886
0.24847248731744612
0.2185497510284442
0.1715065404599789
0.15172847667181666
0.14055159595840264
0.12883908052317372
0.1166724524079366
0.1041334746462172
0.09130375337943868
0.07826434592779988
0.06509537670314816
0.05187566279556199
0.0386823510008129
0.02559056798265023
0.012673085182488787
8.204735987808892E-17
0.012361565328204843
0.02434774582752775
0.035898195646728435
0.046956328580889606
0.0574695362745664
0.06738938324713092
0.0766717780093532
0.08527711967004822
0.09317041956355217
0.1003213975620863
0.10670455287113888
0.11229920923996664
0.10792207370070978
0.09005956213043562
0.10909714096128678
0.12152817180139258
0.12809167643378686
0.1203292986301298
0.12103903832416575
0.12111613938782165
0.12057398178451917
0.11943425538087535
0.1269587456474919
0.12091754871763873
0.10654319612676215
0.08188816622324388
0.09273381302359045
0.09577043133222365
0.08919691902777928
0.0821971468073992
0.07482035430154799
0.0671171012123818
0.059138962311212975
0.050938221326004014
0.042567565380628655
0.0340797816274535
0.025527457685862353
0.016962687462070837
0.008436783880031457
8.960836374445785E-16
0.008298740059596679
0.01641209904919252
0.024294572090918603
0.03190271856496311
0.03919537927375669
0.046133877870154355
0.05268220563223886
0.05880718876800626
0.06447863753738978
0.06966947658610897
0.07435585599533735
0.07851724266229358
0.09124041702173862
0.11072489854335354
0.1025463952742273
0.1057442457148136
0.09575832143937782
0.10607069263654473
0.10532933575283919
0.10411832396365783
0.1024457511399092
0.10032461835233422
0.08694649343101551
0.0931453392595545
0.08947243504357627
0.09977422521521524
0.08348858667446536
0.07013989843314646
0.06548986096701331
0.06049987700365113
0.05520449656085755
0.049639640524937745
0.043842373363555585
0.03785067190997367
0.03170319158088291
0.02543903139090023
0.019097499119956063
0.012717877975441622
0.0063391960691475385
4.942865118176591E-16
0.006261866202463955
0.012409475561784821
0.01840702490262379
0.02422003275572992
0.02981552737365661
0.03516222387761015
0.040230689627297096
0.04499349698177978
0.049425362699366426
0.05350327330829091
0.05720659586665645
0.060517173619378986
0.054500490873915335
0.06325706050473079
0.08670032445975766
0.09798211919174267
0.10036296953987596
0.08812635288447773
0.08809586463860768
0.08763057051053401
0.08673339958993195
0.08541038287927434
0.09661323001882634
0.09324309825114947
0.08223725649849907
0.06114218739708372
0.04991937269581829
0.055479847234249674
0.051877279022177834
0.04799358665120146
0.04385524009181663
0.039489974235265866
0.03492661100534902
0.030194876749063654
0.025325216019944485
0.02034860287924148
0.015296350844884215
0.01019992261616007
0.005090740693766134
1.5465017373199773E-16
0.005041516417228574
0.010003617540091202
0.014856879372913422
0.01957281378612283
0.02412403027178673
0.028484389719773583
0.03262914937775097
0.03653509821676734
0.040180681986826526
0.043546117313200385
0.04661349425376691
0.0493668668101531
0.06067650829664082
0.05629627764743159
0.04442746285656029
0.04299558338041243
0.04462624568607631
0.05982662320267134
0.06070951279115379
0.06123725446217254
0.06141301712420143
0.06124218598166013
0.047038843786571076
0.04617204554537365
0.04560803007910876
0.05166505385314053
0.057542007522537
0.046017388331818454
0.04307047863746693
0.039883901941636615
0.03647909300014302
0.03287863137833097
0.02910609616760638
0.02518591587949116
0.021143214447611518
0.017003654284082736
0.012793277347069195
0.008538345181072065
0.004265178890456393
1.007444028515546E-15
0.004231226855953166
0.008402948491872226
0.012490174076165456
0.016468621510455157
0.020314858443545115
0.024006437118552982
0.027522022293951034
0.030841511525970415
0.03394614715006045
0.03681861935329926
0.039443159786785954
0.04180562522719387
0.03541113896201508
0.047039698526175795
0.043561832204123
0.0406388732029692
0.03849492397563059
0.023062991317141426
0.02268518638177494
0.022005580661421918
0.021026321307027522
0.019751529971376774
0.03347651268362376
0.03442417152812405
0.03768358104346399
0.04411521053109099
0.03331513725124518
0.0394263645736489
0.03692667386834149
0.0342177604633807
0.0313176505008978
0.02824540780962711
0.025021011314591522
0.02166522776058858
0.01819948054447513
0.014645715469343143
0.01102626424683914
0.007363706582083812
0.0036807316787403972
5.306844794927563E-16
0.003655993885695727
0.0072650565569716075
0.010805428289309632
0.0142559121228508
0.017595998694536076
0.020805986110942833
0.02386709417238805
0.026761572296946583
0.029472800534867716
0.03198538310894157
0.034285233964676816
0.03635965386519558
0.0467853674893557
0.04328326037052293
0.06322153035154277
0.07625193434101148
0.07565234851824015
0.0900702052137112
0.09065916746082953
0.09097270181782423
0.09101344489132444
0.0907858030087571
0.07659996786782189
0.0775649658118201
0.06433102689362555
0.044162994359041106
0.04509409960409648
0.03458922414218201
0.03241281085604746
0.030050316655058553
0.027517322639368274
0.02483035701418436
0.022006789021949597
0.019064718399566638
0.016022861053659604
0.01290043166565501
0.009717023953107144
0.00649248932349501
0.0032468146625351246
1.145374879391844E-16
0.003228063207315126
0.0064177124435880455
0.009549632433253928
0.012604970668222899
0.015565449480290058
0.018413474000504606
0.021132235375583397
0.02370580864346216
0.026119244705548134
0.028358655871708095
0.030411294495708296
0.03226562426294627
0.02607592169976065
0.02622516350672624
0.010729143462881048
0.01578204935812977
0.02997298664071982
0.043234453984343724
0.043831673414356086
0.04444650955654885
0.045071875993668006
0.04570438028015793
0.03366623553061018
0.02012576268817401
0.012744485031267107
0.023016319632939743
0.02495451431487518
0.03090243173086396
0.028969629458263826
0.026868828375115002
0.024613779935094462
0.02221910702400202
0.01970021036208619
0.017073170655954487
0.014354647114390783
0.011561772961431682
0.008712048594936241
0.005823233049990697
0.0029132344336073525
1.3645917531014982E-15
0.0028985934653020275
0.005764848289298866
0.008581352929305338
0.011331086723561298
0.013997521750359915
0.016564721191941616
0.019017433623295374
0.021341182673574828
0.02352235153832129
0.025548261854459096
0.02740724648622145
0.029088715809500374
0.03880855601469904
0.051098601604085095
0.05589308113273511
0.06753353776377871
0.06818569287559009
0.08306775837087048
0.08293801897573637
0.08265640104349184
0.0822275701047867
0.08165808044680735
0.06610329449436227
0.06438568153792218
0.052685504103989915
0.05187568007847153
0.03774555047146022
0.028011524569114345
0.026268079742020514
0.02437107680436253
0.022332853656681303
0.020166556388835855
0.017886055366207097
0.01550585727975853
0.013041013712296162
0.010507026791993198
0.00791975251950529
0.005295302366409348
0.0026499437508184496
2.402387442583426E-15
0.0026382495895464915
0.005248668987356363
0.007815363359243294
0.010322775102730443
0.012755777411732056
0.015099764812137892
0.017340740130547243
0.01946539738242384
0.021461200092844232
0.02331645459268085
0.025020377865607995
0.026563159556026842
0.020961417446341047
0.0064875266978887715
0.031558688495863456
0.04512954011733414
0.06394444467365308
0.0743521322750625
0.07465012011369272
0.07483175282567904
0.07489245255698058
0.07482949626083603
0.0649255198408716
0.04624275076156943
0.0331334910448127
0.0044676709202009154
0.02033183815761072
0.025694737479843223
0.02410201114996459
0.02236746098953236
0.0205023055574443
0.01851851851851749
0.016428752422941645
0.014246258644904006
0.011984803983149201
0.009658584444420124
0.00728213674588148
0.004870248084483263
0.0024378647295398214
1.975690765547089E-15
0.002428357810790892
0.004832337001505348
0.0071972729647174875
0.009508797076711406
0.011752923439938383
0.013916132957625494
0.015985454238324055
0.01794854084947581
0.019793744462758923
0.0215101834610257
0.023087806605615824
0.02451745139445865
0.03359382164751562
0.05103134610920604
0.024807223737130915
0.027784998797161887
0.03100736244840091
0.04372162664749759
0.0431348634613921
0.04255162278049924
0.0419760401556155
0.04141453355321408
0.027808888384446992
0.023703334632056327
0.021496176181954568
0.049948164686994714
0.032858330430188175
0.023806309798951705
0.022335777788468816
0.020733088768745935
0.01900855764427219
0.01717320964004395
0.015238710305111725
0.013217291849712586
0.011121676278229544
0.008964995797927257
0.006760710998607074
0.004522527309870458
0.0022643102517706367
1.6987988815099124E-15
0.00225647421077463
0.004491279322590866
0.006690762809975188
0.008841535644207895
0.010930553364366841
0.012945194766962287
0.014873337741865153
0.016703431801371856
0.018424566870800123
0.020026537933308636
0.0214999051481051
0.022836049090251477
0.01810135975110066
0.010923067076029039
0.034364652396353924
0.042840667746966085
0.05962502628906026
0.06650667941196263
0.0664635184631171
0.06625252226618766
0.06587287615934737
0.06532495198889957
0.058004908106388114
0.04122856082455263
0.03327443084142073
0.012614279820809076
0.017756918361841248
0.02224657896333288
0.02087655087877363
0.0193824153671302
0.017773746605170535
0.016060791128663206
0.014254402945589011
0.01236597513684295
0.010407368373056775
0.008390836793722952
0.006328951709566302
0.0042345236008675515
0.0021205228934410188
8.502476246047813E-16
0.002113994882375091
0.004208491728062966
0.006270679904201254
0.008287986175754991
0.010248151021479834
0.012139302799509035
0.013950029315999236
0.01566944636727935
0.01728726284573413
0.01879384202181483
0.020180258639177537
0.021438351486313647
0.029885418590562374
0.03982314500287234
0.026166860147082496
0.018411066162263606
0.007632474178175175
0.0011180852259925177
4.927870482972504E-4
5.939779324664427E-15
3.7589926514472043E-4
6.620786157462936E-4
0.009861856232683278
0.020547497047634696
0.028831506537116525
0.03758317928567404
0.029341362911202592
0.020945174511592512
0.019658737610332436
0.01825495116810324
0.016742774869490044
0.015131808464324987
0.013432231125050076
0.011654737426119216
0.009810470346245749
0.007910951711348167
0.005968010510535953
0.003993709529247215
0.0020002707528297913
1.6267649944808133E-15
0.0019947887508690652
0.003971848879047805
0.005919076020938232
0.007824581895465008
0.009676766606713799
0.011464388985832439
0.013176634547164586
0.014803180649466115
0.016334258471108063
0.017760711428656404
0.01907404969099727
0.020266500465851798
0.01658763777812477
0.019374816057317286
0.019489512917432242
0.022155550417212996
0.03153291914102671
0.03774610471265314
0.03761993713225052
0.03734508102087903
0.036921870473288536
0.03635159697406868
0.029407718441909033
0.02024910279576893
0.016939553294544447
0.02004362180961147
0.016420231644817925
0.019851074618273776
0.018634751619661376
0.017306785855206945
0.015875622498042447
0.014350319253919904
0.012740489276204574
0.011056240820026307
0.00930811401279017
0.007507015135160534
0.00566414882068497
0.0037909485941289693
0.0018990061775903927
1.5947951931479304E-15
0.0018943766504745322
0.0037724873907043375
0.005622823984443934
0.007434076627062973
0.009195202845305499
0.010895494593692306
0.012524643141224815
0.014072801356566154
0.015530643016463879
0.016889418781759355
0.01814100850586739
0.01927796956448263
0.027085814021624507
0.02532859818981443
0.03981042191596925
0.02898682456031112
0.02577936256102641
0.02094658146372045
0.021269011305012017
0.021444103101128445
0.021471453640073503
0.02135165764685501
0.026100114349470783
0.028503498598768863
0.03991552254096505
0.02362965099650257
0.026662959138614398
0.01892646590499548
0.017769308106984405
0.016505344286020157
0.015142585844552432
0.013689633232422685
0.012155621864995655
0.010550164881391395
0.008883293100554556
0.007165392548759773
0.005407139946450623
0.0036194365538951864
0.0018133407843689494
2.496936336428044E-15
0.0018094180900341682
0.0036037940082448063
0.005372124644473633
0.007103590532061768
0.008787621854597034
0.010413962781395912
0.011972733741581018
0.013454491259358829
0.014850284989616427
0.016151711609942
0.017350965245904237
0.018440884127873737
0.01592062170532907
0.021111413532864252
0.004258595898957451
0.020321213643718763
0.02027076884359074
0.022218146228645458
0.022403679321350765
0.022452308437607323
0.022363956827496846
0.022139410896105337
0.020954590802722578
0.021734472514181036
0.006100830188055436
0.020890805708023246
0.015866398238911453
0.01814281288280467
0.01703576891732137
0.01582602400083013
0.014521222122820308
0.01312957631816448
0.011659817132507647
0.010121138014665866
0.008523137976576825
0.006875761877445653
0.005189238702475242
0.003474018218218659
0.0017407063958150566
5.923916201219128E-15
0.0017373792535254238
0.0034607505683617486
0.005159539561486937
0.00682334298064483
0.008441992249956143
0.010005615456478626
0.011504697400998984
0.012930137348572752
0.014273304129169958
0.01552608825590902
0.016680950746744652
0.01773096835676416
0.024875472960004884
0.019040274452464527
0.03135000251973046
0.015387186654734632
0.021092113901061874
0.021184326872106817
0.02135737543887102
0.021398394420134643
0.021307371125520128
0.021085122125088687
0.020273939883673417
0.013678519921856251
0.02915706264157002
0.018988096306173995
0.024534107976681506
0.01747826378800714
0.016413728601431185
0.015249972865771741
0.01399432858408093
0.012654679837932621
0.011239413419890334
0.009757366466507123
0.008217771418267
0.00663019864821198
0.00500449711499807
0.0033507334073884284
0.001679129556642275
2.877674854060556E-15
0.0016763119168741222
0.0033394975084914055
0.004979345999423142
0.006585807068181902
0.008149052303017615
0.009659535194491808
0.011108049299674454
0.01248578422425916
0.01378437908291361
0.014995973114480554
0.016113253146080496
0.017129497620318478
0.01579875891153598
0.01851733252655129
0.019396295745515116
0.030437411012955707
0.026901225819390966
0.019523145449398722
0.01960170860396871
0.019548165702381125
0.019362557787741996
0.019045756737337473
0.02679068015723906
0.030566724068642914
0.020676090397382167
0.018106625642625274
0.015818301862174342
0.016915893288927873
0.015887378229222114
0.014762581844750766
0.013548571158449962
0.0122529509838877
0.010883816402483353
0.009449702303210905
0.00795953029847201
0.006422553345603119
0.00484829841696118
0.0032465075731334596
0.0016270778027886515
5.583589203169841E-15
0.001624702545492326
0.003237035767176334
0.00482709617189145
0.006385131545150447
0.007901600640541765
0.009367231488444063
0.010773077968524346
0.012110574301546002
0.013371587129262973
0.014548464866398311
0.015634084025900413
0.016621892237574227
0.023069079240185933
0.019080626988779145
0.014674288188663873
0.016489804448782855
0.015851529704502584
0.02810921091537591
0.028480668349414276
0.02872771526049038
0.028850066138937234
0.028848217200925102
0.016215074924648916
0.018017352162313073
0.013875730060507727
0.018816174452096865
0.022785268496500508
0.016442485557059176
0.01544437175768976
0.014352440193509253
0.013173533359922357
0.01191501965055612
0.010584747402744296
0.009190996056050563
0.0077424247271559365
0.006248018519871608
0.004717032902418215
0.0031589364957627635
0.0015833526258709004
6.342350594145057E-15
0.0015813671279542537
0.0031510189353842356
0.004699309784057763
0.0062167373821031165
0.007694000992689886
0.009122058333468934
0.01049218081939667
0.011796006812010493
0.013025592550937388
0.014173460457966521
0.015232644520594935
0.01619673248006333
0.016035896609095348
0.01799049556550754
0.02397181859303596
0.023579086298959693
0.02073523303689503
0.004390187479388712
0.004471170977509148
0.004452186337940092
0.004341284620923247
0.004151873765557644
0.020408237082194344
0.022149494798443626
0.02366750499012804
0.018487574262564324
0.01610506018323519
0.016047675986884558
0.01507502617165579
0.014010597974018815
0.012861044675936677
0.011633535736636287
0.010335712165389036
0.008975639047641922
0.007561755518893001
0.006102822496016283
0.004607868489187109
0.0030861338289872036
0.001547013652550902
5.320709068860091E-15
0.0015453766227226753
0.003079605855296432
0.0045932559091503775
0.006077031449694572
0.00752183058031089
0.008918800579124628
0.010259392048029656
0.011535411143217508
0.012739069568691168
0.0138630320282396
0.014900460847376007
0.0158450574941268
0.021553024502631597
0.014707737664100563
0.019916184033326883
0.02467987268956646
0.020584325416651752
0.03979159227210398
0.04001879391309315
0.04012780312253908
0.04011914336955871
0.0399941845765918
0.020517261836786864
0.02433940333884941
0.021143930659193705
0.013629937327841095
0.021311745937255856
0.015723337082123992
0.014771748995777862
0.013730038049238301
0.012604699581221951
0.011402737382912745
0.010131620185263996
0.008799235330316443
0.007413839913163997
0.005984009696896215
0.004518586115970248
0.0030266216949519763
0.001517324219017866
1.64913270441519E-15
0.001516003413003058
0.0030213547264760407
0.004506796245606121
0.005963200715941968
0.007381627315090343
0.00875337645160521
0.01007004303563488
0.011323567895694135
0.012506287027601887
0.013610978374992555
0.014630905856406471
0.015559860370936096
0.016519382106375498
0.02322495800323921
0.017826414114057082
0.016064237213167305
0.028610775302829326
0.02291778174593448
0.023213681181836768
0.023480540600573814
0.023714926548588384
0.023915231953040496
0.029906153340179396
0.017163790960270493
0.016719867148234077
0.024156600446805097
0.01662393919962554
0.015463134670323874
0.014528624515101307
0.013505294387050651
0.012399509771530261
0.0112181387433993
0.009968509378500134
0.0086583643703305
0.007295813132392004
0.005889281682096916
0.004447460615534894
0.0029792514937011395
0.0014937119704683563
1.6092504587896016E-15
0.0014926825330963663
0.0029751464147039536
0.0044382715853886106
0.005873063161205607
0.0072707066476914465
0.00862262200837954
0.009920516256843709
0.011156434250423408
0.012322807374821488
0.013412499822270248
0.014418852180570723
0.01533572206730511
0.020255512329246328
0.009465076482099828
0.0255005225157014
0.012358888410924739
0.01170317862038078
0.033606898931445396
0.03350516010197901
0.033327757582903225
0.03307611481755788
0.032752855749544355
0.010485685727196237
0.010513338044737934
0.02547480359258827
0.00982947614783665
0.02004723496554952
0.015262205901331455
0.014341113543077887
0.013332175107203081
0.012241651830625613
0.011076303439816465
0.009843346313628648
0.008550408863447965
0.007205484406092958
0.005816881820236789
0.004393174290418828
0.0029431464544581896
0.0014757402795374929
8.630368194205863E-15
0.0014749835446422463
0.0029401288293639106
0.0043864194775053485
0.005804959666128898
0.0071870287627692365
0.008524134858665208
0.009808066870149923
0.011030944889173059
0.012185268474429344
0.013263962587794376
0.014260420895056742
0.015168546166194096
0.017184513981618077
0.02800737089730114
0.011409611186080719
0.031915522562396555
0.042288899900006845
0.034349071063487856
0.034493675693239946
0.03454451701106927
0.034499346782402254
0.03435694794677406
0.042703983763119194
0.03321469757712593
0.011367739834225189
0.028281849531327435
0.017316756872562702
0.015116926671636223
0.014205836626887345
0.01320756255050548
0.012128285123689636
0.010974681112936483
0.009753882125005834
0.008473430582408606
0.007141233191069425
0.0057655121864225
0.004354754658462377
0.0029176602675224906
0.0014630876723634315
4.648572905720709E-15
0.0014625903074102292
0.0029156769298856007
0.004350315050563176
0.005757676340099373
0.00712910320721818
0.00845616198229947
0.009730694707839481
0.010944869218246603
0.012091227201865055
0.01316272995077074
0.01415280151808797
0.01505536901859898
0.01913147112341363
0.01717950778011463
0.022208635405789556
0.017265647762405686
0.01494222766204615
0.012265658899198456
0.0121519692359866
0.01198560512863764
0.011761163076933206
0.011475465243796095
0.01677322122286731
0.01959315570842794
0.02147439457665679
0.018746437034507128
0.01895041650721075
0.015024746775896557
0.014120420498249164
0.013129271780948137
0.012057423014000857
0.01091149192541288
0.009698550779606952
0.008426082790698085
0.00710193601915388
0.005734275035345708
0.004331530647313175
0.002902348001858614
0.0014555333780313577
1.3705588802295936E-15
0.0014552867977812042
0.002901364716142491
0.004329329608798301
0.005730390233525424
0.0070959223006307436
0.008417521487007014
0.00968705509016008
0.01089671200536949
0.012039050719149546
0.01310704502455291
0.014094127177912426
0.014994228232282577
0.01799841097842681
0.02677595991805794
0.015115709025156458
0.035933465068194836
0.03800536916856413
0.024030620534007563
0.0239550133330588
0.023763884687009882
0.02345686566469402
0.023034315395358756
0.036861343810595505
0.0351330809986321
0.015904002969670997
0.025956090198604388
0.018155061040525715
0.014984078339834311
0.014083394332790624
0.013095955155907764
0.012027846164577426
0.010885648950797506
0.00967640084369551
0.008407551610462105
0.007086917623868128
0.005722633777817843
0.004323103446450186
0.0028969467941591487
0.0014529477539652225
