1.0
0.9989725854527263
0.995894139718443
0.9907760398146876
0.9836371918337652
0.9745039478168499
0.9634099899352727
0.9503961825331791
0.9355103927392261
0.9188072805050678
0.9003480590739802
0.8802002270235738
0.8310239798619562
0.7710089407758184
0.7094025430620838
0.7014920750798918
0.6833298153537403
0.6364153828350496
0.597469352587874
0.5576997995136819
0.5080239710356917
0.4942314571290816
0.4707544078440728
0.4470082360730401
0.43173198064811075
0.3888252613241589
0.33756460280858047
0.3403021567218072
0.3422534015031692
0.33395382007963553
0.3002006862750952
0.2668332813211867
0.23395677675898274
0.2016731299197525
0.17008068053330955
0.1392737663276267
0.10934235931995455
0.08037172439209729
0.05244210162743666
0.025628413765297047
2.0888660460679435E-16
0.024379622781927637
0.04745297037168228
0.06916877240348793
0.08948212364992587
0.10835460493099743
0.12575437327165578
0.14165622109465487
0.15604160438810757
0.16889863993921142
0.18022207187652925
0.19001320791218018
0.2203867355756707
0.25888268724580055
0.2998466749932557
0.29032461688775535
0.2848007369696353
0.30284579679275686
0.31291353917472847
0.32024349936709157
0.3340526509211561
0.31277485020020046
0.2981022015872863
0.28064425434802437
0.25613133909051833
0.25475410463658266
0.2559741015392561
0.20998608146337816
0.1703203233083391
0.1405515959584023
0.1288390805231732
0.11667245240793692
0.10413347464621663
0.0913037533794378
0.07826434592779988
0.06509537670314829
0.05187566279556186
0.03868235100081228
0.02559056798264985
0.012673085182488327
2.172467085445862E-16
0.012361565328205423
0.024347745827528463
0.03589819564672863
0.046956328580889294
0.05746953627456634
0.06738938324713133
0.07667177800935188
0.08527711967004804
0.09317041956355213
0.100321397562086
0.10670455287113866
0.10565881688336413
0.0833655986664731
0.054697941718598125
0.06179133011666046
0.07100722721658363
0.05581603106859152
0.044369710809916425
0.0353488288133002
0.025599169009886114
0.03353348841653744
0.0407817661559866
0.05076382091078092
0.06432039701223499
0.05423046055838251
0.04919908038372695
0.07661279062621823
0.09533564067347684
0.0891969190277799
0.08219714680739872
0.07482035430154851
0.06711710121238258
0.05913896231121324
0.05093822132600432
0.04256756538062824
0.03407978162745237
0.025527457685863147
0.016962687462071607
0.008436783880032555
9.623787635437402E-16
0.00829874005959589
0.016412099049191376
0.024294572090918017
0.03190271856496305
0.03919537927375674
0.04613387787015434
0.05268220563223925
0.058807188768006856
0.06447863753738943
0.06966947658610859
0.07435585599533812
0.07883028858143423
0.09121451035045645
0.12485526272176971
0.1336610962850519
0.13432918407285138
0.1468464283815519
0.16209816186602194
0.1708490269281328
0.18124410341261313
0.16871808410379452
0.15787669476815308
0.14032432531480526
0.12646097240251747
0.12299950090920249
0.10947399554146037
0.07506861280583017
0.0654881576032853
0.06548986096701274
0.06049987700365088
0.0552044965608563
0.049639640524936635
0.04384237336355535
0.037850671909972614
0.031703191580882265
0.025439031390899668
0.01909749911995561
0.012717877975441301
0.006339196069147997
5.0251819358906E-16
0.00626186620246379
0.012409475561785814
0.018407024902623845
0.024220032755729818
0.029815527373656
0.035162223877610185
0.04023068962729712
0.04499349698177978
0.049425362699365795
0.053503273308290265
0.05720659586665563
0.0790942439877493
0.0786810554567593
0.053460307425257834
0.041776251707147376
0.044202676045873086
0.03355753258464848
0.021233107078119394
0.012848740941349976
0.018518518518517824
0.012963760367413046
0.021514907511107993
0.03407817381713015
0.04390321246504237
0.04265866281608793
0.05625326549120473
0.08123105521193535
0.07661137159553502
0.05187727902217788
0.047993586651200584
0.04385524009181582
0.03948997423526619
0.03492661100535021
0.030194876749065753
0.025325216019945005
0.02034860287924194
0.015296350844885143
0.01019992261616025
0.0050907406937653775
3.4087340387150507E-16
0.005041516417228941
0.01000361754009238
0.014856879372911238
0.01957281378612319
0.024124030271786223
0.02848438971977402
0.0326291493777512
0.036535098216767405
0.040180681986826366
0.04354611731320122
0.0466134942537672
0.028014317633132443
0.02825059157372221
0.04593674015474623
0.0648884188176828
0.07199087454956471
0.07756222535685942
0.09193145664268215
0.10032847840686222
0.10373380058032435
0.09883192137446518
0.08896518304784524
0.07369496103693068
0.06735666385623572
0.05857514248440897
0.03894830094439569
0.02558731904403651
0.022766838998478704
0.04307047863746742
0.03988390194163665
0.03647909300014309
0.032878631378331066
0.029106096167606375
0.025185915879489575
0.021143214447610057
0.017003654284083514
0.012793277347068416
0.008538345181073126
0.00426517889045619
3.6236880754398504E-16
0.004231226855954214
0.008402948491872227
0.012490174076166009
0.016468621510453887
0.020314858443545348
0.02400643711855198
0.027522022293951984
0.03084151152596986
0.033946147150062146
0.03681861935330008
0.03944315978678612
0.06464378904513263
0.08536841374115632
0.06517121760451959
0.05188156532293254
0.04546353206997492
0.04750598154538073
0.036215221836057125
0.028077016016294355
0.0293800706745644
0.028627550471795025
0.03726930610055682
0.0487098976969744
0.045790464415601265
0.05292741250736912
0.06466581218394735
0.0835968043703048
0.06089918453126934
0.03692667386834015
0.03421776046338086
0.03131765050089778
0.02824540780962786
0.025021011314591918
0.021665227760588726
0.018199480544475972
0.01464571546934028
0.011026264246839364
0.007363706582084899
0.0036807316787431997
0.0
0.0036559938856947608
0.007265056556971725
0.010805428289310493
0.014255912122851887
0.017595998694535642
0.02080598611094465
0.023867094172387048
0.026761572296945268
0.029472800534866315
0.031985383108939426
0.034285233964673936
0.023861567862320854
0.026163768940259954
0.021561147570512685
0.028443568388046316
0.03822392639981568
0.04203970100924104
0.040261346465421705
0.04860930975069195
0.047307312342767464
0.0475487348126915
0.03812882789349923
0.040761539795151715
0.036450638417152056
0.026156029747316838
0.021284801545694083
0.02578435781900658
0.02689724650043766
0.03241281085604638
0.030050316655056815
0.027517322639369096
0.024830357014184783
0.022006789021949483
0.019064718399568935
0.016022861053655597
0.012900431665655483
0.009717023953106876
0.006492489323495552
0.003246814662535573
5.506423995363885E-16
0.0032280632073156405
0.0064177124435884315
0.009549632433256865
0.012604970668225371
0.015565449480291291
0.01841347400050537
0.021132235375584972
0.02370580864346468
0.026119244705548456
0.028358655871713545
0.030411294495709913
0.04348034808705734
0.06308697329033526
0.05005859013121663
0.05380996091365839
0.04658209225351306
0.05854836277969873
0.05650078532282765
0.04937765719207068
0.050161490657894534
0.04982814709769383
0.057346845860335754
0.058796606776911994
0.04628720788487231
0.05290853276426958
0.046080861106466184
0.056971824650062126
0.03877015711741269
0.028969629458262713
0.026868828375115596
0.02461377993509424
0.022219107024004058
0.019700210362088813
0.017073170655951958
0.014354647114387695
0.011561772961431328
0.008712048594940338
0.005823233049990233
0.0029132344336084593
2.4078400345107216E-16
0.002898593465297813
0.00576484828929742
0.008581352929305345
0.01133108672356319
0.013997521750359397
0.016564721191939566
0.01901743362329494
0.021341182673570037
0.023522351538322217
0.02554826185445469
0.027407246486222822
0.03649467110226873
0.02474475693993274
0.027500147398785715
0.0201735341843839
0.030113045680017127
0.03293767459704227
0.008951656349932025
0.018197784928185835
0.019650259588430526
0.017820379772735893
0.008329659762969592
0.03244846802818906
0.029966927653575455
0.02022409287216769
0.02942821491226334
0.02594446331265067
0.037747629761903795
0.026268079742022967
0.024371076804360788
0.02233285365668114
0.020166556388835362
0.017886055366204388
0.015505857279756261
0.013041013712294575
0.01050702679199629
0.00791975251950256
0.005295302366409305
0.002649943750817556
7.301984940164432E-16
0.0026382495895489896
0.00524866898735658
0.007815363359244452
0.010322775102731024
0.01275577741173523
0.015099764812139031
0.01734074013054688
0.0194653973824253
0.021461200092843444
0.023316454592686504
0.025020377865605663
0.020656024184640902
0.028571016426542546
0.024827242535747533
0.04083751819434892
0.03965218632291764
0.05477209664794968
0.0675364124070938
0.061314896868474446
0.05870560957071365
0.06143596937102134
0.06772823380286648
0.05397526648692568
0.03855365457188857
0.03859387530285417
0.022325890031601705
0.023932085884989757
0.016862556622594338
0.02410201114996392
0.02236746098953242
0.020502305557442285
0.018518518518520485
0.016428752422941468
0.014246258644901755
0.011984803983148279
0.009658584444422058
0.007282136745881793
0.004870248084482488
0.0024378647295435567
4.261759668216518E-15
0.0024283578107869622
0.0048323370015065596
0.007197272964719868
0.009508797076711864
0.011752923439938572
0.0139161329576207
0.015985454238321664
0.01794854084947669
0.01979374446276058
0.021510183461024384
0.023087806605618006
0.03787041521209495
0.03378452808064898
0.03759963932121277
0.02420405496982677
0.02830610882678374
0.02301205218660332
0.012251233345989248
0.014994946535836686
0.01960114453331428
0.015028127075483245
0.012441430983082428
0.022008771538785873
0.028005453133540345
0.025148064204461022
0.03788824920799786
0.034596484462822596
0.03681155490973199
0.022335777788460628
0.02073308876874577
0.01900855764427309
0.017173209640044287
0.01523871030511283
0.013217291849714258
0.01112167627822582
0.008964995797926634
0.00676071099860597
0.004522527309869424
0.002264310251768905
3.6364460392175455E-15
0.0022564742107759796
0.004491279322588384
0.006690762809974441
0.008841535644205959
0.010930553364366559
0.012945194766962365
0.014873337741865536
0.016703431801371883
0.01842456687080303
0.020026537933308608
0.02149990514810502
0.011298004338062407
0.014972192683470335
0.017189949561370023
0.023956670562388354
0.028373880901893574
0.042723747623238426
0.06490346670794533
0.059414211872382106
0.05023485182791103
0.059205118426074975
0.06444841717182705
0.041948555859156696
0.02748528678923375
0.02243010006163928
0.01719117950344834
0.01525681037085827
0.012624312005180851
0.020876550878776306
0.019382415367130697
0.017773746605173255
0.016060791128662252
0.014254402945589714
0.012365975136843812
0.010407368373057106
0.00839083679371857
0.006328951709569906
0.004234523600869949
0.002120522893440947
3.5512126317784253E-15
0.002113994882374582
0.0042084917280626865
0.006270679904201657
0.008287986175756254
0.010248151021481135
0.012139302799507827
0.013950029315998527
0.01566944636728085
0.01728726284573256
0.018793842021815447
0.020180258639176704
0.029603929967198912
0.030677157621417584
0.03162901330888979
0.03117169353693585
0.025053895385338056
0.012442857578181954
0.009703852607525416
0.013152287978724272
0.018518518518522716
0.01303708962554263
0.009270427651761632
0.012334744209085534
0.024764062982025558
0.03165741591649746
0.0295149999317914
0.02845996753377348
0.027374754042634005
0.019658737610335156
0.01825495116810375
0.016742774869489087
0.015131808464324964
0.013432231125051626
0.0116547374261188
0.009810470346241773
0.00791095171134941
0.005968010510534164
0.003993709529247983
0.002000270752828861
2.420247837002823E-15
0.0019947887508698836
0.003971848879048326
0.0059190760209350025
0.007824581895461372
0.00967676660671494
0.011464388985834547
0.013176634547166404
0.014803180649465337
0.016334258471110606
0.01776071142865496
0.019074049690996273
0.018922408019160442
0.019987020856908354
0.020377051318076808
0.01749101933397443
0.02474786338371613
0.037660318196243325
0.05199003216699182
0.04690972552676262
0.03162222422069723
0.046521910850440114
0.05120550664137371
0.03768814329191645
0.024956325960550967
0.017357157066770667
0.021523048332574818
0.02143388942807745
0.01993022026436454
0.01863475161966408
0.017306785855207445
0.015875622498042183
0.014350319253920087
0.012740489276206723
0.011056240820025185
0.00930811401278978
0.007507015135160593
0.005664148820683755
0.0037909485941296697
0.0018990061775912364
2.116669985916921E-15
0.0018943766504775127
0.0037724873907052183
0.005622823984444795
0.007434076627063098
0.009195202845304718
0.010895494593689216
0.012524643141227615
0.014072801356565533
0.01553064301646516
0.016889418781760698
0.01814100850586555
0.019190449011742626
0.01652396509361785
0.0186391323643478
0.030604659030359686
0.02240986081426884
0.017558892000517554
0.002714034234702149
0.011316923972692764
0.024039951426309512
0.011422510763974828
0.0033236404160449555
0.018032946769456448
0.0221151559687036
0.029834036020622862
0.017657213465916165
0.014463149575167776
0.01780732036173226
0.017769308106981758
0.01650534428602458
0.01514258584455336
0.013689633232425424
0.012155621864995487
0.010550164881390123
0.008883293100557575
0.007165392548762169
0.005407139946452828
0.0036194365538985214
0.0018133407843691114
3.4984323667263916E-15
0.0018094180900308217
0.003603794008246966
0.005372124644470307
0.007103590532063968
0.008787621854598289
0.010413962781398875
0.011972733741571697
0.013454491259358764
0.014850284989619572
0.016151711609941024
0.01735096524590665
0.020700513282980122
0.02734629823937394
0.02715656236226484
0.01748849064469443
0.027331196934561257
0.038145946942099176
0.03643035150787797
0.03116301136366198
0.01883034950542764
0.030794067085744146
0.03572256002342962
0.03799675545330582
0.02742235995153221
0.01766062706933728
0.027444925051998584
0.027936073179909652
0.020165618407395686
0.0170357689173179
0.015826024000835166
0.014521222122820207
0.013129576318166395
0.01165981713250868
0.010121138014665883
0.00852313797657658
0.006875761877445008
0.0051892387024765575
0.003474018218221896
0.0017407063958136291
5.9814210895735235E-15
0.0017373792535241434
0.0034607505683601596
0.005159539561488333
0.006823342980654427
0.008441992249955656
0.010005615456472562
0.01150469740099914
0.012930137348571165
0.01427330412917397
0.015526088255910054
0.016680950746744153
0.01649113113220335
0.009317551879717605
0.016507624517411463
0.022258497817593825
0.018725414661601793
0.02021049074316707
0.015467274115164251
0.019122185167526746
0.033300176866473505
0.019340245168623715
0.016021521806925815
0.020118395823838196
0.018333022678726336
0.021185745542111348
0.016504032977202234
0.009007996324697938
0.016920113779181966
0.016413728601432625
0.01524997286577405
0.013994328584079169
0.012654679837933605
0.011239413419891008
0.00975736646651275
0.008217771418267608
0.006630198648214132
0.005004497114998499
0.0033507334073906796
0.0016791295566423042
2.0888108178632807E-15
0.0016763119168747647
0.003339497508483316
0.0049793459994189986
0.0065858070681821075
0.008149052303016982
0.009659535194491746
0.011108049299679344
0.012485784224255787
0.013784379082909188
0.014995973114481958
0.016113253146076527
0.0165824850929959
0.026946521679101516
0.02357238283846376
0.02058492735300922
0.025306516827390844
0.03203476680614686
0.024845299703558362
0.018929949980708058
0.02103937463318772
0.018698139311080032
0.02440760441572861
0.031240031083510596
0.02476813779771953
0.021149494739128083
0.022225939407395784
0.026325120975848423
0.01573305015457068
0.015887378229224102
0.014762581844747545
0.013548571158452214
0.012252950983886238
0.010883816402481813
0.009449702303207843
0.007959530298470638
0.0064225533456001285
0.0048482984169615035
0.003246507573136851
0.0016270778027909752
2.3814047773371357E-15
0.001624702545493547
0.003237035767177419
0.004827096171890859
0.00638513154515581
0.00790160064054643
0.009367231488449812
0.010773077968529048
0.012110574301540755
0.013371587129262919
0.014548464866400188
0.01563408402589929
0.018475125011591032
0.011944250055816064
0.01755739340888608
0.017163701055346932
0.017256089470243152
0.0192243902356577
0.023524375162295028
0.02582774562136765
0.03440035612247086
0.02593074257041204
0.02374838943270636
0.01938056762189315
0.017554106794826555
0.0171097412972837
0.01816977553681052
0.013339891248069086
0.018457243607136006
0.015444371757690189
0.014352440193515151
0.013173533359921158
0.011915019650558549
0.010584747402741103
0.009190996056051514
0.007742424727159754
0.006248018519872239
0.004717032902416604
0.0031589364957627197
0.0015833526258679374
2.0699798934062574E-15
0.001581367127948451
0.003151018935384466
0.004699309784056524
0.0062167373821032535
0.007694000992690496
0.009122058333468155
0.01049218081940569
0.011796006812017092
0.013025592550939123
0.014173460457962276
0.015232644520592038
0.015238999480067877
0.025098229657309346
0.016661496165211946
0.023702027016352586
0.01850054851706686
0.019597714144491758
0.017785403956674727
0.012464480728321787
0.02113325138690569
0.012380240316064599
0.017502719132578382
0.018633333678100536
0.017755967574012817
0.023697671920352985
0.016504738405240246
0.02525945631869868
0.015974820727527844
0.01507502617164957
0.014010597974016433
0.012861044675942079
0.011633535736641509
0.010335712165392287
0.008975639047644597
0.007561755518894949
0.006102822496016031
0.004607868489192186
0.0030861338289852602
0.0015470136525524713
5.632059926819631E-15
0.0015453766227213738
0.003079605855296799
0.004593255909152256
0.006077031449695343
0.0075218305803099374
0.008918800579127603
0.01025939204802874
0.011535411143219175
0.012739069568691159
0.013863032028235666
0.014900460847377351
0.015908231268680857
0.018428854934386753
0.021855175034414094
0.017522042948477406
0.022755305372332287
0.024777231913179425
0.025195197589220588
0.027769724038951303
0.025990400550882423
0.027775613361865747
0.02515580760726891
0.025326273076602786
0.02339125309018409
0.017500855433865235
0.02206539659395773
0.018616782869523386
0.014680551296564509
0.014771748995775361
0.01373003804923445
0.012604699581216173
0.011402737382909183
0.010131620185263803
0.008799235330315408
0.007413839913165757
0.005984009696892895
0.004518586115969876
0.0030266216949558977
0.0015173242190131824
5.6996225337777614E-15
0.0015160034129999033
0.0030213547264763547
0.004506796245602019
0.005963200715944414
0.007381627315092873
0.008753376451608261
0.010070043035636524
0.011323567895695719
0.01250628702760442
0.013610978374998868
0.014630905856400011
0.020336299912725123
0.02510218647917374
0.017212621969150233
0.020862868396671976
0.012038017601992537
0.009290776551724321
0.013748644992786932
0.012986603033569967
0.01851851851852184
0.013101254311932613
0.013678994885476707
0.008834961018105656
0.011568873185938135
0.020210907278269536
0.017153995523870282
0.024587407161635617
0.021352833782299067
0.014528624515095723
0.013505294387048169
0.012399509771535373
0.011218138743397955
0.009968509378503264
0.008658364370335334
0.007295813132383385
0.005889281682091059
0.004447460615534834
0.0029792514937056155
0.001493711970466564
2.1227747243943567E-15
0.0014926825330977811
0.002975146414707929
0.004438271585385439
0.005873063161204012
0.0072707066476937095
0.008622622008377783
0.009920516256841214
0.011156434250420283
0.01232280737481999
0.013412499822264107
0.014418852180573963
0.008702593802013658
0.014573969143567022
0.0193549782884477
0.01712007043426864
0.026880109479325655
0.029613607423120386
0.02362129495411911
0.02762390672534928
0.018550172645244764
0.027621078956418917
0.023533343553998953
0.029653889023329574
0.026922898998586804
0.017179979952841155
0.018503618598151438
0.013200155132277073
0.007550888851226106
0.014341113543081077
0.013332175107202904
0.01224165183062652
0.011076303439812763
0.009843346313629523
0.008550408863452156
0.0072054844060929
0.0058168818202349246
0.004393174290422699
0.0029431464544578166
0.001475740279539036
5.158003310239817E-15
0.0014749835446431125
0.002940128829369192
0.0043864194775092465
0.005804959666127256
0.007187028762768221
0.008524134858667041
0.009808066870150692
0.011030944889173565
0.01218526847442869
0.013263962587794107
0.01426042089506177
0.023455032502440777
0.02119071884242673
0.016559000177458632
0.017127838372814026
0.009804110924575494
0.007662202420398523
0.015392425693638348
0.019407263999874403
0.022363794813410387
0.01958280585483208
0.015599270479673676
0.007927233173720861
0.009979414982923396
0.017120321646848322
0.016752141667321568
0.020683850069982027
0.02335007340588525
0.014205836626895047
0.013207562550507139
0.012128285123689868
0.010974681112944609
0.009753882125001096
0.00847343058240929
0.007141233191075535
0.005765512186421543
0.004354754658460929
0.002917660267527583
0.0014630876723622118
4.358808375545166E-15
0.0014625903074030994
0.0029156769298919593
0.004350315050561818
0.005757676340103639
0.00712910320722265
0.008456161982300257
0.0097306947078401
0.010944869218248086
0.012091227201860325
0.013162729950769893
0.014152801518089113
0.009880311591017066
0.012536086332232488
0.016769161024884165
0.018784289648054103
0.023910887586229203
0.025787584325344656
0.022111738041136635
0.027463683355899306
0.022980279339902477
0.027446891112725025
0.022035949337456263
0.025164545152486877
0.0232480804938642
0.019040107280211264
0.01716564018650575
0.013806745536218355
0.01168353230407264
0.014120420498244555
0.01312927178095072
0.012057423013998059
0.010911491925409309
0.009698550779604652
0.008426082790695658
0.007101936019154099
0.0057342750353462195
0.004331530647311009
0.0029023480018584742
0.0014555333780365116
4.497896375674046E-15
0.0014552867977837114
0.0029013647161401255
0.004329329608804292
0.005730390233526088
0.007095922300625366
0.008417521487003133
0.009687055090148316
0.010896712005367988
0.012039050719147544
0.013107045024556133
0.014094127177917823
0.02020584686425126
0.019436278117716737
0.018843136985844274
0.01895145051135676
0.015076412978430702
0.014958964219804964
0.01961478245963151
0.02521364257818461
0.026305310341738795
0.025314548238600673
0.01978955320250986
0.015738894564194614
0.015904677994412853
0.019198468370965772
0.018972964069765272
0.018954047783388415
0.01879900832900927
0.014083394332788372
0.013095955155907418
0.012027846164581087
0.010885648950797246
0.00967640084369446
0.008407551610462612
0.007086917623867035
0.0057226337778138485
0.004323103446454047
0.0028969467941626116
0.001452947753957305
