1.0
0.9989725854527299
0.9958941397184465
0.9907760398146904
0.9836371918337675
0.9745039478168517
0.963409989935274
0.9503961825331814
0.9355103927392286
0.9188072805050698
0.872726479149407
0.8342570576807242
0.7666357864434802
0.725615072022445
0.6826239928682509
0.6387245578482154
0.6206599207693669
0.549006746267438
0.5206314961525905
0.49160032506481544
0.4619628278186341
0.4300060956921634
0.3973653250254193
0.3641443260544376
0.371751131652338
0.3296353299837878
0.3132417007801964
0.29789442018459417
0.27966005507556535
0.2902836989789865
0.27390250547019973
0.2668332813211873
0.23395677675898346
0.20167312991975303
0.17008068053330958
0.13927376632762678
0.10934235931995474
0.08037172439209736
0.05244210162743642
0.02562841376529674
0.0
0.024379622781927474
0.04745297037168229
0.06916877240348757
0.08948212364992693
0.10835460493099783
0.12575437327165587
0.14165622109465487
0.15604160438810832
0.16889863993921184
0.20474878862554252
0.23042672232402206
0.2766048171892319
0.29184144304818377
0.3145890669601616
0.3296482901608774
0.3260303605346145
0.35083519527245693
0.34886153174148554
0.3408353564826415
0.33166097431364416
0.33020353342068065
0.32819508815269055
0.3200437597962608
0.2908402462458209
0.28513674617079504
0.2651622600047028
0.2360335366414955
0.22063465562676754
0.17682731555981357
0.15063551409503123
0.11667245240793654
0.1041334746462165
0.09130375337943784
0.07826434592779971
0.06509537670314862
0.051875662795561925
0.03868235100081218
0.02559056798265039
0.012673085182488483
1.8803536851566795E-16
0.012361565328205473
0.024347745827527745
0.03589819564672797
0.0469563285808892
0.05746953627456635
0.06738938324713055
0.07667177800935146
0.085277119670047
0.09317041956355278
0.086518931737692
0.0878523238303623
0.06083034996197536
0.07310127540423993
0.0619257765421548
0.06117692237195794
0.06661260943549657
0.08783946146822297
0.10382255015854275
0.10538609742586648
0.10826171247857283
0.10538370655756199
0.10410129266607156
0.0889000996907849
0.0664062661552014
0.06338206498012237
0.061547101661823485
0.07321551027936823
0.05715346964749885
0.07991051437646601
0.07452580730539747
0.07482035430154864
0.0671171012123823
0.05913896231121352
0.05093822132600403
0.0425675653806274
0.034079781627453
0.02552745768586311
0.01696268746207077
0.008436783880031875
5.185023694543535E-16
0.008298740059596287
0.016412099049192292
0.024294572090917833
0.031902718564962664
0.03919537927375605
0.04613387787015426
0.05268220563223905
0.05880718876800632
0.06447863753738932
0.0803562810723074
0.09223922993847786
0.09796169225343641
0.08404376994121658
0.10321032770088474
0.09885302251561322
0.10355076573699187
0.07992869065457207
0.07496797153729731
0.07382035016627292
0.07519300628849443
0.0710802011804311
0.06733541024599478
0.06989853817225597
0.09067164947331888
0.08187899815401127
0.08506622000355764
0.06400158022060955
0.07704179242920917
0.07749126565870432
0.06690225058281601
0.05520449656085678
0.04963964052493713
0.043842373363554885
0.037850671909972884
0.031703191580882514
0.0254390313908998
0.019097499119956274
0.01271787797544128
0.006339196069147526
6.210543014740457E-16
0.006261866202463533
0.012409475561784532
0.0184070249026249
0.024220032755730578
0.029815527373657724
0.0351622238776096
0.040230689627295854
0.044993496981779
0.04942536269936669
0.06286162035821707
0.07232914762074132
0.07157409560470368
0.0925249396232539
0.07884998591820466
0.09216776848062623
0.09451001807136235
0.11934778493290801
0.12116659749646774
0.11715940832299863
0.11160462633130022
0.11724026606754515
0.12179560167355709
0.12070091424534739
0.09751231972136637
0.09348268265465152
0.08033748359419464
0.0944613419236413
0.07604930486085099
0.07079558289170364
0.06151075083191857
0.04385524009181527
0.03948997423526497
0.03492661100534899
0.030194876749064556
0.02532521601994485
0.020348602879241073
0.015296350844884718
0.010199922616160607
0.00509074069376343
3.7133126498321573E-16
0.005041516417228765
0.01000361754009048
0.014856879372913129
0.019572813786121655
0.024124030271784152
0.028484389719772886
0.03262914937774847
0.03653509821677013
0.040180681986827775
0.03674090339177905
0.03939917094185228
0.021394463488764386
0.03030642472304818
0.034995686868646604
0.027070033056336644
0.05875837931025581
0.0820303192610066
0.08863642172881664
0.09541675877412407
0.09839505219572235
0.09577783327409739
0.09058548151284589
0.08338958095624997
0.060513117181366004
0.02920963084720149
0.033442292606949635
0.0307999482765324
0.015461929290378394
0.031235053567417806
0.028888131328725312
0.03647909300014216
0.03287863137832947
0.029106096167607256
0.025185915879489658
0.021143214447610383
0.01700365428408266
0.012793277347067667
0.008538345181070398
0.004265178890455648
2.872558130327333E-15
0.004231226855951982
0.008402948491872888
0.01249017407616495
0.016468621510456676
0.02031485844354398
0.02400643711855443
0.02752202229395106
0.03084151152597007
0.033946147150062514
0.05741004928477243
0.06192992668699168
0.08006635578735402
0.07882340619782664
0.06456795075298008
0.07900727292322407
0.09477690370933682
0.0962287336447398
0.09840959372786162
0.08779398141416928
0.07194118537126334
0.08657726621221934
0.09547743628310892
0.09186491818638713
0.09094496738917597
0.0758354188771524
0.05858997574910727
0.0714484326796652
0.07690947223863598
0.058296152046533226
0.05553283698170921
0.03131765050089719
0.0282454078096254
0.025021011314590565
0.021665227760586936
0.0181994805444762
0.01464571546934143
0.011026264246840872
0.007363706582084972
0.0036807316787430956
1.2879120449899443E-15
0.003655993885694072
0.007265056556972476
0.010805428289310186
0.014255912122851412
0.017595998694535153
0.020805986110944138
0.023867094172387415
0.02676157229694401
0.0294728005348664
0.01153542367550162
0.015698842594982186
0.013405819071375847
0.028784181307306013
0.03584613122827728
0.06020119138521428
0.05650760559650903
0.05473768827892386
0.07260630852699818
0.06034098058591449
0.0418354511565197
0.05886923854196832
0.06967329939755955
0.05044416095183036
0.05420205452147334
0.06312252435307072
0.03762861231239549
0.02901683617687691
0.01494510664419464
0.015791587802043944
0.009312298132860969
0.027517322639369075
0.02483035701418444
0.022006789021949538
0.019064718399567318
0.016022861053657116
0.012900431665654813
0.00971702395310722
0.006492489323493556
0.0032468146625332507
1.2108989309612615E-15
0.0032280632073154337
0.006417712443586007
0.009549632433254521
0.012604970668226
0.015565449480290957
0.018413474000507746
0.021132235375584493
0.02370580864346484
0.02611924470554835
0.04796186133367797
0.043571186199248824
0.05271178153876713
0.03824458463782434
0.030886113175436415
0.05838708904712065
0.04069551027023758
0.0602379705968911
0.0533692268514953
0.07434235291560905
0.09163838176935213
0.07478731740491305
0.05341962911184788
0.06048288658261072
0.035501471644460283
0.055104046959126636
0.02934556011681089
0.03417354956565811
0.04557529305736527
0.03911867103640548
0.044864429321108915
0.02461377993509398
0.022219107024004318
0.019700210362084032
0.017073170655950144
0.01435464711438711
0.011561772961432086
0.008712048594942828
0.005823233049988275
0.0029132344336109204
1.5044131346470803E-15
0.002898593465300712
0.005764848289295148
0.008581352929306531
0.0113310867235655
0.01399752175035979
0.01656472119193886
0.019017433623296165
0.021341182673568902
0.02352235153832088
0.015192173356153629
0.021674873442370915
0.028987778781267664
0.03130017976630047
0.042818737855735256
0.05251094505238843
0.04421326282655151
0.01577196276618349
0.019949067649967914
0.04009440127681753
0.0561411876540305
0.04045495448279827
0.01887450390920615
0.015853294457705273
0.0450751437187994
0.04707065665952055
0.04159293050818378
0.030353207515419027
0.032664212642254956
0.022968813112017768
0.017978958928701157
0.02233285365668031
0.020166556388830723
0.017886055366203246
0.015505857279755694
0.01304101371229029
0.010507026791997462
0.007919752519504728
0.005295302366406132
0.0026499437508152738
1.6613812680576428E-15
0.002638249589545916
0.0052486689873549475
0.007815363359246782
0.010322775102727959
0.012755777411733876
0.015099764812141182
0.01734074013054483
0.019465397382425444
0.021461200092845644
0.03445979356442249
0.026369962501343325
0.02389849321171775
0.02845490779475139
0.027392288176513735
0.030015710937612357
0.033314822285522835
0.053029384989506406
0.05874682404924494
0.06723764456456104
0.0751739014018835
0.06618657633084371
0.057810963101497415
0.050439782629281255
0.03548364413848668
0.031183519701942483
0.0269150296811742
0.028879381891481915
0.02126883441130663
0.02422102313315752
0.030812010923645442
0.020502305557443472
0.018518518518522126
0.01642875242294245
0.014246258644902272
0.011984803983148743
0.009658584444420143
0.007282136745883701
0.0048702480844797
0.002437864729540181
3.337243330078127E-15
0.002428357810793148
0.004832337001506674
0.00719727296471802
0.009508797076712696
0.011752923439939361
0.013916132957624196
0.015985454238320485
0.0179485408494776
0.01979374446276178
0.024109029761311258
0.02343173295870289
0.03864528283557353
0.025498932504688373
0.02769579844995666
0.0339423385132488
0.052675946719714754
0.040888582813149416
0.026823015115969892
0.0503345119477839
0.06613473805631591
0.05054756900033495
0.028055101574397
0.043818983994152426
0.052697572696946346
0.03863745116258246
0.026128170340673856
0.026662692953717336
0.03754598371238639
0.022432781008173544
0.025261530246006112
0.019008557644276794
0.017173209640047246
0.015238710305113973
0.013217291849712706
0.011121676278225974
0.008964995797926069
0.0067607109986051505
0.0045225273098714715
0.0022643102517684458
2.958628241894901E-16
0.002256474210775484
0.00449127932258686
0.00669076280997377
0.008841535644209335
0.010930553364367355
0.01294519476696441
0.014873337741864591
0.016703431801371918
0.018424566870799023
0.020326971345272667
0.023839216107244775
0.019895536290960154
0.03477240552811998
0.027450534176512754
0.058543473073231087
0.041898566035754266
0.010116250538328965
0.016273632902316697
0.010120684929643835
0.010282531993808285
0.00872967169898478
0.01368120099154011
0.009188233380179477
0.041340278396987395
0.060215769059449135
0.027720685114155194
0.035513767482817746
0.02119669359652295
0.025036124190450145
0.0172996736476015
0.017773746605173932
0.016060791128661878
0.014254402945587113
0.012365975136842988
0.0104073683730563
0.0083908367937218
0.006328951709566336
0.004234523600866897
0.0021205228934419633
1.190580014017588E-15
0.002113994882376378
0.00420849172806511
0.0062706799042007025
0.00828798617575523
0.010248151021482329
0.012139302799506405
0.013950029315999438
0.01566944636728213
0.01728726284573477
0.02611137187531423
0.016062124905723806
0.026517407870948168
0.0343177073540375
0.026745603741244902
0.05788743559578768
0.0460315370679517
0.06609872235595521
0.05328291708271128
0.05403337618127075
0.05856069741052569
0.05378448741870184
0.054044634121811194
0.06593244447402283
0.04474272416247261
0.05732004417153908
0.02667575589638938
0.034309476168428485
0.023355617536320705
0.013679691344727412
0.025615323537373055
0.016742774869491255
0.015131808464320573
0.01343223112505357
0.011654737426117355
0.00981047034624478
0.00791095171134989
0.005968010510533862
0.0039937095292459585
0.002000270752830384
1.7883433847411988E-15
0.0019947887508674164
0.0039718488790439705
0.005919076020933688
0.007824581895462056
0.009676766606714519
0.011464388985835745
0.013176634547161604
0.014803180649465094
0.01633425847110695
0.011532858205695063
0.02895184253642071
0.028582833038632665
0.029303969490059513
0.02336174820906445
0.044252547653012404
0.03353763565362788
0.027439247347901496
0.027080310551130825
0.022204332541031935
0.03214369166545175
0.02235197956967189
0.027906699239081914
0.02827262577856179
0.03282715363673549
0.03916845737703953
0.022156344095786963
0.02644405154172919
0.02981296187862526
0.029491602252150684
0.011126505979073501
0.01587562249804148
0.014350319253919035
0.012740489276204553
0.011056240820025067
0.009308114012785366
0.0075070151351595065
0.005664148820682775
0.0037909485941300886
0.0018990061775889188
4.053503949926013E-15
0.0018943766504774047
0.0037724873907075997
0.005622823984446751
0.007434076627066987
0.00919520284530354
0.010895494593695414
0.012524643141227101
0.014072801356570158
0.015530643016466459
0.022392917780122423
0.0067028408511095846
0.015410285994559311
0.02606876933028988
0.021357167110377533
0.04282472109471724
0.028291756392225743
0.03891026127523114
0.04597604350363382
0.030906759496869468
0.02288524708330963
0.030336734330222607
0.044598116517802655
0.03544613137809896
0.025916680282951916
0.04088479012503833
0.020472597108924805
0.023871596240808254
0.014895814830162647
0.006433555461559593
0.020941564271485434
0.015142585844554808
0.013689633232423707
0.012155621865001007
0.01055016488139154
0.008883293100557502
0.007165392548764319
0.005407139946447771
0.003619436553902291
0.0018133407843641256
2.816693015874869E-15
0.0018094180900312211
0.0036037940082471595
0.005372124644469643
0.007103590532063475
0.008787621854600977
0.010413962781397307
0.011972733741576055
0.013454491259357482
0.014850284989617678
0.012956885548177702
0.02834954185297825
0.027523789223298692
0.018632770170039063
0.02394373715867314
0.006958885985471085
0.0319339749038174
0.033712018620742856
0.02339664611182821
0.01914448147898389
0.022127958987823805
0.019120546701088748
0.022548202015246578
0.03376329639076475
0.032399241116797574
0.0066549078659782135
0.024997134763065823
0.018823989569410945
0.025137986151161276
0.027178086458137872
0.01380219543806356
0.014521222122824902
0.013129576318168211
0.011659817132505726
0.010121138014669066
0.008523137976577165
0.006875761877452847
0.005189238702476115
0.003474018218226929
0.0017407063958163377
8.470893985695526E-15
0.0017373792535192488
0.0034607505683577097
0.005159539561487988
0.006823342980655194
0.008441992249958716
0.010005615456476432
0.011504697400998784
0.01293013734857436
0.014273304129173851
0.01661083914946131
0.011527200384968328
0.01905772261276139
0.018237584219279165
0.017745124115509558
0.030380050192763217
0.00735221951388953
0.012138061439461277
0.02840092577385033
0.03249539827681454
0.034082781298340525
0.032764230203062086
0.02866869455809425
0.013636117034859792
0.007692712300103984
0.028591834437969102
0.017149777092743825
0.018038266094054928
0.021433746219615548
0.013208475092860729
0.01553001999882142
0.013994328584072664
0.012654679837932859
0.01123941341989031
0.009757366466512447
0.008217771418268552
0.006630198648217126
0.005004497114994809
0.00335073340738623
0.0016791295566428322
2.6424903339445156E-15
0.0016763119168706996
0.003339497508484867
0.004979345999420892
0.006585807068180465
0.00814905230301517
0.00965953519448775
0.011108049299680282
0.012485784224258814
0.013784379082906697
0.015191191386393157
0.021170640621460925
0.012704908647336127
0.0172884551739511
0.023559725061368917
0.019389846853698114
0.0349106450059447
0.021779936066030636
0.009852147267627957
0.020031024957185842
0.020960847068126395
0.02002229330279469
0.009561510422417058
0.019920743842141334
0.03451380335705491
0.02071589698213445
0.02200191610956475
0.016066487592835806
0.010033194828191396
0.019190827536063437
0.015116130851324548
0.013548571158449936
0.012252950983881713
0.010883816402489515
0.00944970230321217
0.00795953029847072
0.006422553345603512
0.004848298416961518
0.003246507573137532
0.0016270778027924178
2.1649416440505193E-15
0.0016247025454918177
0.0032370357671759747
0.004827096171892534
0.00638513154515675
0.007901600640546702
0.00936723148845459
0.010773077968528489
0.01211057430154672
0.013371587129267982
0.014685818021446188
0.01688046598742272
0.030380993438499464
0.023633463780488587
0.018623507474243458
0.015262982714037572
0.021656947699112587
0.02737912429087034
0.02968490139735096
0.029922791613036803
0.029300962857591165
0.029563843786957943
0.029027083739731355
0.027904000793402804
0.022931211529482305
0.013942547608501752
0.020209666553143463
0.02578787045635338
0.0314306268376922
0.01718257601699787
0.015224016945676811
0.013173533359917148
0.011915019650554635
0.010584747402745408
0.00919099605604323
0.007742424727150367
0.00624801851987522
0.004717032902417214
0.0031589364957609538
0.0015833526258707373
4.1337469517651206E-16
0.00158136712795316
0.003151018935389848
0.004699309784057963
0.00621673738210268
0.0076940009926890415
0.009122058333466
0.010492180819403691
0.01179600681201438
0.01302559255094393
0.013190585048051703
0.014185728906231723
0.0050874756693589695
0.01218362324056295
0.013463677060399314
0.025892757446447787
0.022688664058675395
0.02439413703066857
0.025790903251809816
0.025020209130569376
0.028412282155915153
0.025298725784365497
0.027314843237727475
0.026628805157655314
0.02071736448307245
0.0260392822108092
0.012628095352989673
0.011775329706319811
0.004748966276713877
0.013851399689666418
0.012051341513855415
0.012861044675943307
0.011633535736646447
0.010335712165391413
0.008975639047642904
0.007561755518897386
0.0061028224960161985
0.0046078684891857815
0.0030861338289804373
0.0015470136525524922
1.001562730141853E-14
0.001545376622717702
0.0030796058552956364
0.004593255909147435
0.006077031449699392
0.007521830580311416
0.008918800579130332
0.01025939204803172
0.011535411143216262
0.012739069568690729
0.018018756293092766
0.015583470340826466
0.028119525763765096
0.030692102966856146
0.02582310003922472
0.011473764932257173
0.02965093432530114
0.027489712825139217
0.011729833692941683
0.014407066351620848
0.024410284665047837
0.014065704935080667
0.011210543393053685
0.026702384449563722
0.029834313286043815
0.011870637766010793
0.025307688804660722
0.029787048831353916
0.0256642833715783
0.014477178133405358
0.018982176985704095
0.012604699581220957
0.011402737382907325
0.01013162018525598
0.008799235330311546
0.007413839913160673
0.005984009696894527
0.004518586115967512
0.0030266216949594265
0.0015173242190157665
8.486566462202749E-15
0.0015160034129999172
0.00302135472647678
0.004506796245607537
0.005963200715943893
0.007381627315092549
0.008753376451610678
0.010070043035633965
0.011323567895696789
0.01250628702760397
0.007880852790078842
0.0164046249960017
0.010284284655401743
0.009035984611910538
0.012525394983228773
0.026364973695023795
0.007482471853999438
0.04176133091565719
0.046486126996001756
0.035981174022283485
0.023999113526095503
0.03622941865441464
0.04656842475735076
0.04168329474523528
0.007754214294480379
0.026558699595529707
0.013893234075335364
0.009960844034619607
0.012958607323961915
0.01756274756332531
0.006649723855022066
0.012399509771524054
0.011218138743397676
0.009968509378495456
0.00865836437033132
0.007295813132384538
0.0058892816820986715
0.004447460615541397
0.0029792514937085905
0.0014937119704690057
2.950556152526044E-15
0.0014926825330968624
0.0029751464147045356
0.0044382715853807245
0.005873063161208754
0.007270706647694444
0.00862262200837281
0.009920516256842177
0.011156434250425245
0.01232280737481961
0.020932129862555666
0.00998924163269652
0.014005372449024682
0.01848832450721761
0.015443955071269597
0.014946232547071649
0.02519383191770644
0.008118515234950205
0.005756813553836535
0.006775181331048067
0.008729904913981852
0.006848629414460089
0.005190305946039915
0.006434367516698932
0.02406080742325843
0.014898107605235378
0.013391786126251533
0.01571754663679696
0.011604390856339011
0.009119928080386579
0.021131041602184892
0.012241651830627776
0.011076303439820275
0.00984334631363446
0.008550408863447916
0.0072054844060943845
0.005816881820231921
0.004393174290416321
0.002943146454455785
0.0014757402795338003
1.321363033676777E-14
0.0014749835446429284
0.002940128829361981
0.004386419477506647
0.0058049596661267555
0.007187028762771406
0.008524134858663069
0.009808066870153075
0.011030944889169789
0.012185268474434956
0.006819425888623822
0.02036679458424272
0.021348023265032913
0.020626807634854305
0.024244933067235738
0.026230572622249048
0.01647658425484259
0.02981484744699192
0.03025147613887539
0.042753505581088994
0.05431239930737898
0.0427490353912177
0.02896444960949081
0.02847282682948842
0.017330024677418687
0.025709146247530037
0.025241963919195996
0.02213363806542926
0.02208106979497426
0.020579181757434242
0.008250346890758112
0.01212828512368547
0.010974681112930745
0.009753882125007317
0.008473430582415141
0.007141233191074389
0.00576551218642067
0.004354754658459826
0.0029176602675240345
0.001463087672364202
1.0728444351202505E-14
0.001462590307399946
0.0029156769298891256
0.00435031505056346
0.005757676340103736
0.007129103207219424
0.008456161982295285
0.009730694707841707
0.010944869218239853
0.012091227201865028
0.020120855164297468
0.010846746731198462
0.008228901710792087
0.00881347513944152
0.007871619699591124
0.012389629885178124
0.016161897009961165
0.01465642294517538
0.018396838539694413
0.013204067520985819
0.024352586813985035
0.013471413989861614
0.019420116343666662
0.01545453634486597
0.01624125683877379
0.012544911402443994
0.00847689442657209
0.009214547828024253
0.009093139142656501
0.012369433730337135
0.019248869740851385
0.01205742301400453
0.01091149192541184
0.00969855077960693
0.008426082790692346
0.007101936019152212
0.005734275035341491
0.0043315306473017045
0.0029023480018456763
0.0014555333780329233
6.852201103369619E-15
0.0014552867977770242
0.0029013647161383427
0.004329329608792498
0.0057303902335334965
0.007095922300627461
0.008417521487009957
0.009687055090164392
0.01089671200536759
0.01203905071914839
0.013557129408322374
0.018844029248734576
0.01859344871799788
0.019906397950845277
0.021181047458537678
0.019758144395660593
0.02083775280995115
0.01822852975859296
0.02422114010515486
0.0316699550139326
0.048451054419334644
0.0311602506174512
0.024664426474507943
0.018098071705235842
0.020641743591305897
0.018715455941218657
0.01910615244488412
0.017863935050727014
0.01658648783969155
0.0176807137456924
0.015246817921865203
0.012027846164580604
0.010885648950794538
0.009676400843697985
0.008407551610459802
0.007086917623861326
0.005722633777816221
0.004323103446453681
0.002896946794170063
0.0014529477539618535
