1.0
0.9989725854527283
0.995894139718445
0.990776039814692
0.9836371918337687
0.9745039478168512
0.9634099899352749
0.9503961825331823
0.9355103927392299
0.9188072805050693
0.9003480590739807
0.8802002270235767
0.8216402807581894
0.7542333773527116
0.686994017670786
0.6800362161265547
0.6707070015908364
0.6481498570094172
0.6004115796278523
0.5609996229053742
0.5300041382258707
0.4982912845982415
0.4752077723750495
0.46090381980093087
0.4266194306841927
0.37930650712571506
0.32975493798428945
0.32981529006137755
0.3323164867806858
0.3339538200796372
0.3002006862750952
0.2668332813211875
0.23395677675898283
0.2016731299197535
0.1700806805333099
0.13927376632762756
0.10934235931995452
0.08037172439209717
0.052442101627436705
0.025628413765297273
0.0
0.024379622781927252
0.04745297037168231
0.0691687724034877
0.0894821236499256
0.10835460493099792
0.12575437327165517
0.14165622109465448
0.1560416043881074
0.16889863993921175
0.1802220718765294
0.1900132079121807
0.23164786934509457
0.26106698207765544
0.28509605438943453
0.26878872815301524
0.2573406050665444
0.2748496264558011
0.2910868938869442
0.2977719222598132
0.29397276082986623
0.2889879807318775
0.2736463311145299
0.2492679127195455
0.218742767364903
0.21956580747823976
0.22733046977644017
0.20606355956078687
0.1828080382191097
0.14055159595840197
0.12883908052317317
0.11667245240793687
0.10413347464621692
0.0913037533794383
0.07826434592779997
0.06509537670314722
0.0518756627955617
0.03868235100081249
0.0255905679826498
0.012673085182488802
1.518216167094304E-16
0.012361565328205669
0.02434774582752979
0.03589819564672791
0.04695632858088963
0.057469536274566746
0.06738938324713199
0.07667177800935356
0.08527711967004933
0.09317041956355214
0.1003213975620868
0.10670455287113895
0.09133043110231834
0.11718047631070762
0.14081836849523452
0.15032004339030244
0.1425403314688699
0.12510991442068922
0.10833193183017613
0.10120080551874257
0.10113115861345565
0.10035999922358546
0.10671195708685907
0.12281125449686744
0.13490381184616013
0.1413150373393425
0.13052418555482934
0.1088263745411339
0.08040810518800413
0.08919691902778094
0.08219714680739876
0.07482035430154858
0.06711710121238221
0.05913896231121364
0.050938221326003785
0.042567565380628884
0.03407978162745258
0.025527457685863363
0.01696268746207142
0.008436783880032992
4.515708251995834E-16
0.008298740059597232
0.0164120990491923
0.02429457209091773
0.03190271856496209
0.03919537927375541
0.04613387787015402
0.05268220563223843
0.05880718876800722
0.06447863753738889
0.0696694765861076
0.0743558559953384
0.09723339492454135
0.08163358620616688
0.07318196338040193
0.06801775109008679
0.08219142718484045
0.07531884562610233
0.09004642793377216
0.09883547735562295
0.0978364209576978
0.09631020746097246
0.08503837140245832
0.06750791226693446
0.08434394524546936
0.07059057604908722
0.07229198648348949
0.07309982467345504
0.08527673149471655
0.06548986096701255
0.0604998770036514
0.055204496560856846
0.049639640524937134
0.04384237336355556
0.03785067190997347
0.03170319158088195
0.025439031390899546
0.01909749911995626
0.012717877975441104
0.0063391960691471655
3.357528776049328E-16
0.0062618662024632125
0.01240947556178561
0.01840702490262477
0.024220032755730633
0.02981552737365646
0.035162223877608284
0.040230689627298206
0.04499349698177977
0.04942536269936611
0.05350327330828973
0.05720659586665599
0.06624080176470316
0.06054006916606886
0.05155204094475195
0.05706655796679491
0.057904663252223515
0.09733541277355695
0.08508746126868408
0.07623112619538382
0.07619240326245875
0.07574185566178729
0.08409482431377124
0.09471853914157245
0.050623776342536404
0.046150437270603244
0.04106354356786433
0.05121413961568465
0.06512756410184753
0.051877279022177716
0.047993586651200994
0.043855240091817294
0.03948997423526717
0.0349266110053486
0.03019487674906605
0.0253252160199452
0.0203486028792418
0.015296350844883823
0.010199922616159648
0.005090740693764633
1.0511608608281144E-15
0.0050415164172293095
0.010003617540091178
0.014856879372912468
0.019572813786122627
0.024124030271787562
0.028484389719773417
0.03262914937775276
0.0365350982167664
0.040180681986826075
0.04354611731320095
0.04661349425376572
0.049824055063065385
0.06851181510262197
0.07898889808974338
0.0842029884184329
0.0867940153236392
0.0712147983428934
0.09013687717695233
0.09642951606280392
0.09723320371904712
0.09773896264184213
0.09283680919001372
0.07531270394441275
0.08300547337353349
0.08023029539349372
0.07382155986160438
0.06653751619300047
0.04296631492237673
0.043070478637466686
0.03988390194163695
0.03647909300014217
0.032878631378332066
0.02910609616760691
0.025185915879488055
0.02114321444760924
0.017003654284083902
0.012793277347069261
0.008538345181072502
0.004265178890456824
5.678921221278174E-16
0.004231226855953946
0.008402948491872932
0.01249017407616499
0.016468621510455264
0.020314858443545854
0.024006437118550703
0.02752202229395039
0.030841511525969003
0.03394614715006056
0.03681861935329903
0.039443159786786454
0.06058722732218854
0.049988205756790194
0.045137368189399805
0.03190376621162992
0.03264271313131739
0.05763337339838251
0.06564894454950407
0.061508875840146734
0.061316010455616514
0.06112777426089358
0.06447557834482226
0.05444079226677659
0.03331103644322147
0.03287367023322733
0.04634974180582493
0.05460258290626791
0.05901457971445073
0.03692667386834015
0.03421776046338129
0.03131765050089666
0.02824540780962804
0.025021011314592164
0.02166522776058815
0.018199480544475323
0.014645715469341652
0.011026264246840395
0.007363706582083593
0.0036807316787425136
1.275025864291568E-15
0.003655993885694427
0.007265056556971943
0.010805428289308408
0.014255912122851015
0.017595998694536423
0.020805986110944318
0.023867094172387485
0.02676157229694795
0.02947280053486738
0.031985383108940564
0.03428523396467579
0.02179694214490296
0.03578774487032692
0.03760937240998191
0.05288070786879687
0.06830310263253572
0.10206126660872797
0.1175504376491201
0.12417803936344322
0.12422410792366917
0.12400495720887329
0.11709193800454454
0.1018893355477916
0.07047944767574917
0.05418361852131369
0.03767620253630881
0.026335595712709877
0.018292037776383063
0.032412810856047865
0.03005031665505947
0.027517322639368996
0.02483035701418659
0.02200678902194819
0.019064718399569257
0.016022861053656915
0.012900431665656182
0.0097170239531079
0.006492489323495493
0.003246814662537249
7.32660836091746E-16
0.0032280632073134496
0.0064177124435894186
0.0095496324332539
0.01260497066822227
0.015565449480290906
0.01841347400050561
0.021132235375585
0.023705808643462105
0.026119244705548515
0.028358655871708868
0.030411294495707338
0.05057126820786745
0.05794288621566974
0.026864301976209242
0.013811380440729357
0.018550248916327297
0.01889536484599845
0.032250222864572055
0.036558498201594354
0.03601221423767785
0.035689022546442156
0.03007696215153959
0.017188710888237556
0.014704190779968063
0.008823379294554184
0.02159063024213439
0.05374619198141625
0.04800778464711303
0.02896962945826308
0.02686882837511697
0.024613779935094896
0.022219107024003218
0.019700210362088088
0.017073170655951243
0.01435464711438818
0.011561772961430235
0.008712048594939618
0.005823233049989403
0.002913234433607667
9.617813167636652E-16
0.0028985934652983663
0.005764848289299937
0.008581352929306134
0.011331086723559205
0.01399752175036007
0.016564721191945176
0.019017433623293327
0.021341182673573263
0.02352235153832522
0.025548261854460082
0.0274072464862204
0.014350892910973759
0.02521520625195484
0.04893188091514422
0.06583658411730724
0.06985079643849458
0.0751864822955624
0.08026366944097636
0.08807825991442508
0.08745579705227094
0.08661327362042114
0.07728122567051936
0.07153676479595414
0.0658231681454814
0.06423475987223135
0.04724375844719081
0.03237626020806359
0.015364264845885127
0.026268079742022627
0.0243710768043568
0.0223328536566815
0.020166556388835483
0.017886055366205425
0.015505857279752299
0.01304101371229448
0.010507026791997165
0.007919752519503732
0.005295302366406869
0.0026499437508191634
3.588875921850391E-15
0.002638249589553142
0.005248668987356531
0.007815363359244851
0.010322775102728443
0.012755777411735
0.01509976481214084
0.01734074013054959
0.019465397382423352
0.021461200092845717
0.023316454592683365
0.025020377865605146
0.03688727911696962
0.018733181150814147
0.0238135014779416
0.020156321769129355
0.02570115790175359
0.029850528105657553
0.017423737571670154
0.01591714955937119
0.016222227196026888
0.016421434402555113
0.019398352100591033
0.03160277398242129
0.029022929232315448
0.02184786146597876
0.025966497450363887
0.010525942405966462
0.03410669725059089
0.02410201114996463
0.022367460989532316
0.020502305557441192
0.01851851851852069
0.016428752422943678
0.014246258644904041
0.011984803983146575
0.00965858444442272
0.0072821367458832395
0.004870248084485061
0.002437864729540288
1.2957224594209795E-15
0.002428357810785253
0.004832337001507517
0.007197272964718068
0.009508797076711413
0.011752923439937836
0.013916132957616987
0.015985454238323454
0.017948540849477623
0.019793744462759437
0.021510183461024703
0.02308780660561599
0.020083780072747505
0.047782084954047586
0.02684825315574488
0.03974481012157784
0.0201453654776369
0.023283888144386266
0.024368112025446975
0.031247448388083427
0.030892562759229678
0.030369089594350248
0.02307103976328875
0.020150717528008674
0.020078654381522714
0.03787547257549236
0.026589376213892194
0.04671251379341763
0.020858443653519465
0.02233577778846112
0.02073308876874512
0.01900855764427039
0.017173209640042094
0.015238710305112046
0.013217291849714938
0.01112167627822725
0.008964995797927361
0.006760710998605181
0.004522527309870611
0.00226431025176771
2.383269411704802E-16
0.0022564742107765777
0.004491279322588898
0.00669076280997508
0.00884153564420655
0.01093055336436355
0.012945194766962069
0.014873337741864907
0.016703431801371783
0.018424566870802333
0.020026537933309864
0.02149990514810445
0.02467559587669146
0.025696156740311803
0.0201879200918146
0.0160911018829474
0.033838091998929745
0.04226022575493502
0.04555127150655172
0.03697403576971323
0.03716057315824685
0.03718631363224525
0.04605291273624779
0.04207181588511602
0.031520356778304615
0.01467133961631105
0.016857502234295944
0.0298939451861354
0.023078070155456553
0.020876550878771973
0.019382415367127565
0.017773746605172544
0.01606079112866376
0.014254402945588716
0.012365975136842082
0.01040736837305641
0.008390836793718173
0.00632895170956974
0.004234523600871508
0.002120522893440302
7.30501645842597E-16
0.0021139948823771996
0.004208491728060698
0.006270679904198899
0.008287986175756282
0.010248151021481272
0.012139302799507382
0.013950029316000801
0.015669446367278936
0.01728726284573381
0.018793842021819277
0.020180258639176243
0.02140418603320679
0.02778704115575386
0.03660674612051153
0.03988014820193789
0.04021775069666317
0.026447375601299554
0.03758446993106424
0.03676257476934288
0.037037037037033635
0.037193487768511876
0.0384183004637043
0.02805927220855223
0.04001049695889024
0.03898305166308059
0.035973349224198314
0.022668139763806945
0.020911795015130696
0.01965873761033342
0.018254951168103977
0.01674277486948979
0.015131808464327184
0.013432231125054211
0.011654737426118405
0.00981047034624238
0.007910951711348469
0.005968010510536508
0.003993709529247505
0.0020002707528303425
1.5827837196820005E-15
0.0019947887508729397
0.003971848879048502
0.005919076020936652
0.007824581895462347
0.00967676660671355
0.011464388985831388
0.013176634547165294
0.014803180649465305
0.016334258471105253
0.017760711428655103
0.019074049690995167
0.021023983971974258
0.03384974493128642
0.015267588322914284
0.025701963322885293
0.013852542923974944
0.0286311146144692
0.038912263869328875
0.029621917378850934
0.029408127176684853
0.029110421394360545
0.0378846056856088
0.026965251184488632
0.016046391661829883
0.027651040787410652
0.01765245269130704
0.03208500117142216
0.021450168243317556
0.01863475161966288
0.017306785855208305
0.015875622498042433
0.014350319253917942
0.012740489276204785
0.011056240820028785
0.009308114012789174
0.007507015135158469
0.005664148820683943
0.0037909485941310865
0.001899006177588886
1.0741674355385373E-15
0.001894376650476335
0.003772487390704504
0.005622823984445106
0.007434076627062954
0.00919520284530571
0.01089549459368851
0.012524643141227528
0.014072801356565754
0.015530643016463808
0.016889418781758123
0.018141008505867223
0.016890834627916348
0.01309128904600317
0.021403888312775492
0.017873995472322452
0.01980415163677301
0.03480592237086915
0.03819096074260761
0.039572019265679576
0.039503641061309255
0.0392979883123209
0.03748229211408101
0.03437022472792495
0.017736374608945258
0.015298241877911864
0.02085066888776787
0.014426969885040974
0.015503853670382317
0.017769308106981702
0.01650534428602175
0.015142585844551353
0.013689633232425637
0.01215562186499461
0.010550164881393603
0.00888329310055718
0.007165392548760609
0.00540713994644686
0.003619436553900189
0.0018133407843702513
1.9923469905609174E-15
0.0018094180900274114
0.00360379400824007
0.0053721246444727875
0.007103590532065083
0.008787621854593962
0.010413962781398993
0.011972733741577257
0.013454491259358926
0.014850284989617948
0.01615171160993997
0.017350965245903727
0.024478072697803176
0.022406456865841588
0.01852172262890829
0.026736256454312053
0.028867506066711644
0.014583095514207728
0.022537332875509727
0.01431925130230631
0.014431629531430474
0.014421452733474466
0.022505038840343664
0.014990471850174356
0.02826057541945774
0.024921293907857228
0.016366566123425883
0.021303778620069515
0.025194254522442703
0.017035768917317833
0.015826024000827756
0.014521222122816499
0.013129576318166341
0.011659817132516518
0.010121138014667568
0.008523137976574455
0.006875761877442253
0.005189238702478972
0.003474018218221758
0.0017407063958166191
8.645689887286214E-15
0.001737379253523162
0.003460750568363198
0.005159539561488283
0.00682334298064945
0.00844199224995078
0.010005615456466513
0.011504697400994666
0.012930137348568679
0.014273304129175069
0.015526088255910965
0.016680950746747993
0.009725400455631871
0.01744107447296867
0.029712611545450563
0.02064372749842174
0.023872323065320587
0.023582783913542377
0.0211746007828793
0.02434997721860761
0.02424489729130031
0.024008065720636552
0.020526777789841053
0.022725340753721367
0.02487268018320369
0.02075439267631082
0.029595305518577354
0.01770219692970974
0.008622886398084404
0.016413728601430307
0.015249972865774845
0.013994328584074971
0.012654679837938271
0.011239413419895025
0.009757366466505452
0.008217771418262026
0.006630198648207433
0.005004497115000925
0.003350733407392533
0.0016791295566448623
7.53345334685264E-16
0.0016763119168709288
0.0033394975084922456
0.004979345999418827
0.00658580706818226
0.008149052303006124
0.009659535194489541
0.011108049299678641
0.012485784224260534
0.0137843790829102
0.014995973114477397
0.0161132531460703
0.026611149570081007
0.016953094567134803
0.01188591186294227
0.021464493201595495
0.014854603853562433
0.021210594141609987
0.02760158586931251
0.02210637035149841
0.02217587599518139
0.02211194902219829
0.02759126104564091
0.021123395318842598
0.013845856908285811
0.022962466437412107
0.01418391938166573
0.015208306299919597
0.026512990094916603
0.01588737822922256
0.014762581844744337
0.013548571158448207
0.012252950983884561
0.010883816402479329
0.0094497023032121
0.007959530298469939
0.006422553345592667
0.0048482984169605685
0.0032465075731364507
0.0016270778027888514
3.4985835016738712E-15
0.001624702545490907
0.003237035767177342
0.004827096171888919
0.006385131545147711
0.007901600640542007
0.009367231488450608
0.010773077968521403
0.012110574301541648
0.013371587129263668
0.014548464866401201
0.015634084025895882
0.008790260211528707
0.023515975318486374
0.01797062677479874
0.012237903994389612
0.026781248434427845
0.021579690479916924
0.018691859500226417
0.02108531961103247
0.021236258681152927
0.021263256436842463
0.0189492735656494
0.022172234639702918
0.0267906275891614
0.01297988909441861
0.017139578461332915
0.0249801207367532
0.009856966948426265
0.015444371757689906
0.014352440193510386
0.01317353335992027
0.011915019650555558
0.010584747402741965
0.00919099605604919
0.007742424727159384
0.006248018519870072
0.00471703290242022
0.0031589364957625658
0.0015833526258689729
5.60158568694414E-15
0.0015813671279559318
0.0031510189353872275
0.004699309784065016
0.006216737382102301
0.007694000992687871
0.009122058333467985
0.010492180819406328
0.01179600681201942
0.013025592550936318
0.014173460457964401
0.01523264452059095
0.024243761005976815
0.011098771033607355
0.01888353077297952
0.02590401767550842
0.014653227344409325
0.013127117918773128
0.018419982143156852
0.015962834326171644
0.01600588379155753
0.015942394368748128
0.017860041795213007
0.012674953930643105
0.01590231848376106
0.024453397674470984
0.01747742755273138
0.013494303810652832
0.02325725755150436
0.015075026171652458
0.014010597974018922
0.01286104467594581
0.011633535736643804
0.01033571216539304
0.008975639047646183
0.007561755518895659
0.0061028224960123995
0.00460786848918646
0.0030861338289851913
0.0015470136525543895
4.788679415258041E-15
0.0015453766227222995
0.003079605855302249
0.0045932559091503775
0.006077031449698323
0.007521830580312929
0.008918800579126737
0.010259392048030957
0.011535411143223793
0.012739069568689594
0.013863032028235063
0.014900460847374324
0.014794488669077316
0.02436345592025873
0.025178843284967757
0.025795808769235908
0.026294666560549757
0.028871183600319407
0.023578028754133732
0.030236933614235333
0.03038136614596654
0.03042325082990678
0.023719613177008464
0.029067318499001606
0.02555628351879776
0.026094310709240107
0.02541126113474738
0.022198396455586463
0.015868951448095494
0.0147717489957769
0.013730038049239422
0.01260469958122541
0.011402737382906666
0.010131620185266975
0.008799235330314882
0.007413839913165003
0.005984009696895147
0.004518586115977849
0.003026621694952363
0.0015173242190091643
4.739216935518932E-15
0.0015160034130028415
0.003021354726473228
0.004506796245607609
0.005963200715940139
0.007381627315087212
0.008753376451615927
0.010070043035635114
0.011323567895696352
0.012506287027607485
0.013610978374996497
0.014630905856401158
0.018265655985772483
0.025048271202850168
0.011387928497444253
0.013492025886570226
0.033036021478581284
0.025126868119243456
0.026890232153279736
0.03214871162857976
0.03245655939105433
0.032692896015148666
0.027969996792240052
0.026670209330905248
0.034235809601645406
0.0142430580788354
0.01333226429774728
0.025845810192000707
0.01692561593838287
0.014528624515096875
0.013505294387043263
0.012399509771530932
0.011218138743399225
0.009968509378504232
0.00865836437033591
0.00729581313238316
0.0058892816820889145
0.0044474606155380314
0.0029792514937083824
0.0014937119704658793
1.556829528043153E-15
0.001492682533097205
0.002975146414712357
0.004438271585387681
0.005873063161214164
0.007270706647697729
0.008622622008377257
0.00992051625684416
0.011156434250419596
0.012322807374813094
0.013412499822263882
0.014418852180572126
0.01864531147358425
0.008584854946037137
0.015586062461222735
0.017839537494162973
0.007092539666529713
0.023775863806761832
0.02098388153708429
0.030120624833645342
0.030010394689749875
0.02986402809724031
0.020450053719309472
0.022670189020924762
0.004655507121233955
0.017306013365544305
0.014446179285475967
0.008700126408875587
0.0189002573639335
0.01434111354308194
0.01333217510720859
0.012241651830624808
0.011076303439816403
0.009843346313627686
0.008550408863440068
0.007205484406093183
0.005816881820237398
0.00439317429042097
0.002943146454462019
0.0014757402795435959
7.550749311038951E-15
0.0014749835446422688
0.0029401288293698295
0.004386419477510064
0.0058049596661266445
0.007187028762768068
0.008524134858663985
0.009808066870160823
0.011030944889176008
0.012185268474428346
0.013263962587801752
0.014260420895061068
0.012735392737757083
0.01905117120579956
0.02028397424911097
0.02021231626926249
0.024992143955947874
0.038045447706856146
0.04049792278708496
0.04333433358827966
0.04334466277019853
0.043250852385819834
0.04051459890859744
0.038096319197013416
0.021926164397108424
0.019444937494677086
0.01937318576026656
0.01612191810518774
0.012294257806505837
0.01420583662689234
0.013207562550509212
0.012128285123689376
0.010974681112936565
0.009753882124995306
0.008473430582409245
0.007141233191075515
0.00576551218641765
0.004354754658461576
0.0029176602675255025
0.0014630876723637435
1.143296743635866E-14
0.001462590307404613
0.0029156769298861597
0.004350315050560116
0.005757676340101698
0.007129103207218872
0.008456161982299284
0.009730694707837221
0.010944869218249397
0.012091227201859404
0.013162729950766436
0.014152801518090457
0.018139261233792756
0.020146295187411303
0.0218894345610749
0.024248388005920725
0.02529080917662383
0.002367332809332238
0.001773465281050682
0.010608818202447093
0.01032637729038727
0.010040955448115918
4.899938802627187E-4
0.0015255987997248204
0.027023429421944033
0.024460361898635905
0.022437546089411956
0.02130270684950225
0.01755322592031372
0.014120420498238067
0.013129271780943185
0.012057423013992449
0.01091149192541358
0.009698550779601987
0.008426082790693904
0.007101936019158606
0.005734275035354608
0.004331530647321365
0.002902348001857601
0.0014555333780344037
2.9983098943959953E-15
0.0014552867977814755
0.002901364716144348
0.004329329608802244
0.005730390233526076
0.007095922300633975
0.00841752148700205
0.00968705509015041
0.01089671200537217
0.012039050719150587
0.0131070450245574
0.014094127177917314
0.013540859199488086
0.013735699346022104
0.01247578441446995
0.012539887068099363
0.018130226506194058
0.02715062514528918
0.027726538225651787
0.02620693040178503
0.025909596181242448
0.025496194266558064
0.026489429337816364
0.025465172011425164
0.020911148270937027
0.01404366902075958
0.013990625784099793
0.016171007165346855
0.014341784448269484
0.014083394332788306
0.013095955155904601
0.01202784616457525
0.01088564895079919
0.009676400843692833
0.008407551610460065
0.007086917623864452
0.005722633777819139
0.004323103446456054
0.0028969467941676397
0.001452947753963075
