1.0
0.9989725854527292
0.9958941397184463
0.9907760398146888
0.9836371918337676
0.9745039478168523
0.9634099899352757
0.9318825387679117
0.8984963279836902
0.8817993258560761
0.8540960849267251
0.8076350869014783
0.7596953732785833
0.7194527630105275
0.6944363530576642
0.6692681207952014
0.6415453333536805
0.6140808092132416
0.5576638756260381
0.5627085622377842
0.4970628339656888
0.5003410889846874
0.4341314646433882
0.4291506335764232
0.39542395431694194
0.36498075777539885
0.33088734821280885
0.3014399319934949
0.28244401399645397
0.2701295941939073
0.25430782206605024
0.23015785670780672
0.1973091991193085
0.18326967023460122
0.1700806805333094
0.13927376632762745
0.10934235931995488
0.08037172439209744
0.05244210162743662
0.025628413765297182
1.222654017772877E-16
0.024379622781927648
0.04745297037168248
0.06916877240348775
0.0894821236499265
0.10835460493099765
0.12575437327165548
0.15997890859011116
0.19234020595842244
0.2051619580122508
0.22544913066757333
0.2407811104001393
0.25391257097004477
0.2627249531115316
0.2749912215553381
0.2755200941489324
0.2832681033317689
0.28033813565747107
0.3011124506665781
0.2780684629436079
0.2937938423243715
0.2680553591632023
0.2791703834993667
0.2490561919318699
0.24289283610394446
0.22452874348630597
0.2162653732053212
0.19362482314596155
0.18562426339844557
0.17960321928476197
0.17306720814904472
0.15214278666958322
0.13957653789404742
0.10937325774486423
0.07826434592780035
0.06509537670314854
0.051875662795561855
0.03868235100081216
0.02559056798264947
0.01267308518248907
3.386310939950359E-16
0.01236156532820529
0.024347745827529035
0.03589819564672795
0.04695632858088982
0.05746953627456622
0.06738938324713142
0.059065821641531506
0.05168718031790334
0.059548099041834376
0.05778215081920648
0.07775288600762234
0.10112120417370518
0.12342634055770187
0.1195187703162811
0.12959103026654276
0.12581833110864515
0.13549208725493095
0.1284010176067904
0.12993028050126387
0.13148688145327772
0.1304967621468895
0.13117464991443567
0.13668491905126146
0.1275322627532517
0.12888762785448346
0.11846591212785909
0.1187374470506443
0.08934161588160378
0.058351194214080436
0.041571634616597485
0.04336373450802267
0.03605930515774031
0.0422615965716814
0.050938221326003764
0.0425675653806283
0.03407978162745223
0.025527457685862138
0.016962687462071826
0.008436783880032614
5.811531898453309E-16
0.008298740059597113
0.016412099049191917
0.024294572090918926
0.03190271856496274
0.03919537927375668
0.04613387787015512
0.06996701366018591
0.09122487632750176
0.0967767868903589
0.1091553889156087
0.11313337139159703
0.09428403827946621
0.07382986786949372
0.0706095309901729
0.06479325563281225
0.06339901267710008
0.057509751434884154
0.052020728054025314
0.05398636322459473
0.05307537891293654
0.05309236746049606
0.052123453362134226
0.05666004042059802
0.058380594319315415
0.0623207460375364
0.0656663189939247
0.07392079113143242
0.0969355345031097
0.11164920960782357
0.09789175548386289
0.08594851631648488
0.08038352070398722
0.06064534280188219
0.03785067190997347
0.03170319158088315
0.02543903139089976
0.019097499119956018
0.012717877975440993
0.006339196069147303
1.9181894403121345E-16
0.006261866202463573
0.012409475561785769
0.018407024902625153
0.024220032755729724
0.029815527373655074
0.03516222387761002
0.025741801942179572
0.022586113410400406
0.026191464391043185
0.02078440638180298
0.014283238884846257
0.025526905575704188
0.047207515579015175
0.06697304605183425
0.08320106712661166
0.11152141392625974
0.1271329360893977
0.16236758143215907
0.15359808811665962
0.17765555308162184
0.15313504256588997
0.16065318755263827
0.12247088592045181
0.10507185810451662
0.0724300970143103
0.056982516226552135
0.03918612281012912
0.03547378559041607
0.02401978200391055
0.01834002901935272
0.02416713254372353
0.021184621419551124
0.022007391461479498
0.030194876749065236
0.025325216019945126
0.020348602879243102
0.015296350844881413
0.010199922616159417
0.005090740693765436
2.3043571472751075E-15
0.005041516417229161
0.010003617540091735
0.014856879372913322
0.019572813786123827
0.024124030271789394
0.028484389719775127
0.04825544868325903
0.0626734912932095
0.06610019130369386
0.07346946777005518
0.08550391052745028
0.1073175951563831
0.08547049718766526
0.07576693208606226
0.061279428332592575
0.034756365859254165
0.053683129156630316
0.07050532807652095
0.07068096378132939
0.08588228268625873
0.07009997182277661
0.06862715232829848
0.051497211199593544
0.03403156070876002
0.06082773301642686
0.07578586096999484
0.07988217527364141
0.09775339883475752
0.06938503461182309
0.06702083766446985
0.06034924892190258
0.056803488225836765
0.04409283660642078
0.025185915879487604
0.021143214447610952
0.01700365428408177
0.012793277347067663
0.008538345181071254
0.004265178890456035
5.715187857531676E-16
0.00423122685595304
0.008402948491872106
0.012490174076165036
0.016468621510457426
0.020314858443545414
0.0240064371185502
0.018429425894982695
0.020569077439654505
0.022499307365787494
0.015985252289763028
0.04478982292983547
0.04643183040887868
0.053517869990300046
0.055740689643895225
0.050760528090690274
0.06888727493720904
0.06002597547505174
0.07677935587309465
0.08093671323403513
0.08665282135430276
0.07834765712822585
0.07183611830665049
0.05772920735704492
0.06860795861403547
0.05088514819295104
0.05391109048965057
0.05172749948987732
0.037805502268839206
0.04367409752015277
0.01603750747748809
0.022301841690183927
0.02051649259824075
0.017852166307263943
0.021665227760587855
0.01819948054447591
0.014645715469344173
0.011026264246840651
0.007363706582085088
0.0036807316787427803
4.785914338153194E-16
0.0036559938856950656
0.0072650565569735
0.010805428289309863
0.014255912122850649
0.017595998694535122
0.02080598611094339
0.03739861511787723
0.04516174719721934
0.047580232655956574
0.0503356389418029
0.030248434854484394
0.039599473995668724
0.02894240519811796
0.026570535348968777
0.03294949448794002
0.01910010193964982
0.03480974708754701
0.04448353170049516
0.04556836276793998
0.04633855984107834
0.04619005236811818
0.04507994944954084
0.03404486676313193
0.015821553352047595
0.03453925720228388
0.02819829979016062
0.041768999351580925
0.04348705849288237
0.035840300729126987
0.04544892842657435
0.04337096160921528
0.04078207317605636
0.03478445084914693
0.019064718399566864
0.016022861053659933
0.012900431665656865
0.009717023953108441
0.0064924893234945685
0.003246814662534692
2.8457470609380423E-15
0.0032280632073144132
0.006417712443587124
0.009549632433255894
0.012604970668222781
0.01556544948029097
0.01841347400050732
0.01770737093633267
0.020057190139093243
0.02170381927335721
0.01749835553858289
0.021253016412875067
0.04073628467046748
0.07430840959625463
0.0691325765815746
0.05919901607230033
0.06484709387527178
0.043793562608127876
0.044400874322654625
0.056648393425070824
0.05888759110538377
0.05778483332837129
0.04490180625792505
0.042129447325892036
0.06444937131179512
0.06245063665754216
0.07236510722529971
0.07481992348326268
0.03677550020659475
0.013761931368915476
0.018305864031484792
0.02136894118764198
0.019687667743630496
0.017871251537884904
0.017073170655953457
0.014354647114387501
0.011561772961426079
0.008712048594938899
0.005823233049990058
0.002913234433608617
1.1048203742501013E-15
0.0028985934653011306
0.005764848289299134
0.008581352929307989
0.011331086723559095
0.013997521750362368
0.016564721191942185
0.030137219175228346
0.03165295331363463
0.03353965037450586
0.032558669298465084
0.041559025634226976
0.03766834484716174
0.05910562091391092
0.0655211513301758
0.07793664291934294
0.04981500456740548
0.041634644966315
0.041559937761439424
0.06583021244536168
0.06304753558590633
0.06544845332657645
0.040445110392851195
0.04304993651636004
0.052493018098809886
0.07811946598458595
0.06232528372207036
0.05007818773173557
0.027672926994142633
0.034021245737045534
0.02887612161915581
0.03027216017630672
0.028196284211956583
0.028169644027358984
0.015505857279755016
0.013041013712298405
0.010507026791998275
0.007919752519506594
0.005295302366408038
0.0026499437508200716
9.342541094099756E-16
0.002638249589550712
0.005248668987355274
0.007815363359244258
0.010322775102728818
0.012755777411736145
0.015099764812142643
0.01832411424905798
0.018532630615984473
0.020214334957424217
0.021194637501526083
0.03191920012920934
0.04018428507090246
0.053773686827647035
0.04824690230315954
0.05022929205355522
0.04274149495454057
0.02259928801908473
0.03773673503284152
0.06327680631034595
0.055552977535579105
0.06243901842372463
0.036960389178723324
0.02154932682445696
0.03742556624155782
0.044652168035140556
0.04299076656023098
0.05243483864983993
0.046426872553680804
0.038150372783506144
0.022181379932523858
0.01970389767267716
0.017963755286317943
0.018528017053158298
0.014246258644904987
0.011984803983149968
0.009658584444421973
0.007282136745884924
0.004870248084484577
0.0024378647295390933
2.7396268940745246E-15
0.0024283578107868807
0.004832337001506981
0.00719727296471476
0.00950879707671125
0.01175292343993966
0.01391613295761846
0.024469743086041554
0.02137083158145978
0.023037624608913315
0.01997173834612287
0.012347517745381507
0.010766744145448115
0.014123626009347724
0.022085511587229625
0.03889213410306825
0.04198540502615315
0.03563986308244741
0.028399720255081314
0.028342785655313067
0.027060035496392697
0.02771297471951913
0.02835329163158374
0.033193183650911284
0.0396862665256845
0.03232744178172047
0.01766707632105882
0.013000199803288334
0.0075253316488283215
0.02226251400542217
0.01781192621807833
0.020913199601636255
0.019094759829246286
0.02283276413343712
0.013217291849715264
0.011121676278230151
0.008964995797928574
0.006760710998605193
0.004522527309868325
0.0022643102517670988
2.359810170330138E-15
0.002256474210774297
0.00449127932258905
0.006690762809973106
0.00884153564420368
0.010930553364364885
0.01294519476696275
0.018835366244930398
0.016601658064313532
0.018277737236128407
0.024705451043087138
0.03668676485416085
0.02839410018114156
0.03495522190472168
0.042147542180008074
0.033900485122321175
0.02818521460274989
0.03726282900482278
0.027498103037888386
0.025552396654519673
0.026831287577292178
0.02498023737647936
0.027286470826547414
0.03929239978273194
0.03129010198038069
0.03412850822467328
0.041394920555214904
0.028345204128167056
0.021910084406072804
0.029702452330995256
0.02530552541982977
0.01772860892189265
0.016033336729386283
0.018912748111552972
0.012365975136842466
0.01040736837305526
0.008390836793720973
0.006328951709567346
0.004234523600871458
0.002120522893440153
1.1539884769545742E-15
0.0021139948823737154
0.004208491728061208
0.00627067990420186
0.008287986175756351
0.010248151021481952
0.012139302799505524
0.019662770040347673
0.015729367762195096
0.017335379240507355
0.013943784702717415
0.036784014089422536
0.043411909683359944
0.028727615833838795
0.024496317214166452
0.018089984889505917
0.027729449792275967
0.009107568627885736
0.025943986093539054
0.041183739310987386
0.026189140043949143
0.041473054614866244
0.02579363139609657
0.008471623409348296
0.0260172987173821
0.019602891487425538
0.026976385037368045
0.03002795093873881
0.04604919418674692
0.03348701168311505
0.013423315512821068
0.0167893757670632
0.015189673882766512
0.018230862110138153
0.01165473742612048
0.00981047034624569
0.007910951711349184
0.00596801051053624
0.003993709529250388
0.002000270752830192
2.281752165782752E-15
0.001994788750869815
0.003971848879045621
0.0059190760209338585
0.007824581895460687
0.009676766606715532
0.011464388985833034
0.018911093496102076
0.014777876016039502
0.016292776469488082
0.026111598802882614
0.012163305928998622
0.018524567640399333
0.016361380062368133
0.026977656284468802
0.028869829691716205
0.03186370493016674
0.04015634602087492
0.023594624486971534
0.014347929514619584
0.03466947314378163
0.014171091607536495
0.023242026621707577
0.038557517064040876
0.030178412597097172
0.028841457311856188
0.023867760323395416
0.01835880265082955
0.019083827143674084
0.018764188287632988
0.026016974402204296
0.015749105990601902
0.014262882993165147
0.018830737240167497
0.011056240820032906
0.009308114012790773
0.007507015135161071
0.005664148820684724
0.003790948594131471
0.0018990061775871496
2.397611632135017E-15
0.0018943766504790913
0.0037724873907024627
0.005622823984442283
0.007434076627064118
0.009195202845305736
0.010895494593688158
0.015430023989804994
0.015647439684289978
0.017086800767497457
0.01312037748560085
0.01117523393549421
0.02520253437257254
0.023243558259255753
0.022319805835417306
0.019869495055501753
0.020189231569717532
0.01868597484824365
0.027200387408619544
0.0339550082569091
0.01034770540073114
0.03349283329439966
0.027346118407244418
0.019846031900182245
0.020478157638171502
0.017563776456236118
0.0202487101680819
0.023074743400349536
0.019612608195238627
0.011529115247791483
0.013182884361712478
0.017624215011529012
0.01629986797677124
0.014162607716280669
0.010550164881390404
0.00888329310055852
0.007165392548763441
0.005407139946446869
0.003619436553901552
0.0018133407843661693
3.0325788443645058E-15
0.0018094180900305032
0.0036037940082411955
0.005372124644471205
0.0071035905320649085
0.008787621854599944
0.010413962781396308
0.018500920774716826
0.013051432178193425
0.014271980047596099
0.02464249926860764
0.026897889953426124
0.030966401839430537
0.019054922372919225
0.025369958630863793
0.029923559553759565
0.024443517346840818
0.026214024101195787
0.0182077815365446
0.019690671366849537
0.03461721279088498
0.019928576695489142
0.018419266650546252
0.026320874085696253
0.025062748938222953
0.02939648550967234
0.025978053638269678
0.015709929762511537
0.0298935011033966
0.022793281320093485
0.02385162446922881
0.013677559815477958
0.012500417189975117
0.018265817083164076
0.01012113801466552
0.008523137976575485
0.006875761877440596
0.005189238702474859
0.0034740182182248537
0.001740706395817098
7.42112860479084E-15
0.00173737925352494
0.0034607505683603534
0.005159539561482484
0.006823342980652997
0.008441992249952781
0.010005615456467632
0.011710196754001301
0.01807853659049688
0.019347449075961167
0.013266404991756946
0.025552945184169118
0.00919183746394911
0.025658528598778232
0.020861598330375708
0.01926979809984889
0.013372837291299107
0.015954836709020186
0.018916540889492992
0.021320838549142695
0.02879603446181598
0.021262063279201063
0.017741089468834865
0.014580945858500697
0.012354445356419809
0.021935119125718956
0.022583707765213613
0.025430415861397097
0.012307945205907198
0.026110392710456336
0.013230187406090358
0.019953995125495814
0.01876924986941869
0.010628157048007868
0.009757366466500722
0.008217771418259716
0.006630198648206294
0.005004497114995583
0.003350733407386322
0.0016791295566417016
1.4307983740223022E-15
0.0016763119168729933
0.003339497508501544
0.004979345999423868
0.0065858070681822116
0.008149052303009163
0.00965953519448273
0.017626466238111996
0.011063269602167624
0.011967182070677583
0.020738768403135193
0.009320426434407328
0.022649223021821742
0.018283639045095813
0.012581557164931853
0.011489865793206924
0.02910757021397355
0.031131298577516512
0.035995901025599734
0.019773190135812073
0.008113545261983972
0.0195843941554383
0.03720834275499065
0.0313575439931165
0.028437862017340738
0.00813742111530621
0.009549365517631535
0.020464926244066067
0.021416210811658686
0.01592211833292128
0.019547125969920927
0.011258202262366556
0.010367069579661417
0.017249182063689947
0.009449702303211897
0.007959530298474465
0.006422553345596324
0.0048482984169532575
0.003246507573136938
0.001627077802794291
1.0471797901469701E-14
0.0016247025454914235
0.003237035767174751
0.004827096171890821
0.006385131545147893
0.007901600640552016
0.009367231488450383
0.0086457944516916
0.019890746117242113
0.021075400380993238
0.013095519396857715
0.015937996384153743
0.018996027767320085
0.011596107545214888
0.030524567728650524
0.033948940241457795
0.017406519237139356
0.016694907046660164
0.007789395803730261
0.024654792737019322
0.060061825334658966
0.02473970510925813
0.008521371881460535
0.017248560276480026
0.019237337801605862
0.03382569392823111
0.029993036008277078
0.013004713246518274
0.01906656399700586
0.011139072708762441
0.013111911438616508
0.021267058806462343
0.020107305330848077
0.007855663185002583
0.009190996056049403
0.007742424727157062
0.006248018519871601
0.004717032902415741
0.0031589364957590065
0.0015833526258604202
4.9147310703913396E-15
0.0015813671279576059
0.0031510189353892936
0.004699309784064876
0.006216737382103379
0.007694000992685918
0.009122058333466614
0.016330947363037192
0.008568213568681106
0.009275750203019205
0.016037507477497385
0.02777268892106832
0.012613630571376383
0.025813879235529615
0.015347310399955608
0.017280417306189722
0.02243022926258606
0.023312370587959187
0.04371004163449986
0.015212031042450457
0.017906338085986944
0.015256721720226319
0.042806065028117346
0.022347860143025082
0.022899266985824056
0.017844581708187514
0.01887093626991777
0.02452493323193429
0.01217353092646736
0.02633029716639667
0.015044585486402712
0.008524225030015282
0.007758734433705809
0.015828055338269535
0.008975639047641653
0.007561755518894025
0.006102822496015259
0.004607868489193348
0.003086133828987519
0.00154701365256395
0.0
0.0015453766227182355
0.0030796058553031053
0.004593255909144343
0.006077031449703366
0.007521830580325133
0.008918800579131312
0.006689972517361363
0.019929405926726245
0.02107490118877659
0.013568605750053529
0.007065051884869736
0.017447551779324087
0.029705721229149364
0.02983059566791252
0.017433265018275877
0.024967386417537662
0.017853313471729672
0.011613035030344051
0.021730588720458483
0.03181373445665814
0.021526928169672565
0.012459003957921811
0.017983586469423447
0.023391253090192486
0.016217233912910006
0.030465062897703784
0.03025012875786586
0.014130909593764765
0.009757106321355595
0.013863266420062142
0.02073566232443218
0.01956062517873247
0.006411015178971771
0.008799235330312688
0.007413839913164537
0.005984009696904293
0.0045185861159732985
0.003026621694959238
0.0015173242190097986
3.8566709464516644E-15
0.0015160034130028708
0.0030213547264746495
0.004506796245601243
0.005963200715932551
0.00738162731508036
0.00875337645161049
0.014669351673768672
0.006074592441101275
0.0068917897973697646
0.013232368838154042
0.018356380458959893
0.026274043610436653
0.002560836619093124
0.019457922025119218
0.023778723226464914
0.02864737041727063
0.023847928897579935
0.014986181203350261
0.02037016092768678
0.025970061659717842
0.02050353542480934
0.014381311130294791
0.023905925000382737
0.029425176620682513
0.02485208533583783
0.015320650364419626
0.005530787931572576
0.031171423615162328
0.01949414470133316
0.013095673554177184
0.006570742244679296
0.005631350548603543
0.014061748422849069
0.008658364370334199
0.007295813132389423
0.005889281682086146
0.0044474606155444985
0.002979251493700382
0.0014937119704646657
4.617998412302665E-15
0.001492682533100082
0.0029751464147017358
0.0044382715853851125
0.005873063161205401
0.0072707066476927675
0.008622622008375935
0.0064752916744374115
0.018066074896347928
0.019185520685838824
0.01498328942576734
0.01086334582266969
0.0060060290534630235
0.029201055171686013
0.02945183235551177
0.02275347402535055
0.005110130312421336
0.0192651421826624
0.033928972543825105
0.016530715978671243
0.018844040873259114
0.016530458284200092
0.03432924977350906
0.019757298645192933
0.006540779653516869
0.021750142763220806
0.029285051509154243
0.028446541114990963
0.0039902640001749454
0.008892499663056845
0.015357913903215049
0.018373647081357136
0.017182158042780518
0.006783695812381941
0.00855040886344206
0.007205484406093471
0.005816881820240358
0.004393174290418794
0.0029431464544615034
0.0014757402795346555
3.2757065311944545E-15
0.0014749835446446029
0.0029401288293671515
0.0043864194775027135
0.005804959666127123
0.0071870287627640445
0.00852413485866458
0.012713401798970137
0.00592648074412875
0.007062232623285403
0.013820996473598492
0.024181530373061096
0.028718923957947663
0.00545652102345324
0.012123471917839914
0.027027564731547476
0.02968236949294366
0.012526114600559229
0.02057351800951232
0.02125182760561852
0.03314053213723288
0.021164533727982673
0.020494455927847533
0.011390924799355912
0.028203832548167433
0.027840425643077246
0.014192582885118552
0.0026278009930864195
0.02287523592106703
0.023150892755211528
0.01427552491135774
0.007751562428675658
0.006651846636127642
0.012030698883653301
0.008473430582408242
0.007141233191072629
0.005765512186419061
0.00435475465846043
0.0029176602675263915
0.001463087672368366
5.495302288238839E-15
0.0014625903074186315
0.002915676929885675
0.0043503150505564735
0.00575767634009883
0.007129103207227925
0.00845616198230143
0.007823219460013318
0.014670085276380243
0.015767158080421007
0.01615723489919276
0.007611199983674085
0.016966521773412815
0.031481855094414715
0.01829418636633391
0.009957570596162393
0.01458497689378847
0.029379351891146245
0.023668368668426375
0.018021753644118066
0.018810300826082146
0.018056280381914407
0.02281333448577964
0.029388741481962192
0.015432649362270888
0.009850061813107639
0.015829321060820963
0.031380188224100145
0.02041775798600889
0.009910326331885166
0.01625482321056664
0.014646207423717495
0.013449737411227576
0.00844719677428709
0.008426082790692239
0.007101936019155267
0.00573427503535256
0.0043315306473182555
0.0029023480018586555
0.0014555333780382376
1.4198661059324401E-15
0.001455286797781943
0.002901364716144595
0.004329329608804469
0.005730390233528153
0.007095922300631932
0.00841752148700368
0.010571791531762628
0.009189823644349978
0.010384319739260166
0.015598771591177252
0.015999289832783505
0.011048903938601324
0.010940158590510235
0.019377711952758326
0.025814946331295396
0.018935681966438068
0.014560743910658034
0.018216083540517455
0.018507738049637415
0.01869293958483897
0.018496274948410715
0.01824350714291721
0.01598535179937507
0.01933453010478118
0.023454764242516246
0.0195723170461772
0.014219551400361153
0.014806483649411051
0.01469605661199668
0.015914935116591717
0.011543385500379777
0.010454951314193772
0.009864897903454408
0.008407551610464619
0.007086917623864828
0.005722633777819558
0.004323103446455481
0.002896946794170632
0.0014529477539652394
