1.0
0.9989725854527282
0.9958941397184453
0.99077603981469
0.983637191833767
0.974503947816851
0.9634099899352745
0.9318825387679122
0.8896066862091232
0.8370111066403909
0.8098606816868466
0.7806182939639031
0.7592877369576522
0.7277599724693792
0.72100037604294
0.6775383236888566
0.64198019702996
0.6219757875762749
0.593534108353433
0.563654761867848
0.5324412515474863
0.5015868322517132
0.4696281793520234
0.4362440513019561
0.39714535094808423
0.37235994097252206
0.35545017606687
0.30825635904856885
0.2818185697643877
0.249214310892232
0.22779236279808787
0.20240871845102643
0.19367900164732646
0.1832696702346014
0.17008068053330921
0.13927376632762692
0.10934235931995454
0.08037172439209718
0.052442101627436156
0.025628413765296374
3.747551500938679E-17
0.024379622781928057
0.04745297037168236
0.06916877240348769
0.08948212364992658
0.10835460493099763
0.12575437327165578
0.15997890859011063
0.19116675119277984
0.22068740916681326
0.23836831446906792
0.25990910268047646
0.2668529787056745
0.276687799774324
0.27167610803618
0.2887682449392873
0.29616637828785797
0.2950218939306168
0.2898409347389314
0.2870110627904507
0.28689837135708945
0.27776243538025375
0.2714711559814087
0.26840224026134585
0.25948604261827013
0.24479052222900513
0.22178312055018554
0.21653522958191065
0.20318609892881254
0.19137930606836698
0.16475568881758818
0.14564445348309693
0.1303683333662997
0.10937325774486509
0.07826434592780016
0.06509537670314866
0.051875662795562015
0.038682351000812146
0.025590567982650518
0.01267308518248886
6.03550793966935E-17
0.012361565328204196
0.02434774582752701
0.03589819564672864
0.04695632858088921
0.05746953627456598
0.06738938324712976
0.05906582164153001
0.0640009834639339
0.08628672254516971
0.10008162098947322
0.10388471599604546
0.10916477159670136
0.12250839370161978
0.1270137045085232
0.135062621814841
0.13848094229706728
0.1318511994866883
0.13743455787963776
0.13799966719337406
0.14297427800330445
0.13703902763232884
0.1355446627762125
0.12955935037610294
0.1346316568640464
0.1305936165617573
0.12069065226091065
0.11303353960695302
0.09833409556358728
0.09244651823074167
0.08364663528189792
0.06820235132492117
0.04731768695052366
0.04226159657168174
0.05093822132600323
0.042567565380628426
0.03407978162745335
0.025527457685862405
0.01696268746207045
0.008436783880031577
4.668881197190248E-16
0.008298740059595905
0.016412099049191785
0.024294572090918457
0.03190271856496281
0.03919537927375647
0.046133877870153966
0.06996701366018498
0.08013151484206348
0.07720664238246538
0.07661767340347238
0.0811029511934255
0.08499981355922234
0.07924506916666815
0.0791094239789569
0.08167228038097844
0.08212815468734457
0.09063842535667606
0.08316692878125842
0.08285071052561722
0.08303379870280002
0.08076743136885926
0.07901240465670661
0.08345731578295526
0.07428781985878412
0.07167221512977778
0.06959577008640457
0.0736882083788142
0.07853613081576372
0.07423275149022333
0.07534839679225866
0.07922916790273973
0.07483653629901833
0.060645342801881386
0.03785067190997279
0.031703191580882396
0.02543903139089863
0.019097499119955185
0.01271787797544087
0.006339196069146854
2.6600029529971116E-16
0.00626186620246477
0.012409475561784143
0.018407024902623588
0.024220032755729672
0.029815527373656312
0.035162223877611046
0.025741801942178715
0.01881319672283054
0.01925734439076975
0.03435193103451095
0.04370797424226992
0.04659164339180428
0.05161755108177999
0.07141343350645128
0.07793131823591497
0.07249663352157146
0.07971655091998442
0.07290663394967953
0.07245362466536993
0.09513600265138521
0.07020201546540117
0.06841821854144282
0.07418246196373714
0.06396259575893061
0.06923275068147508
0.062300510674517466
0.04058632600759198
0.03893657954995561
0.035626900940115
0.03362893800852982
0.0184489706627555
0.013815740219891624
0.022007391461480657
0.030194876749066627
0.025325216019944818
0.020348602879243567
0.015296350844884505
0.010199922616159885
0.005090740693764596
3.634721262254845E-16
0.005041516417227696
0.010003617540090924
0.014856879372913337
0.01957281378612323
0.02412403027178608
0.02848438971977341
0.048255448683256416
0.05872733663426094
0.06235123306823477
0.061926177075483
0.06930535510653706
0.07180577135672324
0.07665749212373196
0.06343588267314036
0.06522023098238022
0.08039848545445115
0.07298922214045502
0.08857226663945945
0.08955022140474017
0.061674828009330336
0.09038734847253456
0.09025583239959094
0.07486235928670834
0.08228165329097742
0.06575129797288563
0.06258895969949271
0.07268976197863812
0.06508330796397
0.06208605996927357
0.04695076876242492
0.042555906604165306
0.04696969605209844
0.04409283660642176
0.025185915879489564
0.0211432144476117
0.017003654284083233
0.012793277347069068
0.008538345181072417
0.0042651788904562084
1.4756943988075124E-15
0.00423122685595342
0.008402948491872272
0.012490174076165983
0.01646862151045495
0.020314858443544626
0.024006437118550696
0.018429425894984707
0.022351553879801773
0.04687991155315543
0.05181715307756343
0.0471418209208046
0.049440145523186
0.04376596490443825
0.04606813543265087
0.04544489707126018
0.03551986760783483
0.029301115390025594
0.031245716052354305
0.032199568384659635
0.03213265183973657
0.033936937941714554
0.034732364082631716
0.03118516635811201
0.039693910707320604
0.04792912913951672
0.04859674425084078
0.047289842150169806
0.051843808343647824
0.04977103127836351
0.05132664069507115
0.05297253247468461
0.02662915945137755
0.017852166307266184
0.021665227760589226
0.018199480544475243
0.014645715469342497
0.011026264246839208
0.007363706582082436
0.0036807316787411874
4.907438700683584E-16
0.0036559938856954234
0.0072650565569734255
0.010805428289307634
0.014255912122851698
0.017595998694535826
0.02080598611094295
0.03739861511787717
0.034075482727502694
0.029071162315460163
0.026330614545105508
0.021768417539668617
0.023427125253185757
0.03259650560500878
0.03734721735964007
0.04682760177490989
0.0722100822552779
0.07749453832201693
0.09161163364958716
0.09153557716120846
0.07571571125565973
0.09075263027364881
0.09006213443863051
0.07581510737698642
0.06871065418575013
0.04182377168639835
0.031134117910222338
0.026804036027935036
0.02228458359218188
0.020514578617676422
0.04283778360415303
0.048229514956872103
0.04108178937599355
0.034784450849146685
0.01906471839956608
0.01602286105365813
0.012900431665655451
0.009717023953108776
0.006492489323494554
0.0032468146625359473
6.198951105015655E-16
0.0032280632073139063
0.006417712443587633
0.009549632433254556
0.012604970668224073
0.015565449480287978
0.01841347400050576
0.01770737093633297
0.02866605741212165
0.050063410515723515
0.030577685632666447
0.03673483207201177
0.03803362846158163
0.03970155800813322
0.05002490711469261
0.05626525513933761
0.0636127093378182
0.06540574552280061
0.08443079044561759
0.0849461110534055
0.07961612740807933
0.08549413132396153
0.0855183028374956
0.06690839546735876
0.06386201367837686
0.0546616404696225
0.046570603853718424
0.03370098406344144
0.029899995293716976
0.027993022100001704
0.022509606550523864
0.04203702825790449
0.025048304576650363
0.017871251537884807
0.017073170655955785
0.014354647114392834
0.011561772961430641
0.008712048594939039
0.005823233049990529
0.00291323443360922
1.0415448693492533E-15
0.0028985934653004168
0.0057648482892960285
0.008581352929305619
0.011331086723561172
0.013997521750359886
0.016564721191940284
0.03013721917522613
0.05128264258674598
0.06661646580085258
0.06839550927208807
0.052217532611140836
0.05422139956078792
0.046808376077602305
0.030501001664100538
0.020365288293719325
0.03529441368190933
0.04115205564513215
0.042671063502715684
0.041883476695394384
0.04646209788020914
0.04041561837311312
0.039753610080367596
0.037878082411416804
0.03254753591155787
0.021618056704388825
0.03494868808842057
0.05040548021804742
0.05789527702105569
0.05635679696286989
0.06544252270797585
0.06053422147531862
0.047888143869503616
0.02816964402735933
0.015505857279756547
0.013041013712293586
0.010507026791994691
0.007919752519504468
0.005295302366410643
0.002649943750818093
5.217550965768297E-16
0.0026382495895473494
0.005248668987358337
0.00781536335924124
0.010322775102729947
0.012755777411731777
0.015099764812136719
0.018324114249053617
0.009174430247223243
0.011454523474503275
0.021457977043260426
0.009004242770022292
0.008523396484101607
0.004219207351102554
0.01552869126024597
0.03414118022196827
0.056363082953029484
0.0648898161238316
0.07670133684571548
0.07657697740268972
0.09409723935709356
0.07571740883436028
0.07498383196973396
0.06348012216177164
0.05559846247519073
0.03220741997518898
0.012599134111903923
0.008491650972863536
0.015929023037721975
0.01643231011429948
0.023593332729785723
0.0033980069461587983
0.0057225369328686914
0.018528017053155356
0.014246258644905238
0.01198480398315369
0.0096585844444193
0.007282136745878163
0.0048702480844832275
0.002437864729541012
3.4818284929437132E-15
0.002428357810790454
0.004832337001507532
0.007197272964717523
0.009508797076708517
0.011752923439940657
0.01391613295762209
0.024469743086046655
0.03133730722181937
0.03346213541046108
0.034592065530955
0.043426889170269746
0.04420318579524058
0.04281325590174934
0.0445857376351689
0.027147093274303077
0.01687488780785106
0.008004306637629863
0.010945801570819046
0.01141275879311331
0.028186969356225777
0.012165636258560692
0.012418552212210297
0.007589960142306867
0.015113016951208117
0.02588446372885723
0.04277338815493
0.03763426566066873
0.035626074888494806
0.033946331430710026
0.025305698783553106
0.030752760950227675
0.028878495831725318
0.022832764133442787
0.013217291849714739
0.01112167627822574
0.008964995797924997
0.006760710998605027
0.004522527309870355
0.0022643102517684913
2.5216459619485095E-15
0.0022564742107774012
0.004491279322587945
0.006690762809976173
0.008841535644205834
0.01093055336436611
0.01294519476696238
0.01883536624493117
0.013590996645277416
0.015356288130688423
0.017857426212480664
0.031046163782171596
0.03231933440380067
0.024240965118506427
0.033116529486213395
0.0365326731514077
0.052314543291878166
0.04449484247993443
0.03614289026066493
0.03596114245339149
0.060160446036795566
0.03512325052707747
0.03446844011549322
0.043376722223791374
0.05155628109999485
0.037484469274295704
0.03591291547470945
0.02457333888065621
0.03239086779394157
0.031038923235268818
0.012762015235295392
0.013810720683639212
0.012729832756611846
0.018912748111555133
0.01236597513684168
0.010407368373052315
0.008390836793722748
0.006328951709567053
0.004234523600871365
0.002120522893441759
9.334132987201396E-16
0.0021139948823743625
0.004208491728062123
0.006270679904201573
0.008287986175754642
0.010248151021482573
0.01213930279950667
0.01966277004034871
0.035211213732670374
0.03759641281505283
0.030228398721748206
0.01226204864428618
0.013743161326970102
0.0221306343499186
0.019021409950061578
0.011162204895196294
0.007103006563181236
0.012307201419001929
0.025932936569388554
0.026144129033045412
0.03703703703704112
0.026068204617578923
0.02578262313572277
0.01242851322202705
0.009691460580655365
0.011375852416199643
0.014395701752074863
0.02270697006949481
0.01866906098586108
0.017905233922726724
0.03233437991753923
0.03598920683108189
0.03520951292260684
0.018230862110135124
0.011654737426117985
0.009810470346243948
0.007910951711348663
0.005968010510532881
0.003993709529248756
0.0020002707528311084
1.4708601108225295E-15
0.0019947887508694746
0.003971848879045548
0.005919076020939342
0.007824581895461834
0.009676766606712673
0.011464388985835742
0.018911093496104283
0.0053490254805556295
0.0028661879190370852
0.006780293550395122
0.02040038762045741
0.021155177089815697
0.018803221463885012
0.03443037089882667
0.031335493005035624
0.03374563710853097
0.035312730971560354
0.028345235528164106
0.02867469410191734
0.02071186356624154
0.02888021934870549
0.02875720105405811
0.03472611857853392
0.030918219559737566
0.02885985356565016
0.03162707951760168
0.01792097504240738
0.017116296383795356
0.01598846462583842
0.009901742655215456
0.009639718699579792
0.012453401005343563
0.018830737240167098
0.011056240820027282
0.009308114012792596
0.007507015135162124
0.0056641488206857216
0.003790948594126719
0.0018990061775882334
2.9209232759902665E-15
0.001894376650477899
0.0037724873907053254
0.005622823984444169
0.007434076627063134
0.009195202845305972
0.010895494593690212
0.015430023989807093
0.02240543830698688
0.01985844862710853
0.02554550158545114
0.02974148290157302
0.030881475534878484
0.023230355550245895
0.019827925379614975
0.025128165833005315
0.024949367747782045
0.016464201283207365
0.016486117230428247
0.01661464765461278
0.027359881019433423
0.01645664061435663
0.01617024395086982
0.017071718789230778
0.02521539935126777
0.026120965308111765
0.02250881969568946
0.02250378516309428
0.030721658406683373
0.029567656068739758
0.02283342550479794
0.013857243381917772
0.013575079737254173
0.014162607716279467
0.010550164881389592
0.008883293100554497
0.007165392548759317
0.00540713994644854
0.00361943655389537
0.0018133407843698537
0.0
0.0018094180900321193
0.0036037940082444403
0.00537212464446879
0.007103590532063075
0.008787621854596014
0.010413962781400367
0.018500920774721357
0.026696681770161747
0.01826419253400122
0.011319023016382311
0.007365628129311946
0.008362868452748647
0.018523579874934307
0.01410450376818137
0.015658198848718472
0.021026945524528155
0.02477721697348889
0.028301839962510563
0.028396176880303017
0.02361202119248461
0.028161802081080475
0.027834164780477774
0.02399901596409872
0.022432971775725064
0.01597708731659263
0.013021340216596736
0.017963271236668448
0.008397613797777119
0.0073634950723481035
0.009992293386951895
0.017296122093688308
0.02750992523037635
0.018265817083162442
0.01012113801466337
0.008523137976573473
0.006875761877443615
0.005189238702473267
0.0034740182182204336
0.0017407063958129135
4.604190103025095E-15
0.0017373792535254429
0.0034607505683588832
0.0051595395614881315
0.006823342980650001
0.008441992249954842
0.010005615456478476
0.011710196754007888
0.005452818588237372
0.013128286992894138
0.0230212581649814
0.02629112950644528
0.02732668898437731
0.028939018261405713
0.02677702081893488
0.022053390888323313
0.014789661758065014
0.021397402389137083
0.019964532459735854
0.02023805225209943
0.020761637608294213
0.020378644014503417
0.020246201570716365
0.021316761415791946
0.013108660213762493
0.020886401878882254
0.026047178033536126
0.03136487068875941
0.026924436528433713
0.025850036660703696
0.022297629135190507
0.013902883500461597
0.010241555033077112
0.010628157048007222
0.00975736646650586
0.008217771418267896
0.006630198648213992
0.00500449711499276
0.0033507334073830997
0.0016791295566433492
3.483578142526196E-15
0.0016763119168729476
0.0033394975084938493
0.0049793459994282524
0.006585807068177913
0.008149052303014916
0.009659535194489536
0.017626466238106396
0.016881367195441584
0.013897558461912167
0.014883816240168235
0.007312979598038983
0.008384205186742438
0.005506817179010868
0.017464674226789136
0.019413768658691245
0.028974187685236474
0.020991087374859226
0.020464766717692696
0.020651075965886622
0.02063344599561837
0.020644299072558568
0.020451967566554343
0.021063122843179787
0.028120259326098202
0.018682481434285025
0.01803252196716629
0.0018321727406462294
0.009742727248957564
0.008890505328942963
0.018085868080807352
0.014425452477933339
0.012330275491432072
0.0172491820636927
0.009449702303215434
0.007959530298473788
0.006422553345599098
0.004848298416952238
0.00324650757313088
0.0016270778027917137
6.7182862733173885E-15
0.001624702545491177
0.003237035767177332
0.004827096171892597
0.0063851315451551975
0.007901600640538263
0.009367231488442995
0.008645794451689432
0.011616414794979824
0.012523826900243716
0.011714689553776346
0.020175143098130982
0.020965007704366014
0.030896326855525524
0.02187622462397322
0.025209297771450933
0.022484015624657253
0.019310986536874457
0.019351296975438474
0.01946375456290946
0.019273641261909502
0.019316267140875688
0.0190571149661108
0.019528622545185885
0.02463178143328528
0.026986139591290596
0.021489947676568234
0.02748680617277712
0.017604379475726302
0.01641892858001774
0.008122973072255313
0.013219613146305816
0.008387417805371153
0.00785566318500583
0.009190996056049288
0.007742424727160482
0.00624801851987121
0.004717032902416058
0.003158936495762397
0.0015833526258673338
4.3298840685981225E-15
0.0015813671279492664
0.003151018935385481
0.004699309784063475
0.006216737382102637
0.007694000992686742
0.009122058333461266
0.016330947363031947
0.020329090836465093
0.012147214376174565
0.021260190686954155
0.018980262608316246
0.020087176348517463
0.02060417946570669
0.02078602563692548
0.005851183456675049
0.008142067621058928
0.016587012059805173
0.02300730278751229
0.02319316868028744
0.03411358309742488
0.023193514842985544
0.02300820892625335
0.015717048199681834
0.005965771264183794
0.004811840685090622
0.02183282721701593
0.023857734305508135
0.021836258591726426
0.020960162696631462
0.020386937623030454
0.011960343296188211
0.022627805654661506
0.01582805533826603
0.008975639047643829
0.00756175551889429
0.0061028224960163425
0.004607868489190973
0.003086133828986229
0.0015470136525543062
2.044704546273938E-15
0.001545376622720347
0.0030796058552993327
0.004593255909151965
0.006077031449704903
0.007521830580312422
0.00891880057912522
0.006689972517360685
0.005393826444260458
0.018964739792403023
0.008291294044201362
0.012547412158311434
0.013505267172529574
0.005965516298528789
0.015747273995598797
0.03201980452349852
0.032611846693425164
0.026789180389203242
0.016782785652708628
0.017003649635240373
0.00310864963664622
0.01708889807437799
0.016953494615947032
0.027241167232066706
0.031954279291538594
0.03128264544187701
0.013695315259633814
0.008689603865386319
0.01735835741302514
0.016914679761472283
0.007164179394018682
0.019925250127223553
0.012553279395882475
0.0064110151789721
0.008799235330319026
0.007413839913159974
0.005984009696890969
0.004518586115972291
0.0030266216949510604
0.0015173242190166323
2.995818476813442E-15
0.001516003413001598
0.003021354726474005
0.004506796245605868
0.005963200715939178
0.007381627315088243
0.008753376451604298
0.014669351673773048
0.013767363098403028
0.024975890149988494
0.023094287362370257
0.01806393195091247
0.01851691306649326
0.026662829274864765
0.02629595628641759
0.01542267832638932
0.02449678561897922
0.015845137639133033
0.019058782219350336
0.01917372459249558
0.043852912096894146
0.019052777388206356
0.01881726690906754
0.017340905456682352
0.026525396462131232
0.016313286468679817
0.025838041894470438
0.024514164979780935
0.015132747549811799
0.014378436741215903
0.026127600093473733
0.02924439602857623
0.005863547366975705
0.01406174842284859
0.008658364370336909
0.007295813132387588
0.005889281682095969
0.004447460615538764
0.0029792514936999794
0.0014937119704675904
3.2065553447698185E-15
0.0014926825330948768
0.002975146414705947
0.0044382715853816075
0.005873063161207556
0.007270706647687078
0.008622622008377587
0.006475291674440351
0.02660063938224845
0.013189969093031549
0.011043408961141398
0.025586364836191616
0.026452817557997804
0.026771758100765215
0.012651604124974855
0.02267300023199457
0.015236512573298177
0.022878793805392376
0.019746975578396216
0.019913565984632703
0.024601676111146498
0.019894491013242806
0.019709234419209236
0.021603777283900644
0.012730660261036036
0.022289413426866335
0.015816643914397334
0.027995711935588075
0.025504428071724827
0.024491967201433637
0.016944752750721156
0.007257605758466345
0.029265593088438784
0.006783695812377426
0.008550408863440632
0.007205484406087032
0.005816881820231208
0.004393174290422728
0.0029431464544601837
0.001475740279537015
8.016856559312993E-15
0.0014749835446406002
0.002940128829360175
0.004386419477505825
0.0058049596661249305
0.007187028762769421
0.00852413485866206
0.012713401798967646
0.016889942233567587
0.026256929157049722
0.028297078467851292
0.007561714576658861
0.008683403029226744
0.008726250250662374
0.012610296343719619
0.013724116667047988
0.03263469450280552
0.03481608720110829
0.019027251672666775
0.019240224784913666
0.02758508196009445
0.01932472407518081
0.019196266667225115
0.0355870062582121
0.03210096728466824
0.013040172256728278
0.008891630352515802
0.007095543684743799
0.01242492218607841
0.01176666137316502
0.024725934451175446
0.02005489642629618
0.022109613021910328
0.012030698883660946
0.00847343058241126
0.007141233191072883
0.0057655121864134485
0.004354754658458338
0.0029176602675273625
0.0014630876723652664
1.1481548384828786E-14
0.0014625903074045852
0.0029156769298886564
0.004350315050560289
0.0057576763401021545
0.007129103207222563
0.008456161982298746
0.00782321946001018
0.023968212514379004
0.010618904171189133
0.027429629484916104
0.012055232820580568
0.012773843271849435
0.022626161801162045
0.029944255026648416
0.0275910509466992
0.009491560411686127
0.0029328311260777974
0.016790259171383694
0.016938204911468406
0.030636521237729593
0.016898458780326538
0.016710680448087534
0.005226868481313578
0.011132606517120279
0.02815931381320788
0.030615354597098795
0.020565577143986134
0.010940382854507512
0.010031602225988347
0.026244373886099768
0.01507877089930881
0.018067971827895907
0.008447196774293033
0.008426082790693326
0.007101936019153455
0.005734275035342491
0.004331530647313845
0.0029023480018590562
0.0014555333780359666
3.862237565258754E-15
0.0014552867977816752
0.0029013647161426777
0.004329329608804909
0.005730390233519127
0.007095922300637275
0.008417521487007763
0.010571791531760055
0.02048899188089621
0.009799989646339342
0.006536234564353047
0.019395084387370195
0.020218738921818132
0.014046994266380721
0.017549531641753404
0.020853084590967234
0.02306323589889895
0.03181719467333933
0.01940288410030894
0.019529576490506816
0.013488959566423124
0.019438492831914272
0.019220800130897095
0.03044479699339667
0.02199551579220768
0.022737646715862467
0.02117074072844276
0.015056578410630109
0.01914278948565381
0.01824434849675876
0.009678348494905332
0.013758882685289275
0.01569927953683584
0.009864897903455187
0.008407551610459196
0.007086917623865081
0.0057226337778149665
0.004323103446447332
0.002896946794166523
0.0014529477539607257
