1.0
0.9989725854527296
0.9958941397184456
0.9907760398146909
0.9836371918337692
0.974503947816852
0.9634099899352775
0.9503961825331827
0.9355103927392283
0.9188072805050698
0.9003480590739814
0.8802002270235785
0.8584372731615434
0.8075020517536211
0.7735178115350371
0.747430259530471
0.7017734579899785
0.6732797756978477
0.5807269176927411
0.5595095290572566
0.5108777963175802
0.496456598587954
0.45494104837185473
0.4837431288863775
0.4500944436787633
0.4341396785988911
0.3999918930540402
0.3750340041076897
0.36798471756719997
0.3339538200796364
0.30020068627509555
0.2668332813211876
0.23395677675898338
0.20167312991975372
0.17008068053331007
0.13927376632762714
0.1093423593199552
0.08037172439209748
0.052442101627436545
0.025628413765296797
1.8109031420544873E-17
0.02437962278192765
0.047452970371682494
0.06916877240348808
0.08948212364992629
0.10835460493099767
0.12575437327165548
0.14165622109465525
0.15604160438810785
0.16889863993921161
0.1802220718765291
0.19001320791218002
0.1982798258215172
0.23080512140803214
0.24524465943627494
0.24896587409690757
0.2676413486496275
0.26846208511219605
0.31812914300849204
0.3069277314062864
0.31504414154632526
0.2986448973630108
0.3016585351725012
0.24688192902220846
0.23942278860265367
0.2153135854627287
0.20615312129488467
0.1869658036382072
0.15172847667181683
0.14055159595840253
0.1288390805231739
0.11667245240793687
0.10413347464621708
0.09130375337943802
0.07826434592779996
0.06509537670314844
0.05187566279556199
0.038682351000812264
0.025590567982650105
0.012673085182488324
1.014382048202606E-16
0.012361565328204921
0.024347745827528213
0.03589819564672845
0.04695632858088983
0.05746953627456676
0.06738938324713131
0.07667177800935222
0.08527711967004802
0.09317041956355225
0.10032139756208593
0.10670455287113867
0.11229920923996589
0.09743960678368856
0.09272673646536427
0.09598533523892602
0.0885828162298107
0.09032535709525695
0.08018164573902974
0.07992700241511727
0.08483639298080942
0.07913287053829572
0.079164549150384
0.08508456075596045
0.08182911936723253
0.08622649625055641
0.08153525808126429
0.08484551446907046
0.09577043133222503
0.08919691902777949
0.08219714680739847
0.07482035430154875
0.06711710121238151
0.05913896231121246
0.05093822132600426
0.042567565380628475
0.03407978162745241
0.02552745768586273
0.01696268746207146
0.00843678388003234
7.19639005605423E-16
0.008298740059596093
0.016412099049191702
0.024294572090918173
0.031902718564962976
0.03919537927375683
0.04613387787015484
0.052682205632239125
0.0588071887680072
0.06447863753739028
0.06966947658610836
0.07435585599533835
0.0785172426622936
0.0995302933995111
0.11163284433613906
0.11392685649084401
0.12427862223665777
0.12531357075788
0.12785915025256211
0.11972549454865468
0.10875800723005191
0.11677899323211914
0.12175396097106979
0.12003208344901661
0.11735076396976331
0.1065937540015794
0.10309718435726427
0.08993789821408081
0.07013989843314625
0.06548986096701274
0.06049987700365096
0.05520449656085658
0.04963964052493742
0.04384237336355525
0.037850671909973106
0.03170319158088254
0.025439031390899612
0.019097499119955983
0.012717877975440942
0.006339196069147323
4.621753669355685E-16
0.006261866202463019
0.012409475561784677
0.01840702490262418
0.024220032755729384
0.02981552737365569
0.035162223877609915
0.0402306896272971
0.04499349698177942
0.04942536269936665
0.053503273308289315
0.05720659586665613
0.060517173619378944
0.060638676010109596
0.05599992827200217
0.05799811505474504
0.05941597586556849
0.06062362871060533
0.07297471968576612
0.07129129992515922
0.08956591101598103
0.071369860665827
0.07282331473158081
0.05990898852518499
0.05851853160805934
0.056648682484514275
0.05453954681802099
0.05888233838543863
0.055479847234249834
0.05187727902217938
0.0479935866512009
0.04385524009181585
0.039489974235264784
0.03492661100534995
0.030194876749064736
0.025325216019944103
0.020348602879240743
0.01529635084488489
0.010199922616160676
0.00509074069376554
0.0
0.0050415164172290545
0.010003617540092187
0.014856879372912905
0.019572813786123133
0.02412403027178675
0.02848438971977449
0.032629149377751535
0.03653509821676672
0.040180681986826464
0.043546117313200815
0.04661349425376717
0.049366866810154376
0.057703131059408753
0.06863830512901116
0.07006312568339455
0.07116322580822665
0.07184476655273195
0.04704065516729513
0.05794203977465724
0.05238696864506964
0.0581997143277517
0.0461745933362474
0.06890881917131932
0.06729112918347811
0.06613447557237856
0.06403676988594599
0.05250436702258782
0.04601738833181894
0.04307047863746685
0.03988390194163727
0.03647909300014357
0.032878631378331455
0.029106096167606087
0.025185915879489127
0.021143214447610352
0.017003654284082563
0.012793277347068968
0.008538345181072224
0.0042651788904567245
4.885731862186456E-16
0.0042312268559528
0.008402948491872252
0.012490174076164396
0.016468621510455143
0.020314858443545317
0.02400643711855253
0.027522022293951072
0.030841511525969832
0.033946147150060654
0.03681861935330004
0.03944315978678758
0.041805625227193305
0.054693365200385376
0.050230931279708395
0.051639111803395574
0.050872783750811564
0.051747433058900755
0.06924885302802203
0.07593180095390263
0.10055859438306873
0.07593085569273214
0.06882229409072538
0.0509855821360369
0.04987526344120445
0.0511062686089569
0.049643369557959144
0.05406306381627851
0.03942636457364891
0.036926673868340316
0.03421776046338078
0.03131765050089769
0.028245407809626866
0.025021011314592057
0.02166522776058841
0.018199480544475847
0.01464571546934139
0.011026264246839855
0.007363706582084989
0.0036807316787430392
2.2746415663623226E-16
0.0036559938856950388
0.0072650565569727195
0.010805428289309802
0.014255912122851828
0.017595998694535805
0.020805986110944016
0.023867094172387766
0.02676157229694666
0.029472800534868556
0.03198538310894077
0.0342852339646746
0.03635965386519248
0.03238455579598375
0.04274516379474397
0.04374648481075931
0.04206703365295598
0.04275458089842645
0.06216701202382706
0.08537145908265747
0.09073349200913139
0.08586103940445491
0.06298760296481311
0.04150160045089994
0.04041152853033253
0.041167694025505
0.039701959682734184
0.028890588897098265
0.034589224142182885
0.032412810856046984
0.03005031665505748
0.027517322639368565
0.02483035701418406
0.02200678902194915
0.019064718399568432
0.01602286105365754
0.012900431665654235
0.009717023953107676
0.006492489323495332
0.0032468146625339155
1.31158542895937E-15
0.003228063207314326
0.006417712443588071
0.00954963243325519
0.012604970668225064
0.015565449480291395
0.018413474000506514
0.021132235375583508
0.023705808643464
0.02611924470554894
0.028358655871712612
0.03041129449570887
0.03226562426294336
0.050467578593017
0.0454433458328721
0.04657398573702842
0.03923560598415603
0.039906260616358206
0.05079922974822891
0.06339705517388791
0.07850999126650013
0.06273897965312651
0.04933854071515913
0.03890296971740635
0.03791369395609243
0.04576218630961708
0.044495114905568
0.04949109801524969
0.030902431730860134
0.028969629458262737
0.02686882837511617
0.024613779935093817
0.022219107024005532
0.019700210362086867
0.017073170655953103
0.014354647114386422
0.011561772961431706
0.00871204859493945
0.005823233049989591
0.0029132344336081713
7.647476550911597E-16
0.0028985934652993677
0.00576484828929671
0.00858135292930537
0.01133108672356158
0.013997521750361576
0.01656472119193894
0.019017433623296245
0.021341182673568816
0.02352235153832293
0.025548261854455807
0.0274072464862214
0.02908871580949428
0.016124404602395757
0.026444589533041695
0.027354624004787532
0.035359474073979685
0.03613889494024698
0.06100121091895964
0.08498113652199617
0.07582281398306094
0.08449664112716672
0.0600608001130248
0.036298709535073664
0.03558747181393488
0.02604128863034713
0.024880798377945327
0.014382141384461528
0.028011524569114186
0.026268079742020643
0.024371076804360216
0.022332853656680512
0.020166556388833863
0.017886055366204467
0.015505857279753009
0.013041013712293738
0.010507026791998109
0.00791975251950478
0.005295302366408451
0.0026499437508160115
1.4700211385391274E-15
0.002638249589547993
0.005248668987355911
0.007815363359244354
0.010322775102728792
0.012755777411735133
0.015099764812143937
0.017340740130547448
0.019465397382425417
0.021461200092844978
0.023316454592685085
0.025020377865606642
0.026563159556026474
0.04378512658246229
0.03797225343825004
0.038917180547713905
0.025725181581814475
0.026238757815454764
0.022108820219386805
0.028959392564757127
0.039170269854898083
0.02802757201232391
0.021519930258812554
0.025242774444293826
0.024411443238848488
0.03779908343392194
0.03665142290260992
0.042366138392270186
0.0256947374798437
0.02410201114996388
0.022367460989533117
0.020502305557442247
0.01851851851852177
0.016428752422942842
0.014246258644903335
0.01198480398314901
0.00965858444442169
0.007282136745884106
0.0048702480844802064
0.0024378647295415145
1.1632978672288075E-15
0.002428357810788507
0.004832337001505749
0.007197272964717407
0.009508797076710727
0.011752923439938886
0.01391613295761959
0.015985454238323912
0.017948540849478552
0.019793744462760367
0.02151018346102438
0.02308780660561793
0.024517451394458496
0.012240609822893335
0.02083850266262591
0.021812544566882804
0.03883133073877692
0.039497712154500444
0.03437913225964357
0.055941875547458234
0.03624002292087894
0.05509443591374207
0.03288468711453335
0.039666551012549775
0.03906503020945531
0.02182828158968591
0.02087245335909902
0.012832375192927395
0.023806309798949276
0.02233577778846448
0.020733088768747035
0.01900855764427407
0.017173209640044464
0.015238710305111041
0.013217291849711136
0.011121676278228344
0.008964995797927288
0.006760710998606831
0.00452252730986911
0.0022643102517703128
1.3886755515261196E-15
0.002256474210777492
0.0044912793225876406
0.006690762809972902
0.008841535644205345
0.010930553364365696
0.01294519476696071
0.014873337741866225
0.01670343180137111
0.0184245668708004
0.02002653793330654
0.021499905148103175
0.022836049090252972
0.03503683137559253
0.028670706106835087
0.029474056372975135
0.014471191936356478
0.014954232939293169
0.036581222524151254
0.016392496707711687
0.039715746024884556
0.016895475967264432
0.03770259731133886
0.014390346267372286
0.013723606460287053
0.028269266494757004
0.027242693682174593
0.033410925037846
0.022246578963335796
0.020876550878774186
0.01938241536712951
0.01777374660517334
0.016060791128661035
0.0142544029455875
0.012365975136843978
0.01040736837305655
0.008390836793721844
0.0063289517095684745
0.004234523600871463
0.0021205228934413627
1.267025555287332E-15
0.002113994882376246
0.004208491728062797
0.006270679904202605
0.008287986175760147
0.010248151021481938
0.012139302799508664
0.013950029315999883
0.01566944636728252
0.017287262845733075
0.018793842021817227
0.02018025863917463
0.021438351486312547
0.01670769717226881
0.02308027434577973
0.023990015400217744
0.038214591469134036
0.03872362982752839
0.009463643142284433
0.02637666407744796
0.018518518518522334
0.025843640933843306
0.008615543585983602
0.03838716836295778
0.037772511436597996
0.024399512208631697
0.023586485302568835
0.017446401959999344
0.02094517451159311
0.01965873761033182
0.018254951168103564
0.01674277486949045
0.015131808464325072
0.013432231125048934
0.011654737426119367
0.009810470346245314
0.007910951711350365
0.005968010510533875
0.003993709529248019
0.0020002707528304514
3.8176567756662707E-16
0.001994788750868581
0.003971848879047378
0.0059190760209349835
0.007824581895465517
0.00967676660671476
0.011464388985834323
0.013176634547166046
0.014803180649465418
0.01633425847110639
0.017760711428656404
0.019074049690997404
0.020266500465848703
0.026012924478788026
0.019860282918166893
0.020588076059077587
0.012356790759195426
0.012919277154688826
0.04897085462063998
0.030983799344784253
0.03571874627717239
0.03109443329448869
0.04897340592464662
0.013191662838356004
0.012728177165830573
0.01969443736792304
0.01880136426932269
0.02460274100037304
0.019851074618273318
0.018634751619664543
0.017306785855208198
0.015875622498043418
0.014350319253918506
0.01274048927620558
0.011056240820026623
0.009308114012788853
0.00750701513516036
0.005664148820683908
0.003790948594130998
0.0018990061775901535
2.6269316210393222E-15
0.0018943766504771703
0.00377248739070545
0.005622823984443769
0.0074340766270633
0.00919520284530472
0.01089549459369025
0.012524643141228198
0.01407280135656384
0.015530643016465609
0.01688941878176045
0.018141008505865273
0.01927796956448344
0.019641320788415417
0.025773199865218192
0.026569935265238372
0.031259693800512973
0.03164650439643748
0.0013081361619423496
0.01679596589390171
0.025709874921565155
0.016825307878085068
0.0016468760549871622
0.03095161331209577
0.030338360564333193
0.026720954274938872
0.02596669388244357
0.019800553677796456
0.01892646590499811
0.017769308106982927
0.01650534428602151
0.015142585844551703
0.013689633232426774
0.012155621864996578
0.0105501648813891
0.00888329310055597
0.0071653925487625844
0.005407139946448259
0.003619436553900452
0.0018133407843665455
1.9396926937137387E-15
0.0018094180900338395
0.003603794008244359
0.005372124644470452
0.007103590532065897
0.008787621854599609
0.010413962781398283
0.011972733741574128
0.013454491259357963
0.01485028498961847
0.01615171160994086
0.01735096524590543
0.018440884127871832
0.01957233819884682
0.015366844196975357
0.016071588645226054
0.017305595799581523
0.017839829190221354
0.040689567528086036
0.027358645348578486
0.013984424516016468
0.027136018975999644
0.03998697935259788
0.0182024739808735
0.01779082705327039
0.01598784576714326
0.015285942569718752
0.018957819859976608
0.01814281288280389
0.01703576891731894
0.015826024000832977
0.014521222122824737
0.013129576318171032
0.011659817132506127
0.010121138014666603
0.008523137976576327
0.006875761877446051
0.005189238702475073
0.0034740182182256838
0.0017407063958163717
3.895917578302925E-15
0.0017373792535265438
0.0034607505683628675
0.005159539561485836
0.006823342980653854
0.008441992249956039
0.010005615456471143
0.011504697400998073
0.012930137348571515
0.014273304129174555
0.015526088255910469
0.01668095074674473
0.017730968356763504
0.019122377521136817
0.025708028299545414
0.026381001210920255
0.022237520448463766
0.02260860920800163
0.009547850041781956
0.020535513873421982
0.034639243714255315
0.020624050863796616
0.00998504213398103
0.022073707447135694
0.021527083211526375
0.02613209226619391
0.02542243790389866
0.018700146569685477
0.017478263788004152
0.016413728601431782
0.015249972865774572
0.013994328584083001
0.012654679837933445
0.011239413419891231
0.009757366466509959
0.008217771418264953
0.006630198648213805
0.005004497115000697
0.0033507334073883035
0.001679129556642055
2.8099066542307373E-15
0.0016763119168731247
0.0033394975084910816
0.004979345999417313
0.006585807068182954
0.008149052303017308
0.009659535194484347
0.01110804929967907
0.012485784224257003
0.013784379082912392
0.014995973114480794
0.01611325314607729
0.01712949762032029
0.01839264947941381
0.0170893022899759
0.017735664189745117
0.020728481538022658
0.021195909615880013
0.028230268216868578
0.020388769996812998
0.02377267535916914
0.02032503183548681
0.027827313757074056
0.021293043270442874
0.02086194175873079
0.018179479558902558
0.017631392372325628
0.018675370044492122
0.016915893288924965
0.015887378229216202
0.014762581844749285
0.013548571158445806
0.012252950983890273
0.010883816402483246
0.009449702303207795
0.007959530298465602
0.006422553345597286
0.00484829841695711
0.0032465075731372556
0.0016270778027897255
4.780862075521009E-15
0.0016247025454924425
0.0032370357671759812
0.004827096171892629
0.006385131545149342
0.007901600640549757
0.009367231488449356
0.010773077968522251
0.012110574301543183
0.013371587129263826
0.014548464866400466
0.01563408402590488
0.01662189223757016
0.01571637707173523
0.022608872181953812
0.02316289682147021
0.019131213669514834
0.019573425500662166
0.016127028496454004
0.02140908975182846
0.025608830230299924
0.02135963150392372
0.01630401609774338
0.01971013176487
0.019319030535003272
0.022592451431613588
0.021936024829463097
0.01493880929500073
0.016442485557064394
0.015444371757691443
0.014352440193511604
0.013173533359924258
0.011915019650555773
0.010584747402739531
0.009190996056044039
0.007742424727150551
0.006248018519871695
0.004717032902417222
0.0031589364957623624
0.0015833526258734328
4.47011365223836E-16
0.0015813671279544957
0.0031510189353828643
0.004699309784056936
0.006216737382104061
0.007694000992691348
0.009122058333468512
0.01049218081940167
0.011796006812012556
0.01302559255094181
0.014173460457967474
0.015232644520589693
0.016196732480060438
0.020789808601527217
0.020631109740657134
0.021245845777840604
0.020150914450681203
0.02051330245873592
0.023721828709737647
0.02048348591157912
0.02945019212374416
0.020495361885599774
0.023575627806849974
0.020296963788660905
0.019868572844033944
0.021600877670840856
0.021055327917197934
0.02126149621531138
0.016047675986886074
0.015075026171648414
0.014010597974016794
0.01286104467593914
0.011633535736644288
0.010335712165390053
0.008975639047644124
0.007561755518894513
0.006102822496017599
0.004607868489191344
0.003086133828987729
0.0015470136525554804
4.5147429117510605E-15
0.0015453766227190074
0.003079605855298463
0.004593255909151339
0.00607703144969547
0.007521830580311679
0.008918800579126434
0.010259392048027933
0.011535411143219947
0.012739069568690382
0.01386303202823812
0.014900460847379868
0.015845057494120227
0.011349731762792602
0.017605297554002874
0.018091882297648538
0.02273316559571921
0.023168066981076176
0.018145248655594144
0.01891379356384519
0.01134773421845921
0.018885841655331765
0.018241275193328205
0.02345936012624689
0.023122333712568038
0.01743990704825519
0.01682570490775396
0.01076403409220161
0.01572333708212575
0.014771748995772107
0.013730038049231733
0.012604699581222964
0.011402737382907181
0.010131620185262726
0.008799235330314787
0.007413839913159225
0.005984009696892808
0.004518586115968577
0.0030266216949597084
0.0015173242190173618
1.6842140107469279E-15
0.0015160034130018854
0.0030213547264771514
0.004506796245607051
0.00596320071594385
0.0073816273150907954
0.008753376451603703
0.010070043035636907
0.011323567895696643
0.012506287027606372
0.013610978374998873
0.014630905856400605
0.015559860370932817
0.02287425889779802
0.02239579606243169
0.022997068745568217
0.01604545713144767
0.01633306493517097
0.019659774084660863
0.019150579363826678
0.029904369497046123
0.019074447865746365
0.01940599846661011
0.015960869443639506
0.015550549231324052
0.02302138474028163
0.022422010998398
0.02302861085459687
0.015463134670324246
0.01452862451509743
0.013505294387048476
0.01239950977152877
0.011218138743397768
0.009968509378498875
0.008658364370333616
0.007295813132389611
0.005889281682091049
0.004447460615538108
0.0029792514937092593
0.0014937119704630795
3.416515302188048E-15
0.0014926825330996054
0.0029751464147057902
0.00443827158538645
0.00587306316120462
0.007270706647693288
0.00862262200837472
0.009920516256841046
0.011156434250420191
0.012322807374817495
0.013412499822264305
0.014418852180572097
0.015335722067310684
0.010179053929706229
0.013301197563888378
0.013842302317994335
0.024943674898763486
0.025331196066435947
0.02129485306147546
0.0203468341479054
0.033036694057461215
0.020414725968266708
0.021476952170249065
0.025305584625564728
0.024908517216532196
0.01357110555818292
0.012967673960805172
0.010587377671580238
0.015262205901331378
0.014341113543080356
0.013332175107203515
0.012241651830628746
0.011076303439812564
0.00984334631362932
0.008550408863450406
0.007205484406095634
0.0058168818202381884
0.0043931742904204
0.002943146454458581
0.0014757402795373686
1.7794010659655542E-15
0.001474983544646148
0.002940128829368247
0.004386419477510983
0.0058049596661262776
0.007187028762766264
0.00852413485866353
0.009808066870148107
0.011030944889167714
0.012185268474429713
0.01326396258780292
0.014260420895061764
0.015168546166193238
0.02265596105306575
0.021350453866059885
0.021929666994727957
0.01247289818476071
0.01284251491842415
0.016094597458907206
0.01613340958193978
0.027603678131207107
0.016090931804547178
0.01608195997032346
0.012828396313488222
0.012449502933227432
0.02160467538135884
0.020959952684875424
0.022336457445161707
0.015116926671641436
0.014205836626893039
0.013207562550508561
0.012128285123694835
0.01097468111294027
0.009753882125003221
0.008473430582407059
0.007141233191072684
0.005765512186420689
0.004354754658460115
0.002917660267526634
0.0014630876723637886
3.0946903033619818E-15
0.0014625903074025096
0.002915676929886102
0.004350315050564257
0.0057576763401026255
0.007129103207224406
0.008456161982294631
0.00973069470784187
0.010944869218245978
0.012091227201864814
0.013162729950769446
0.014152801518088858
0.015055369018601739
0.014096698448921948
0.013409238558961806
0.014051638554436217
0.022351077397204117
0.02268526244321357
0.022992204486423466
0.021123888099484914
0.03521430193775941
0.021074131828486834
0.022929306774631668
0.0223074790341522
0.0218473718962207
0.014419592083985232
0.013849926939759437
0.014995770637208859
0.015024746775892155
0.014120420498245375
0.013129271780953609
0.01205742301399691
0.01091149192540809
0.009698550779604392
0.00842608279069596
0.007101936019156362
0.005734275035342089
0.004331530647315002
0.0029023480018562442
0.0014555333780370417
4.2810595818631446E-15
0.0014552867977853383
0.0029013647161415866
0.004329329608801808
0.005730390233524532
0.007095922300622684
0.00841752148699965
0.009687055090155194
0.01089671200536809
0.012039050719147328
0.013107045024554046
0.014094127177922834
0.01499422823228719
0.019776600401436757
0.01789345612447159
0.018449894006549845
0.01571764431722299
0.01618828373310963
0.019126071450529067
0.017370862370171148
0.024121286482764494
0.0174687292329567
0.019379710556441894
0.016650570818553027
0.016333958541787746
0.017917208873980926
0.01725463032816996
0.019038329841217307
0.014984078339836504
0.014083394332790178
0.013095955155911693
0.012027846164578191
0.010885648950795265
0.009676400843688513
0.008407551610463413
0.0070869176238640315
0.0057226337778136585
0.004323103446452675
0.002896946794164748
0.0014529477539623758
