1.0
0.9989725854527294
0.995894139718447
0.9907760398146913
0.9836371918337689
0.9745039478168515
0.9634099899352763
0.9503961825331829
0.9355103927392291
0.9188072805050689
0.9003480590739815
0.8616937601970037
0.8307101004358394
0.8074200059700334
0.7486279343384359
0.6887743979310881
0.6539251621329177
0.6163486366641338
0.5947429606961917
0.5650168669991256
0.5160824049898516
0.5032963530657113
0.47153520042749747
0.4339020508341938
0.4124957415248353
0.38705914752533677
0.382200540955201
0.3746686790581522
0.34049167918438655
0.3155214161738618
0.3002006862750959
0.2668332813211878
0.23395677675898408
0.20167312991975359
0.17008068053331002
0.1392737663276271
0.10934235931995537
0.08037172439209737
0.052442101627436476
0.02562841376529667
1.401596207612748E-17
0.02437962278192806
0.047452970371682744
0.06916877240348802
0.08948212364992664
0.10835460493099776
0.12575437327165548
0.1416562210946549
0.15604160438810777
0.16889863993921106
0.18022207187652886
0.20829584014720073
0.22522501340416248
0.23194658512001876
0.24471531311590058
0.2647819593889977
0.269836535358368
0.2846718454828246
0.2857277624586197
0.2827660141444107
0.29950623194912807
0.2733219294483844
0.2669729968628258
0.25509494710823977
0.2299810265243281
0.21740595496036105
0.19646358840855777
0.1887179404011046
0.17812762507069313
0.1586495781832186
0.12883908052317414
0.11667245240793635
0.10413347464621704
0.09130375337943858
0.07826434592780049
0.0650953767031486
0.051875662795562286
0.038682351000812784
0.02559056798265077
0.012673085182488846
1.9026944625049095E-18
0.012361565328204809
0.02434774582752773
0.03589819564672813
0.04695632858088955
0.05746953627456664
0.06738938324713074
0.0766717780093529
0.08527711967004813
0.09317041956355283
0.10032139756208618
0.08911687920560711
0.08797685303039682
0.09280517736105465
0.12394292413687828
0.1522113727207227
0.16329671574688914
0.16773486790891115
0.1671080320725682
0.16795022925305242
0.1701797934256093
0.16757912634410277
0.16639453014529051
0.16461202541933118
0.156407758308935
0.1433167266997157
0.11192948211976539
0.0787946109258069
0.07285643971998074
0.07204806756968317
0.08219714680739952
0.07482035430154838
0.06711710121238146
0.059138962311212705
0.05093822132600415
0.04256756538062869
0.03407978162745379
0.025527457685862065
0.016962687462071687
0.00843678388003215
9.397001716680026E-16
0.008298740059596582
0.016412099049192625
0.024294572090919102
0.031902718564963
0.039195379273756166
0.0461338778701551
0.05268220563223861
0.058807188768005746
0.06447863753738975
0.06966947658610814
0.09148523974401448
0.1017065143971661
0.10522310290487635
0.08836657303125323
0.06738457227973381
0.06032109782734328
0.05626391896716083
0.061484532035310055
0.06034445983407583
0.07939384476506468
0.05705310601777622
0.054917698908134964
0.05034495858229812
0.05935510190382467
0.06575854873424049
0.08436132259832953
0.0966095888736731
0.09231949093343206
0.08225437353122232
0.06049987700365143
0.055204496560857366
0.049639640524937495
0.04384237336355454
0.03785067190997333
0.031703191580882466
0.025439031390899768
0.01909749911995618
0.012717877975441796
0.006339196069147658
0.0
0.00626186620246414
0.012409475561784102
0.018407024902625076
0.024220032755730307
0.029815527373656753
0.03516222387761085
0.04023068962729782
0.044993496981780165
0.04942536269936616
0.05350327330829091
0.04230884500289705
0.045332663663405076
0.0481371177592695
0.0626871323042141
0.06778345734617316
0.0718735537770394
0.09483991607432608
0.12142265999184844
0.12114725040107104
0.13945909239023926
0.1192459170237185
0.11763473322201504
0.08850810558281824
0.06460919017640371
0.06160291095430509
0.06244245424437809
0.045418391140254546
0.042534514805577676
0.03784417204600301
0.04799358665120104
0.043855240091816454
0.03948997423526556
0.03492661100534971
0.030194876749064233
0.025325216019943624
0.020348602879240736
0.015296350844883632
0.01019992261616072
0.0050907406937654425
3.709758751754839E-16
0.0050415164172288125
0.010003617540091712
0.014856879372913565
0.019572813786122932
0.024124030271786622
0.02848438971977312
0.03262914937775018
0.036535098216768314
0.04018068198682693
0.04354611731320125
0.06188567669096528
0.06692292815423616
0.0691585603791532
0.055536342598895505
0.06092332535809238
0.06464438292440111
0.05492466419206237
0.04074127923211975
0.04167996070455228
0.02335143547899328
0.042524763507241964
0.04243522730649595
0.05470614993670303
0.06136069338160408
0.05554384659470219
0.0465405917523835
0.06494845182611415
0.0623066760464453
0.0578497642777514
0.03988390194163798
0.03647909300014194
0.03287863137833005
0.029106096167607037
0.025185915879490428
0.02114321444761117
0.017003654284083465
0.01279327734707035
0.008538345181072075
0.004265178890456109
3.683777889504825E-16
0.004231226855952576
0.008402948491873473
0.012490174076165404
0.016468621510456475
0.020314858443545265
0.02400643711855181
0.02752202229395067
0.030841511525970172
0.03394614715005922
0.036818619353298034
0.028952560664731414
0.03746773040205661
0.03932878628105091
0.07284683421844886
0.07123763156769912
0.06403709597987481
0.05568941276984292
0.051463377104545856
0.05149525344943032
0.06584908162578643
0.05069858119370745
0.049875734653670914
0.05638232235524004
0.06509800343884067
0.0718638650937868
0.07019952054350648
0.03878157205731233
0.03696575454127933
0.027568962771407447
0.034217760463381354
0.03131765050089656
0.02824540780962618
0.025021011314590644
0.02166522776058813
0.018199480544475902
0.014645715469342421
0.011026264246840412
0.007363706582083499
0.003680731678740972
4.156194905263975E-16
0.0036559938856959248
0.007265056556973179
0.010805428289309804
0.014255912122851312
0.017595998694536038
0.02080598611094475
0.023867094172389688
0.026761572296946836
0.02947280053486764
0.03198538310894141
0.047198825866434854
0.047336238232728325
0.04890136714887267
0.025821549801969067
0.0169634758402688
0.023459624328658727
0.029414439743631293
0.039264046631049765
0.039220412150079285
0.04431501201740705
0.03832886316874246
0.037490822611999035
0.027449485858830416
0.02335825257111696
0.020798313946795523
0.03286190817277662
0.0460700828086741
0.04420883990318787
0.04474262740214103
0.030050316655060354
0.027517322639369117
0.02483035701418504
0.02200678902195037
0.019064718399567974
0.016022861053658737
0.012900431665655009
0.009717023953108469
0.0064924893234943075
0.003246814662535881
1.1911867085841406E-15
0.003228063207315442
0.006417712443586815
0.00954963243325521
0.012604970668224058
0.01556544948029025
0.01841347400050718
0.021132235375583192
0.02370580864346331
0.02611924470554878
0.028358655871712053
0.024980446521174437
0.03573739502903169
0.03718263576195266
0.02644589368928912
0.041842702836394796
0.044521270947275926
0.051828364382884774
0.06412437957108642
0.06475982934604944
0.048061030030258814
0.06529675873766597
0.06520056804678852
0.049967388310958726
0.040860172251947
0.035083620592866335
0.019688443020090415
0.03689218103032239
0.035454634030607335
0.02462877076724637
0.026868828375114645
0.02461377993509469
0.02221910702400142
0.01970021036208571
0.01707317065595547
0.014354647114387782
0.011561772961432262
0.008712048594938902
0.005823233049989549
0.0029132344336093145
1.1448744223631036E-15
0.0028985934653036173
0.005764848289296519
0.008581352929306165
0.01133108672356245
0.013997521750361059
0.016564721191938483
0.01901743362329555
0.021341182673570304
0.023522351538321305
0.02554826185445618
0.03761171522172977
0.033373741666289626
0.0345521603463314
0.04864506503385551
0.043242198986707225
0.035163807356567024
0.03052350826753742
0.011023779727393717
0.011692799171439115
0.01319067540024221
0.012952930964630086
0.01355179060990029
0.030932216833426247
0.03422858881921064
0.04234549658546105
0.04577477430936564
0.03244434811713863
0.03102555557995495
0.035828089404654484
0.024371076804363286
0.02233285365668077
0.020166556388835095
0.01788605536620691
0.015505857279758164
0.01304101371229345
0.010507026791996657
0.007919752519507352
0.005295302366407229
0.0026499437508167504
8.117447956940829E-16
0.0026382495895492224
0.005248668987356687
0.007815363359243821
0.010322775102728993
0.012755777411734805
0.015099764812139465
0.017340740130543868
0.0194653973824263
0.021461200092846206
0.02331645459268547
0.02407479746947152
0.03395064495543886
0.03519797149244611
0.049886248011737376
0.03619353996831002
0.04030153088932286
0.0343404654655881
0.06228521305727365
0.06220620879400255
0.06009180544665473
0.061521945916874134
0.06092587210087153
0.03467644896505398
0.041840175519564766
0.03999233553026103
0.05410647397526057
0.03473929623129389
0.033451699490397245
0.024018867337210436
0.022367460989532226
0.02050230555744406
0.018518518518517876
0.016428752422943428
0.014246258644904964
0.011984803983150319
0.009658584444420224
0.007282136745880992
0.0048702480844815856
0.002437864729541625
4.194707788843914E-15
0.002428357810791256
0.004832337001506758
0.007197272964717319
0.00950879707671138
0.011752923439939228
0.013916132957622847
0.015985454238320942
0.017948540849479194
0.019793744462762317
0.02151018346102431
0.03036270022842366
0.02298731064925533
0.0239859100962123
0.010595323387605585
0.015594138516996692
0.013951475202179748
0.021072161057721778
0.05138960472577438
0.051856390149901385
0.030599734543540823
0.052392776604835704
0.05245533563408038
0.020196576356978413
0.013817318909892167
0.011411100561720655
0.004033241702718395
0.022521174968386747
0.021336085576221554
0.028934356488157516
0.02073308876874589
0.019008557644272374
0.017173209640045657
0.015238710305110838
0.013217291849714439
0.011121676278226881
0.008964995797926423
0.006760710998607114
0.0045225273098678815
0.002264310251770128
1.841531413776865E-15
0.002256474210777387
0.004491279322588545
0.006690762809976224
0.008841535644205546
0.010930553364369591
0.012945194766962861
0.014873337741866065
0.01670343180137101
0.018424566870800723
0.02002653793330916
0.02392893132336662
0.030919579846370834
0.0320408055243479
0.046673711158798405
0.0427045117726053
0.03480751146426076
0.034190142331406846
0.022564707888213388
0.022024830518894256
0.03517250660982378
0.02088192741411907
0.020290805498837366
0.03277693138194465
0.032333417423946194
0.04028291846183595
0.041741584355915205
0.03135784782746807
0.03015800478823552
0.02390260760879059
0.019382415367129365
0.017773746605171933
0.016060791128662485
0.014254402945584829
0.012365975136841735
0.010407368373054449
0.008390836793721905
0.006328951709566498
0.004234523600870565
0.002120522893439934
1.6476644639782712E-16
0.0021139948823746444
0.00420849172806209
0.0062706799042017885
0.008287986175755071
0.01024815102148103
0.012139302799508653
0.013950029315998515
0.015669446367282333
0.017287262845733477
0.0187938420218163
0.024437954533111813
0.016436056048453322
0.017433466460895414
0.01805095256951132
0.018277538010176016
0.024995559729461707
0.03202885171790572
0.05250330387075849
0.05252380374253461
0.04140866624999917
0.05206697615169088
0.051591199523756306
0.033281991310260835
0.024706402173835067
0.01923539334153091
0.01768039461946125
0.016779076755464837
0.015689770270457582
0.023241034994099394
0.018254951168104973
0.0167427748694896
0.015131808464325122
0.013432231125049623
0.011654737426120112
0.009810470346246115
0.007910951711349125
0.005968010510533592
0.00399370952924977
0.0020002707528305463
1.8527941881779257E-15
0.0019947887508675348
0.003971848879045292
0.0059190760209363955
0.00782458189546406
0.009676766606714701
0.011464388985834628
0.013176634547164867
0.01480318064946727
0.016334258471110762
0.017760711428657407
0.023722503517360743
0.026675159899082923
0.02769237460422806
0.031770593492127595
0.027259871184652583
0.029113139814487744
0.01407708144839887
0.015123724428043338
0.015585929506446817
0.01578963627290866
0.016198008968649067
0.016341687112877163
0.01577251879010453
0.030615043637543315
0.026912719828598053
0.03387728781478443
0.02683595261460605
0.025713888287527756
0.02363424665423685
0.017306785855206213
0.015875622498043633
0.014350319253919216
0.012740489276205054
0.011056240820027163
0.009308114012790272
0.007507015135161899
0.005664148820685928
0.003790948594129023
0.0018990061775881835
1.1018397470515935E-15
0.001894376650476039
0.0037724873907055228
0.005622823984445064
0.007434076627064175
0.009195202845305533
0.010895494593689528
0.012524643141226793
0.01407280135656712
0.01553064301646494
0.016889418781758536
0.019456042978539388
0.014665530978200092
0.015696709246092233
0.012238082036394017
0.019013943756110863
0.011056567880566437
0.031110325763311363
0.028052585813421314
0.027968821429589966
0.023005975250661698
0.027411157410848208
0.02693810064927931
0.02949194294417932
0.0109000870440282
0.01955987548897653
0.01649464329281276
0.015827784906912702
0.014827271897795775
0.018454202735860986
0.01650534428602015
0.015142585844551254
0.01368963323242515
0.012155621864999556
0.01055016488139043
0.00888329310055541
0.007165392548761209
0.005407139946445052
0.0036194365538987226
0.0018133407843659766
2.287154816953536E-15
0.0018094180900340847
0.0036037940082478057
0.005372124644470212
0.007103590532064721
0.008787621854597286
0.010413962781397891
0.011972733741575486
0.013454491259359897
0.014850284989617064
0.0161517116099434
0.023178653626073402
0.02164940270906699
0.022576767758260594
0.031135614423370858
0.020396687878556558
0.0296610552125294
0.043654875306792046
0.025357722175057974
0.025532834912576078
0.028016358120651303
0.025464473370993577
0.02522110399230686
0.04483380099310831
0.027871428769270404
0.019135210158322213
0.026913369043423434
0.021652229271687737
0.020608325924173606
0.022999743113117095
0.015826024000833657
0.01452122212282021
0.013129576318171224
0.011659817132507919
0.01012113801466559
0.008523137976574816
0.00687576187744625
0.005189238702472759
0.003474018218221991
0.001740706395813036
7.002760572282224E-15
0.0017373792535260487
0.003460750568360626
0.005159539561485235
0.006823342980652241
0.00844199224995743
0.010005615456475336
0.01150469740100287
0.012930137348571945
0.014273304129175003
0.015526088255911986
0.015361126258781901
0.016406244338822252
0.017392620808996524
0.03726848951123657
0.02162882518813307
0.02138839611222628
0.004674631557517588
0.02029571749913594
0.020537050855847533
0.029675183923399524
0.020618316612586726
0.020458730921156288
0.004692737433117267
0.02140796001137348
0.02025332134090783
0.038045774435517
0.017824923312811873
0.01691372301823571
0.01457744362700932
0.01524997286576862
0.013994328584080293
0.012654679837930104
0.011239413419890428
0.00975736646650927
0.008217771418268634
0.006630198648212372
0.005004497114996019
0.0033507334073862704
0.0016791295566408342
1.7729834876596805E-15
0.0016763119168724258
0.003339497508495239
0.004979345999424273
0.006585807068180792
0.008149052303011795
0.009659535194486925
0.011108049299680695
0.012485784224259448
0.013784379082911406
0.014995973114478972
0.022218695514167507
0.016576221855072324
0.017439912899737776
0.007373713878739047
0.029749304192925194
0.022339403993340046
0.04161121322636198
0.02020330839032236
0.020361899132451598
0.014619357248180049
0.02029504505929556
0.020070200129859057
0.040373994058950174
0.023672379672217775
0.032172388062826074
0.013131973475341636
0.016621049478930734
0.01565206552306605
0.021944551648284027
0.014762581844750643
0.013548571158450748
0.012252950983888561
0.010883816402486587
0.009449702303213842
0.007959530298470782
0.006422553345603293
0.004848298416953699
0.0032465075731332037
0.001627077802794176
5.3161540578332755E-15
0.0016247025454905195
0.003237035767175908
0.004827096171890721
0.006385131545151151
0.007901600640545065
0.009367231488450803
0.010773077968522957
0.012110574301547028
0.013371587129269552
0.014548464866402962
0.01235113745832692
0.018880720146384988
0.019803565138300196
0.024208001255624688
0.003879179840123324
0.011058025695539517
0.01952571325406695
0.020647558022286506
0.02080262792830131
0.040749274316370966
0.020735213553171813
0.020513337400115204
0.020147061146729203
0.010773690450440795
0.007724310458098694
0.019772126239698647
0.020164447796016203
0.019303303946523694
0.0118618946845085
0.014352440193507466
0.013173533359922593
0.011915019650558628
0.010584747402745575
0.009190996056045876
0.0077424247271541844
0.0062480185198743425
0.0047170329024186
0.0031589364957603024
0.0015833526258704133
9.639729858751647E-16
0.0015813671279545159
0.003151018935388072
0.004699309784059789
0.006216737382104499
0.007694000992689478
0.009122058333466753
0.010492180819395581
0.011796006812009121
0.013025592550946373
0.014173460457972709
0.020844004853125975
0.012688758563975892
0.01352168213820237
0.029884235013824305
0.03189819599004171
0.026301300638793046
0.02693380179256857
0.01966609168208142
0.019828376236493916
0.010476917132213185
0.019781115362023295
0.01957200460284067
0.02618097302911243
0.02500994858918761
0.02905649667346345
0.029752758281505007
0.013089203279318678
0.012208116032480293
0.02048132271403962
0.014010597974018456
0.012861044675939699
0.01163353573664089
0.010335712165389099
0.008975639047641341
0.007561755518894493
0.006102822496014942
0.0046078684891869715
0.0030861338289862815
0.0015470136525585383
1.617229898356612E-15
0.0015453766227196946
0.0030796058552976877
0.004593255909148076
0.006077031449701703
0.0075218305803156586
0.008918800579124612
0.01025939204802792
0.01153541114321537
0.012739069568690703
0.013863032028233893
0.010808510685649914
0.020524734612510614
0.021382571550350983
0.007792929271127977
0.028629816137413337
0.020729668540837826
0.026751813373424773
0.02076540254598464
0.02099006278841607
0.026482205232336836
0.021080741012778795
0.020947002922942187
0.02742460829542818
0.02100423326296594
0.029387041193963334
0.009229734454626095
0.021522982023736082
0.02069536038151079
0.01069539533924211
0.013730038049230842
0.01260469958122371
0.01140273738290948
0.010131620185261826
0.008799235330315036
0.007413839913157686
0.005984009696895515
0.004518586115966867
0.0030266216949586693
0.0015173242190133676
2.7667265353531834E-15
0.001516003413001675
0.003021354726478495
0.004506796245607477
0.005963200715938785
0.007381627315089484
0.00875337645160236
0.01007004303563391
0.011323567895693923
0.012506287027602548
0.013610978374997912
0.019098308385683282
0.01165569828626947
0.012442140204104354
0.02374099166376185
0.007936721754098378
0.017715481964187103
0.012727102481005845
0.015505880391308383
0.015642597457667915
0.021010049516650264
0.015567211301971988
0.015355481043668415
0.01120007233316647
0.018810988461569506
0.010574288378311043
0.023789542980241933
0.012597877435488933
0.011855060231126561
0.018661808094257007
0.013505294387056263
0.012399509771526313
0.01121813874339782
0.009968509378499546
0.008658364370331998
0.007295813132390679
0.005889281682091235
0.004447460615540688
0.002979251493704109
0.0014937119704676888
3.3452181313905053E-15
0.0014926825330963572
0.0029751464147024674
0.004438271585383604
0.005873063161200816
0.007270706647692471
0.008622622008376142
0.00992051625684267
0.011156434250420412
0.012322807374819129
0.013412499822264605
0.010933841430168739
0.020789478701388434
0.02157521991711935
0.008757477219667775
0.01772805766746022
0.012616316378253811
0.02969363717664795
0.022218504779472046
0.022354631599728246
0.021127381700368923
0.02227547620681738
0.02206069922376264
0.028973215940999594
0.012089843584613135
0.0146206777058299
0.00841460916986285
0.021455991837814513
0.020664738989347325
0.011162085655283333
0.013332175107207215
0.012241651830628395
0.011076303439819015
0.009843346313627335
0.008550408863445451
0.007205484406092297
0.005816881820236213
0.004393174290419417
0.0029431464544567697
0.001475740279534524
8.599680255905831E-15
0.0014749835446352412
0.0029401288293667495
0.004386419477502964
0.005804959666122496
0.00718702876276863
0.00852413485866768
0.009808066870150978
0.011030944889171569
0.012185268474429604
0.01326396258779771
0.017062591514912313
0.013594605875586571
0.014320631076189536
0.026735964833072574
0.026977361455106066
0.023840633502832248
0.01745880855540232
0.018091966049141886
0.018328237027425098
0.00889934635567858
0.018462040909471296
0.018359454163595544
0.019014189574316328
0.022949856735229156
0.02726957388016189
0.02626661665247673
0.014819955633735416
0.014173475206381441
0.016576902462952466
0.013207562550504903
0.012128285123688937
0.010974681112937135
0.009753882125006873
0.008473430582414239
0.0071412331910651605
0.0057655121864192155
0.004354754658456974
0.002917660267524719
0.0014630876723679468
1.0219424218905272E-14
0.0014625903074130446
0.0029156769298838347
0.004350315050562933
0.005757676340101146
0.0071291032072211685
0.008456161982299098
0.009730694707838744
0.010944869218239846
0.012091227201862561
0.013162729950769067
0.01234025839093542
0.019600421312821463
0.020310683952591318
0.016173357701521705
0.012701176642700672
0.02146965104588898
0.011499374837200625
0.017156011992271642
0.01728702210839043
0.03226738400927976
0.017215891552077173
0.017013568559547342
0.010635800822865341
0.022026563417446934
0.014413496240342575
0.017351815929606426
0.019953393437303103
0.01920328198374596
0.012764727354942247
0.013129271780952651
0.0120574230139999
0.010911491925411599
0.009698550779602067
0.008426082790696383
0.007101936019149924
0.005734275035346234
0.004331530647312552
0.0029023480018537085
0.0014555333780335966
1.2069923447513354E-15
0.0014552867977855424
0.0029013647161404304
0.004329329608801088
0.005730390233532179
0.007095922300631754
0.008417521487009248
0.009687055090157813
0.010896712005369279
0.01203905071914498
0.013107045024551312
0.01487235311684706
0.01660760235493401
0.017326132935302094
0.019830467632062854
0.021282120985674904
0.014404668706114544
0.024425753069873164
0.01939002064071549
0.019518313853661
0.021469921743578684
0.019430056842441323
0.019213592897862532
0.023565789110263774
0.015220277093841003
0.020446142420169337
0.019233909934306098
0.017841924635644723
0.017191365988661438
0.01437950819310843
0.013095955155913138
0.012027846164579597
0.010885648950796384
0.00967640084369271
0.008407551610464001
0.00708691762386311
0.005722633777817808
0.004323103446452953
0.0028969467941672806
0.0014529477539619478
