1.0
0.9989725854527296
0.995894139718448
0.9907760398146923
0.9836371918337699
0.9745039478168519
0.9634099899352763
0.9503961825331821
0.9355103927392291
0.9188072805050713
0.9003480590739832
0.861838774711342
0.7673973582590711
0.7076184293125813
0.6743209380920242
0.6671300223481841
0.6492662141083648
0.620603779542125
0.5822039177434181
0.5530314349304947
0.5301289076501351
0.4906455099339687
0.45720392703279394
0.4336039741328951
0.4016176470769288
0.3595919401487626
0.30713588264038066
0.2817559047050899
0.2840335850245321
0.3165543984965673
0.3002006862750962
0.26683328132118767
0.23395677675898344
0.2016731299197532
0.17008068053331005
0.13927376632762734
0.10934235931995498
0.08037172439209722
0.05244210162743657
0.025628413765296485
0.0
0.024379622781927787
0.04745297037168253
0.06916877240348798
0.08948212364992615
0.1083546049309977
0.12575437327165592
0.1416562210946545
0.15604160438810777
0.16889863993921278
0.1802220718765295
0.20558307685606989
0.2663898671227603
0.30403633400014785
0.3106331379003911
0.3034461100883677
0.29768140729060844
0.30182607714418636
0.30981584557156056
0.3021439543035075
0.2955934958523089
0.29313491714330014
0.2924953675614259
0.2761527676637357
0.2631828519640587
0.260415357873947
0.2559803058140238
0.24528482389155773
0.20491681558869212
0.15392262253539082
0.12883908052317322
0.11667245240793661
0.1041334746462173
0.09130375337943816
0.07826434592779997
0.06509537670314786
0.05187566279556181
0.03868235100081213
0.02559056798265011
0.012673085182488344
9.653960348502772E-17
0.012361565328204647
0.024347745827527627
0.035898195646728054
0.04695632858088927
0.05746953627456629
0.06738938324713091
0.07667177800935218
0.08527711967004808
0.09317041956355217
0.100321397562086
0.09901365211430457
0.09264857933123183
0.0742223619705124
0.07933047478517316
0.10239013929638091
0.10756230639996664
0.106902772018784
0.10336912024897088
0.11802113891392034
0.10877577305532345
0.11731494049583133
0.10191527155809847
0.10464885162619882
0.10359903294333095
0.09861619129365873
0.08323390545140585
0.07542449842704507
0.09102303898353574
0.0855487115753543
0.08219714680739894
0.07482035430154815
0.06711710121238217
0.05913896231121342
0.050938221326003535
0.042567565380628836
0.034079781627453086
0.02552745768586301
0.016962687462071035
0.008436783880031953
3.1716927336113853E-16
0.008298740059596112
0.016412099049192237
0.024294572090918468
0.03190271856496285
0.03919537927375698
0.04613387787015378
0.052682205632239104
0.05880718876800619
0.06447863753738961
0.06966947658610817
0.07736431856151507
0.06667302679758237
0.08301595512576809
0.07619945592177708
0.09637603988231631
0.0999014000549004
0.10331455323464271
0.11227243886273174
0.0949644955873176
0.10310737999836365
0.09224460155726774
0.10701642529224442
0.09559313752147376
0.09199370062542164
0.08510117630773528
0.05922695137140642
0.0630822296156208
0.04767047241123806
0.06505253770772307
0.060499877003651246
0.05520449656085715
0.049639640524937106
0.04384237336355524
0.037850671909973065
0.03170319158088239
0.025439031390899224
0.019097499119955754
0.012717877975441608
0.006339196069147277
7.453252005466003E-16
0.006261866202463779
0.012409475561784108
0.018407024902623408
0.024220032755730127
0.029815527373656982
0.03516222387760963
0.04023068962729651
0.044993496981779485
0.04942536269936704
0.05350327330829139
0.0665583466828857
0.09175494691773681
0.08932103918453305
0.0989917311118159
0.06693624492233584
0.059906554244667516
0.07129111788459852
0.06569540957829614
0.07498652280635765
0.0715500612065978
0.07354473546760712
0.06320673927500334
0.0678383502909795
0.05425801971562609
0.06171335147609902
0.09558315986825743
0.08853959643806415
0.0890613302260524
0.0639990457881103
0.047993586651201466
0.04385524009181591
0.03948997423526651
0.03492661100534893
0.03019487674906496
0.025325216019944145
0.020348602879241506
0.015296350844885278
0.010199922616159592
0.005090740693765831
1.6736597827467515E-16
0.005041516417228385
0.010003617540091367
0.014856879372913093
0.019572813786122502
0.024124030271785744
0.02848438971977283
0.03262914937775021
0.03653509821676696
0.040180681986825825
0.043546117313201654
0.03480667876702283
0.034709126472138724
0.03282698058426141
0.02689687778568207
0.07223060058049098
0.08679401532364121
0.07547191938102905
0.08037045591258916
0.09071581915612183
0.08344861868490583
0.09207247052848751
0.08154450972774992
0.0775978350125137
0.08828650799100453
0.07289547143875906
0.02890279341606551
0.031933985145310914
0.03506039766813682
0.028672701064758645
0.03988390194163723
0.03647909300014258
0.03287863137833135
0.029106096167607634
0.025185915879489575
0.0211432144476106
0.01700365428408275
0.012793277347069145
0.00853834518107156
0.004265178890455989
4.553670933965162E-16
0.00423122685595301
0.00840294849187185
0.01249017407616555
0.016468621510455046
0.02031485844354532
0.024006437118553374
0.02752202229395259
0.030841511525969624
0.033946147150060973
0.03681861935329866
0.056447909224617565
0.0614386168311445
0.0618343042064445
0.05554334556304658
0.0286970511684646
0.009180951843581536
0.024737871323123845
0.01548131203767697
0.0285916406722473
0.0277652477281109
0.028309292958945444
0.013258105885465542
0.021588668217607198
0.006042821498994948
0.026265702721897797
0.04926371492050064
0.05491699077483353
0.05353165634032059
0.05404505145793211
0.03421776046337962
0.031317650500897104
0.02824540780962663
0.02502101131459242
0.02166522776058699
0.01819948054447572
0.014645715469342072
0.01102626424683878
0.0073637065820838545
0.003680731678740662
3.999984294231601E-16
0.003655993885695133
0.00726505655697258
0.0108054282893096
0.014255912122852156
0.017595998694536173
0.020805986110942472
0.023867094172387943
0.026761572296946257
0.029472800534866943
0.03198538310894066
0.018362382182017866
0.02685660089099622
0.031086008373073896
0.04256631435624784
0.055453717333814295
0.07930474192420194
0.09000293570191235
0.09297859260975225
0.1206784422238953
0.11702399747551664
0.12059942833245103
0.09248188370312714
0.08921920703594732
0.07605419125543
0.05050744688469795
0.041503047748755066
0.032641630845517446
0.026600461027852754
0.018893504121725562
0.030050316655058005
0.027517322639367858
0.024830357014185473
0.022006789021948196
0.019064718399567353
0.01602286105365754
0.012900431665653734
0.009717023953107647
0.0064924893234949675
0.0032468146625364543
2.4856768175424155E-16
0.0032280632073145433
0.006417712443589267
0.009549632433253298
0.01260497066822466
0.015565449480289368
0.018413474000505123
0.021132235375583668
0.02370580864346275
0.026119244705548016
0.028358655871709524
0.044175743451185856
0.04833652766182526
0.04519729815569682
0.03686546362313557
0.03751390386042394
0.019253639354154486
0.012481341285081167
0.021933395386947715
0.042915294211461064
0.04138351786286022
0.04328128712558344
0.023183190286585425
0.014269720550980297
0.02022015363477149
0.039869195190927735
0.03842384978791739
0.045811877610874616
0.05165416724327149
0.04086313553088369
0.02686882837511408
0.024613779935095365
0.022219107024001247
0.019700210362085777
0.01707317065595385
0.014354647114390029
0.01156177296143119
0.008712048594940562
0.005823233049988036
0.002913234433607682
1.189720783978963E-15
0.0028985934653009485
0.005764848289297804
0.00858135292930582
0.011331086723561328
0.013997521750357931
0.016564721191940777
0.019017433623293903
0.021341182673573093
0.023522351538321478
0.025548261854458163
0.02584498471047166
0.03130731388805563
0.03086445923788352
0.02235884462879833
0.024303394737901173
0.04769984583050426
0.06255153026174678
0.06554505524873261
0.09098307508474814
0.09840016664907876
0.08974766669813561
0.06358291306825761
0.05964633724507406
0.046243011581511846
0.024088253224379005
0.021587889829765887
0.027817504299491327
0.030594676070187673
0.027971068501909665
0.02437107680436429
0.022332853656681913
0.02016655638883473
0.017886055366205023
0.015505857279753656
0.013041013712293008
0.010507026791993588
0.00791975251950584
0.005295302366410276
0.002649943750816159
1.633681130991357E-15
0.0026382495895470068
0.005248668987355853
0.00781536335924769
0.010322775102729229
0.012755777411734346
0.015099764812138402
0.017340740130545765
0.019465397382425226
0.021461200092843385
0.02331645459268223
0.028405946989457812
0.052786778090337175
0.03887509365094631
0.05136379446320257
0.0404358960590602
0.017374334057904537
0.028678907214402475
0.036779890352011006
0.04403464266516618
0.0498600537831573
0.04375023839546535
0.03698927646795287
0.02914528648152524
0.016176607557215884
0.038305970093427094
0.051064439215175624
0.03586387507216183
0.04919122316494177
0.024639247244303924
0.02236746098953062
0.020502305557444242
0.018518518518517147
0.016428752422944167
0.014246258644905047
0.011984803983148844
0.009658584444420462
0.007282136745881597
0.004870248084482147
0.002437864729539269
7.613998483763797E-16
0.0024283578107912674
0.004832337001508058
0.007197272964717547
0.009508797076711662
0.01175292343993786
0.013916132957623464
0.01598545423832552
0.01794854084947774
0.019793744462756942
0.021510183461023933
0.0330762434121096
0.022564428265633093
0.021115627584467007
0.025819617106633327
0.02911704185615951
0.04498471296914076
0.030946514172288258
0.031141538312501625
0.0434743027259331
0.04649775014574858
0.04265204841370335
0.030049899209832802
0.029795032451696204
0.044597820561510994
0.028880499715800017
0.025421329762255526
0.02275694612792738
0.02227124040674437
0.033774451864464844
0.020733088768744978
0.019008557644274688
0.017173209640044238
0.015238710305112157
0.013217291849711266
0.011121676278226507
0.008964995797926492
0.006760710998605801
0.004522527309871241
0.002264310251771582
1.0950355089052393E-15
0.0022564742107771853
0.004491279322589009
0.00669076280997475
0.00884153564420777
0.010930553364367747
0.012945194766962266
0.014873337741863587
0.016703431801371935
0.018424566870799873
0.02002653793330603
0.012309376487669497
0.030524083928543794
0.024106048360134035
0.02831160550894019
0.02566777420312661
0.017488034964145215
0.028011558514647636
0.034875527400269925
0.027746722082782622
0.03661473101910072
0.027323028381091578
0.034629667871975585
0.02759977592576875
0.019432087681357048
0.02628204492961503
0.02347439111189553
0.02262727446801751
0.027383774986337428
0.009415210300135307
0.019382415367130316
0.017773746605171177
0.01606079112866506
0.014254402945590265
0.012365975136841014
0.010407368373056293
0.008390836793719898
0.006328951709567766
0.00423452360086865
0.0021205228934400963
8.350063104665361E-16
0.0021139948823764246
0.0042084917280604955
0.006270679904200814
0.00828798617575771
0.010248151021479964
0.012139302799508705
0.013950029315998798
0.01566944636727903
0.01728726284573327
0.018793842021816595
0.03340123498639477
0.02530344838592859
0.023293332448494464
0.030169174447855492
0.019751218126304454
0.029443600489328915
0.025571480094781825
0.020541273900521545
0.0332900679396574
0.026189140043942686
0.03332007424230033
0.020253744377646377
0.02534908685482919
0.02681884127749637
0.01789330480766552
0.030802254791993795
0.02125254861378972
0.024202673426062908
0.03253804255926702
0.01825495116810505
0.016742774869491023
0.015131808464327117
0.013432231125052816
0.011654737426118075
0.009810470346247586
0.007910951711349262
0.005968010510534177
0.003993709529244893
0.0020002707528306816
1.8129378037928186E-15
0.0019947887508669827
0.00397184887904645
0.005919076020935485
0.007824581895463572
0.009676766606713032
0.011464388985836606
0.013176634547163732
0.01480318064946701
0.016334258471106422
0.017760711428654274
0.00860229211994171
0.02649158996463482
0.02764375693825281
0.022053580839187684
0.034695391020167575
0.0335413249013565
0.02511159072538891
0.03354329394635246
0.01838006478944907
0.016154817516137822
0.018385393591040376
0.03367920487946083
0.025210356958730622
0.034046396798641715
0.034619043996750795
0.02385399594551873
0.030697974787153692
0.028194379199048093
0.010668985368101553
0.01730678585520787
0.01587562249804352
0.014350319253919157
0.01274048927620392
0.01105624082002603
0.00930811401279115
0.007507015135159145
0.005664148820684239
0.003790948594130633
0.0018990061775886944
1.448139493236829E-15
0.0018943766504774622
0.003772487390704014
0.005622823984444929
0.007434076627062727
0.009195202845303767
0.010895494593692608
0.012524643141229162
0.014072801356567473
0.015530643016463695
0.016889418781758224
0.027431443147262854
0.00934250407693582
0.012995012186742271
0.014670184643374098
0.012367156143548089
0.011893093671158034
0.02018928833154183
0.01276017874083942
0.0281359379170382
0.03643095475871462
0.027882316603562423
0.012376843672164505
0.019821471415387096
0.0126494978526212
0.013735256842048588
0.00999857814535273
0.012374386435421745
0.004882251215909019
0.025456812344762887
0.01650534428602392
0.015142585844553259
0.013689633232422591
0.012155621864998292
0.010550164881390869
0.008883293100553885
0.007165392548757889
0.005407139946447704
0.0036194365538980344
0.00181334078437096
1.2773541454989267E-15
0.001809418090032979
0.0036037940082446207
0.005372124644472666
0.007103590532063767
0.008787621854594195
0.010413962781398247
0.011972733741579217
0.013454491259357628
0.014850284989615284
0.01615171160994217
0.01773771989238428
0.03532909066542256
0.037238281983237025
0.03892473799965421
0.02291009927400209
0.02766610455801687
0.02530697493119599
0.03450807971060366
0.020952403525692238
0.014088830252963066
0.02097073395839618
0.03433870341607531
0.02501228003978096
0.026234094961954064
0.02070858639345821
0.04142911255155643
0.035796670993599365
0.03586011269458567
0.019340920884146965
0.015826024000828366
0.014521222122819451
0.013129576318166473
0.011659817132511578
0.010121138014665848
0.008523137976576046
0.006875761877448643
0.0051892387024775975
0.003474018218218696
0.0017407063958122073
7.828231524327935E-15
0.0017373792535237032
0.003460750568361294
0.0051595395614885305
0.006823342980647715
0.008441992249952958
0.010005615456475651
0.01150469740099965
0.012930137348573087
0.014273304129171308
0.015526088255909775
0.017762395294839528
0.014141552615432243
0.01149541746039008
0.021934330128444698
0.02472584121875636
0.020554607429292732
0.01996287700974218
0.011084162663643165
0.02520084861000799
0.024400991167238602
0.02536829239262944
0.01123687644405711
0.020198951484932736
0.020658935073529717
0.025381554205702844
0.02368811833753876
0.013369871929074701
0.016569987017295333
0.01547811688996769
0.015249972865770773
0.013994328584075446
0.012654679837932581
0.011239413419890707
0.00975736646651019
0.008217771418267779
0.006630198648215293
0.005004497114997718
0.003350733407388616
0.0016791295566422125
3.628390648652361E-15
0.0016763119168737195
0.0033394975084860634
0.004979345999422801
0.006585807068179565
0.008149052303015443
0.009659535194488394
0.01110804929967808
0.012485784224259706
0.013784379082909684
0.014995973114476872
0.02272856296281475
0.02861040176789356
0.02123795454728796
0.037002706923931275
0.018464556776424525
0.020860855291476
0.0199925978473062
0.029464953899909673
0.01657917639751366
0.022438417878836787
0.01635568840212373
0.029342165107695363
0.019876933417675925
0.02133814703782365
0.019408158666330354
0.03285875843325894
0.018631445154124116
0.024938889610008143
0.023078160808483836
0.014762581844751368
0.013548571158449998
0.01225295098388225
0.010883816402484151
0.009449702303211361
0.007959530298471545
0.0064225533456026065
0.0048482984169606535
0.0032465075731304607
0.0016270778027883317
4.967954491399682E-15
0.0016247025454956797
0.0032370357671766964
0.0048270961718929395
0.006385131545148554
0.007901600640541502
0.009367231488443524
0.010773077968526274
0.012110574301549427
0.013371587129265387
0.014548464866398072
0.009113144561708418
0.02096190546682021
0.024971010132778616
0.024308834128008844
0.020640045696678908
0.016219137065535783
0.02038136091462094
0.011378534514780936
0.030044180863343612
0.02310911897747548
0.029984605983138776
0.011158450735384299
0.020053995229580606
0.015806692749311454
0.019336389283911057
0.024959119230239465
0.025818233318329983
0.021409743065558807
0.008271650036518707
0.014352440193510368
0.013173533359923707
0.011915019650559305
0.01058474740274382
0.00919099605604511
0.0077424247271545696
0.006248018519870474
0.004717032902419328
0.0031589364957600847
0.001583352625871955
3.1726514560313498E-15
0.00158136712795633
0.0031510189353863753
0.004699309784058908
0.0062167373821003825
0.0076940009926888125
0.009122058333465674
0.010492180819397174
0.011796006812015572
0.013025592550943026
0.014173460457966634
0.02229415679004722
0.01205002627312888
0.01727790030172403
0.009273790444136445
0.01990064010848111
0.02137960852302366
0.023964735682619396
0.03187030130178973
0.013268448707377091
0.017592567900078824
0.013515480342729041
0.032029321449658414
0.02427738665537922
0.02035413973016436
0.01894068233243841
0.008233007028353034
0.018239458320347117
0.010753089528249164
0.02157417695478317
0.014010597974017196
0.01286104467593917
0.011633535736640662
0.010335712165390214
0.00897563904764744
0.007561755518894583
0.00610282249601903
0.004607868489184155
0.003086133828984053
0.0015470136525486716
7.456343795474219E-15
0.001545376622721209
0.0030796058552963897
0.004593255909148077
0.006077031449688973
0.00752183058030801
0.008918800579126633
0.010259392048030782
0.011535411143217896
0.012739069568690765
0.01386303202823675
0.009919473224343368
0.022070094190029935
0.01857810555276509
0.025353032406808352
0.0215091305115589
0.022748719262942432
0.014677935126738872
0.006879680784101809
0.018812676377660802
0.025950776884836026
0.018365098442458577
0.007206975531535737
0.014677565385219478
0.024241055451388903
0.023015353899523062
0.023489700194136664
0.01570578530790013
0.02234869808869771
0.011030186222981462
0.013730038049239819
0.012604699581222735
0.011402737382907698
0.010131620185261097
0.008799235330312556
0.0074138399131621555
0.005984009696890221
0.004518586115973483
0.0030266216949485993
0.001517324219018263
1.7769905269132772E-15
0.0015160034130028278
0.0030213547264765655
0.004506796245606439
0.005963200715946511
0.00738162731509246
0.008753376451607618
0.010070043035634368
0.011323567895694501
0.012506287027605336
0.01361097837499598
0.01804959765575418
0.008834155534448137
0.023561608489030477
0.0165500768411532
0.009590968225702991
0.009233912541560026
0.01924339884633839
0.026716153423681114
0.027983059422049407
0.01917178111870795
0.028332775696715464
0.025891368579281156
0.018012648680104718
0.00995348357123056
0.008681085366081162
0.019267903921288326
0.024124968794720713
0.00853308236200071
0.01690366666031606
0.013505294387046422
0.012399509771531566
0.011218138743400224
0.009968509378500422
0.008658364370337096
0.007295813132387158
0.005889281682098723
0.004447460615540206
0.0029792514937044463
0.0014937119704636465
2.479388865251451E-15
0.0014926825330994862
0.002975146414705739
0.004438271585378897
0.005873063161210788
0.007270706647691319
0.008622622008371494
0.00992051625684373
0.011156434250419713
0.01232280737481782
0.013412499822268085
0.01432256705585644
0.02806401445404279
0.008662059470374154
0.013044434038290389
0.026192209139049776
0.033546863541606124
0.027280302165979178
0.02331850134130693
0.011509568506728227
0.008564402785225165
0.01184869851129752
0.024291234646100945
0.028816363426915476
0.03375850060428833
0.025189448860738487
0.013247000934201766
0.009393019203426506
0.030013133947951128
0.014921359747952811
0.013332175107203574
0.012241651830623953
0.011076303439816379
0.00984334631363065
0.008550408863448324
0.007205484406093289
0.005816881820235382
0.004393174290423653
0.0029431464544581866
0.001475740279540126
8.645278020213393E-15
0.0014749835446422619
0.0029401288293622843
0.004386419477510202
0.005804959666127668
0.007187028762769945
0.008524134858662357
0.009808066870152364
0.011030944889174025
0.01218526847442694
0.013263962587799343
0.013677161132828205
0.00852049655568581
0.020610821853884864
0.030788792230092666
0.014119528005262972
0.025021011353210783
0.01004121490609789
0.005329080256247283
0.036583766497433536
0.03899445550715245
0.03664877808480522
0.005363174306853669
0.011954656546998616
0.02611193658121824
0.01559823825563492
0.030998335483985194
0.019568610275257445
0.007674352554431218
0.013181928305034332
0.01320756255050678
0.012128285123693672
0.01097468111293639
0.009753882125005182
0.00847343058240986
0.00714123319107449
0.005765512186422467
0.004354754658459276
0.0029176602675239525
0.0014630876723648397
6.011243959846792E-15
0.0014625903073988572
0.0029156769298883723
0.004350315050562911
0.0057576763401049535
0.007129103207222266
0.008456161982296788
0.009730694707841976
0.01094486921824451
0.012091227201864268
0.01316272995076899
0.015499193097262597
0.03073393675398055
0.018343431229923327
0.014448878313782436
0.015466704677132218
0.0286280220978681
0.04332445161793191
0.03710433240267272
0.02643862724886896
0.02548704275759057
0.0267358049651266
0.037312623581251536
0.04381693802398982
0.027746112819389147
0.015197495738719657
0.014401019239472344
0.020520433079033097
0.028322128093418365
0.015277461627148999
0.013129271780952856
0.012057423013996477
0.010911491925414471
0.009698550779606744
0.008426082790692527
0.0071019360191565675
0.005734275035344464
0.004331530647314462
0.0029023480018538117
0.0014555333780348473
5.153524409859219E-15
0.0014552867977795474
0.0029013647161352765
0.004329329608798638
0.005730390233526197
0.007095922300629791
0.00841752148700775
0.009687055090149653
0.010896712005367232
0.012039050719150226
0.013107045024555257
0.013359805107410494
0.007167588793430965
0.022772486630900448
0.023218288758536206
0.020791204072311928
0.026844124271305177
0.03637055205463154
0.028307708580432384
0.03488629953483853
0.04401118068979452
0.034756387253091166
0.02933258338389878
0.03781508267806668
0.02635908056580425
0.020450068034896976
0.0211793200580227
0.02383211182385796
0.01146132974604953
0.013789607117676546
0.01309595515590811
0.01202784616457587
0.010885648950798082
0.009676400843693754
0.008407551610460747
0.007086917623860847
0.005722633777817065
0.004323103446450847
0.002896946794165632
0.0014529477539673575
