1.0
0.9989725854527305
0.9958941397184475
0.990776039814689
0.9836371918337659
0.9652508675185589
0.9264448934344937
0.8674594779231092
0.8348209656034
0.7911301666553866
0.7913422707575178
0.7620227243855416
0.6874508686729339
0.6734700193128954
0.6495865654830655
0.6334074433944786
0.6256384538937192
0.5973952028481888
0.5873138311369543
0.5669975561454409
0.536324344713177
0.5055466015850519
0.46463372704768297
0.41386977349369497
0.38264854330876097
0.33102271639996356
0.289453184650771
0.2564456501830676
0.21796485683082403
0.22840237664447904
0.20723704989828495
0.15991687737920735
0.1505626684165594
0.1271011971360262
0.13532714835059964
0.1303336707612378
0.10934235931995452
0.08037172439209694
0.05244210162743661
0.025628413765296256
0.0
0.0243796227819276
0.0474529703716826
0.0691687724034879
0.08948212364992698
0.11716028683713081
0.15872450586487521
0.2081932873074238
0.222495880337036
0.24884551768625693
0.2457975115264128
0.2690303193525022
0.2945862237431459
0.3005555564167108
0.30244154060370787
0.29680557902319377
0.2761430383499914
0.2793283900205239
0.25834065614577617
0.24519019579421905
0.24056090389586224
0.23357168087518415
0.2352244085351339
0.24487162462018627
0.23034837780294432
0.24109472722939862
0.2366176573013172
0.22566454452930879
0.2062387619493166
0.19262894858422774
0.1623164870754543
0.15510624241123425
0.13708715202506613
0.1370570308784357
0.10538330214420384
0.07316906799119605
0.05187566279556132
0.038682351000811924
0.02559056798264956
0.012673085182489125
8.744114262187663E-17
0.012361565328205206
0.024347745827528647
0.03589819564672755
0.04695632858088856
0.050211159584962854
0.04407747919385043
0.04785179126216822
0.07573075969579467
0.08718024095234786
0.09730688269097663
0.0865175569332585
0.11294717863848942
0.1074537974462068
0.118853444674927
0.12791891473620626
0.1544042232991907
0.15420537803434023
0.17375155139094553
0.18430046505235195
0.18795893743491385
0.18520102952888085
0.1756736263445247
0.15730108905495055
0.1575508947560403
0.13256411008235852
0.12377153349852575
0.11289564926121072
0.12070685595216896
0.09012081310436237
0.10235534523108938
0.09881627197379445
0.08131275971972947
0.056965495041486396
0.036784292064288085
0.037005570390661706
0.034079781627452205
0.0255274576858629
0.01696268746207075
0.008436783880032465
4.77740289832856E-16
0.008298740059596996
0.016412099049191897
0.02429457209091782
0.03190271856496107
0.04547583110203431
0.05967692979476658
0.04979458167476555
0.03515637860638526
0.0354339550541637
0.057169447130277995
0.062452319245991345
0.04297868234652232
0.06457628235881457
0.0716665464317969
0.07804436059219125
0.060148635566248554
0.05104374398407291
0.06200295776725173
0.05888033389864787
0.04169645064132928
0.059587190385586436
0.06320134149876368
0.05081041037741081
0.05938087704024827
0.0773921064402907
0.0673879787618692
0.061028726500790824
0.04081252114462802
0.051737796944472496
0.04821904292948647
0.027990611012920986
0.019963344064444482
0.027920294920761684
0.04546988479360308
0.03664432643799441
0.025439031390897607
0.01909749911995514
0.012717877975440835
0.0063391960691465445
5.971188075343059E-16
0.006261866202464094
0.012409475561784811
0.018407024902626044
0.02422003275573223
0.027831335489400914
0.0394688388685535
0.08066510117835113
0.07956538717864026
0.09097418252512647
0.07815903077656276
0.07336514141953178
0.06869067029560681
0.06819196005557715
0.07061894042001288
0.08957652834077268
0.09859479376872148
0.11112875445494381
0.12576529949355636
0.13170232827026956
0.1382241039840305
0.12778726766804774
0.11795517278593609
0.10009201881121312
0.08403677034122872
0.0738454856120086
0.05285931998282691
0.050042582708121945
0.04798739328833864
0.06014830838110394
0.06612066701137637
0.07941714578614065
0.07728333676803081
0.084241578066375
0.04296870973634053
0.025607748610799702
0.020348602879241926
0.01529635084488549
0.010199922616159636
0.005090740693764939
8.729726765956211E-16
0.005041516417227758
0.010003617540089478
0.01485687937291294
0.019572813786121423
0.026521714795684673
0.03342517255940871
0.028240458173347294
0.016233835440388804
0.013220171231480796
0.03278657659573578
0.04691481687294516
0.07188842075349308
0.07923506538985184
0.08534304360523962
0.08414091529335076
0.08039848545445268
0.08265871378940468
0.06979070951465709
0.06260564430651883
0.06580881446854943
0.06462642355596672
0.0734907559129887
0.08855019276131022
0.08611027419904074
0.08621540067395327
0.08740817396146786
0.0794116186397281
0.06925497400267293
0.0506357452793806
0.04143679446967234
0.025362331366602642
0.028723496833822162
0.026994746640898078
0.03213431269496122
0.02188244528397098
0.017003654284084693
0.012793277347069735
0.008538345181071216
0.004265178890455622
1.474093568529741E-15
0.004231226855952906
0.00840294849187197
0.012490174076162954
0.01646862151045585
0.024024551635458653
0.04604220879647954
0.06853453850688548
0.0850540539333512
0.07828862005464111
0.08331058317666779
0.05448185355617125
0.03103589972481055
0.0188627210965248
0.025180754953201944
0.02140726585206876
0.033504199527199297
0.029056246410932827
0.058680198071549325
0.0652550863135118
0.0512648155388127
0.06687057458572507
0.062125775207084837
0.03287241377578454
0.03364173450365378
0.02337610676478115
0.02538737363313968
0.022979895614136967
0.04129404989019657
0.05884434602352326
0.08607944801744104
0.0764305320802417
0.08019788964902401
0.05306693889240984
0.04450460768345319
0.023604318873798106
0.014645715469343684
0.011026264246840403
0.007363706582082772
0.0036807316787416163
1.002132917721292E-15
0.003655993885693957
0.007265056556972878
0.010805428289309372
0.014255912122851596
0.015447394040549466
0.0295377263688013
0.020463794943832922
0.02059092397467262
0.015909223041703814
0.030264897536557755
0.03448717185676098
0.01763759881863178
0.043914315445508646
0.05162092135923133
0.06642831320219685
0.08674548792805273
0.10278052189323045
0.0995493051493366
0.0960479251266457
0.11494304891067647
0.0944558594996509
0.09629221787351883
0.09822086767378307
0.0832781528251804
0.06076104757445667
0.04444065166302503
0.03808271359505369
0.011272056142215377
0.018783759608167278
0.01525494827057539
0.0075197326602653315
0.0029198593987668766
0.025929582894909778
0.02580369400834945
0.012117140729371046
0.012900431665656884
0.009717023953108512
0.006492489323494352
0.003246814662536871
1.0120945372448982E-15
0.0032280632073118285
0.00641771244358751
0.009549632433254294
0.012604970668222545
0.02309365295482292
0.0359258732232642
0.020949329023594632
0.03701249345229576
0.05092660670313434
0.06408147381618004
0.06258958838481801
0.06094819130774729
0.04031740156518671
0.03620400200133839
0.024780273584177146
0.008486553841528716
0.012409199601763591
0.03875928492927707
0.04718347233472405
0.03454030117347229
0.045643013078151384
0.035439311072416435
0.012949368267877275
0.012857443300957581
0.025775952572833855
0.03526539709018424
0.03627984428710199
0.05347693464377282
0.06501493575840309
0.05496312226519753
0.040879011632359304
0.016225194500970253
0.011480503111464589
0.029733609862449675
0.022738042250206553
0.011561772961432949
0.00871204859493876
0.005823233049990066
0.0029132344336089792
6.146124478084421E-16
0.002898593465301614
0.005764848289298181
0.008581352929304184
0.011331086723559966
0.007253683634021254
0.01509990847981011
0.03709978317877621
0.04311725593374544
0.03892268750056617
0.03283200786300752
0.03453810560787205
0.026317901762801486
0.03527663742112283
0.03378701628271912
0.039090890987888934
0.06555630098222628
0.04847696582325828
0.05266090589935642
0.04436545891588683
0.03443965466245138
0.04577085047920951
0.05546059459028865
0.047930832381963724
0.06261202653878725
0.036743744474377456
0.035687856073895415
0.04198744107013148
0.038326143131217884
0.04028100416761854
0.03420150790223591
0.03840562173668295
0.04867829486782667
0.03581623362913922
0.009593046812615769
0.004794924482486798
0.010507026791999689
0.00791975251950668
0.0052953023664084045
0.0026499437508201384
6.478242166031949E-16
0.0026382495895489674
0.005248668987355404
0.007815363359241887
0.010322775102728722
0.021911708629537157
0.022082232685229408
0.003379005392708433
0.01100565669928425
0.011647571995470788
0.027709007262691487
0.058308341832519796
0.04242175641726705
0.044792673146936676
0.04087833362608583
0.03418901152818766
0.02136505385505929
0.03858395426197544
0.05423740568724464
0.05155405676369683
0.0774763491684437
0.05136788327328507
0.05411367512562043
0.03774376858865936
0.022985349702179105
0.03714603680333349
0.04438435658350224
0.0497799132571949
0.043654733822954074
0.049736877058531026
0.02451792571942161
0.01903427285717782
0.014981796192124999
0.007485453746222611
0.022593763366366357
0.021242820131607127
0.009658584444417417
0.007282136745883697
0.0048702480844831225
0.002437864729543212
5.6438546330946E-15
0.0024283578107870945
0.00483233700150716
0.007197272964716355
0.009508797076709458
0.0026814645598264284
0.010238172480614921
0.020281266748010274
0.024901869863713764
0.02110209936771907
0.01477918548952502
0.01827336160483516
0.036039969221469376
0.0494396274389933
0.031128552564908867
0.026454729670980077
0.02662312025488793
0.04199348203101186
0.06467846831989355
0.055077299146295
0.04739514255288902
0.05391157103292276
0.06232920640215225
0.04111932747710154
0.02433897657993632
0.024633318377543133
0.023433358827765413
0.03964125147881095
0.0232251145437167
0.007975814904127479
0.010538279365125547
0.01957826180953831
0.008081658060869957
0.010895092329508383
0.013237976136409866
0.0036683087568072804
0.008964995797929007
0.006760710998604025
0.004522527309873896
0.0022643102517678447
1.8648717740834303E-15
0.002256474210775304
0.00449127932258523
0.006690762809978233
0.008841535644208462
0.0198186471795613
0.02725090637879251
0.0249571868009431
0.033464581368250805
0.044752423023785196
0.03465838960573715
0.04050209205170404
0.0456691336000616
0.03705272481532803
0.045478022959079725
0.03444645548820159
0.035300311996875014
0.02050910935361472
0.020620723452232172
0.025869922624329033
0.02859194940218262
0.02650749566589275
0.021007207825818722
0.02009594930760796
0.034408897409487715
0.03067112265302871
0.04591595269196792
0.03706676742810788
0.04823789847242537
0.04393832286361633
0.030967405330380306
0.0420590585889267
0.03538931236367562
0.031150429805232225
0.028555057365018795
0.018780876228628146
0.008390836793715467
0.006328951709568118
0.004234523600874211
0.0021205228934397277
3.1975366389519873E-15
0.0021139948823785605
0.0042084917280618755
0.006270679904197142
0.008287986175758193
0.006538467417233468
0.014172928431430068
0.007837032717551467
0.018715665618730885
0.003686734968078887
0.014405702327433588
0.019730629187641978
0.018041474084630055
0.024443230596342933
0.026146211409472007
0.0299153310095416
0.03604820280669107
0.03290139584832561
0.02089134070347675
0.01856957398808444
0.03703703703703439
0.018355951882818345
0.019933186030786268
0.03246103037623301
0.038019013723022174
0.032779166365174486
0.02954613009213052
0.0302373500925655
0.020818318605367564
0.018962395084299026
0.02285902995016134
0.009629810946015444
0.023802816372774527
0.009166411664795936
0.011628197179508047
0.008262222933251403
0.007910951711350358
0.005968010510529291
0.003993709529247597
0.002000270752828641
3.02468418261292E-15
0.0019947887508690644
0.003971848879044113
0.005919076020938848
0.007824581895464932
0.016765680124282527
0.026416940136820142
0.03280965451998711
0.017733215847023028
0.016016262074836918
0.004856059512394518
0.036262610010955064
0.031155913858844787
0.042227167406760725
0.032320994461557624
0.012637236378046464
0.016613152812771276
0.02082683095072724
0.03429822189092835
0.041763595491290474
0.03975096332079732
0.04136600662076579
0.03363206436798083
0.020848881119969312
0.01439268504213609
0.012189888808710149
0.025819914403490674
0.03809642068494581
0.023076105526723033
0.030043927009508743
0.0018433184712734602
0.009240846095274119
0.007449191630077524
0.028660436784954883
0.02329838405458354
0.015400620717903008
0.007507015135159299
0.0056641488206846
0.0037909485941281205
0.0018990061775850159
5.924889199264257E-15
0.0018943766504754497
0.0037724873907025273
0.0056228239844427486
0.007434076627061209
0.010858238714132596
0.0029968725704129515
0.005422657274304106
0.028863271910787792
0.03148680095199246
0.036272735700005096
0.017109217077103018
0.0257073608690894
0.018930457593276686
0.028380601226665254
0.026095191458928545
0.03302402515385009
0.02773033445132018
0.022510780165938587
0.01715507261590231
0.023742577368275668
0.017572395019781892
0.023535458729064578
0.027131996999555572
0.03069446887580773
0.0229340143978713
0.029058621119333328
0.014964602296326233
0.02454552769729638
0.01844048362247903
0.033326743273512816
0.032382520774054444
0.02644284369564072
0.0066661531758528255
0.003654788800979413
0.01221138036169236
0.007165392548762215
0.005407139946444097
0.003619436553898043
0.0018133407843709487
4.327806232884487E-15
0.0018094180900286839
0.003603794008246803
0.005372124644467191
0.007103590532066509
0.01290372805340518
0.016558950325470233
0.01669907604413553
0.0035367223263879045
0.006403234435706379
0.00592249508545092
0.01832259057887786
0.01769026223326415
0.026086011671754915
0.01717446623336426
0.030934713693799333
0.021419378243682303
0.020616302207105777
0.01750754430387985
0.020995511076509467
0.02175798961021481
0.020738417234309716
0.017142687864164802
0.02080144603105584
0.022538940906563103
0.032382026794063115
0.01785237364756301
0.02541559207148833
0.022016872382617608
0.019347065889893544
0.009611570733165743
0.005940912716623068
0.007425410290050495
0.01247941531509719
0.013528253878957742
0.011295375544595919
0.006875761877446825
0.005189238702479634
0.0034740182182286705
0.0017407063958134307
4.795079082365417E-15
0.0017373792535278051
0.003460750568363202
0.0051595395614877715
0.006823342980657553
0.01409113874196708
0.012823394724897654
0.012028966892884076
0.021550717790954327
0.025898779494373168
0.01804410607925086
0.011902921198274767
0.01364748164035727
0.015150820991677657
0.023730877845726573
0.014090723795842664
0.018729519151282386
0.02105474800938164
0.02947988732884756
0.023583945421861954
0.023502167972456592
0.02339182226795619
0.029059435249311694
0.02090113936965997
0.019128753102990084
0.014953873131744629
0.02143488204750873
0.01663456994917431
0.015308730765261904
0.008520755300978643
0.015661129036242134
0.023758061448257404
0.025796832529235588
0.01165544232841867
0.015977439463110032
0.0149838170375447
0.006630198648215452
0.00500449711499747
0.003350733407387225
0.001679129556643712
3.9289575922111366E-16
0.00167631191686927
0.003339497508486777
0.004979345999428711
0.006585807068178707
0.00848443449690213
0.008947866497789782
0.01167305225563444
0.016647899001648432
0.005299170064821098
0.01509641090228662
0.026156717961123028
0.031520455021417475
0.016331933234853383
0.021129733665104313
0.022351439263678784
0.01891552173321789
0.020033795914390074
0.019662879033217423
0.022504639428274575
0.02303338481832804
0.02258448841174612
0.019881580260756444
0.019777005612194566
0.018640471256807557
0.020642088298755204
0.023204952663088602
0.01461899777532996
0.031626026685529364
0.026080553264193555
0.014668241033092394
0.009113738909279506
0.014211852215505406
0.014552426236431212
0.00606803326760692
0.0067544122249524685
0.006422553345596118
0.00484829841695059
0.0032465075731327032
0.0016270778027937518
5.3718135349578545E-15
0.0016247025454931157
0.0032370357671785543
0.004827096171886797
0.006385131545147195
0.016068068944588263
0.017142941022045426
0.005334212868666736
0.024832284830873286
0.02213255474031882
0.01606630515225364
0.009118795647841437
0.031645648134780956
0.022602990069501415
0.012145532473502616
0.02063913305299996
0.01785657309572553
0.02015681269529708
0.02447926563572875
0.01919193804362187
0.018790679570742642
0.019320456749954223
0.024661041501121406
0.019633841876896038
0.016147610047659872
0.018926355643062286
0.011060441890197403
0.023065423129165853
0.03329443596252086
0.011197711955588444
0.016723084331488645
0.02101108179442219
0.0174917189235697
0.002188190192759938
0.015562160484392833
0.016473692910206846
0.006248018519875617
0.0047170329024184
0.0031589364957614846
0.0015833526258690383
7.97863208209839E-16
0.0015813671279558967
0.003151018935390141
0.004699309784063812
0.006216737382102258
0.003919816448095655
0.004002240102083785
0.02095464934986727
0.011752948124893898
0.014310908451018173
0.011615087071073844
0.01952202263796912
0.021337995027592732
0.009716548066400947
0.028389734637089166
0.026263374745145368
0.032792456997863616
0.026613456118754847
0.01509283700549747
0.016816929491844473
0.014503407560068373
0.016586053433473226
0.014586269087266235
0.028347860632994763
0.03460683784325871
0.028756400629280164
0.026530825621768745
0.008082721839542145
0.015396339717417438
0.018693692796472372
0.008813034038238455
0.011001483755670356
0.020116700888912223
0.02170615631577041
0.00886461781143326
0.002446232877666529
0.006102822496014789
0.004607868489183809
0.0030861338289855187
0.001547013652556687
5.094728907420251E-15
0.0015453766227198507
0.0030796058553049606
0.004593255909144904
0.0060770314497037735
0.01674148841776051
0.011437108828811335
8.633391207780345E-4
0.0045197073702218414
0.017621010272047346
0.023499419849973457
0.01230924695225585
0.025222261542413017
0.02991218331615139
0.019576901606724456
0.009754581431831942
0.005546860017365411
0.01604871276504413
0.028376056752271894
0.025512268740187395
0.039690924462590205
0.025508229170354536
0.028271037032966562
0.01642013294931493
0.005722536932867552
0.011450536993469528
0.023986667066424768
0.03235365939468291
0.02261246735624333
0.01098218186852276
0.02900969270394224
0.022759953188037963
0.0035827808389746617
0.0021453725136081404
0.010469051567655851
0.016659927809570728
0.005984009696889289
0.004518586115978313
0.0030266216949565764
0.0015173242190127157
4.2169706565393345E-15
0.001516003413003268
0.003021354726471228
0.00450679624560079
0.005963200715942697
0.002261956237081038
0.01851868820887453
0.015743213489692136
0.023547669510291552
0.010638790419591088
0.012417532589383102
0.026625787790801263
0.01356661441442893
0.005363634795735827
0.005671955796845558
0.030620257412643674
0.025998574128922678
0.03853160096751048
0.0138796058683883
0.015921321999426325
0.009924044164109186
0.01606686310732579
0.014365624189090813
0.036981237895734986
0.02298265189314149
0.0276848222801778
0.004444465639038805
0.004354579746462466
0.01775598839885
0.02972986732737096
0.012518285609477849
0.011656145012763344
0.017400035248103424
0.010492712181827717
0.022393520761823726
0.003611284776033866
0.005889281682083268
0.004447460615542476
0.002979251493701031
0.00149371197046615
1.875958014712225E-15
0.00149268253309898
0.00297514641470926
0.004438271585386549
0.005873063161204625
0.016130956865425653
0.011145719206674318
0.01318736826944897
0.010053116894633089
0.030319018052999403
0.034209282232935234
0.014849275264857001
0.011082020105814402
0.02643355284900086
0.03690460853391867
0.018885901466963194
0.032986493922402424
0.018836518603314544
0.022438429099578834
0.018622120687430105
0.0164647579222808
0.018466613956420165
0.02229309925104515
0.021693669854142006
0.03609967686869891
0.020489150161752588
0.03437815999143485
0.019876385864952956
0.015046438497438872
0.014752214446917288
0.02960134986103207
0.0262399016074217
0.017043410633795667
0.018444007555769904
0.010812226246873079
0.01558590366204071
0.005816881820231908
0.0043931742904237455
0.0029431464544613
0.0014757402795352
6.489806867638878E-15
0.0014749835446381235
0.0029401288293628776
0.004386419477508201
0.005804959666128105
0.006213648638721044
0.02485740769244103
0.005633751623499544
0.0055432277461199215
0.003532953283052483
0.00553382369093046
0.025662346045658514
0.041976497286705126
0.027810291463627516
0.014004590335075593
0.011818165305890747
0.01769376267586172
0.004641411653381688
0.02273332534269063
0.020685879733758763
0.046033746420328904
0.020682584917445027
0.022832046778206723
0.007539678479186874
0.016716425668399006
0.01207009911457733
0.019081465727520654
0.03531057158930565
0.04446097415614292
0.020242402770363942
0.01327446194294096
0.011542706624622277
0.008204326296213408
0.00732395105485687
0.023240431740958363
0.007751946021859633
0.005765512186420751
0.004354754658459923
0.002917660267527981
0.0014630876723676848
4.418873596956197E-15
0.001462590307402542
0.002915676929884468
0.0043503150505583305
0.005757676340099914
0.014319450515350204
0.006189418394859945
0.02283509597541382
0.022718576504144848
0.00994191428280935
0.011112759645265188
0.01369208986359528
0.016745261288182118
0.012825411633436649
0.01008162417670269
0.020768592093763975
0.03465571619443241
0.05127374299357116
0.022073287058019447
0.017970816205579124
0.016696197302550904
0.01800518519396362
0.021991414593472862
0.05061933821544301
0.03232012161180016
0.01976248402891282
0.007526964592262469
0.012184561125778582
0.010053844857168249
0.020285990901546397
0.007418532669462736
0.006513514724990879
0.020546230338187935
0.02089994736122662
0.0018927384919997475
0.01335837709713135
0.005734275035354344
0.004331530647315322
0.00290234800185376
0.001455533378036922
4.180749125063749E-15
0.0014552867977856109
0.002901364716143444
0.0043293296087987525
0.005730390233529471
0.010148870317367114
0.015483684247984148
0.009289498117454706
0.011520121526666668
0.0182503586606508
0.019924877467824346
0.026134972816601574
0.029771432254732784
0.03381155239081091
0.02588136362651803
0.017995870795186806
0.01300715498047655
0.008057570302714704
0.020542503082228308
0.01852230014482784
0.03411159034969686
0.018507039935212858
0.020485375279475217
0.009865645604819825
0.01562980399778627
0.018850639612564328
0.021975211899502804
0.025059383589320625
0.02305688824930544
0.03016642752290947
0.01573840723991836
0.014174799338910467
0.013436657133258893
0.01227619721751235
0.009698822005003072
0.011453704307634283
0.005722633777816944
0.004323103446453542
0.002896946794169599
0.0014529477539642357
