1.0
0.9989725854527298
0.9958941397184471
0.9907760398146914
0.9836371918337712
0.9745039478168505
0.9634099899352758
0.9503961825331801
0.935510392739228
0.881997402309464
0.8087811426739346
0.7707358473262963
0.7318618332877693
0.691417503967098
0.6586878840943489
0.6160129171748375
0.5982558032661155
0.579364347290904
0.5685631265909946
0.5402294904182784
0.5375787352566854
0.478996982636973
0.44576776577774546
0.3962560888791632
0.35579124964602793
0.3156182970628105
0.298471846371941
0.27349704769297395
0.25507532486560286
0.23413893506277
0.21665121933303885
0.23271914077657374
0.23395677675898316
0.20167312991975322
0.17008068053330924
0.1392737663276269
0.10934235931995448
0.08037172439209708
0.05244210162743647
0.025628413765296516
2.277425517891604E-16
0.024379622781927734
0.04745297037168253
0.06916877240348789
0.08948212364992633
0.10835460493099816
0.12575437327165626
0.14165622109465437
0.15604160438810824
0.20065594469314202
0.24871729505248663
0.268712531140512
0.2790886660293619
0.29383095297403616
0.29504725434347345
0.301401240434244
0.2982670278120879
0.29232040770716317
0.27728978511468677
0.26369213856153095
0.2315083054326782
0.2515295778536019
0.2540989303217227
0.25661729593949667
0.25045044252210574
0.24087269547310275
0.22823948956931703
0.2224610333386592
0.2040451082928786
0.19599503585584596
0.17708726850327539
0.14357845949809808
0.10413347464621717
0.09130375337943811
0.0782643459278006
0.06509537670314769
0.05187566279556154
0.038682351000812146
0.025590567982649935
0.01267308518248928
6.919271458383654E-16
0.012361565328205145
0.02434774582752823
0.03589819564672774
0.04695632858088936
0.05746953627456629
0.06738938324713153
0.07667177800935385
0.08527711967004853
0.08103651599903938
0.0756621414612743
0.08330890873684808
0.11011118541459024
0.12001192077964039
0.13134037956248615
0.14309434393734907
0.1435348133476677
0.15167246467218276
0.1563882852906839
0.17568500594048508
0.20139166821604562
0.17678276932985845
0.15826504370412298
0.15603145857465672
0.1485824285899488
0.15012971046656184
0.13853707210375077
0.12527257259270885
0.11719047775782893
0.09051762379991003
0.08145644284430757
0.07328010513576864
0.0671171012123819
0.05913896231121329
0.0509382213260037
0.04256756538062956
0.03407978162745275
0.025527457685862794
0.01696268746207064
0.008436783880031455
6.919304059662946E-16
0.00829874005959658
0.016412099049191574
0.02429457209091708
0.031902718564961755
0.03919537927375505
0.046133877870154015
0.052682205632238396
0.05880718876800624
0.07488800704234146
0.0538751796255722
0.048471055387294244
0.032758728889653976
0.03540127239469181
0.028745205764901326
0.031476299116734795
0.030742296947997735
0.023021066440797728
0.026965061841843035
0.012537702462503039
0.023617286201737562
0.011947713347722468
0.02491291663149595
0.01983351622378174
0.027447347558377102
0.029910454342369774
0.022610710188687246
0.028579412458108265
0.02282650020651167
0.0303477550693193
0.03482956760823571
0.05873064785630078
0.049639640524938446
0.04384237336355499
0.03785067190997301
0.031703191580881994
0.02543903139089846
0.019097499119955366
0.012717877975439364
0.00633919606914746
1.6662335109253986E-16
0.006261866202464152
0.012409475561784924
0.018407024902624535
0.024220032755731778
0.029815527373659934
0.03516222387760916
0.04023068962729775
0.044993496981779166
0.0682074600253207
0.10372990457769281
0.11311830205319717
0.11120441617904943
0.10569657034094666
0.10039561563678413
0.09106643479688382
0.09270037719210446
0.11263216688686997
0.09976818146803142
0.10472115621899826
0.12112952868628526
0.10011451079680732
0.0917368176671406
0.10092281761775543
0.0771344424073767
0.07138726680149499
0.08044542985532845
0.08986891868907923
0.09645124570167295
0.11044612956941106
0.10325769412008319
0.06669721622273438
0.03948997423526592
0.03492661100534787
0.030194876749066586
0.025325216019945952
0.02034860287924228
0.015296350844885297
0.010199922616160479
0.005090740693767628
2.810447551729856E-16
0.005041516417228575
0.010003617540090597
0.014856879372912673
0.01957281378612198
0.024124030271786202
0.028484389719771283
0.03262914937775034
0.03653509821676736
0.02622530406648004
0.033859209161512055
0.033967918458286304
0.046146526901978034
0.05192480331157352
0.07598920414646401
0.11033619739921037
0.10840929567129078
0.09626415656221246
0.10913181466453609
0.11165110134665686
0.09589413417793764
0.1149878534864785
0.11530147133002186
0.10569910046073207
0.11885230676950251
0.12088659429296482
0.08871014946318524
0.057937995829737333
0.05399093366449561
0.0314529313710415
0.03249849690535688
0.016885667080406636
0.032878631378333065
0.029106096167608876
0.025185915879488006
0.02114321444761237
0.017003654284082997
0.012793277347069308
0.008538345181071303
0.0042651788904569206
9.46262067316813E-16
0.0042312268559538705
0.00840294849187259
0.012490174076164377
0.01646862151045569
0.020314858443546108
0.02400643711855142
0.02752202229394941
0.030841511525969086
0.05944758408052173
0.07255699708041073
0.07129448506944724
0.023497182717644484
0.023866372409972123
0.03388672212870855
0.04245241157533005
0.056660774097196734
0.05316684810463509
0.061072565410907234
0.06727840536199191
0.045765981678120383
0.06811147710554852
0.06288370945534108
0.05620498034840724
0.0567677994455354
0.039013116548049925
0.035224258464432945
0.02254900015617576
0.012154163443931044
0.057289885673094815
0.05674373631164659
0.05542729468061435
0.028245407809628576
0.02502101131459227
0.021665227760587494
0.018199480544474702
0.014645715469343854
0.011026264246839298
0.007363706582082685
0.0036807316787409645
5.78852909217064E-16
0.003655993885695531
0.007265056556971762
0.010805428289308017
0.01425591212285161
0.017595998694535694
0.02080598611094421
0.023867094172388952
0.026761572296945802
0.00895815249518491
0.03255329988245026
0.02790592500316348
0.06640852391516333
0.05606775256369103
0.08701081872591185
0.08944903665060902
0.10904971915268888
0.12522327663603205
0.12768508165403275
0.11966327391191829
0.1061867130786884
0.11643045516542266
0.12217934478308695
0.11760048751909466
0.09766310516321856
0.07418563859248435
0.0747247723674157
0.04800619162688608
0.060278989808496525
0.030101203671866507
0.03723757459344007
0.013211402421499626
0.02483035701418587
0.02200678902194886
0.019064718399567023
0.016022861053658428
0.012900431665657039
0.009717023953109173
0.006492489323493362
0.003246814662537956
6.970594286922364E-16
0.0032280632073129075
0.006417712443588316
0.00954963243325399
0.012604970668224103
0.0155654494802895
0.018413474000506847
0.021132235375582453
0.0237058086434638
0.04249563608744728
0.017132884545536915
0.02984167069421559
0.020993403751696442
0.0358304998266119
0.02692489263141657
0.04851891020267681
0.027461141524658974
0.02183077418425245
0.024568300245868816
0.043560819806323085
0.043051407898422316
0.04574880499179074
0.0288162504588302
0.028652925383376947
0.03881611618647605
0.05983516412748769
0.03947905288545553
0.04375600603835864
0.03212689177464442
0.028306164098919784
0.011254553418093094
0.037141259029324816
0.022219107024000203
0.01970021036208791
0.017073170655954113
0.014354647114385888
0.011561772961429916
0.008712048594941754
0.00582323304998743
0.002913234433608203
1.1668683588160407E-15
0.0028985934653013696
0.005764848289298386
0.008581352929305577
0.01133108672356321
0.013997521750362405
0.016564721191938882
0.019017433623294874
0.02134118267357133
0.022211614722316704
0.04105279037472046
0.026447378568396913
0.04301942158755337
0.04570838995745306
0.04409685210462237
0.028824861404762703
0.033789612077903236
0.008290927291392339
0.009508342348860898
0.020168854884796705
0.0341526897517022
0.021963586709747546
0.012506638955790834
0.013512286564327373
0.034438828920179805
0.027862840238301077
0.04662712535221417
0.05087660894432568
0.04835253519894721
0.024135497489937867
0.03664475718610451
0.023991632964041845
0.020166556388836143
0.017886055366203947
0.015505857279756872
0.013041013712291943
0.010507026791997158
0.007919752519500499
0.005295302366410768
0.0026499437508174565
1.3416372460134383E-15
0.002638249589548089
0.005248668987357491
0.007815363359247141
0.010322775102728811
0.012755777411739225
0.01509976481214083
0.017340740130543465
0.019465397382427353
0.023831687595903994
0.016537723825368774
0.03250089758769652
0.0638205934101338
0.06325890743853234
0.0636022921762354
0.06185747681409983
0.07538906492647329
0.08809652025245435
0.08404966942451332
0.08690611577845922
0.08705012784914375
0.08557353522020562
0.08237343599429553
0.08617613324679245
0.07208159721808453
0.05376945027020389
0.05821158834800904
0.060158742220546006
0.06227762908497186
0.034306523421373115
0.021739761122804378
0.019838231634587478
0.01851851851851907
0.01642875242294193
0.014246258644906246
0.011984803983149852
0.009658584444424226
0.007282136745884379
0.00487024808448228
0.0024378647295419656
0.0
0.0024283578107853064
0.004832337001508084
0.007197272964716473
0.009508797076710429
0.011752923439936638
0.013916132957622129
0.01598545423832468
0.017948540849474684
0.024500541820127127
0.01622292535227601
0.02684825462816821
0.04919492616754214
0.03991267971962158
0.034571237614235924
0.026972864513479588
0.00526569561322211
0.008462597457266588
0.009439386147982768
0.011119980344189965
0.02013271669470815
0.013218780593398765
0.012147534735380914
0.008241419347196945
0.007921544499958431
0.033109353823784264
0.03334980043611166
0.03223855416206257
0.042228430614957235
0.027063142918543844
0.0110055720166748
0.02334590353171284
0.017173209640043537
0.015238710305115274
0.013217291849715746
0.011121676278223127
0.008964995797926877
0.006760710998603942
0.0045225273098671625
0.002264310251771948
2.8806939082148E-15
0.0022564742107758595
0.004491279322589339
0.006690762809977761
0.008841535644209317
0.01093055336436695
0.012945194766962684
0.014873337741863979
0.01670343180137253
0.015164732759630397
0.033591924676063485
0.029120646514179522
0.02533544613839959
0.03868357830247197
0.01703249583073163
0.007588473777741561
0.03090585575755476
0.018037842849242453
0.01633919188319275
0.030669793932802177
0.01960738733025134
0.030952965266776468
0.015518911814641524
0.013236014614419573
0.02693725705957001
0.0048093760965712915
0.012472568359169683
0.037319186115565485
0.018856337297970586
0.024740229557080246
0.03404755863829776
0.01562413089855491
0.01606079112866184
0.014254402945588763
0.012365975136838927
0.010407368373053264
0.008390836793721627
0.006328951709568985
0.004234523600871114
0.002120522893437849
4.957009209279812E-16
0.002113994882376496
0.00420849172806073
0.0062706799041982115
0.008287986175755484
0.010248151021482734
0.012139302799507323
0.013950029315998728
0.015669446367281157
0.01813177241356325
0.005081172586213409
0.020384303491406942
0.024866476757067667
0.009215043274309168
0.04298021060013127
0.04515844941970422
0.037281303993931966
0.05808518917355336
0.061861921765991604
0.056529884897793
0.05856069741051978
0.055963389051004626
0.06167148957823877
0.05889974569600461
0.03866853000947329
0.04337862634677821
0.04381722271524999
0.00952648528760903
0.024825641314970493
0.01985750930510066
0.006430203891168268
0.01592552721031306
0.015131808464325642
0.013432231125052235
0.011654737426116201
0.00981047034624529
0.007910951711348516
0.005968010510533087
0.003993709529248497
0.0020002707528296794
4.078206684694912E-15
0.001994788750870928
0.003971848879044892
0.00591907602093821
0.007824581895460956
0.009676766606713948
0.011464388985835908
0.01317663454716427
0.014803180649469196
0.01834013436689451
0.02777003464749743
0.022604134690570595
0.03197793143158484
0.030705639627784855
0.011947389657370215
0.016771467417559544
0.015351505385880784
0.005497996319036086
0.013703354026954237
0.025580704696775695
0.018525311957376583
0.025483038049961194
0.013168130400581898
0.003815187996734674
0.017316830594118482
0.01854056160040774
0.01345312595863694
0.028047652145969354
0.032415165994645695
0.025239925993051242
0.025854906030171702
0.01894386091828438
0.014350319253918631
0.012740489276203835
0.011056240820027397
0.009308114012791364
0.007507015135155912
0.0056641488206822695
0.00379094859412835
0.0018990061775866198
5.7959751740471776E-15
0.00189437665047534
0.0037724873907037187
0.0056228239844457
0.007434076627062918
0.009195202845303865
0.010895494593687867
0.012524643141223746
0.014072801356565181
0.012736643367328366
0.016515021374378772
0.021980551137751665
0.012039508537660736
0.017429813713867447
0.03538550116839438
0.02426915451354188
0.037927530924113315
0.03906169267858477
0.023316192239373708
0.01582022554529884
0.02055466305053963
0.015489677617316192
0.02140810770156266
0.037088335856366055
0.03594949372970991
0.021492683587035072
0.03140180288753059
0.018929816859084823
0.010311436804783096
0.020663500728849406
0.01793840286218753
0.013289499747594712
0.013689633232425285
0.012155621864993804
0.0105501648813945
0.008883293100558225
0.007165392548762612
0.005407139946448282
0.003619436553898586
0.0018133407843745882
4.065951540062062E-15
0.0018094180900292234
0.003603794008245094
0.005372124644468688
0.007103590532065314
0.008787621854588335
0.01041396278139465
0.011972733741575528
0.013454491259360884
0.018065318774597983
0.02399066587433519
0.02469716290015371
0.02352515210872304
0.02013215767229104
0.020432796044381647
0.026547698694934473
0.021760366956062316
0.017386786408008753
0.035175586598448126
0.0328683103623936
0.030284892394629587
0.03257988593646348
0.0354599711737621
0.01741206094915847
0.021811870632767565
0.027497684624845798
0.02258225088560101
0.01971554508463366
0.02021524816356541
0.02212907350494532
0.023558827911321537
0.016759505142639526
0.013129576318163817
0.011659817132511621
0.010121138014667212
0.00852313797657334
0.00687576187744635
0.005189238702478057
0.003474018218222726
0.00174070639581466
1.0474410436612456E-14
0.0017373792535228093
0.0034607505683570193
0.0051595395614860385
0.006823342980650806
0.008441992249945901
0.010005615456468308
0.011504697400997913
0.012930137348565447
0.01768266655678029
0.011196749238897087
0.01532670255426961
0.02342288056120694
0.02194947429096796
0.014024666082997654
0.011683166537157301
0.01997573647549495
0.028584315120926
0.02111143710489027
0.01914304817085092
0.020274582778252614
0.019378841232555552
0.02201970413614784
0.028958859963353813
0.01983676387562023
0.011048505049172366
0.014676818884340059
0.02291352524645622
0.0254620329468592
0.015838880212187195
0.007172952208065632
0.01950261710894072
0.012654679837936491
0.011239413419892314
0.009757366466504035
0.008217771418263213
0.006630198648213115
0.0050044971149909604
0.0033507334073856606
0.0016791295566404552
1.986839857698584E-15
0.0016763119168771126
0.003339497508490893
0.004979345999428725
0.006585807068176336
0.008149052303009859
0.009659535194486181
0.011108049299682694
0.012485784224259184
0.01123362758398717
0.0249939772433828
0.015744225806447448
0.007933586700656785
0.01335761934782305
0.02260551874005504
0.02869644202846522
0.01885162272416574
0.010595436016141558
0.023123490753554778
0.019989371890825856
0.020938595376336456
0.019937442449076505
0.022582372765229446
0.010559455691649774
0.018166578418431608
0.02842898745355717
0.019868167924233907
0.010047532115901826
0.010688807220797483
0.015589797053123348
0.026183492304091525
0.008612604782603986
0.012252950983879544
0.010883816402476541
0.009449702303217365
0.007959530298474198
0.006422553345601689
0.00484829841695755
0.0032465075731306896
0.0016270778027921776
7.428308572598345E-15
0.0016247025454956513
0.0032370357671754626
0.0048270961718915525
0.006385131545152962
0.007901600640536055
0.009367231488446126
0.010773077968528704
0.012110574301546615
0.022726818313282753
0.010507887521902822
0.014519097080981766
0.0275675589578028
0.032895579442805384
0.02804812740640893
0.010907814546682474
0.021097755139230318
0.025911635366693313
0.03682271906074795
0.020611290338742743
0.01852618682129843
0.020603320931357902
0.03688598940229955
0.024615383833986326
0.01999052598263697
0.010529275467807702
0.03006248106706446
0.035022934068417735
0.02598048030793512
0.012570702607284654
0.012017516454062842
0.023114335145974434
0.011915019650554595
0.010584747402740494
0.00919099605605102
0.007742424727161976
0.006248018519873587
0.004717032902417685
0.003158936495764958
0.0015833526258692786
3.133480376114819E-15
0.001581367127952326
0.0031510189353910743
0.004699309784063109
0.006216737382102292
0.0076940009926844315
0.009122058333467587
0.010492180819387017
0.011796006812015827
0.0030005084524101426
0.02350402516000365
0.023632685310219125
0.01858399393619317
0.005818133451340466
0.00806846897397725
0.02828713745093443
0.027246831388924104
0.024414684288736922
0.019933307558226622
0.025887227087586423
0.03011280973934398
0.025846777678727888
0.01967387641421423
0.025937068198867125
0.030391134898252174
0.02907691272921994
0.00799909092368041
0.006942427520369327
0.01812929588165597
0.027248481970656588
0.019954599216505844
0.004087788448665901
0.011633535736638011
0.010335712165390787
0.008975639047644304
0.007561755518894563
0.006102822496014206
0.004607868489186808
0.0030861338289862035
0.001547013652547981
5.4046899747853106E-15
0.001545376622723114
0.0030796058553022635
0.004593255909147594
0.0060770314497103775
0.007521830580315176
0.00891880057912857
0.01025939204803244
0.011535411143220762
0.02173568163382283
0.01250369930146714
0.010881308665596726
0.01350910856656071
0.02975532892603811
0.022243704747190826
0.007933308321655107
0.011292869962902833
0.008267380069684653
0.023049858887746764
0.021835718644632632
0.01871832944982523
0.021917108423115988
0.022273077221035654
0.00735913407213286
0.013454491259355467
0.007147263750706776
0.018567150781098708
0.02517607340784164
0.014143987635776012
0.010764384292734122
0.014521300271432057
0.0203881281877202
0.011402737382914183
0.010131620185259661
0.008799235330314053
0.007413839913161428
0.005984009696896065
0.004518586115978828
0.003026621694951158
0.001517324219018249
3.0549980808952507E-15
0.0015160034130015537
0.0030213547264734608
0.004506796245604789
0.005963200715934971
0.007381627315089434
0.008753376451603134
0.010070043035637006
0.011323567895694315
0.009998745130214166
0.01250928708485061
0.031149030064654852
0.023357747297532722
0.016117782035352076
0.024568615964267716
0.029783090954460075
0.04943711767786998
0.02910990571760791
0.020279181828664655
0.02044387609444569
0.02041569292356699
0.021366288203432195
0.020894038179848664
0.028124058291441528
0.047906512828629386
0.028349825922889576
0.026877505894660474
0.020714609589935404
0.02565841798550468
0.02872838894569464
0.013823515077063971
0.011871929570620625
0.011218138743401778
0.009968509378495336
0.008658364370335871
0.007295813132379465
0.005889281682086657
0.004447460615545519
0.002979251493707358
0.001493711970469032
4.197680633327041E-15
0.0014926825330969712
0.002975146414709885
0.004438271585389882
0.005873063161209493
0.007270706647690379
0.00862262200837771
0.009920516256840461
0.011156434250419806
0.015443400275028668
0.022096028708665758
0.0066816418281492
0.024166285310495094
0.022119317207585424
0.015887409040281193
0.018801713051470895
0.007423872218498445
0.021944028039938036
0.03208147308346694
0.04677125514288994
0.039238116220673865
0.04706024310894066
0.0326332437396957
0.023679708808885907
0.010538431355116666
0.022601933863430325
0.016857406616125597
0.024839955220706755
0.023916421626922445
0.00934867737795702
0.022481160504527798
0.013423658199967008
0.011076303439812434
0.009843346313622395
0.008550408863440818
0.007205484406087569
0.005816881820230854
0.004393174290426467
0.0029431464544630247
0.0014757402795422601
1.0406886582475687E-14
0.0014749835446457066
0.0029401288293673463
0.004386419477504083
0.005804959666125681
0.007187028762762916
0.008524134858665003
0.009808066870156644
0.011030944889180938
0.014774324975605508
0.015587566281275653
0.01447156951021308
0.025434682200692126
0.024335983871872434
0.012919281337233083
0.01237790508792072
0.003327728418823216
0.008677385215376315
0.015396108460137971
0.03328034071932938
0.027676523080476183
0.03245665767152914
0.013813855417257563
0.0065458403062994535
0.002204258716049369
0.008821074856006977
0.008964686562021403
0.019571984553098415
0.023563598435834346
0.011091117625595632
0.014354294812200229
0.015021040212619402
0.010974681112945141
0.00975388212499627
0.008473430582410055
0.007141233191072443
0.005765512186414954
0.004354754658455072
0.002917660267526022
0.0014630876723758116
1.8044968709285924E-15
0.0014625903074069078
0.0029156769298942322
0.004350315050563215
0.005757676340101404
0.007129103207226243
0.008456161982299728
0.009730694707830903
0.010944869218237506
0.009945802616231717
0.01721232927170458
0.01973566235292279
0.01458793899709702
0.02530789622070456
0.036021246809931476
0.036972413833313976
0.048081024320784246
0.034643770399234095
0.031026421028224567
0.020674315327242565
0.01908511176971735
0.020279732248803726
0.031208212538570857
0.03500962497455654
0.04783923422213187
0.037400837104832635
0.0408313622474396
0.025359542148571113
0.013028639506272864
0.019968790456949444
0.015283016468972612
0.009959960732247307
0.01091149192541314
0.009698550779602612
0.008426082790692558
0.007101936019154522
0.005734275035345166
0.004331530647316916
0.002902348001856823
0.0014555333780347098
2.5845056438752566E-15
0.0014552867977839765
0.002901364716143767
0.004329329608796195
0.005730390233520801
0.007095922300629761
0.008417521487012662
0.009687055090154982
0.010896712005364783
0.01360728641970772
0.01235407476202075
0.009881557657550683
0.017187482107212607
0.016561788871796657
0.041920246341271346
0.024285347991560378
5.866423769021411E-4
0.02709517368646769
0.02777189867676612
0.029888042816213024
0.03829905231581855
0.030507265197638685
0.029119209668169242
0.02900119566674866
0.005477955172963196
0.028121552234417944
0.04618328334366396
0.021329550157235387
0.01594427091086431
0.012331940541552877
0.012825950466159444
0.012509927565946622
0.010885648950798953
0.009676400843695863
0.008407551610459191
0.007086917623863387
0.005722633777815734
0.0043231034464575714
0.0028969467941712883
0.0014529477539660135
