1.0
0.9989725854527287
0.995894139718447
0.9907760398146913
0.9836371918337685
0.9745039478168498
0.9634099899352757
0.9503961825331803
0.9355103927392274
0.9188072805050672
0.8911688335783994
0.8158969101341516
0.7761207827862867
0.7345092811667743
0.67380438463114
0.6319874535127427
0.5969458155625862
0.5694425698502419
0.5310208397637052
0.4916844602735781
0.4610532524330181
0.42996901225725265
0.4080076649145978
0.3858114174948411
0.3528948832615011
0.3272305007339677
0.3054675123618617
0.3055704121548828
0.2901438288373052
0.27267928612170705
0.2916677704771588
0.26683328132118794
0.23395677675898308
0.20167312991975314
0.17008068053330969
0.13927376632762745
0.1093423593199549
0.08037172439209729
0.05244210162743675
0.02562841376529693
0.0
0.02437962278192767
0.04745297037168242
0.06916877240348786
0.08948212364992632
0.10835460493099784
0.12575437327165614
0.14165622109465453
0.1560416043881081
0.1688986399392127
0.1876526120988623
0.24433065812137497
0.2635817293558696
0.28768940803028026
0.3173921684082562
0.31124709200935996
0.31102949170182076
0.30828231036050935
0.3179187343541932
0.3265855166188474
0.321653116181232
0.3152100371126015
0.29483094067413174
0.2736721532147232
0.2659474567317461
0.2588158332935854
0.26504404370052187
0.23439919996243308
0.20533253194625709
0.18673663436617738
0.13467624832415465
0.1166724524079369
0.10413347464621701
0.09130375337943819
0.0782643459278004
0.06509537670314793
0.05187566279556132
0.03868235100081184
0.02559056798264994
0.012673085182489082
1.4676885753952977E-16
0.01236156532820565
0.02434774582752876
0.03589819564672792
0.04695632858088937
0.057469536274566586
0.06738938324713133
0.07667177800935278
0.0852771196700479
0.09317041956355207
0.09715537046464924
0.07362510133091128
0.0804106534613086
0.06919769147394371
0.06965924325605574
0.10455898793714463
0.12139804079308214
0.12904637735306712
0.12015862053361401
0.10648654800114171
0.11181808895566071
0.10804695403413353
0.1234999986662448
0.13359981966679182
0.12682450254805727
0.10922246368027701
0.07326582564964693
0.06759888126595412
0.07890473256943915
0.06751535751524698
0.08150718895611135
0.0748203543015488
0.06711710121238243
0.059138962311214134
0.05093822132600397
0.0425675653806287
0.034079781627453495
0.02552745768586339
0.01696268746207132
0.008436783880032587
2.7638739654189926E-16
0.00829874005959672
0.016412099049192337
0.024294572090917364
0.031902718564961546
0.03919537927375515
0.04613387787015423
0.05268220563223865
0.05880718876800622
0.06447863753738842
0.06907364298704882
0.08252819713151552
0.07368633953574345
0.09185166354737075
0.08345277167582268
0.06350884295217318
0.05401403970298039
0.05854726044422298
0.059632757251248704
0.08369821777580033
0.07155100165251313
0.08261879183192089
0.05792119579419411
0.05705525853478454
0.0483266730909233
0.054565579295605314
0.06214779856973298
0.07150439077047815
0.05160563575151069
0.06189622277699324
0.05759533568159473
0.05520449656085685
0.04963964052493732
0.04384237336355496
0.0378506719099731
0.03170319158088208
0.025439031390899407
0.01909749911995558
0.012717877975441248
0.006339196069147466
5.373876891147189E-16
0.006261866202464209
0.012409475561785342
0.018407024902625163
0.02422003275573201
0.02981552737365981
0.035162223877609144
0.040230689627297235
0.0449934969817791
0.0494253626993656
0.059594427482981466
0.07445191554976005
0.09600570901916256
0.08601256573257766
0.10714556947636267
0.0959943982107945
0.10606029622754895
0.12290184975077097
0.12435166864194
0.1055540436467229
0.11572601222324756
0.10303440254301839
0.11933029917538053
0.11479324121401828
0.09496061435442733
0.08627317236255289
0.10935063653691479
0.0894345389943635
0.0992621432769125
0.07841960699959481
0.05562577628802029
0.04385524009181668
0.03948997423526722
0.03492661100534866
0.030194876749065097
0.02532521601994461
0.02034860287924151
0.015296350844885445
0.010199922616159847
0.0050907406937657764
9.921869414430506E-17
0.005041516417228675
0.010003617540090553
0.014856879372912113
0.01957281378612197
0.024124030271784357
0.02848438971977157
0.03262914937774973
0.03653509821676729
0.04018068198682638
0.035170625661459766
0.011179849981064183
0.007233805230237651
0.013769588871658762
0.01286578585234342
0.05672430045113077
0.06690721887835294
0.061712265863421385
0.07338412492181054
0.09643717787034388
0.09243130537089977
0.09787008087933775
0.07637017094864501
0.06552476709018426
0.07515419219576933
0.0631196168432019
0.01568573288218871
0.010675322357365638
0.010617430898333767
0.005116598881057631
0.03072763391323787
0.03647909300014186
0.03287863137833119
0.029106096167606423
0.025185915879489755
0.021143214447609786
0.017003654284082854
0.01279327734706927
0.00853834518107109
0.004265178890456153
9.193423557561418E-16
0.004231226855953143
0.008402948491873098
0.012490174076164654
0.016468621510455167
0.02031485844354524
0.024006437118551514
0.02752202229395051
0.030841511525969974
0.03394614715006173
0.046014538779091445
0.08410200912913875
0.09205508889761314
0.08562772948622752
0.08446133546053852
0.045016224322907465
0.03911687922858714
0.02321285568792426
0.01268953147276158
0.02948812578425773
0.03636232009987251
0.031985392592171084
0.018248026903102173
0.02569249819506396
0.04090337353822953
0.043462787152316606
0.07509159002235616
0.08068178688454575
0.08536877563907867
0.08224465687937464
0.04291872060912423
0.031317650500896584
0.028245407809628018
0.025021011314591984
0.021665227760587262
0.01819948054447563
0.014645715469342643
0.011026264246840311
0.0073637065820837
0.003680731678741379
4.500128905994858E-16
0.003655993885695422
0.007265056556972958
0.010805428289308507
0.014255912122853454
0.017595998694534456
0.020805986110944804
0.02386709417238824
0.026761572296947228
0.029472800534867245
0.025276037056588627
0.012634610029492286
0.0063934982068787
0.009798645621383537
0.03706946890215206
0.07577964651984188
0.10233566301485636
0.10201265967694126
0.12335145866431899
0.13457033747698763
0.14712698748397646
0.13384739320549136
0.12264828356264455
0.10110370763013066
0.09882508351620178
0.07282811199716205
0.04244763559799977
0.01175711230850957
0.006614747175836746
0.011435914780114931
0.02549485009662767
0.0275173226393703
0.02483035701418534
0.022006789021949903
0.019064718399569986
0.01602286105365715
0.012900431665654353
0.009717023953109168
0.0064924893234953205
0.0032468146625366408
1.0108498196093686E-15
0.0032280632073129474
0.006417712443586163
0.009549632433252584
0.012604970668223445
0.015565449480289472
0.018413474000505064
0.021132235375584993
0.02370580864346184
0.026119244705547474
0.033029038567593164
0.06442117198695604
0.05102642430282195
0.05006982715058388
0.02220459116227503
0.008401609001963035
0.006018680575483448
0.021634919043973758
0.03486830273488298
0.03726771176647855
0.03555802183621251
0.03527074644871001
0.031535713250399
0.017711395908335714
0.0065852677632475595
0.016222913463927707
0.015748798383533495
0.04434023171678987
0.0432692272489972
0.05707298304591132
0.029540038163051847
0.02461377993509572
0.022219107024003506
0.019700210362086735
0.017073170655953828
0.014354647114388629
0.011561772961432392
0.008712048594943251
0.005823233049989624
0.0029132344336080577
1.5850828816637556E-15
0.002898593465300559
0.005764848289297002
0.00858135292930607
0.011331086723562079
0.013997521750358243
0.016564721191942765
0.01901743362329445
0.021341182673571015
0.023522351538324517
0.02828783467475531
0.0078071450201929555
0.02548865378660173
0.0262130270445272
0.05672744591502784
0.07430152967910257
0.06372247615927898
0.06830788552354217
0.06200260134000487
0.05985843255139841
0.058796850754428795
0.058434164792147865
0.059240080709411946
0.065604306471524
0.060505230035226
0.07457990878278468
0.0546706842366961
0.02770742074801727
0.028491134408216292
0.01211588231079294
0.029195796158632426
0.02233285365668196
0.02016655638883023
0.017886055366205064
0.015505857279752202
0.013041013712290295
0.010507026791997356
0.00791975251950116
0.005295302366407686
0.002649943750816212
1.6921981534063815E-16
0.00263824958954918
0.005248668987356266
0.007815363359248137
0.010322775102727173
0.012755777411736838
0.015099764812140277
0.017340740130545113
0.019465397382424157
0.021461200092844374
0.01914513397711669
0.03243138137284708
0.025867288501546494
0.031118731551148592
0.015771201298175986
0.03752644266088507
0.0433197929032872
0.024719402207573002
0.04100396688467725
0.04958730932112952
0.07192655617137916
0.0507743484708795
0.04303831740225377
0.027051359953334398
0.04505578601593874
0.03415055610294357
0.020722719371832003
0.030915749729460706
0.02450087334488611
0.02706790067776056
0.016044330105089617
0.02050230555744304
0.01851851851851715
0.016428752422939924
0.014246258644906024
0.011984803983148617
0.009658584444423449
0.0072821367458852666
0.0048702480844819256
0.0024378647295448677
2.290271409828518E-15
0.0024283578107886002
0.004832337001506911
0.007197272964716085
0.009508797076711602
0.011752923439938162
0.01391613295761877
0.015985454238323444
0.01794854084947882
0.019793744462761095
0.030272710931687017
0.02630684634551533
0.027275099778486668
0.02139064680560531
0.023066262580429785
0.03027543485039521
0.00973783785294472
0.024808397884658988
0.0475005670948766
0.05567078702414553
0.047495051267632045
0.05527695667502611
0.04642063541043523
0.021178341258609287
0.005271319160534845
0.02013687829553385
0.016311182634108665
0.01792106592232259
0.02457252174369535
0.028506228826343433
0.02993753878030789
0.01900855764427621
0.01717320964004377
0.01523871030511265
0.013217291849715774
0.011121676278226463
0.008964995797924173
0.006760710998604959
0.004522527309870539
0.0022643102517710956
3.664821093824134E-15
0.0022564742107777833
0.004491279322586662
0.00669076280997593
0.008841535644205215
0.01093055336436474
0.012945194766963666
0.014873337741864778
0.016703431801371897
0.01842456687080017
0.010913618294176244
0.017451605569818177
0.0254531713491679
0.036903221270786005
0.05020936954555513
0.05718940943084029
0.07036417948479055
0.053443724714784056
0.035011593694707265
0.03937196602305362
0.059192043682633706
0.03825592116880945
0.03379479611837799
0.05439429672603828
0.07158831853816174
0.06337107684169534
0.05345946678040951
0.038858469227422365
0.026666394903483586
0.016261048616728144
0.011393001552571181
0.017773746605170622
0.016060791128661545
0.014254402945586482
0.012365975136841987
0.0104073683730572
0.008390836793722009
0.00632895170956841
0.004234523600871102
0.0021205228934389336
2.78390272357797E-15
0.002113994882374167
0.004208491728060951
0.006270679904202014
0.008287986175756141
0.010248151021483137
0.012139302799507696
0.013950029315999148
0.015669446367279665
0.017287262845730324
0.02674053860484068
0.0280987531654622
0.016166078640397815
0.00667480666472717
0.010620712711541584
0.02900144519391821
0.02066978613546848
0.001300620924442241
0.02045866912156062
0.026228588781517553
0.026189140043944462
0.02600017827181571
0.020372487735024366
3.611609606539788E-4
0.01803398088980304
0.02901873168492187
0.012128367675214287
0.007605537479787341
0.016092968616686437
0.02632174886441983
0.02499543471846009
0.016742774869491682
0.015131808464320806
0.013432231125055101
0.011654737426116307
0.009810470346242396
0.007910951711347916
0.005968010510531289
0.003993709529244149
0.0020002707528306695
2.6691925016900945E-15
0.001994788750872421
0.003971848879046704
0.005919076020936435
0.007824581895463957
0.009676766606714845
0.01146438898583442
0.013176634547166673
0.014803180649464974
0.016334258471107185
0.016592509813541195
0.014650143296336748
0.02778220088428605
0.043064310218615294
0.05033228197777506
0.06224741785698832
0.04537647658538249
0.03796892591655233
0.03966396932305295
0.03305647419209736
0.023539872680553617
0.03338169945799867
0.03990809199860564
0.03561020168352863
0.04039209238261348
0.0567654825879667
0.04651233318746105
0.042165282341190664
0.026127967867670788
0.015177189698055734
0.0185317455109366
0.015875622498044105
0.014350319253917335
0.012740489276205559
0.011056240820028061
0.009308114012787267
0.0075070151351591605
0.005664148820684643
0.0037909485941277875
0.0018990061775877895
1.1602827548634394E-15
0.001894376650476759
0.003772487390704718
0.005622823984446611
0.007434076627063954
0.009195202845305249
0.010895494593687133
0.012524643141225337
0.014072801356569452
0.015530643016463347
0.01817036216931462
0.02059383411173698
0.019452844353192035
0.008056352686618596
0.02163196948782837
0.010429054793770707
0.02137240439036617
0.025976372937549636
0.014735130206234954
0.02401616736256229
0.04634388664847465
0.02377169140276989
0.014103857903421712
0.02723236400637522
0.023809521766215706
0.013600650170155926
0.024911827352568985
0.00722158084332763
0.020945427981983046
0.02007841975724346
0.015530336433539812
0.015142585844551363
0.013689633232425003
0.012155621864997305
0.010550164881394737
0.008883293100555701
0.007165392548759663
0.0054071399464474465
0.003619436553900332
0.0018133407843711588
1.0398124392505673E-15
0.001809418090028505
0.00360379400824441
0.005372124644467931
0.0071035905320637254
0.008787621854588755
0.010413962781397149
0.011972733741577687
0.013454491259357243
0.014850284989616708
0.02299338440222176
0.01782865571794483
0.013280635482484012
0.031698216398744775
0.022001548616066978
0.019434051570300526
0.016068885311051984
0.030160564801051257
0.029388378861206134
0.03089680708428991
0.02387870079886319
0.030666503136092045
0.028597408478707096
0.031001440758405056
0.016189446007959383
0.01655634746176939
0.01879909560009482
0.02932396024455519
0.01015632595496492
0.017798702751734792
0.023847611325628244
0.01452122212281935
0.0131295763181687
0.011659817132513347
0.010121138014672168
0.008523137976576277
0.006875761877443938
0.005189238702479218
0.00347401821822331
0.0017407063958148857
1.2506086233227572E-14
0.0017373792535202062
0.0034607505683621406
0.005159539561487749
0.006823342980653975
0.008441992249953399
0.010005615456471282
0.011504697400994275
0.012930137348572127
0.014273304129176274
0.007820442067012332
0.021358216215659982
0.029466426269057912
0.012691235340926931
0.03644996127842303
0.029132086879816135
0.022395472289904055
0.018111108723602463
0.024229454053353684
0.018608020953339254
0.033070645486548894
0.018600158735089908
0.024866929066347184
0.01608916636909902
0.021400854647089417
0.02921108903883947
0.03580145829857455
0.01450097007404814
0.03124521842311869
0.021980161183885426
0.006189077454340325
0.013994328584071942
0.012654679837934966
0.011239413419896442
0.00975736646650593
0.008217771418266852
0.006630198648216156
0.005004497114997798
0.0033507334073893612
0.0016791295566458504
3.958700535089505E-15
0.0016763119168736536
0.003339497508488275
0.0049793459994273625
0.006585807068181702
0.008149052303006615
0.009659535194489843
0.01110804929968094
0.01248578422426007
0.01378437908290681
0.02420620804837668
0.012714494411017248
0.009258950231749476
0.023802448022525513
0.009447003105179432
0.010410020298263024
0.01914802580236727
0.03418141969164119
0.015592726159967138
0.02763981215891335
0.02079144177739971
0.027719505577932502
0.015063552778878586
0.033236606069626605
0.017843521319768935
0.010443259150778643
0.010950116168752223
0.023494204490796023
0.00953563878392302
0.010132338439560223
0.02358471855768881
0.013548571158444541
0.012252950983883472
0.010883816402485808
0.00944970230321551
0.007959530298470685
0.006422553345600818
0.004848298416958116
0.0032465075731372265
0.0016270778027944368
2.493805755815078E-15
0.001624702545498371
0.0032370357671783665
0.004827096171887295
0.006385131545148445
0.007901600640540213
0.009367231488451516
0.010773077968525972
0.012110574301548853
0.013371587129268664
0.009146016386499095
0.024718327886689085
0.03173670695235067
0.015757712537282514
0.01854229288563147
0.02956137978416035
0.030216380251739526
0.017393032943909356
0.028046284516048264
0.01782971445178756
0.04521398609595938
0.01779346716491908
0.027987007548696284
0.019559024366201307
0.032805697080749444
0.02979918881881937
0.01451021308383559
0.014485149901361311
0.030299832757118714
0.02576583462632384
0.011398517415868507
0.013173533359920121
0.011915019650554151
0.010584747402742347
0.009190996056044108
0.0077424247271537325
0.006248018519874027
0.00471703290241828
0.003158936495765967
0.0015833526258737171
1.6710825539853875E-15
0.0015813671279519001
0.003151018935391685
0.004699309784059197
0.006216737382102577
0.007694000992689522
0.009122058333467265
0.01049218081940126
0.011796006812018707
0.013025592550938901
0.019673951155280322
0.005217412942068028
0.005833111212286049
0.023026278209032008
0.029463207087725967
0.00971005035356516
0.004853108315000774
0.008125341146853857
0.0121380904855304
0.02680413927262221
0.022345679225849426
0.026567441612777576
0.012097932540710989
0.006534773596672376
0.006164761066089853
0.009959270470247798
0.031855626290028916
0.02333915550444178
0.006017525044322026
0.006634470000902995
0.01777347682473562
0.012861044675945227
0.011633535736646269
0.01033571216538675
0.008975639047646406
0.007561755518895577
0.006102822496009976
0.00460786848918724
0.003086133828983948
0.001547013652550734
6.210357387678631E-15
0.0015453766227248539
0.0030796058553008874
0.004593255909150578
0.006077031449694301
0.007521830580311853
0.00891880057913051
0.010259392048031953
0.01153541114322071
0.012739069568690333
0.017647282810333252
0.028356600107476506
0.024371248629089185
0.01012415625275999
0.004499308859369294
0.025731260964000496
0.0418117504256811
0.036009489194633246
0.026860737873792246
0.01936005078625359
0.03346727041716329
0.019553109625243138
0.026791427583337836
0.035700655473511936
0.03995242582904072
0.024532356632771524
0.005683261833657259
0.010787348198627759
0.023752618033904133
0.02824674692605334
0.01927560381809402
0.012604699581222314
0.011402737382908867
0.010131620185261652
0.008799235330311695
0.007413839913160427
0.0059840096968907155
0.004518586115978749
0.0030266216949557737
0.001517324219018684
2.0093863553253057E-15
0.0015160034130024447
0.0030213547264768296
0.0045067962456068105
0.00596320071594605
0.00738162731508782
0.008753376451608069
0.010070043035636784
0.011323567895697566
0.012506287027606141
0.010842101177885742
0.009826534899479286
0.01265677644563062
0.025243130613984692
0.03144585843948809
0.018906539576552344
0.009116299665242784
0.01733758951485935
0.013896602986501718
0.015095048602984107
0.01802529388757774
0.014914259263019482
0.014351422875441435
0.018292044421895717
0.012958241520051504
0.020165730703340694
0.029276258723302705
0.025019604076953826
0.01342137930861738
0.00955770681993075
0.00834929576317071
0.01239950977152754
0.011218138743401954
0.009968509378504737
0.008658364370336407
0.007295813132381905
0.005889281682092321
0.004447460615537097
0.002979251493705196
0.001493711970469422
6.226143634701924E-15
0.0014926825330976194
0.002975146414710258
0.004438271585385547
0.005873063161213497
0.0072707066476916824
0.008622622008375469
0.009920516256841283
0.011156434250421296
0.01232280737481791
0.022250885074061262
0.024085072766998564
0.02238630427071335
0.013492969888943806
0.017396159460520796
0.02510224370320895
0.017036718011751523
0.013609078085649963
0.022592062990887587
0.02384487740901298
0.03478345840990282
0.023755505213212028
0.022295076567712804
0.01171207263975983
0.016090981709732922
0.026066580302883714
0.020061662923650803
0.013363177359735254
0.021677490453575185
0.02223702910787122
0.02254463817236802
0.012241651830630253
0.01107630343981452
0.009843346313626964
0.008550408863444289
0.00720548440609456
0.0058168818202307855
0.0043931742904255
0.0029431464544560654
0.001475740279541199
6.072187624853627E-15
0.001474983544645166
0.002940128829371108
0.004386419477508072
0.005804959666124311
0.007187028762768368
0.008524134858663594
0.00980806687015482
0.011030944889174677
0.012185268474429327
0.004258994993503121
0.008599014758703461
0.011147022742911008
0.019903800425536595
0.016264342159048026
0.012570749885305812
0.03349905127694549
0.030415237645554597
0.028115614093843753
0.016690476637466485
0.0164111441538888
0.016872722397545312
0.028866642853985613
0.03092596216471141
0.0331155365060028
0.008876298720189964
0.014933779933238312
0.018747192641692122
0.010674839412550765
0.009688038210004002
0.005848673757918088
0.01212828512369103
0.010974681112934688
0.00975388212500041
0.008473430582407711
0.007141233191077856
0.005765512186420235
0.004354754658458725
0.0029176602675227603
0.00146308767236062
1.471485859308067E-15
0.0014625903073958162
0.002915676929885497
0.004350315050564859
0.005757676340100458
0.0071291032072205674
0.008456161982297813
0.009730694707836659
0.010944869218238378
0.012091227201859329
0.021269099577964787
0.017862310770615276
0.01907804253173135
0.014599571119804896
0.027684261359185093
0.03171786883724851
0.006443159347817965
0.018968742050918076
0.02510171854821763
0.01748976338498944
0.029152221161829004
0.01740256774856403
0.02565576237707802
0.01986234207047614
0.008785162673739187
0.03275828677158323
0.02703707827762528
0.01561334611724507
0.01889094515123141
0.017550394727665116
0.020152485310270207
0.012057423013996692
0.010911491925416116
0.00969855077960218
0.008426082790694869
0.007101936019155956
0.005734275035348426
0.004331530647316507
0.0029023480018532206
0.0014555333780374659
4.347819168983793E-15
0.0014552867977808523
0.002901364716140475
0.004329329608798543
0.005730390233530177
0.007095922300631067
0.008417521487011389
0.009687055090150542
0.010896712005367187
0.01203905071915434
0.012831306212449415
0.015318325709971662
0.015401384117891522
0.018112856034195247
0.0149953615232887
0.02578042373495323
0.027052040998153566
0.028049234585026943
0.0348206699830249
0.019496061291800496
0.03732568155307965
0.019413739345808374
0.03462800709285647
0.027462104815340595
0.026842552503477276
0.029086380506740936
0.01660366481377882
0.0183244696179211
0.01680729415383003
0.016403493112364977
0.015019421197419117
0.012027846164572793
0.010885648950793875
0.00967640084369196
0.0084075516104615
0.007086917623861684
0.005722633777818139
0.004323103446454528
0.002896946794166881
0.0014529477539618459
