1.0
0.9989725854527292
0.9958941397184481
0.9907760398146919
0.9836371918337694
0.9745039478168519
0.9634099899352765
0.9503961825331831
0.9355103927392292
0.9188072805050711
0.8911135267628152
0.8125363209407787
0.7664734639883322
0.7235178937365867
0.6884325274217412
0.6576478978931584
0.6253530519008933
0.5994625427559819
0.5472959911526989
0.5118853356676137
0.4872146071737652
0.4628573948045113
0.4456420073445268
0.4392920990742663
0.41424960203182104
0.3942283484518266
0.37236946731699516
0.34358557794419636
0.31358436592402167
0.2971562545252233
0.29116780539263054
0.26683328132118755
0.23395677675898233
0.2016731299197531
0.17008068053330844
0.1392737663276278
0.10934235931995497
0.0803717243920971
0.05244210162743697
0.02562841376529709
0.0
0.024379622781926957
0.04745297037168233
0.0691687724034875
0.08948212364992497
0.10835460493099765
0.12575437327165398
0.1416562210946547
0.15604160438810719
0.16889863993921034
0.188904655997673
0.20346359337046263
0.21859271458159932
0.2046346034128461
0.19530402605260216
0.20238477999798143
0.21067523790063525
0.21130556079579665
0.21564965018507676
0.20776394939011833
0.20486368865269014
0.19324709132152312
0.18993983990616095
0.1800173579970271
0.1710436772456246
0.1579995471649064
0.14670505206486667
0.15400207642656302
0.17118808901610766
0.15917058613936952
0.13699865668205286
0.11667245240793585
0.1041334746462163
0.0913037533794378
0.07826434592780024
0.06509537670314824
0.05187566279556161
0.038682351000812465
0.025590567982649793
0.012673085182488632
3.8753848073913226E-16
0.012361565328205735
0.024347745827528827
0.03589819564672756
0.046956328580889696
0.05746953627456669
0.06738938324713165
0.07667177800935329
0.08527711967004913
0.09317041956355303
0.09314623960589477
0.06456498980528778
0.06804813426866413
0.07226160631471285
0.07645149889495273
0.07999750018620816
0.09306907513583045
0.08999956572979509
0.12382599037933543
0.14323489269425246
0.153188786315312
0.1366237354879233
0.11215367896806866
0.0702067257751446
0.07293444450354501
0.05130239899635263
0.03823057323363773
0.045414424897088516
0.06749053599087916
0.061927961990577304
0.07603641560300317
0.07482035430154949
0.06711710121238211
0.05913896231121431
0.05093822132600486
0.042567565380626976
0.03407978162745201
0.02552745768586283
0.01696268746207212
0.008436783880033279
1.2363049090657022E-15
0.008298740059596563
0.016412099049191553
0.02429457209091737
0.03190271856496115
0.039195379273754605
0.04613387787015483
0.05268220563223844
0.05880718876800668
0.06447863753738924
0.07546440589943178
0.10696430486198655
0.12293789930685103
0.1458561875600095
0.15678003007804373
0.1512929219709875
0.13390003153353708
0.15035286846049326
0.10650418764482388
0.09812324972744284
0.07754284060618458
0.09507913071475704
0.09810047171398138
0.13724442364188294
0.11491066071631129
0.12746350047022578
0.1289268026442971
0.11542145991028972
0.08698525266378358
0.06842154808703625
0.0652939309016224
0.05520449656085539
0.049639640524935434
0.04384237336355491
0.037850671909972766
0.03170319158088127
0.025439031390899352
0.019097499119954592
0.01271787797544104
0.006339196069146727
7.940029812747653E-16
0.006261866202461782
0.012409475561787293
0.018407024902627037
0.024220032755732503
0.029815527373659372
0.035162223877608305
0.04023068962729563
0.04499349698178015
0.04942536269936506
0.051215593658765164
0.08334133263254642
0.10647525315624831
0.12633244652624773
0.13307668547938634
0.13936425477729172
0.12845565997905053
0.1307228088200803
0.08379159936296991
0.05876980424474908
0.06270125789660821
0.05428013525808466
0.07529772176387603
0.12281308748751964
0.11678784558098006
0.1255873241636016
0.11709535189906108
0.10896391919401437
0.08288734815356873
0.057123499037142644
0.04713885286043939
0.04385524009181709
0.03948997423526478
0.03492661100534939
0.030194876749065822
0.02532521601994558
0.02034860287924155
0.015296350844882907
0.010199922616158404
0.005090740693766037
7.676382368849301E-16
0.005041516417230556
0.010003617540090732
0.01485687937291034
0.019572813786122203
0.024124030271787514
0.02848438971977345
0.03262914937775038
0.03653509821676751
0.0401806819868273
0.044912952551851695
0.06021692384641774
0.04762800042656102
0.03507620368927977
0.03798637218776278
0.04064822664801308
0.048272932927832406
0.0592985002878305
0.10855333885480843
0.131164465998725
0.13737564416714246
0.13118373476227002
0.10893623115805194
0.06419168781596263
0.04916962610757901
0.04523265373845913
0.043248516455633455
0.04111971418609302
0.0468359066202456
0.054097994878258324
0.0400174060227012
0.036479093000141884
0.03287863137833126
0.02910609616760516
0.02518591587949021
0.02114321444761014
0.017003654284081585
0.012793277347065849
0.008538345181069433
0.0042651788904549725
1.2640452148059092E-15
0.004231226855954053
0.008402948491871506
0.01249017407616396
0.01646862151045385
0.020314858443545237
0.02400643711855285
0.027522022293952578
0.03084151152597286
0.0339461471500651
0.040102581686647105
0.08278592646595731
0.08322031118561045
0.06841513824872539
0.07554764821962971
0.06941068202833484
0.07773710894268503
0.07517461948411515
0.126940371456762
0.14111492491833735
0.1627746700676523
0.14179360411229494
0.12865040854699727
0.07936420250677745
0.07769207768331823
0.0711548548863475
0.07817317236169537
0.07159324462303675
0.08286582352068389
0.07880044325744193
0.03871796805881146
0.031317650500895626
0.028245407809627504
0.02502101131459202
0.02166522776058786
0.018199480544475757
0.014645715469343377
0.01102626424683938
0.007363706582085307
0.003680731678740632
6.449918336968844E-16
0.003655993885695379
0.007265056556971779
0.010805428289308937
0.01425591212285071
0.017595998694536305
0.02080598611094419
0.023867094172386263
0.026761572296946704
0.029472800534865954
0.02837619533906175
0.0247307835302101
0.01987882932283477
0.01375020893322758
0.022689883500171964
0.032682238801738164
0.04779299610586308
0.022849941934705867
0.03453166365771478
0.024702807415316035
0.0513253402062276
0.026173977110781795
0.040238954165775546
0.030127577940933573
0.05520717135839455
0.039232695887300495
0.03094601369201839
0.01882721784742509
0.02927769234268406
0.03579548735060098
0.025244604432049022
0.027517322639366265
0.02483035701418671
0.02200678902194837
0.01906471839956671
0.016022861053656235
0.012900431665654393
0.009717023953107156
0.006492489323495438
0.003246814662534999
1.4044607249676208E-15
0.0032280632073128403
0.0064177124435896475
0.009549632433256789
0.012604970668225163
0.015565449480293456
0.018413474000505147
0.02113223537558276
0.023705808643466882
0.0261192447055517
0.03573703999746815
0.03333691729978158
0.03682325267615421
0.0492862053400403
0.04204570363120764
0.04177141661729697
0.044916515088445345
0.04710397504466517
0.03452935243222145
0.04617015620425099
0.041551718898896854
0.0507403531120431
0.04504256844065733
0.058002023968836844
0.05777188063526012
0.050447212349699684
0.049988566969644405
0.04991402643370005
0.04318098245299136
0.04800316108252135
0.03491935970190616
0.02461377993509324
0.022219107024001546
0.019700210362092022
0.017073170655949273
0.014354647114386694
0.011561772961427873
0.008712048594939388
0.005823233049990785
0.0029132344336104494
1.1278481580970156E-15
0.002898593465298618
0.005764848289295376
0.008581352929309534
0.011331086723563663
0.01399752175036282
0.016564721191942154
0.019017433623291793
0.02134118267356198
0.023522351538323227
0.017680844272148673
0.00772633953297348
0.01541251611713746
0.02464788052453964
0.010511142346982444
0.004794605079973772
0.020502305703247767
0.04797722520150669
0.0478426788674664
0.04709910587606571
0.02909212736754098
0.04723435643539631
0.04520587736248896
0.045677706933304654
0.016666369952846854
0.01280841896820812
0.022337509151260967
0.03213161524550316
0.02379183082457143
0.025853660894527477
0.01578782192536645
0.02233285365667791
0.020166556388834682
0.017886055366203257
0.015505857279762716
0.01304101371229669
0.010507026791996709
0.007919752519501238
0.005295302366401902
0.002649943750816186
2.131499199425577E-15
0.0026382495895461667
0.005248668987355196
0.007815363359241961
0.01032277510272817
0.012755777411732788
0.015099764812140095
0.017340740130547715
0.019465397382426565
0.021461200092843948
0.032490965518049815
0.017575210767468832
0.023128317185111665
0.019353609144943374
0.02467949813770624
0.03050676085355144
0.05570103785631699
0.08923776369603584
0.08089920273398687
0.08673413249908626
0.08537052501979332
0.08318949118677371
0.0743264256175961
0.08017508392097787
0.04584398343945121
0.024464948334153056
0.014277020348826818
0.02737466671103891
0.02733718119568795
0.012293809374674352
0.031626027623854996
0.02050230555744654
0.01851851851851724
0.01642875242293816
0.014246258644902346
0.01198480398314908
0.009658584444420667
0.007282136745883787
0.004870248084483352
0.002437864729541301
1.909411217988507E-15
0.0024283578107872827
0.004832337001507251
0.0071972729647192596
0.009508797076713368
0.011752923439942999
0.0139161329576166
0.01598545423832259
0.017948540849475902
0.01979374446276469
0.012389227972272631
0.02604527192665358
0.01111175934674255
0.013176789504507553
0.030738911245327
0.021618346580391218
0.034147770532347854
0.03993677645955712
0.028547949511699085
0.05140009963269066
0.06199029240712161
0.04959467822695925
0.024996656789079027
0.03532155871324999
0.030243856570916057
0.013124426293678323
0.020746810612003348
0.0029924387125220583
0.007976891579096122
0.01243011010950311
0.01209197664463056
0.019008557644271337
0.017173209640041532
0.015238710305114263
0.013217291849717157
0.011121676278226727
0.008964995797929068
0.006760710998605636
0.004522527309869564
0.00226431025177028
1.0165048759857373E-15
0.0022564742107736586
0.004491279322592357
0.006690762809976658
0.008841535644207057
0.010930553364365315
0.01294519476696282
0.014873337741865618
0.016703431801372508
0.01842456687080839
0.028725511506373164
0.029861194647196294
0.030565915673557913
0.0378290792597914
0.0478421850104074
0.052124065651992575
0.03639929952107651
0.053579036430717625
0.05657863877452757
0.041854733769899184
0.023195701990579874
0.04230388646005745
0.05650258192779235
0.056641430248937794
0.036509519525624944
0.04845339001403048
0.04410501750518886
0.028454581155492153
0.020121726876690022
0.019110496333315363
0.027642963850750685
0.017773746605173685
0.016060791128660205
0.014254402945585073
0.012365975136841484
0.010407368373059207
0.008390836793719473
0.0063289517095677025
0.004234523600867816
0.00212052289343705
9.610660085897904E-16
0.0021139948823772794
0.004208491728058988
0.0062706799041989825
0.008287986175751907
0.010248151021482823
0.012139302799505005
0.01395002931600031
0.01566944636728026
0.017287262845732888
0.013251966882565138
0.025704224074158746
0.02088323634858578
0.024714716203529368
0.025920497384037004
0.035717474964032145
0.027056048744213818
0.04504142670553048
0.04681524783798566
0.02911806524630833
0.05237828008789269
0.029270529935275832
0.0469486701724476
0.04835013562705195
0.02915552261519672
0.0368994585606834
0.027102765693327133
0.019592506431365744
0.01032071390932543
0.020554105477136753
0.014068987428406085
0.016742774869490225
0.015131808464320676
0.013432231125054699
0.011654737426115324
0.009810470346243204
0.007910951711350846
0.005968010510538038
0.0039937095292457165
0.002000270752828989
2.0421963979031637E-15
0.0019947887508708012
0.003971848879045371
0.005919076020936724
0.007824581895460977
0.009676766606716954
0.011464388985831827
0.013176634547164397
0.014803180649460138
0.016334258471108438
0.02403946135798148
0.03619615663908847
0.03811767424707471
0.029186166412121566
0.02063620605664215
0.012657194457516105
0.014749143993038496
0.009811351182120096
0.01943705129658074
0.03249554835994393
0.03618575871646404
0.03311555303526377
0.022039807703544204
0.004684476365973185
0.012467064584391339
0.012397314876134085
0.02088204179557119
0.027046347743025816
0.03313374448994827
0.03492104962259295
0.022725917626566606
0.015875622498046204
0.014350319253920048
0.01274048927620757
0.01105624082002817
0.00930811401278766
0.0075070151351594155
0.005664148820683995
0.003790948594129447
0.001899006177582092
9.280482425336046E-16
0.0018943766504746157
0.0037724873907061343
0.0056228239844461
0.007434076627068042
0.009195202845302938
0.010895494593689565
0.012524643141231417
0.014072801356562714
0.015530643016459716
0.016901212904050094
0.00944806994547898
0.03624902443862522
0.024591132008529658
0.02237725904262787
0.0290636402930221
0.030454725372524444
0.028329196892032355
0.02569418383573969
0.0376702283312508
0.025716005631656477
0.03885618666489787
0.027820009232568277
0.025867457535580094
0.027689112130254594
0.0276310196277305
0.0225677538961899
0.02448464599070894
0.036144763078157637
0.010950895064817926
0.017839964991612205
0.015142585844552858
0.013689633232423748
0.012155621865000821
0.010550164881396757
0.008883293100561096
0.00716539254876122
0.005407139946445333
0.0036194365538978726
0.0018133407843680795
2.4876119328063134E-15
0.0018094180900283838
0.003603794008246681
0.005372124644468918
0.0071035905320643725
0.008787621854597033
0.010413962781395605
0.011972733741570008
0.013454491259361634
0.014850284989619001
0.018500310977033464
0.026628698990153424
0.015173542951166748
0.01652792864767344
0.016622813139054213
0.018609271177326404
0.02888762608206879
0.02158773744606023
0.009244121721664188
0.006254859190473663
0.008862308432873507
0.00805491824393175
0.008326127939732914
0.02112759252124535
0.028706618592498106
0.01880056918039594
0.014221178532196411
0.014031264282660485
0.020825960155956082
0.028270464931587126
0.017014938555483174
0.014521222122826612
0.013129576318152597
0.011659817132513314
0.010121138014665616
0.008523137976580903
0.006875761877453719
0.005189238702482594
0.003474018218231972
0.0017407063958108033
1.3925640974483748E-14
0.0017373792535284134
0.0034607505683665355
0.005159539561485771
0.006823342980655449
0.008441992249954752
0.010005615456476546
0.01150469740099104
0.012930137348574167
0.014273304129171261
0.020328607330756657
0.010881774528423451
0.01665842356373513
0.03286648279478124
0.028080038104620664
0.022151631056656355
0.018877847815349093
0.021702538539364616
0.029120023490373122
0.023095163291714446
0.026100633688558875
0.021774804934639954
0.028511762643662904
0.021364438676939112
0.019844682107447945
0.020519990359672266
0.0271482204557357
0.03383606502905114
0.022818176071311973
0.013465977872391247
0.021008467854897763
0.013994328584078399
0.01265467983793503
0.011239413419894272
0.009757366466503709
0.008217771418266146
0.0066301986482090085
0.005004497114989364
0.003350733407383932
0.0016791295566405918
6.561456842046826E-15
0.001676311916872393
0.003339497508487624
0.004979345999413312
0.006585807068185303
0.008149052303010435
0.0096595351944921
0.011108049299693126
0.012485784224259262
0.013784379082914858
0.012436011668906845
0.02153552882454356
0.008489384260293862
0.025565067189420587
0.018650431575929785
0.026761588254394713
0.020285274343470078
0.020516040855348625
0.02305859633399558
0.0364360275617094
0.0207505326292035
0.03645246418079179
0.024635861848079386
0.020550207367441866
0.020018158533898153
0.026244410541338508
0.01929518647110223
0.03047102392929031
0.016126857424195624
0.020461874569313497
0.010907524011424776
0.013548571158453534
0.012252950983888686
0.010883816402484743
0.009449702303215719
0.007959530298461713
0.006422553345595658
0.004848298416950836
0.0032465075731394205
0.001627077802791287
4.445903216585369E-15
0.001624702545490615
0.0032370357671756608
0.004827096171895181
0.0063851315451493584
0.007901600640551612
0.009367231488455592
0.010773077968518518
0.012110574301541048
0.013371587129266626
0.022500515497720874
0.018595770852108465
0.02270006271845638
0.007062164687695362
0.02235985238166546
0.016579705583931546
0.022921381698291908
0.01722024829487874
0.0055818579364610415
0.016919912945227617
0.027181008659715393
0.01801975356775219
0.0028713363405257664
0.016740591060478992
0.023471257041590383
0.01694899634381055
0.022267902680180134
0.00988607660290979
0.017201270731277432
0.02012510493040563
0.022802338945108625
0.01317353335992595
0.011915019650546145
0.010584747402744638
0.009190996056051986
0.007742424727149091
0.006248018519877914
0.004717032902414515
0.003158936495765064
0.0015833526258619889
3.2884555017064787E-15
0.0015813671279470943
0.003151018935379558
0.00469930978405359
0.00621673738210631
0.007694000992686021
0.00912205833347555
0.010492180819400006
0.011796006812017142
0.013025592550937846
0.006642953103835897
0.012491443660658151
0.035058631302287015
0.02018010792617745
0.03803830692642235
0.03219417638663883
0.026618622403037796
0.020768773438293017
0.030258637747312293
0.019656855119956445
0.002590432844960009
0.01822028244342379
0.028060843812799267
0.020016007939397826
0.029267898290273327
0.0350100354549396
0.041895076770118604
0.024750216878691646
0.03417546350440981
0.01680403385171208
0.005519583931252748
0.012861044675941551
0.011633535736639354
0.010335712165387494
0.00897563904764079
0.00756175551889435
0.006102822496013124
0.0046078684891842385
0.0030861338289885566
0.0015470136525620219
1.0954319169504757E-14
0.001545376622716885
0.00307960585529852
0.0045932559091528165
0.0060770314497052115
0.007521830580308906
0.008918800579130075
0.010259392048026585
0.011535411143225314
0.012739069568686945
0.023093526777598378
0.011303632512502397
0.00727000776519987
0.00814531598926905
0.010886928694591659
0.014599716543794692
0.0065312441406922255
0.016061184246918176
0.022972547076302818
0.031349245390943116
0.02184385185731576
0.030274184888077576
0.021715028059207178
0.014198225706607392
0.006727245629675351
0.02002297079077745
0.015366706351277348
0.0038309579221387363
0.010447661079906478
0.015464966780596058
0.022984033405650466
0.01260469958121774
0.011402737382910973
0.01013162018526497
0.00879923533031657
0.00741383991316035
0.0059840096968973265
0.004518586115977106
0.003026621694949281
0.001517324219017118
4.860213764188147E-15
0.001516003413004831
0.0030213547264778123
0.004506796245601061
0.005963200715939143
0.007381627315084883
0.008753376451606707
0.01007004303563071
0.011323567895699773
0.012506287027607135
0.004840409948941439
0.010168765345262974
0.022287717620737845
0.03330290836707925
0.015728678372545588
0.009242018836170499
0.03156987839186017
0.033795912201326085
0.023426390748173428
0.023582415189296733
0.03944009011290915
0.02316691484149947
0.022750041835638436
0.034172566026022644
0.034554735798941305
0.016627837045241976
0.01863865386436663
0.030527222258053634
0.029547544935013447
0.013821046795156604
0.005647332540337108
0.012399509771533895
0.011218138743400063
0.00996850937849356
0.00865836437033863
0.007295813132374008
0.005889281682093071
0.004447460615539741
0.002979251493706156
0.001493711970461684
3.553664638156632E-15
0.001492682533100572
0.0029751464147101886
0.0044382715853742
0.005873063161210038
0.007270706647697724
0.008622622008380572
0.009920516256841328
0.011156434250425106
0.012322807374824538
0.022044147813313947
0.008729487283991678
0.01042523476078216
0.010842881848033885
0.005072415957948789
0.012397592367131217
0.014461569015582551
0.030140356995938238
0.028994954770314954
0.029245852684830053
0.05620764508773209
0.029273606835443805
0.02848648639673259
0.03251913374266141
0.019755608520551714
0.009816374283172342
0.010457637133680323
0.013230257821932564
0.01967073957456966
0.00195939153195351
0.021532347651618867
0.012241651830626286
0.011076303439826851
0.00984334631361732
0.0085504088634444
0.007205484406093275
0.005816881820233415
0.004393174290419108
0.002943146454453193
0.0014757402795383576
5.463657338629375E-15
0.0014749835446406271
0.0029401288293647633
0.004386419477506908
0.005804959666126025
0.007187028762765103
0.008524134858663726
0.009808066870154383
0.01103094488916049
0.012185268474431967
0.009245160860962004
0.024581133789242305
0.030625180313714875
0.024793519007680495
0.037300922463033674
0.038839215123914306
0.027917574413040113
0.002815684731014465
0.030045393170407542
0.0368268294062132
0.021968351572918064
0.037733548906116576
0.03157000753773459
0.0011326003857449344
0.01984147252650564
0.032432385889519084
0.029214701317547016
0.019858494106491587
0.017572098038880747
0.0169117054998722
0.01054893292658303
0.01212828512369556
0.010974681112937168
0.009753882124999527
0.008473430582405638
0.007141233191075891
0.005765512186415322
0.004354754658453326
0.0029176602675314496
0.0014630876723593987
6.190359482721325E-15
0.0014625903074105993
0.002915676929885597
0.004350315050566264
0.00575767634010466
0.0071291032072243925
0.008456161982306481
0.009730694707842531
0.010944869218246476
0.012091227201864023
0.019436702435402017
0.016273644840803903
0.023011116825050103
0.017458773732181566
0.02635130616887732
0.017938277437635448
0.023138071198425522
0.02441015985580351
0.03664253748374421
0.02707394203621743
0.028089973771538754
0.02859301544086303
0.04004107385091636
0.02220570937626556
0.01638172342750309
0.01259229281526828
0.019597685131507017
0.012482323292877693
0.01127788344897933
0.00904393523433871
0.018562938547255662
0.012057423013995308
0.010911491925407937
0.009698550779607892
0.008426082790689956
0.007101936019154635
0.005734275035341504
0.0043315306473081265
0.002902348001843103
0.0014555333780369856
4.498299796961685E-15
0.0014552867977791152
0.002901364716146545
0.00432932960881398
0.005730390233517788
0.0070959223006417955
0.008417521486995271
0.009687055090159128
0.010896712005359679
0.012039050719150495
0.014317598498670552
0.026799666345968236
0.03524784450630416
0.02727086758088318
0.02783449957968419
0.03606377433213179
0.04707334413735203
0.02051526106486746
0.022560937453284153
0.0055168435072355726
0.02780300716799626
0.007562261573947717
0.02595175915485808
0.020049893749925392
0.04708111762521
0.036611161656528446
0.02857675287095187
0.027327127281242862
0.03570216154411001
0.026517729920780015
0.015479569774260338
0.012027846164580048
0.010885648950797003
0.009676400843689141
0.00840755161046264
0.007086917623867694
0.005722633777808622
0.004323103446457035
0.002896946794179925
0.0014529477539732825
