1.0
0.9989725854527253
0.9958941397184431
0.9907760398146875
0.9836371918337652
0.9745039478168491
0.963409989935272
0.9503961825331789
0.9355103927392234
0.9188072805050669
0.8727264791494033
0.7977007304025834
0.7396499372827418
0.6985460523563659
0.7014802454590553
0.6490312133689289
0.6154198301964635
0.5877206417276115
0.5678362233098945
0.5381586006099534
0.535262113298654
0.4764907852722352
0.44472333256575647
0.40390153088098735
0.3713614820694634
0.34175218950406433
0.3328500962775684
0.2732236810621435
0.25611616754289035
0.25634019684824777
0.27390250547019884
0.2668332813211872
0.23395677675898247
0.20167312991975242
0.17008068053330877
0.1392737663276271
0.10934235931995435
0.08037172439209697
0.05244210162743639
0.025628413765296773
2.0652285621266314E-16
0.02437962278192752
0.04745297037168269
0.0691687724034876
0.08948212364992644
0.10835460493099779
0.12575437327165598
0.14165622109465442
0.1560416043881071
0.16889863993921247
0.20474878862554247
0.2562703573839119
0.2908239844094267
0.30999688149837823
0.2919392262642004
0.3085888784001155
0.29366038942421835
0.2924348764429719
0.2847366930032005
0.28094170075240094
0.2490021517371297
0.2696293026009773
0.2622326548882989
0.25832128246714087
0.24873677287008497
0.26057678525793043
0.24126398481105502
0.24964415031440088
0.2266890471402816
0.19388923417606438
0.1506355140950319
0.1166724524079363
0.10413347464621694
0.09130375337943776
0.0782643459278004
0.06509537670314797
0.051875662795561536
0.03868235100081203
0.025590567982649495
0.012673085182489089
3.4001577488885593E-16
0.012361565328205556
0.02434774582752823
0.035898195646727596
0.0469563285808892
0.05746953627456596
0.06738938324713105
0.07667177800935249
0.08527711967004742
0.09317041956355143
0.08651893173769139
0.07213450112444007
0.06775160083600797
0.07136114950595451
0.08456611977206092
0.09560870536800645
0.13732245991757677
0.14074830243048223
0.14488366617381876
0.14659973065877893
0.17292025173693942
0.1476408141612038
0.14701142298779588
0.14430598835843556
0.14227519568210212
0.09933993715456042
0.0834598610776787
0.07422359495847075
0.071833401807621
0.0711676455773417
0.07452580730539778
0.07482035430154789
0.06711710121238128
0.05913896231121358
0.05093822132600375
0.04256756538062932
0.034079781627453634
0.025527457685862683
0.01696268746207087
0.008436783880031863
5.846755461258711E-17
0.008298740059596754
0.016412099049192535
0.02429457209091777
0.03190271856496096
0.03919537927375469
0.04613387787015394
0.052682205632238036
0.05880718876800557
0.06447863753738854
0.08035628107230752
0.07295219080148088
0.07412291393669207
0.08281334230718183
0.08583829593008066
0.06738457227973314
0.04705549427341151
0.048117445537869896
0.05202002742791161
0.052435959718051844
0.05844337746372348
0.05232921835242282
0.05186964626007547
0.04698666163654689
0.04581228282610839
0.05367820570127199
0.07241487965007554
0.0629286771862022
0.05070213479531285
0.050282711367006565
0.06690225058281705
0.05520449656085692
0.049639640524936586
0.04384237336355468
0.03785067190997301
0.031703191580881585
0.025439031390897763
0.01909749911995542
0.012717877975441081
0.006339196069147057
2.1095588212598794E-16
0.006261866202464787
0.012409475561784854
0.018407024902625285
0.024220032755732316
0.029815527373659702
0.03516222387760927
0.040230689627296826
0.04499349698177963
0.04942536269936521
0.06286162035821595
0.08968759265677125
0.09803789469000801
0.08699660471414064
0.07791210131721073
0.10475999465388894
0.11496292175712156
0.11484725522101001
0.1258109291049101
0.12499811485548608
0.14719242015648148
0.12205086208676331
0.11993079811373876
0.1047347496753957
0.10154666783010935
0.09858364937968943
0.07244413849692652
0.08372087620273506
0.09919665324077165
0.09364495567118966
0.06151075083191833
0.04385524009181705
0.03948997423526552
0.034926611005348086
0.030194876749065964
0.02532521601994543
0.02034860287924201
0.015296350844886132
0.010199922616160331
0.005090740693766065
0.0
0.0050415164172280995
0.010003617540090846
0.014856879372912449
0.019572813786122308
0.02412403027178542
0.028484389719770443
0.03262914937774905
0.03653509821676758
0.0401806819868283
0.036740903391781064
0.023593232610105173
0.020337424420730922
0.03434041091588183
0.052968798403096796
0.044766687359517006
0.07139294178265093
0.07386415045729375
0.05756060060786786
0.058930184897251554
0.049584767824015885
0.06067034509843364
0.0610490826041845
0.08131237506340828
0.08137637462342816
0.05307924929983397
0.056032570924287976
0.036820648122419156
0.02068881590971578
0.025819599332447773
0.028888131328725905
0.03647909300014152
0.03287863137833356
0.029106096167608588
0.02518591587948818
0.021143214447610824
0.017003654284083198
0.012793277347068753
0.008538345181070895
0.004265178890456743
1.0276428405674638E-16
0.004231226855954078
0.008402948491872796
0.012490174076163433
0.01646862151045434
0.020314858443545823
0.024006437118550238
0.027522022293950295
0.030841511525970585
0.03394614715006161
0.057410049284767256
0.08698050237849526
0.07396258605487756
0.043462389997477695
0.03211040742458736
0.047621894337665206
0.06093333295430724
0.062098455194047525
0.06604094869998137
0.06741171450197998
0.05379315714571113
0.06987265998959254
0.07098261112333987
0.06921958360312133
0.07046951170120624
0.04640731107051704
0.030569232287127154
0.03457283077271726
0.06318201124258703
0.0793330473959062
0.05553283698170649
0.03131765050089579
0.02824540780962872
0.02502101131459173
0.021665227760587675
0.018199480544475406
0.014645715469343566
0.011026264246839371
0.007363706582082273
0.0036807316787416415
4.497962834910624E-16
0.003655993885696036
0.007265056556973796
0.010805428289306696
0.014255912122852281
0.017595998694535576
0.020805986110945297
0.023867094172389386
0.02676157229694713
0.029472800534868643
0.01153542367550492
0.023805625392875767
0.029491470610574187
0.05577601165050662
0.0764748041227572
0.09868241131171729
0.12978392500656918
0.1300369939234663
0.12326652232084659
0.12340771007655876
0.10373363039913575
0.1231186087760023
0.12269747904098592
0.12667497480336734
0.1253374312770996
0.09891533291821365
0.07666474910254546
0.05746929276691813
0.03356622987149913
0.023145815856225008
0.009312298132863142
0.027517322639370442
0.02483035701418638
0.022006789021948837
0.01906471839956834
0.01602286105365655
0.012900431665655264
0.009717023953109338
0.006492489323494644
0.0032468146625364218
4.728802000598839E-16
0.003228063207311935
0.006417712443585413
0.009549632433251564
0.01260497066822209
0.015565449480287654
0.018413474000504602
0.021132235375584025
0.023705808643460852
0.026119244705547228
0.047961861333671106
0.04439806088360121
0.027762603731014527
0.019626636569747332
0.03773096214047434
0.03583560509984511
0.06577381911953137
0.0649556061087128
0.08908676602007254
0.08834441443251993
0.07061806517851857
0.08655020637953106
0.08549000781878686
0.05890415464487701
0.057622298885431446
0.02937178651515729
0.03578498838693548
0.018737104194699282
0.023836985991865227
0.0348075188757258
0.04486442932110768
0.024613779935096648
0.022219107023999676
0.01970021036208647
0.017073170655955254
0.014354647114389338
0.011561772961431606
0.008712048594939733
0.005823233049990397
0.0029132344336056265
3.240923495849202E-16
0.0028985934653017044
0.0057648482892949824
0.008581352929306148
0.011331086723559024
0.013997521750359869
0.016564721191941262
0.019017433623294402
0.02134118267357081
0.023522351538324486
0.015192173356153658
0.03145315546846026
0.03687195297372262
0.04389336594535291
0.047186247353554055
0.056022125529237625
0.035646804629883296
0.03563881081258956
0.043503401798509804
0.042716595541105545
0.03550667996153147
0.04077738673599541
0.03961122489414885
0.03259538206957475
0.031592695460656205
0.04820056308301567
0.03936876927893129
0.039090272704632674
0.033938350582744664
0.03364494292075243
0.017978958928698288
0.022332853656682666
0.020166556388833544
0.01788605536620541
0.015505857279755224
0.013041013712290515
0.010507026791994578
0.007919752519501624
0.005295302366408404
0.002649943750817053
1.2263854341030966E-16
0.002638249589549338
0.005248668987355925
0.007815363359245715
0.010322775102728473
0.012755777411736146
0.015099764812137456
0.017340740130543736
0.01946539738242449
0.02146120009284558
0.03445979356442161
0.015627340504091026
0.028346685037733767
0.02685075329888424
0.032087864774936574
0.039726984113429356
0.04858129453368568
0.04938004120736632
0.034288449772533
0.03477745209657024
0.0444939499855818
0.03531296673811663
0.03537831272699901
0.05093748313191239
0.0507084879533965
0.04661293577919139
0.036045357387790376
0.030838016715761404
0.03231594342719712
0.01469055754691932
0.030812010923644807
0.020502305557443028
0.018518518518515815
0.01642875242294022
0.014246258644906007
0.011984803983148308
0.009658584444424696
0.007282136745884693
0.004870248084484836
0.002437864729543294
2.8444025951865736E-15
0.0024283578107863316
0.004832337001508971
0.007197272964714355
0.009508797076711546
0.011752923439937744
0.0139161329576207
0.01598545423832395
0.017948540849476825
0.019793744462760818
0.024109029761307504
0.030568538424960004
0.02398025055761618
0.03231329986772278
0.034659897773556686
0.04063751731732168
0.05438970476561281
0.054648681697075444
0.059372460626267956
0.05957481399425157
0.07193031885018626
0.05948328389743152
0.0591894189552398
0.05335045641844112
0.05264129853637529
0.04129344486731015
0.03784742721184979
0.03199259022445505
0.0242361372314174
0.027168076404439395
0.025261530246002535
0.019008557644271836
0.017173209640040966
0.015238710305112223
0.013217291849714822
0.011121676278222997
0.008964995797924315
0.006760710998604732
0.004522527309868028
0.0022643102517699285
3.3193432634725367E-15
0.0022564742107784998
0.004491279322587592
0.006690762809979776
0.008841535644205232
0.010930553364367518
0.012945194766963342
0.014873337741866803
0.016703431801372206
0.018424566870803127
0.02032697134527502
0.020730454244174586
0.04182095093292313
0.03556048086722714
0.046805386994871925
0.056047709076619025
0.02271744096390197
0.022673302822402822
0.02398916432303527
0.023807084975611452
0.02858509366244945
0.023195557617016273
0.022748778456787272
0.020344339318290567
0.019546373533693505
0.052455019030728016
0.044829100634169235
0.0335697526847819
0.04067257970600899
0.023498307964298474
0.01729967364760232
0.01777374660517382
0.016060791128664403
0.014254402945589065
0.012365975136842046
0.010407368373053394
0.008390836793722533
0.006328951709567605
0.004234523600874613
0.002120522893437747
1.8744446204390942E-16
0.0021139948823744024
0.004208491728057525
0.006270679904199822
0.008287986175753232
0.010248151021483822
0.012139302799507402
0.01395002931599765
0.015669446367282503
0.01728726284573025
0.026111371875315727
0.015869953498219628
0.024747594245569784
0.01882195740155907
0.03641071290137921
0.02740851276852457
0.028627604060477818
0.029011246900531685
0.021197239911240662
0.021020953488339305
0.0261891400439446
0.02025192361955453
0.01967053867879597
0.028281145941435354
0.02769281084499251
0.025583235164243604
0.03368873959195011
0.015578686522622162
0.024307645846273877
0.014074102930643735
0.02561532353736879
0.016742774869490013
0.015131808464322745
0.013432231125053862
0.011654737426115707
0.00981047034624353
0.00791095171134992
0.005968010510533943
0.003993709529246483
0.002000270752828251
4.594546759241627E-15
0.001994788750871711
0.00397184887904751
0.005919076020940158
0.007824581895462384
0.0096767666067156
0.011464388985833773
0.013176634547167929
0.014803180649468683
0.016334258471107158
0.0115328582056955
0.028403817392724642
0.02384538856496575
0.030852578937671803
0.025127473781668436
0.023437818176819898
0.03737354613724983
0.037894209280370884
0.049472025855663536
0.04989438666372437
0.043387289082276924
0.050263380896533504
0.05021079808991618
0.03798608049469685
0.0374922325596333
0.021241658429609397
0.022901623156106075
0.03227270744715874
0.01874284721915111
0.02767511815690775
0.0111265059790784
0.015875622498044237
0.014350319253917257
0.012740489276204166
0.011056240820027525
0.009308114012791044
0.007507015135161372
0.005664148820685496
0.003790948594132055
0.0018990061775871602
4.624056556412235E-15
0.0018943766504756823
0.0037724873907023187
0.005622823984446155
0.007434076627061819
0.009195202845304538
0.010895494593687343
0.012524643141224916
0.014072801356566267
0.015530643016464762
0.022392917780120137
0.01123313290649055
0.02743535046428966
0.0140518921733533
0.0221525985718955
0.02576089214781537
0.014246156426505521
0.014649801415349223
0.010969548133142834
0.010773741862566785
0.010085708520044877
0.010371369252111793
0.01015001493103109
0.014661624775882665
0.014230919440335625
0.025618408269239498
0.02134652618505877
0.013768069513152289
0.028384989505882984
0.011845891817028019
0.020941564271480948
0.015142585844548992
0.013689633232427048
0.012155621864996047
0.010550164881391917
0.008883293100555013
0.0071653925487602165
0.005407139946448037
0.00361943655390099
0.0018133407843707453
2.184219939124398E-15
0.0018094180900271883
0.003603794008245786
0.0053721246444662545
0.007103590532064715
0.008787621854593029
0.010413962781396424
0.011972733741579457
0.013454491259360636
0.01485028498961425
0.012956885548176528
0.021629338730385785
0.00842521582053269
0.031073905218519063
0.02031234191577189
0.017929916242847992
0.024007394139597054
0.024289765488638274
0.03328269726162891
0.03311441499551547
0.029936038496603916
0.03237000172264037
0.031794947483104456
0.023242227279426243
0.02262663742645241
0.018162617030956216
0.020073093857599516
0.028713161939741973
0.008714734076913179
0.020857320616364555
0.013802195438059018
0.0145212221228176
0.013129576318168875
0.011659817132515642
0.010121138014666175
0.008523137976572651
0.0068757618774450266
0.00518923870247936
0.003474018218224005
0.0017407063958127884
8.854054255022602E-15
0.0017373792535232825
0.0034607505683615512
0.005159539561487736
0.006823342980657773
0.008441992249949975
0.010005615456472999
0.011504697400997008
0.012930137348567385
0.014273304129179732
0.01661083914945783
0.019966232581839383
0.02559104362816764
0.014166560147311219
0.01964917441151875
0.02137418570625346
0.02720463884803283
0.027662901937531934
0.02080335262544098
0.02109862948080613
0.022196566181372546
0.021263473809570714
0.021133750175679554
0.027665507565674995
0.027209800291375846
0.02072123459669174
0.019463595458173187
0.016233339164771918
0.024159209406388424
0.02202243146135109
0.015530019998827412
0.013994328584075226
0.012654679837935862
0.011239413419898354
0.00975736646650285
0.008217771418264581
0.006630198648210362
0.005004497114994681
0.0033507334073867084
0.0016791295566413581
5.863716166091909E-15
0.0016763119168750787
0.003339497508490931
0.004979345999429789
0.006585807068183603
0.008149052303009677
0.009659535194490781
0.011108049299683759
0.012485784224258722
0.013784379082910601
0.015191191386392036
0.02340636078620462
0.016967685013551465
0.01607596265631961
0.019364341368427712
0.020302682506218323
0.018144495867268202
0.01861837824958819
0.022550763200716115
0.022866999559128725
0.023970785266234813
0.023119691422410136
0.023056324103739704
0.019006155821650862
0.018657843370162606
0.020834225606989467
0.02003306716014968
0.014232825689412231
0.019304302699589552
0.02400626231594949
0.015116130851326433
0.013548571158452318
0.012252950983885407
0.010883816402483839
0.009449702303213467
0.007959530298467899
0.006422553345600767
0.004848298416953869
0.00324650757313315
0.0016270778027901206
3.6916160003939395E-15
0.001624702545495001
0.0032370357671759227
0.004827096171888377
0.0063851315451482985
0.007901600640527388
0.009367231488446575
0.010773077968529018
0.012110574301546674
0.013371587129272073
0.014685818021456456
0.02105856802723794
0.022902793046722887
0.022761771620220493
0.014921410411030971
0.017409076201084523
0.021404031617036304
0.021834006227705913
0.012997632310675862
0.013098799345323198
0.010716319549174083
0.012945597549351007
0.012692582496885303
0.022103387019237926
0.02177057313011145
0.017264168073806176
0.013915844203483458
0.022825598600202588
0.02287506572797349
0.01835896535203109
0.015224016945670221
0.01317353335992745
0.011915019650556184
0.010584747402740133
0.009190996056044001
0.0077424247271537
0.006248018519874377
0.00471703290242239
0.003158936495765863
0.0015833526258744678
2.58635159708617E-15
0.0015813671279542609
0.003151018935391152
0.004699309784060086
0.006216737382102978
0.007694000992686994
0.00912205833347141
0.010492180819396594
0.011796006812017139
0.013025592550943512
0.013190585048049739
0.02340022150490904
0.019804793515857896
0.016400035322730926
0.030308227659813964
0.027973082828476797
0.017895118229253708
0.018073932365190986
0.024824021038599115
0.024772355961216967
0.028583219426089473
0.0242792375940873
0.023838316494389
0.017157999665520004
0.016708888621259604
0.02873310051225221
0.03212603458471265
0.018073767824820834
0.017506774452755128
0.02333476129700896
0.012051341513848925
0.012861044675947116
0.011633535736642574
0.010335712165390608
0.008975639047644004
0.007561755518891124
0.006102822496012429
0.004607868489189587
0.0030861338289848252
0.0015470136525554954
3.477972935112124E-15
0.0015453766227222277
0.0030796058552968798
0.00459325590914596
0.006077031449700365
0.0075218305803107805
0.008918800579129747
0.010259392048031437
0.011535411143220544
0.012739069568687162
0.01801875629309162
0.006676534113507853
0.020692932505220772
0.02042864100229486
0.011759325249844877
0.01209110830617805
0.03774720957972643
0.03837309366517614
0.02787607154773783
0.028487386133743766
0.023920309760425612
0.029365126362354305
0.02963269679960782
0.03964850765554809
0.039442594759425985
0.010567529899085815
0.010989868979484337
0.01970400923668941
0.02070977340062486
0.005421808060850631
0.018982176985703002
0.012604699581222937
0.011402737382909388
0.01013162018526369
0.008799235330317573
0.0074138399131598205
0.005984009696889081
0.004518586115979197
0.0030266216949501163
0.001517324219014481
3.681893743790483E-15
0.0015160034130033923
0.003021354726474803
0.004506796245604773
0.00596320071593939
0.007381627315088937
0.008753376451605979
0.010070043035630126
0.011323567895694622
0.012506287027603294
0.007880852790078113
0.024626742821297894
0.010166897142288089
0.017153900010939797
0.030427018664952187
0.02766961976900155
0.005970897356123872
0.005477231886949408
0.020743992795709997
0.02112395004884588
0.01680075141781072
0.0219079347688753
0.022315882394550058
0.00496917097304977
0.005318610287184289
0.026903612114708007
0.027765639164656485
0.01468648637852559
0.010922553346296127
0.024512987562397406
0.006649723855014005
0.012399509771525253
0.01121813874339926
0.009968509378501517
0.008658364370337346
0.0072958131323811485
0.005889281682087862
0.004447460615533464
0.002979251493709844
0.0014937119704688745
7.104354776442331E-15
0.001492682533095642
0.002975146414710851
0.004438271585391181
0.0058730631612110675
0.007270706647693769
0.0086226220083759
0.009920516256844099
0.011156434250417829
0.012322807374817947
0.02093212986256509
0.008252057669533313
0.022274085222101375
0.023018229153079654
0.013856979980755513
0.013054413393058968
0.0345038105243064
0.03455080039416516
0.05073667772590357
0.05076785476499633
0.043382816685224805
0.050511044431385085
0.0502243666460553
0.03237952892125358
0.03161911631624948
0.014620677705840636
0.01709925129907461
0.025629833427445382
0.021661449340194528
0.008436621824927083
0.021131041602188573
0.012241651830631363
0.011076303439814885
0.009843346313623587
0.00855040886344074
0.0072054844060920106
0.005816881820233226
0.004393174290425883
0.002943146454462061
0.0014757402795407151
1.0899509185981556E-14
0.0014749835446425713
0.002940128829364637
0.004386419477503969
0.005804959666123837
0.007187028762764906
0.008524134858660304
0.009808066870158257
0.01103094488917131
0.012185268474432432
0.006819425888620174
0.020405745436929797
0.012703099553583695
0.006475465238560079
0.00961674623366986
0.018352061809624377
0.0234969719803281
0.024196016650488456
0.023735950526259344
0.023475781469418817
0.01847294979956969
0.022839639067968175
0.022451754439595788
0.026150272099468526
0.026085211156723655
0.01683302625004542
0.007574104960637363
0.007540784186623927
0.012635311304106922
0.018943538054477845
0.008250346890765111
0.012128285123698013
0.01097468111293705
0.00975388212499703
0.008473430582408365
0.007141233191075931
0.005765512186417813
0.004354754658455867
0.0029176602675246386
0.0014630876723690774
3.5035916092791597E-15
0.0014625903074099902
0.0029156769298901088
0.004350315050562493
0.005757676340101644
0.007129103207220967
0.008456161982299464
0.009730694707829458
0.01094486921823452
0.012091227201862604
0.020120855164301593
0.011286382654102527
0.01680868665743716
0.032112783354051204
0.028299152851927155
0.020404747057119803
0.0030742976701332823
0.00356164946144552
0.017948256625677558
0.018024300442173558
0.019448190312255045
0.01793362430927185
0.017771311399851525
0.005258035269755928
0.005443231213523584
0.020698062363037176
0.02765307512716625
0.03069267981095277
0.01663091246358807
0.013120540354951063
0.019248869740849495
0.012057423013993065
0.010911491925418649
0.009698550779598039
0.0084260827906989
0.007101936019158057
0.005734275035346681
0.004331530647314181
0.0029023480018548734
0.0014555333780360033
1.5593551498619622E-15
0.0014552867977846776
0.0029013647161438448
0.004329329608797778
0.005730390233530031
0.007095922300633317
0.0084175214870149
0.009687055090159599
0.010896712005370247
0.012039050719155025
0.013557129408325461
0.017290557147848815
0.01643832377879648
0.012205490989275166
0.009936266132609457
0.01683250562332389
0.03139585080439883
0.03155358198459977
0.03156487183102954
0.03188205177880684
0.04001760924000103
0.032258927188576196
0.03232251596363271
0.030318305141872056
0.029769838760361433
0.017983726769851355
0.01279923743210413
0.015024072828136082
0.017313058500890783
0.01713339651031555
0.015246817921864171
0.012027846164575064
0.01088564895079968
0.009676400843692496
0.008407551610461972
0.007086917623860584
0.005722633777818564
0.004323103446456331
0.0028969467941696984
0.0014529477539652895
