1.0
0.9989725854527268
0.9958941397184444
0.9907760398146876
0.9836371918337656
0.9745039478168502
0.9634099899352714
0.9503961825331785
0.9355103927392264
0.9188072805050677
0.9003480590739781
0.8802002270235763
0.8400567888718871
0.743486777745027
0.7006970518909215
0.6659278473045678
0.6573610735455434
0.5939896682956033
0.5656082719308834
0.5187659801928957
0.5337733898190968
0.45690679793335
0.44141178357384103
0.4077382422985643
0.4079715238044932
0.3558531144638272
0.33019782023448785
0.3136155839101675
0.3502135723027108
0.33395382007963564
0.30020068627509416
0.2668332813211861
0.2339567767589823
0.20167312991975275
0.17008068053330944
0.1392737663276268
0.10934235931995462
0.08037172439209687
0.05244210162743674
0.02562841376529722
0.0
0.024379622781927283
0.04745297037168219
0.06916877240348804
0.08948212364992617
0.10835460493099754
0.1257543732716553
0.14165622109465428
0.15604160438810769
0.1688986399392117
0.180222071876529
0.19001320791218052
0.214263194011069
0.2825972479433726
0.3015079248532246
0.30944160820742844
0.2920953678905904
0.30981846277359065
0.3018774418633402
0.3036506638557654
0.2583781002110541
0.2924312650712273
0.2811110371093739
0.28008965672048464
0.2579703775396554
0.26762457851137234
0.25431190970965245
0.23146117895172955
0.16598349602128623
0.14055159595840197
0.12883908052317322
0.11667245240793646
0.10413347464621651
0.09130375337943762
0.0782643459278
0.06509537670314808
0.051875662795561425
0.03868235100081249
0.025590567982649564
0.012673085182488948
7.729885222038972E-17
0.012361565328205459
0.024347745827528723
0.035898195646727624
0.04695632858088952
0.05746953627456611
0.06738938324713128
0.07667177800935346
0.0852771196700485
0.09317041956355218
0.10032139756208575
0.10670455287113839
0.10132732130192953
0.06687007866245832
0.06518747710831707
0.06967983135907851
0.09005438187176039
0.10123491487932201
0.11657278106345859
0.1283480621648441
0.16061321074706889
0.13006910741724756
0.11874696670077846
0.10376666346789368
0.08847002383997252
0.06835506783181194
0.06329422190160322
0.0630370348859915
0.08736319985556588
0.08919691902778044
0.08219714680739948
0.0748203543015484
0.0671171012123821
0.059138962311213406
0.0509382213260032
0.042567565380628
0.03407978162745287
0.02552745768586275
0.016962687462071545
0.00843678388003254
8.772711022351464E-17
0.00829874005959668
0.01641209904919225
0.024294572090918544
0.03190271856496244
0.0391953792737556
0.046133877870154695
0.05268220563223868
0.05880718876800745
0.06447863753738932
0.06966947658610799
0.07435585599533825
0.0826830029279205
0.09918973404794691
0.10315155981777947
0.10269308116682714
0.09231086432472198
0.07098771078475487
0.05869931363001015
0.05211824852081414
0.037227359602158595
0.05167063564137563
0.05562866282663112
0.06403855330762076
0.08273453146659439
0.08863178830147311
0.08538167492731721
0.08008775985530739
0.07132418979595284
0.06548986096701252
0.06049987700365161
0.05520449656085745
0.049639640524938175
0.04384237336355503
0.03785067190997279
0.03170319158088233
0.025439031390899747
0.019097499119957013
0.012717877975440363
0.006339196069147841
8.549233292113587E-16
0.006261866202463454
0.012409475561785021
0.018407024902624608
0.024220032755730394
0.02981552737365628
0.0351622238776086
0.04023068962729785
0.044993496981779596
0.049425362699366246
0.05350327330828987
0.05720659586665684
0.06383892521081411
0.07682246787397431
0.08016227533049228
0.0808366894127148
0.08743572843937102
0.12522317687620493
0.14304743012517812
0.1564945453099706
0.16366129600546883
0.15494844294748225
0.14110616878812907
0.12283065065496307
0.085179273279245
0.08133274290531535
0.08290735372988375
0.08081454647991801
0.061712207901770615
0.05187727902217879
0.04799358665120161
0.04385524009181762
0.03948997423526547
0.034926611005348246
0.030194876749063675
0.025325216019943284
0.020348602879240195
0.015296350844881672
0.010199922616160106
0.005090740693765634
8.517323605690364E-16
0.005041516417229278
0.010003617540091428
0.01485687937291365
0.019572813786122887
0.02412403027178654
0.028484389719773573
0.03262914937775169
0.03653509821676672
0.04018068198682651
0.043546117313199594
0.04661349425376654
0.03910093491590659
0.01761373648171127
0.02287102778337565
0.044988280949136226
0.05271797120280633
0.04344404365253882
0.055563083065752014
0.05547783815007907
0.035322279204527046
0.05519741238592408
0.05511365920602117
0.04319912313416247
0.05368017950276343
0.04401956137487323
0.018578758570914917
0.01029794717236538
0.033387789071403245
0.04307047863746866
0.039883901941637746
0.036479093000142335
0.03287863137833061
0.029106096167607034
0.02518591587948989
0.02114321444761052
0.01700365428408274
0.012793277347069946
0.008538345181072394
0.004265178890456964
8.520635438569549E-16
0.004231226855952809
0.008402948491872743
0.012490174076164994
0.016468621510455035
0.020314858443544786
0.02400643711855201
0.027522022293950593
0.03084151152597022
0.03394614715005917
0.03681861935330088
0.039443159786786315
0.05733656167062655
0.08578751773442927
0.07836755083026019
0.059498781476227204
0.038250376753745555
0.04585084003179662
0.04632310449715264
0.03129570798805382
0.03888841723390135
0.028002005096048648
0.040168299124545274
0.03881787884900507
0.03163886649470534
0.053697621131275325
0.07409092940317416
0.08325952239116495
0.05638740683484124
0.03692667386834035
0.03421776046338047
0.03131765050089617
0.02824540780962727
0.025021011314591182
0.021665227760587626
0.01819948054447636
0.014645715469343535
0.01102626424684062
0.007363706582084521
0.003680731678741904
9.145130927344907E-16
0.0036559938856958194
0.007265056556972991
0.010805428289309306
0.014255912122851542
0.017595998694534487
0.020805986110943097
0.023867094172387856
0.0267615722969468
0.029472800534869868
0.031985383108939676
0.03428523396467528
0.018104073764852416
7.16279119586809E-4
0.018046928141620244
0.04669629504816952
0.0760383162735046
0.08241889597476254
0.08826457894587515
0.10417584286730965
0.10312396215750937
0.10528389397346742
0.09065606095087335
0.08615262607882287
0.0781178727507929
0.04815062013228293
0.02071123580105189
0.002737563067549038
0.016071019015185962
0.03241281085604693
0.030050316655057058
0.027517322639368607
0.02483035701418497
0.022006789021949257
0.019064718399566798
0.016022861053659264
0.012900431665655973
0.009717023953107381
0.006492489323494644
0.003246814662535931
5.471794463551815E-16
0.0032280632073151782
0.006417712443588623
0.009549632433253913
0.012604970668224547
0.015565449480291553
0.018413474000507475
0.02113223537558334
0.023705808643464405
0.02611924470554772
0.028358655871711623
0.030411294495708056
0.05025982319666463
0.05932814645698694
0.04321424807636461
0.02446128124958887
0.012105539275490854
0.04599660172329937
0.04604820445120914
0.054141566553597545
0.0643483036750197
0.05396660512425077
0.04710585084714436
0.04733479476966078
0.013568547614220161
0.02456225235382392
0.03862903416356434
0.05317173775968167
0.047948817905907895
0.028969629458264954
0.026868828375117858
0.02461377993509669
0.02221910702400637
0.019700210362087512
0.01707317065595227
0.014354647114386727
0.011561772961428667
0.008712048594942156
0.005823233049990229
0.002913234433610745
1.2347671258858011E-15
0.002898593465298212
0.0057648482892992325
0.008581352929307924
0.011331086723561977
0.013997521750360578
0.01656472119193996
0.019017433623294878
0.02134118267357016
0.02352235153832647
0.025548261854456116
0.027407246486222003
0.014299169327137666
0.018758004607960375
0.03662205260858296
0.05271999081773702
0.07048335218751012
0.08962515966166933
0.08682365463369084
0.08041961940496613
0.06726596947287801
0.07853928313377459
0.08413294040167225
0.08658811105573727
0.06664348614887337
0.05143318126982705
0.037889045368163836
0.021805960882079346
0.015225196996050199
0.026268079742022367
0.024371076804360133
0.022332853656680727
0.020166556388834758
0.01788605536620434
0.015505857279751773
0.013041013712296391
0.010507026791998438
0.007919752519502403
0.005295302366405948
0.002649943750816494
1.3016193829455082E-15
0.0026382495895510903
0.00524866898735613
0.007815363359246711
0.010322775102728351
0.012755777411737498
0.01509976481214312
0.017340740130547695
0.019465397382425916
0.021461200092842924
0.023316454592683954
0.025020377865607946
0.03572896020941652
0.03012955237188969
0.027438916709980117
0.029559927071778624
0.017376360126961185
0.023534093340575175
0.01923631028275428
0.0164659466536586
0.034525284260320074
0.01734018549612062
0.01744875793040135
0.020257667211110296
0.020048850156779853
0.029424245873621264
0.02735916691534019
0.0275482849889979
0.03212957515566149
0.024102011149966084
0.022367460989533166
0.020502305557443076
0.01851851851852131
0.01642875242294284
0.01424625864490588
0.01198480398314826
0.009658584444420148
0.0072821367458855936
0.004870248084482417
0.002437864729541408
6.446844432769686E-16
0.0024283578107894355
0.004832337001507156
0.00719727296471564
0.00950879707671247
0.011752923439939039
0.013916132957621865
0.01598545423832382
0.017948540849476686
0.019793744462759312
0.021510183461025484
0.023087806605617
0.02247462629202445
0.026251909183393096
0.031126075051790252
0.03137475786489087
0.024286058817922472
0.0428251439250093
0.04142703348501611
0.04626827345577933
0.044375568864014336
0.04662305631032143
0.041506137387989216
0.04057648360962583
0.02057553745890492
0.028337325857008377
0.028033814881206643
0.024822166714286956
0.02477549417381733
0.022335777788464375
0.020733088768746206
0.01900855764427297
0.01717320964004439
0.015238710305111735
0.013217291849711777
0.011121676278228822
0.008964995797926254
0.006760710998606149
0.004522527309870861
0.002264310251770217
3.4789898010055726E-16
0.0022564742107752736
0.00449127932259047
0.006690762809972875
0.008841535644204647
0.010930553364365792
0.01294519476696259
0.014873337741864319
0.016703431801369927
0.018424566870801216
0.020026537933308934
0.021499905148103366
0.017421758262053343
0.027680942127334046
0.03189451822658163
0.0300418320519576
0.04448454665953657
0.030131795158331386
0.03978331472538111
0.04190148227591348
0.05614200037726109
0.04148096533224079
0.040391676305946235
0.03179960603638713
0.04554414938747604
0.030506252907312306
0.03325793344701006
0.02969109999322317
0.014031899880437244
0.02087655087877521
0.01938241536712747
0.017773746605171198
0.016060791128662287
0.014254402945585864
0.012365975136840688
0.010407368373055465
0.008390836793720755
0.006328951709570431
0.00423452360086949
0.0021205228934394298
1.2389027323027972E-15
0.002113994882375661
0.004208491728062594
0.006270679904201158
0.008287986175758346
0.01024815102148003
0.012139302799507454
0.013950029316000843
0.015669446367280647
0.017287262845734053
0.018793842021815693
0.020180258639176215
0.03342415468032095
0.010945890259404017
0.011095107891172558
0.019032204740631657
0.008656203792637146
0.027741779884501768
0.04638117702756647
0.038409192747082134
0.037037037037033635
0.03780760394601836
0.045733513388481466
0.02678763598104597
0.008159987177426997
0.018596650678314702
0.009544437981987779
0.0075655979464576565
0.03506169143026758
0.019658737610333838
0.018254951168104088
0.016742774869492147
0.01513180846432731
0.013432231125050863
0.011654737426119338
0.009810470346247243
0.007910951711348077
0.005968010510534274
0.003993709529245879
0.0020002707528295536
1.7852411644529435E-15
0.001994788750868938
0.003971848879047011
0.005919076020933983
0.007824581895465607
0.009676766606714498
0.011464388985835534
0.013176634547166657
0.014803180649465586
0.016334258471107133
0.017760711428653923
0.019074049690998348
0.003669676200780284
0.04059508549125134
0.036850078195973045
0.031011669805137032
0.03885662049806673
0.0378261853586118
0.027288112007595584
0.020461132474406715
0.02470732892671157
0.020532672745215048
0.02619421203162277
0.03756018895496051
0.037294087856298515
0.03086873265586495
0.03615134085295919
0.04210161424563977
0.002141727285625721
0.018634751619663662
0.01730678585520853
0.015875622498043727
0.014350319253918777
0.012740489276205339
0.011056240820029326
0.009308114012787581
0.007507015135160167
0.005664148820684804
0.0037909485941323945
0.0018990061775879868
4.2798013798437177E-16
0.00189437665047769
0.0037724873907051338
0.0056228239844468356
0.007434076627063113
0.009195202845305776
0.010895494593688713
0.01252464314122578
0.01407280135656526
0.01553064301646428
0.016889418781756246
0.01814100850586886
0.03777110909697432
0.002720000744255122
0.00928954791452747
0.01279634607390265
0.01547296187582765
0.016227122312408648
0.027915862336834685
0.025130529001430257
0.024266632939999724
0.024976261834643985
0.02723435013747807
0.01596600103072441
0.016819198694214454
0.012047477135069054
0.010478097817090002
0.0030622221120954695
0.037331964912678144
0.01776930810698349
0.016505344286019664
0.015142585844551444
0.013689633232423837
0.012155621864995012
0.010550164881391162
0.008883293100558362
0.007165392548762401
0.005407139946445744
0.0036194365539018425
0.0018133407843683707
1.4982234526130312E-15
0.0018094180900296553
0.0036037940082425035
0.005372124644473026
0.007103590532064209
0.008787621854595093
0.010413962781397107
0.01197273374157722
0.013454491259357017
0.01485028498961768
0.016151711609941277
0.017350965245904584
0.0010763112219112933
0.04067081879783645
0.027555475788100057
0.03241979305003049
0.02893109408141137
0.02908971281558729
0.021741228914757316
0.020771178777625403
0.02876195667439569
0.02064995060919001
0.02187633121385589
0.028090807998253173
0.028549587027804857
0.03256551315434496
0.02630513967630569
0.0385708396230875
0.002051708927415457
0.01703576891731981
0.015826024000831135
0.014521222122819933
0.013129576318165142
0.01165981713251185
0.010121138014669784
0.008523137976575751
0.006875761877443992
0.005189238702477479
0.003474018218224619
0.0017407063958152626
1.0568404272593495E-14
0.0017373792535263066
0.003460750568360844
0.005159539561484271
0.006823342980649344
0.00844199224995221
0.010005615456468383
0.01150469740099506
0.012930137348569458
0.014273304129171473
0.01552608825591028
0.016680950746746016
0.031126689886981557
0.003817712626504194
0.02174412380188756
0.009501388602474197
0.01948706491681115
0.019921944832369337
0.021194314399579247
0.03197916051860712
0.020595038980611314
0.03232486164618913
0.02114243517598957
0.02027518975737655
0.018903883354488508
0.009580578133446285
0.02342779584736602
0.006443939968927723
0.028622986438969576
0.016413728601432396
0.015249972865768967
0.01399432858407593
0.012654679837935426
0.011239413419893722
0.009757366466501806
0.008217771418261799
0.0066301986482112316
0.0050044971149995655
0.003350733407387585
0.0016791295566444553
3.2853639138818124E-15
0.0016763119168757264
0.0033394975084938146
0.004979345999420484
0.0065858070681829375
0.008149052303010223
0.009659535194482052
0.011108049299680447
0.012485784224256962
0.013784379082910836
0.01499597311447807
0.01611325314607756
0.009893735981628267
0.024613452704493496
0.025073593394282587
0.026831495688482008
0.025571365879412913
0.020820393372325916
0.02039678745807643
0.01855358154835497
0.020751636917705
0.018324962606910893
0.020253977539569177
0.02118979525817675
0.025227009690522294
0.025240903939385193
0.025133584106487146
0.021714218554255673
0.01254046955464783
0.0158873782292193
0.014762581844746445
0.013548571158445986
0.012252950983885267
0.01088381640248668
0.009449702303211205
0.007959530298472432
0.006422553345600247
0.004848298416957335
0.003246507573135176
0.0016270778027913794
4.226433595896291E-15
0.0016247025454941336
0.0032370357671763013
0.004827096171889061
0.006385131545147592
0.007901600640547627
0.009367231488450378
0.010773077968523542
0.012110574301545652
0.013371587129266815
0.014548464866399597
0.015634084025897072
0.016514156471737512
0.017707794748937775
0.02454452747034525
0.022060766198463866
0.015971372260909257
0.015927250918831255
0.020600513957695653
0.024290446439818293
0.01717409919675107
0.023623058903337348
0.02041788764422644
0.014939106307717802
0.016268017125468662
0.024636464532916853
0.023249958673988894
0.019045870873340115
0.013332932000566495
0.015444371757696697
0.01435244019350992
0.013173533359920924
0.011915019650550765
0.010584747402742331
0.009190996056048513
0.007742424727153045
0.00624801851987431
0.0047170329024173235
0.0031589364957576548
0.0015833526258682213
5.945812916599129E-15
0.0015813671279568868
0.003151018935388812
0.004699309784062546
0.006216737382102339
0.007694000992688952
0.009122058333467388
0.01049218081940287
0.011796006812009714
0.01302559255093611
0.014173460457969066
0.01523264452058862
0.023630343549702608
0.014081462070841332
0.02316818222387843
0.016405654449222627
0.020344680595518964
0.03573264609837065
0.022306310806105012
0.03178953915902345
0.03387138231930322
0.03265962324680963
0.02271339115405029
0.03701342600374542
0.01972637480720773
0.015561227933007118
0.02277574778110245
0.01409408572906441
0.02613358404272278
0.015075026171649932
0.014010597974019559
0.012861044675941196
0.011633535736640919
0.010335712165391751
0.008975639047644417
0.007561755518895094
0.0061028224960157544
0.004607868489183376
0.003086133828985098
0.0015470136525571772
1.0107101516426344E-14
0.0015453766227210872
0.003079605855298455
0.004593255909152024
0.006077031449699675
0.007521830580313339
0.008918800579126203
0.010259392048033982
0.011535411143222873
0.012739069568691645
0.01386303202823794
0.01490046084737591
0.00230147042710257
0.01784594540311974
0.013962023429000442
0.034853777746284335
0.022397389873790603
0.0057944725191648346
0.0157781973061537
0.01953579346353252
0.012135577603801724
0.0196575895711124
0.015631587798121457
0.005450448970559751
0.023122333712567684
0.034685681840611875
0.013028928257288287
0.01622823986349483
3.108041798662899E-4
0.014771748995772424
0.01373003804923631
0.012604699581226337
0.011402737382906857
0.010131620185261746
0.00879923533031249
0.007413839913162078
0.005984009696896033
0.004518586115977598
0.003026621694957969
0.0015173242190137744
2.905635920930688E-15
0.0015160034130021155
0.003021354726475763
0.004506796245606561
0.005963200715945427
0.007381627315084195
0.008753376451610895
0.010070043035636496
0.011323567895694454
0.01250628702760757
0.013610978374997583
0.014630905856402306
0.03299812888104798
0.020195522949962175
0.021988596618588437
0.007051397621148533
0.017744994201265185
0.040162096758661836
0.02860037471975258
0.04201017984839016
0.025491615081564663
0.041440065035078404
0.028576468254994932
0.03916267397683668
0.017605974358362798
0.006471733461465086
0.021730476962900442
0.022078695350184425
0.03368129853185071
0.014528624515096823
0.013505294387047713
0.012399509771527772
0.011218138743399577
0.009968509378503486
0.00865836437033814
0.0072958131323865305
0.005889281682091445
0.004447460615540302
0.00297925149370809
0.0014937119704646889
1.6055044738465725E-15
0.0014926825331006367
0.002975146414706381
0.004438271585380958
0.005873063161207952
0.007270706647696245
0.008622622008375535
0.009920516256842427
0.01115643425041779
0.012322807374816594
0.013412499822262962
0.014418852180571772
0.0031448889098395997
0.007067853604754769
0.01308267131859909
0.025141819677144895
0.02282991529324297
0.010032235777929404
0.015761182947543282
0.016583655596349313
0.032928391373728924
0.017160756428432792
0.015953047881415675
0.011538094096885066
0.02201644834481634
0.023405888338162064
0.013606219362020203
0.005629295527308474
0.0027816841872872152
0.014341113543078578
0.013332175107203355
0.012241651830625021
0.011076303439814906
0.009843346313630283
0.008550408863446017
0.0072054844060957714
0.005816881820237012
0.0043931742904190045
0.002943146454455748
0.0014757402795427099
5.336192614330514E-15
0.0014749835446465612
0.0029401288293678784
0.004386419477506384
0.005804959666126457
0.007187028762765639
0.008524134858662354
0.009808066870154142
0.01103094488917255
0.012185268474432347
0.013263962587799208
0.014260420895061481
0.03166866698449654
0.0278161095675206
0.01944933685407199
0.018068391797683703
0.016400403137314064
0.0181923829440169
0.022472077461205
0.00781714508484748
0.015249329894941903
0.007225426690508342
0.022082727171677953
0.016501043058400264
0.017375809373948087
0.019605616181672784
0.019580055359533312
0.027764233202650708
0.030035143830398275
0.014205836626890319
0.013207562550507777
0.012128285123691317
0.010974681112936455
0.00975388212499711
0.00847343058240635
0.007141233191067078
0.005765512186422427
0.004354754658456596
0.0029176602675259314
0.0014630876723647646
6.190682047647499E-15
0.0014625903074060931
0.0029156769298875657
0.004350315050562974
0.005757676340101237
0.0071291032072222345
0.008456161982297553
0.009730694707840264
0.010944869218247498
0.012091227201865682
0.013162729950772363
0.014152801518086008
0.003234626594074477
0.005499348220361294
0.020070772965212584
0.016658557102544935
0.023936306256253443
0.025340535560174512
0.020921121030743766
0.03736680595737033
0.050956230443558424
0.037270660748789125
0.021060220111652067
0.02555805037302528
0.025532476698296783
0.016596098105168888
0.02146026865181779
0.006993769487962405
0.005672342302285767
0.014120420498243587
0.013129271780944932
0.012057423013992803
0.01091149192540761
0.009698550779599687
0.008426082790694425
0.007101936019156301
0.0057342750353487374
0.004331530647317801
0.002902348001855907
0.0014555333780343989
3.2846137694508057E-15
0.001455286797779951
0.002901364716139226
0.0043293296087997275
0.005730390233530891
0.00709592230062723
0.008417521487001945
0.009687055090149511
0.010896712005373241
0.012039050719149468
0.013107045024556303
0.014094127177919986
0.02020209959294564
0.020735707999531047
0.02402713626919893
0.021412207443467276
0.03151483605955706
0.015857205035978296
0.019748853644831303
0.012871790405382647
0.004984764929623088
0.013533049720281722
0.019869387338317737
0.01702279949555362
0.03231033885016818
0.0206820492029622
0.02456842076010449
0.018225830366668264
0.017240918032522746
0.014083394332788305
0.013095955155907557
0.012027846164575966
0.010885648950796913
0.009676400843693068
0.00840755161046183
0.007086917623865137
0.005722633777818674
0.0043231034464563745
0.002896946794167293
0.0014529477539679868
