1.0
0.9989725854527313
0.9958941397184468
0.9907760398146926
0.9836371918337691
0.9745039478168532
0.9634099899352782
0.9411374078729976
0.880661552672636
0.8550800315820378
0.8366091853007984
0.8163927142924067
0.7763905616626727
0.7084852991464347
0.684000207634254
0.684847167976465
0.6572412515911433
0.6099940204579655
0.5896568500096665
0.5315867699966252
0.5094145653078451
0.46850160867605406
0.4636803759035515
0.4217334492690612
0.4077309269463169
0.3754771649702688
0.31830068110085324
0.28586040682273267
0.2921982846995285
0.2764907287766238
0.24554859949061736
0.21530676690190698
0.18980453728580496
0.1924250465486705
0.17008068053331019
0.13927376632762728
0.10934235931995537
0.0803717243920974
0.05244210162743675
0.02562841376529713
3.4308931266048946E-16
0.0243796227819279
0.04745297037168252
0.0691687724034883
0.08948212364992675
0.10835460493099766
0.1257543732716559
0.15089518034846533
0.19186480938767456
0.2094363837162282
0.22503578824237266
0.23841972672873155
0.2642299989292803
0.294516518262742
0.30052958215937764
0.28613618225580945
0.2937492431294854
0.3174889901753385
0.3102516861408889
0.3351689322505483
0.3239955876467188
0.32689053466700657
0.29392630453921376
0.2926545354245301
0.25996882294627954
0.2427112805843368
0.24576682815423703
0.23148885800139976
0.2075756416364274
0.177963461876534
0.15880887049765896
0.13738889387417444
0.12224557177963394
0.10051566167684696
0.07826434592779995
0.06509537670314862
0.05187566279556196
0.038682351000812715
0.02559056798265025
0.01267308518248864
3.520505394360688E-16
0.012361565328204703
0.024347745827528126
0.03589819564672866
0.04695632858088987
0.057469536274566496
0.06738938324713133
0.06749666242391107
0.0802112616578794
0.09336508503642857
0.09736796582651563
0.09724419331681915
0.09880858327968059
0.11072600932705952
0.11179670782176045
0.10135961996369164
0.0887363885194235
0.06813542828256627
0.07585372236045575
0.05759392980168177
0.05648801516258152
0.057157617987077414
0.07439427892949833
0.06652040902715572
0.0870148335122215
0.10203843412807066
0.11599309721899176
0.11583816917787004
0.09452869673279211
0.08955812385025567
0.0878593431829886
0.08214393469441325
0.067514118765985
0.0500274181304354
0.05093822132600374
0.0425675653806277
0.034079781627451795
0.025527457685862558
0.016962687462071906
0.008436783880032635
1.2472245724906652E-15
0.008298740059596391
0.016412099049192337
0.02429457209091883
0.031902718564962636
0.039195379273756485
0.04613387787015464
0.06180735412429059
0.06226103921720328
0.05899833606854108
0.06272348061207886
0.07319918511567143
0.08793492987315386
0.05411753810847723
0.062035196449193336
0.06738457227973584
0.09072272124259012
0.12025032320692097
0.12406762130059801
0.14452876759760733
0.14126060350273748
0.1413238696959117
0.11824418590242308
0.1109162577503198
0.07951607532017135
0.05236383092802395
0.043613409272171735
0.032902328051280905
0.06984542070133483
0.05901999120849857
0.05541120309337887
0.06509647050506408
0.06842415571787833
0.05291279543472216
0.03785067190997382
0.03170319158088248
0.025439031390899414
0.019097499119956618
0.012717877975441575
0.0063391960691473416
0.0
0.006261866202462918
0.01240947556178629
0.01840702490262528
0.02422003275573043
0.029815527373656992
0.03516222387761034
0.03132248690577583
0.03858229521253056
0.04968052445676048
0.053117814344744864
0.062341103352005996
0.0730434868984081
0.12222213048807626
0.12665205384246472
0.11793608718927846
0.09280291572466906
0.07575022638863872
0.07173910128004227
0.06073067570802263
0.053876165021784765
0.06111207178834377
0.07200451188447829
0.07703169841091657
0.09249947443096931
0.11717810458093626
0.1216933578653041
0.1145713884999914
0.06506077180337888
0.05249997451653164
0.03947238689137955
0.03758354562794242
0.027619551568594015
0.026155848530427003
0.030194876749065198
0.025325216019944575
0.02034860287924343
0.015296350844884602
0.010199922616159431
0.005090740693766642
9.4044594075426E-16
0.0050415164172287015
0.010003617540091964
0.014856879372911379
0.019572813786122537
0.024124030271785567
0.028484389719774163
0.04156272213937718
0.0833610423670637
0.08817196797171654
0.0749159777564607
0.061240715725319216
0.048270807788254884
0.013574900490537226
0.006412642806996396
0.008389079697441118
0.029963592384258834
0.035553227082064626
0.04428736469180879
0.04903640885296374
0.061311994598686484
0.04781744153559163
0.04270037422425233
0.033201465678486024
0.0287214984390606
0.009004404209355032
0.012540222486772223
0.021957284710823685
0.05317525374686379
0.0671730404052232
0.08000878254512347
0.08668600161241495
0.07893152430884826
0.03796373674629978
0.025185915879488045
0.02114321444761015
0.01700365428408248
0.012793277347067247
0.00853834518107119
0.004265178890456988
5.010670798909979E-16
0.004231226855954302
0.008402948491872146
0.012490174076165872
0.016468621510456326
0.02031485844354567
0.02400643711855221
0.019132817901270475
0.011202349104819284
0.013081536870251194
0.008572481753393134
0.01742115355205595
0.02776989520131458
0.04653655858308294
0.05977968185302482
0.08241712109391611
0.06847737760739063
0.07875097895301177
0.07120091763984053
0.0756057431690805
0.07382909038757127
0.07577036496225939
0.07062182182888492
0.0774203768298535
0.06458330779901655
0.07522359630947581
0.047489295018483604
0.033638703970569346
0.018326941105090887
0.008995307996906116
0.013644682946369767
0.010685084277373445
0.012440082090721016
0.01686656953869727
0.021665227760588428
0.018199480544476156
0.01464571546934137
0.011026264246839333
0.007363706582084952
0.0036807316787435393
6.582149960227953E-16
0.0036559938856956867
0.007265056556973645
0.010805428289310907
0.014255912122851239
0.017595998694535174
0.02080598611094364
0.032548500319147404
0.046069760994225446
0.057062608535515646
0.07419099134982271
0.07488120703101907
0.068723417833262
0.06948772855042376
0.05951759591117094
0.03485533718451522
0.03745949003180872
0.03163209420253929
0.04146096351426596
0.05064056265551183
0.07549888831142433
0.05115275466127851
0.04170491416107166
0.03205342128682693
0.03990205839883474
0.038951294808079885
0.06554461854486399
0.0753491601479218
0.06895581030494571
0.0724894356422716
0.06622728244073064
0.04168529720204735
0.029622230667982242
0.030595110257944463
0.01906471839956685
0.01602286105365768
0.012900431665655212
0.00971702395310743
0.006492489323495206
0.0032468146625328417
1.4418616521502404E-15
0.0032280632073152147
0.0064177124435870325
0.009549632433255522
0.012604970668224405
0.015565449480290372
0.018413474000504745
0.013579371766650942
0.024741451500392954
0.021945770501163576
0.02872062209681775
0.017906445016837566
0.01417170429206587
0.041484026150677686
0.0264931311632288
0.0394193397988688
0.04902059815921567
0.04776758443893961
0.04902582597651924
0.0665666262719477
0.07360329259775164
0.06594013161066187
0.04755052804954371
0.04491605778557786
0.049652086746470384
0.037286197762414236
0.027683516366293574
0.04296317440574052
0.02010352903810907
0.02178054005914375
0.029681312296234368
0.025079478165479133
0.028055173036371554
0.012491964623194015
0.017073170655952832
0.014354647114386684
0.011561772961428213
0.008712048594940382
0.005823233049989513
0.002913234433607351
7.950641030706832E-16
0.002898593465301521
0.005764848289295519
0.008581352929307224
0.011331086723562324
0.013997521750360198
0.01656472119194152
0.02739672172193508
0.031963024051111365
0.027468857263803284
0.036755320228833654
0.05283105947166094
0.0544513507421212
0.061939243734894754
0.06657287095610621
0.046120831564920084
0.05060057964242463
0.03920857392153403
0.03972383647547979
0.05890040188344328
0.08224875602663287
0.05880134710918668
0.03942143265863115
0.039914646851335486
0.049610667887771805
0.04382462969849419
0.061724348043557184
0.052091602691685536
0.047905736009122304
0.04573362938359078
0.02971932624676353
0.03338302270884145
0.04096503921310614
0.026157532983066084
0.015505857279754332
0.013041013712296696
0.010507026791997538
0.00791975251950549
0.00529530236641129
0.002649943750817543
1.9624502576050385E-15
0.0026382495895472475
0.005248668987355316
0.007815363359243531
0.01032277510272754
0.012755777411735137
0.015099764812140757
0.01095215586054366
0.024676145546371413
0.022974114176121236
0.022597743640615023
0.025533683902454647
0.033313751937251834
0.03385580951236823
0.0211561136432176
0.03210402267129364
0.050582170490304564
0.021382719721652923
0.027250211587497596
0.03310296842017817
0.041671484406811794
0.032194361136221275
0.02698673301876434
0.020904167743160722
0.04960360856917176
0.03262401020393568
0.021229984640236427
0.03427487097583674
0.033949525405409985
0.02429179494508463
0.018393287140415663
0.0186677033505744
0.018518518518518615
0.010476923171396254
0.014246258644903765
0.011984803983150178
0.009658584444420651
0.007282136745882051
0.004870248084481974
0.0024378647295401176
1.1997345889002315E-15
0.002428357810790352
0.004832337001506508
0.007197272964717363
0.009508797076711355
0.011752923439940858
0.013916132957619986
0.024018881293475042
0.04454826069403724
0.03895519500054215
0.02892310093163917
0.028804530641945734
0.020715477788883153
0.01592378334250449
0.029230820186794907
0.02052402309078152
0.02538549221293235
0.04321887751447139
0.03434794307946332
0.04917695107634888
0.06239201693395872
0.04884248226485668
0.034108591234862526
0.042849928118303446
0.022332091100738975
0.018373950215645626
0.024914911557806358
0.018550121278186414
0.017387712305363245
0.02765667421776308
0.03057326007285811
0.03588634608358965
0.038673821113935296
0.023150900449444105
0.013217291849713254
0.01112167627822863
0.008964995797925184
0.006760710998606075
0.004522527309869765
0.002264310251766265
1.7055699896141723E-15
0.0022564742107752437
0.004491279322589168
0.006690762809970234
0.008841535644202031
0.010930553364364548
0.012945194766963103
0.009887880195015396
0.001747545953145218
0.008673327426662181
0.010230286158779373
0.016826237831875056
0.02738271562361787
0.03870091518278976
0.03283262827636005
0.03718367175417481
0.038747828397948963
0.020531079943727232
0.029755542883140234
0.013694369169713795
0.005091605774565536
0.013940376227629513
0.029839690021774386
0.020450671246148133
0.037645215882722495
0.036639706250973146
0.03430507357344029
0.03621324536822648
0.023964123249358833
0.015244612704646764
0.011175400556098556
0.009981763310185889
0.00896782332017061
0.009751023562816914
0.012365975136841645
0.010407368373056045
0.008390836793722137
0.00632895170956759
0.004234523600870871
0.002120522893439441
1.4907758651061159E-15
0.002113994882375274
0.004208491728064028
0.006270679904203055
0.008287986175755284
0.010248151021482698
0.012139302799506398
0.02159694069081484
0.018563055440262325
0.025335715213798866
0.0273929368273732
0.027716664595554025
0.02704363409345429
0.02607626722255561
0.010842697461119086
0.018361554311079328
0.018896359464629586
0.03312501627277192
0.02911234983925235
0.03352930484520334
0.041408666249998026
0.03308142207035435
0.02887491848484842
0.032232045425311245
0.020071457371972298
0.01931725226367802
0.009751805142244203
0.025711756759522794
0.02971764019228262
0.026582923319797957
0.024371909293006425
0.02405245017341901
0.013590779390204052
0.020944953971351835
0.01165473742611616
0.009810470346246838
0.007910951711349794
0.005968010510535863
0.003993709529248241
0.002000270752830598
2.214211024796997E-15
0.001994788750869114
0.003971848879046882
0.005919076020935054
0.007824581895461905
0.009676766606715523
0.011464388985835891
0.009681023789251746
0.018188002670990147
0.012057222377039701
0.01488152347846075
0.016987571130669007
0.009059534213565429
0.01676796415642599
0.035930260389885234
0.023647299829658457
0.024955281851334277
0.020696000264161414
0.025786522669941445
0.025877831845333217
0.028193639192174155
0.026072116236082306
0.025379969232037648
0.020928639770164178
0.02328835862460609
0.02163031271746882
0.035073568201177505
0.016369388311034863
0.008321558948390314
0.018513470736880838
0.014503833911232363
0.009983434641167428
0.0176462744577197
0.009724487576230323
0.011056240820030837
0.009308114012789692
0.007507015135159816
0.00566414882068568
0.0037909485941332284
0.0018990061775895812
2.9018778211919177E-15
0.0018943766504780225
0.0037724873907040942
0.005622823984445134
0.007434076627065204
0.009195202845305431
0.010895494593690014
0.019745144163401382
0.01771617437169795
0.023814665428799228
0.0206521226463369
0.01751464083270327
0.0290477470252793
0.02792331487768044
0.011220117201687495
0.026519238179075554
0.02715044565908341
0.02366006334085423
0.02683243231027478
0.018667742140438568
0.030800678731696226
0.018547881848043797
0.02680070787383619
0.02305828679608339
0.027840515976950236
0.02678507517327272
0.012640499484809668
0.027970654390759637
0.02594828708874963
0.015070916758265029
0.022193475920885927
0.021890905481013603
0.01881535640557497
0.019228811418827894
0.010550164881389077
0.008883293100555648
0.0071653925487639375
0.00540713994644865
0.003619436553902324
0.0018133407843665132
2.5861811186184757E-15
0.0018094180900319714
0.0036037940082501055
0.005372124644469119
0.007103590532063628
0.008787621854604183
0.010413962781396783
0.009924582184978114
0.010916885109203285
0.011484653377722436
0.00849778410955139
0.020735874788463695
0.02162546812544937
0.025078311324713012
0.02315440070836537
0.016983814836827423
0.018121075770120225
0.02511096608954621
0.01942803050250079
0.029248818996009843
0.028119197762901994
0.029236432286905274
0.019331715040781416
0.025534393104143464
0.018647246150938324
0.017567256352766424
0.020320057438229212
0.02552930624570485
0.02505735657387158
0.019945351879835888
0.006928082719524073
0.016316641544414284
0.00993576891845137
0.010059987567698084
0.010121138014667548
0.008523137976574715
0.006875761877444613
0.00518923870247494
0.0034740182182259735
0.001740706395813814
4.899656016154729E-15
0.001737379253526029
0.0034607505683594245
0.005159539561487087
0.00682334298065579
0.008441992249961627
0.010005615456474815
0.018257779969284633
0.01530228355829638
0.010482960814258629
0.024541312587259737
0.01835364633287092
0.00649673164505189
0.019887435381948024
0.025114321602122628
0.019685230880361313
0.033089964707153
0.014291682228024235
0.02339460795833245
0.024769820456208517
0.03208340861042171
0.02498720419499346
0.023013763988973576
0.013539975140028353
0.03334622760824032
0.018385026599624016
0.02687141682263527
0.017588527599191554
0.0053987624529650705
0.020974190442945965
0.0227628646477941
0.005698441843870443
0.013100990612972424
0.017831339734519166
0.009757366466508266
0.008217771418263959
0.006630198648208294
0.005004497115003477
0.0033507334073873355
0.0016791295566454415
4.228518382841356E-15
0.0016763119168762461
0.0033394975084864017
0.004979345999423423
0.006585807068187633
0.008149052303015387
0.00965953519448747
0.010396602629250302
0.012777841565823077
0.023255609442180507
0.015217700850456109
0.01236828990796398
0.032791224898519794
0.0238363236240657
0.008949677032093392
0.02851760830180154
0.018243911880471954
0.031213355298063558
0.022641982083465982
0.02494765302374735
0.018732642187857397
0.0247466033625511
0.023014373339581062
0.0315426903779768
0.017421134869849666
0.030246690681002636
0.009551133803020898
0.023492447130377115
0.032900613227980796
0.009460662911055403
0.01907015867983706
0.021765765316858914
0.012407246353277468
0.01057855693975961
0.00944970230320668
0.007959530298466376
0.00642255334560188
0.004848298416959635
0.0032465075731343525
0.0016270778027937785
9.723182258094948E-15
0.001624702545495528
0.00323703576717467
0.004827096171890037
0.006385131545145004
0.007901600640549063
0.00936723148844971
0.017014977870687956
0.012719892176339741
0.012241815670270544
0.009699119430540044
0.024756528793680697
0.02730223162283207
0.012737318203651201
0.027682217839431734
0.01848426341188501
0.03402685403596712
0.007656082815328597
0.015876593757388754
0.026134371173413815
0.041758907249261096
0.0259559112524789
0.015756720765970497
0.007643851748370982
0.03404747634977401
0.018601515203134238
0.026724588712350967
0.012687119576137797
0.03203125042011071
0.02366182582079829
0.004449351084524487
0.016282193240340824
0.01398741754173262
0.016650412720881105
0.009190996056046554
0.007742424727150893
0.006248018519873172
0.004717032902419287
0.0031589364957604013
0.0015833526258666822
6.730901907755935E-15
0.00158136712795362
0.003151018935384631
0.004699309784060641
0.006216737382101999
0.007694000992689086
0.009122058333462179
0.010985533118130634
0.01078223917706195
0.00846577660645326
0.02590678381418028
0.010430428029841525
0.02588344080898036
0.022643677021670774
0.025714795366033497
0.032615544129158895
0.0098298076186116
0.02936824881288997
0.028990774338339693
0.01992694296829628
0.02203061157624387
0.020043678626941255
0.02909077204656428
0.028597259136315733
0.009539580461998326
0.0314738937665043
0.028337539098301015
0.02253235547780173
0.022545382687418465
0.013752283018608827
0.025930918361741093
0.0053342945748195295
0.013568073107765253
0.01119239586217748
0.008975639047646965
0.007561755518892979
0.006102822496015023
0.004607868489195085
0.0030861338289895164
0.0015470136525586335
5.492348808584247E-15
0.0015453766227194873
0.0030796058553017995
0.004593255909148577
0.00607703144969731
0.007521830580315399
0.0089188005791334
0.015942020188080674
0.014528088884994808
0.021535112148819563
0.014172554428522671
0.013470696961636693
0.041556521794287656
0.015464285051297669
0.020656439309009504
0.01250292919171341
0.02984313965728365
0.0165091969432225
0.019901200936743014
0.014049620567537299
0.03848921148044173
0.013699425186402254
0.020236638996349553
0.0177900136605315
0.028580776267162114
0.01177102257616213
0.019107804939081836
0.016565513936846497
0.04127823651093547
0.009701249478236461
0.017924469722552384
0.02103816729912174
0.012677172497165946
0.015621187846462645
0.008799235330313274
0.0074138399131555835
0.0059840096968947565
0.0045185861159659085
0.0030266216949542514
0.001517324219015844
4.2989062999511237E-16
0.001516003413001193
0.0030213547264742974
0.0045067962456019255
0.005963200715935359
0.007381627315086298
0.00875337645160644
0.011639480250704104
0.020885450755151573
0.01871373999432871
0.019416058807950474
0.022932878345688083
0.007788100346851884
0.018611705229780767
0.028619462235746466
0.023454230037061187
0.0168886101308356
0.014386345157117548
0.023368538035518898
0.032390092323519706
0.02295025323940321
0.0327322554564195
0.022668019284458354
0.013125763340517979
0.018596371846979595
0.02314001442394922
0.025970073233735836
0.016624608045391984
0.006872123434118804
0.024162537289746645
0.015957575838038144
0.021853798682768693
0.021002592126264052
0.011861970908606181
0.008658364370331016
0.0072958131323865565
0.005889281682092061
0.004447460615543235
0.002979251493702545
0.0014937119704648406
5.2699233659645785E-15
0.0014926825331043304
0.0029751464147068254
0.004438271585384279
0.005873063161206312
0.007270706647695648
0.008622622008375823
0.01498984893119674
0.004709502825093802
0.013830443448740687
0.021047886610781563
0.009891854401449475
0.030471891750809773
0.023446820300343108
0.016679229645247453
0.01449496785307019
0.012105902637978646
0.03284576071499327
0.025194978098926294
0.00394709691329774
0.01908438850448107
0.0037963903872540758
0.025410168014888986
0.033646883516707964
0.010214105098262299
0.014620677705834851
0.019352724463820994
0.025154120645091312
0.025944038672006144
0.01286211201432697
0.019579836479392595
0.010361833122213988
0.006535669126720963
0.014700498321847583
0.008550408863449379
0.007205484406089654
0.005816881820231074
0.004393174290421496
0.002943146454459158
0.0014757402795354654
7.821474884033267E-15
0.0014749835446477384
0.002940128829363207
0.004386419477508555
0.005804959666121329
0.007187028762765794
0.008524134858665208
0.01233754018855736
0.011989563980497013
0.020215055001170986
0.011161473309108869
0.022774907344987997
0.017886722727320337
0.0058852927847053895
0.007608104873290139
0.02195919745307077
0.031871752766828125
7.971862125221429E-4
0.009874390765497443
0.038375130593569326
0.025289164800603683
0.038276406075971076
0.009949322607397818
4.586420642125702E-4
0.0324483270596965
0.021601382995280673
0.005718373193757765
0.004508601209301384
0.02016008455275282
0.021171839568387113
0.012818735886067899
0.017233874767758395
0.0067481488053765795
0.012572871627435166
0.008473430582406096
0.007141233191079974
0.005765512186416652
0.004354754658463704
0.002917660267530891
0.0014630876723636436
6.556006113879757E-15
0.0014625903074061608
0.002915676929892312
0.004350315050559783
0.005757676340099543
0.007129103207227038
0.008456161982297854
0.014125040122990665
0.01884147550834191
0.011390630569340266
0.013496306163034913
0.018618584937421995
0.008206697971798065
0.02792265184614625
0.02972841672828527
0.013832693119208313
0.005600751675062619
0.03337152009537962
0.02874435879532734
0.006276910142522489
0.0167960193976555
0.006672358909852375
0.028794415075754115
0.03251034630058167
0.007013853597912096
0.014522059653903963
0.028907661967501844
0.026519221098197973
0.007960524390288992
0.018684687177943676
0.013184097338072237
0.013803446928014726
0.02215786942326433
0.013858702255446194
0.008426082790697412
0.007101936019151067
0.005734275035345095
0.004331530647307989
0.0029023480018516242
0.0014555333780365742
1.0309340629973824E-15
0.0014552867977768327
0.00290136471614151
0.004329329608804465
0.005730390233521769
0.007095922300624485
0.008417521487007005
0.013075401570764134
0.015571017615868881
0.013834152740147
0.016841576542379475
0.016582803977031407
0.02131679469395853
0.009561791553343055
0.009260215936861072
0.020388277060616668
0.025615009945853615
0.014488412925417173
0.022968816791055092
0.025842719600112907
0.027585002863598614
0.02536374971217397
0.02360552041833089
0.01597176171777665
0.02379908827153748
0.020136814846417432
0.012425931329319776
0.01267556821742706
0.01948360387808297
0.016565543343159257
0.01650676199451725
0.014828694849203513
0.02036195699954339
0.01332449891165909
0.00840755161046541
0.0070869176238656005
0.0057226337778162545
0.004323103446450573
0.0028969467941657476
0.0014529477539665476
