1.0
0.9989725854527277
0.9958941397184461
0.9907760398146882
0.9836371918337681
0.9745039478168505
0.9634099899352743
0.9503961825331817
0.9355103927392262
0.9188072805050699
0.9003480590739805
0.8447776335027393
0.7775645729600992
0.7354357301708242
0.7039589311149617
0.6521440912004984
0.6237823554066347
0.6050302284736326
0.5929070691686374
0.5532165867103456
0.5134254703891751
0.49090529657779974
0.46867708194951463
0.42069723243495055
0.37930933720465443
0.3512457573443578
0.3417640605470005
0.30944881304621913
0.2979533005819816
0.30794548868185373
0.30020068627509566
0.26683328132118656
0.23395677675898272
0.2016731299197534
0.17008068053330969
0.1392737663276268
0.10934235931995509
0.08037172439209726
0.05244210162743639
0.02562841376529673
0.0
0.024379622781928068
0.04745297037168262
0.0691687724034881
0.08948212364992675
0.10835460493099774
0.12575437327165578
0.1416562210946549
0.15604160438810777
0.16889863993921136
0.18022207187652847
0.20159825545557156
0.24637411189893899
0.2771731763783668
0.2714839896446621
0.29212391160473244
0.3088886746765186
0.3023683838671491
0.2932869232721257
0.30497435039052523
0.3108366990042375
0.29618737331864187
0.275252446351623
0.2737744136787476
0.27043958883884045
0.24036467923843613
0.2145829932407636
0.22073251356978604
0.1817847712068176
0.13794143445460555
0.12883908052317397
0.11667245240793635
0.10413347464621661
0.09130375337943826
0.07826434592780042
0.06509537670314858
0.05187566279556203
0.038682351000812694
0.02559056798265069
0.012673085182488697
1.932979004352E-16
0.012361565328204895
0.02434774582752781
0.03589819564672861
0.046956328580889536
0.057469536274566364
0.06738938324713067
0.0766717780093526
0.08527711967004822
0.09317041956355249
0.10032139756208647
0.12337574760571954
0.1044982781704564
0.08147898105401
0.12162859931414277
0.13334796161662688
0.12288252415521649
0.13307492130577775
0.1335133722671204
0.13780312792450256
0.14477580815563623
0.13771095060419442
0.1321281872360391
0.13023716600515095
0.11914476335219763
0.1282257953845934
0.11426528449463402
0.07544933251316119
0.09386929057150319
0.1064962745272048
0.08219714680739888
0.07482035430154861
0.06711710121238196
0.059138962311212954
0.050938221326003834
0.042567565380628204
0.0340797816274528
0.025527457685862398
0.016962687462070903
0.008436783880032236
7.911379386758701E-16
0.008298740059596875
0.01641209904919255
0.024294572090918183
0.03190271856496257
0.03919537927375601
0.046133877870154605
0.052682205632238965
0.05880718876800598
0.06447863753738957
0.06966947658610763
0.06866152701341749
0.0922271398013605
0.10869157945631598
0.08728506467823761
0.07337369197793596
0.08179597956745141
0.08049238434217823
0.08551899251053185
0.10311242954772529
0.11091136919785002
0.09995564090545109
0.0802136020518879
0.07460434503314835
0.07547965911429391
0.07888756418640283
0.09338566668997036
0.10530682384865431
0.0971423638296753
0.07423931095591849
0.06049987700365115
0.05520449656085654
0.04963964052493684
0.04384237336355553
0.03785067190997261
0.03170319158088321
0.025439031390899168
0.01909749911995617
0.012717877975441588
0.006339196069147338
7.934742313654423E-16
0.00626186620246524
0.012409475561785639
0.018407024902625396
0.024220032755730977
0.029815527373657075
0.03516222387761036
0.04023068962729794
0.04499349698178013
0.04942536269936681
0.05350327330829072
0.04096877485487559
0.04892973752037472
0.05265209318436886
0.06221064596812502
0.07625425581836393
0.06941245625560405
0.073571043491322
0.08785761688226441
0.11351674215889553
0.1299581964362982
0.11232053195549489
0.08465173962665686
0.06802024567067232
0.06293280383009177
0.066181401908788
0.050181046205932625
0.04400738538156622
0.03516591534407108
0.023243365789861786
0.0479935866512004
0.04385524009181643
0.03948997423526624
0.03492661100535011
0.03019487674906566
0.025325216019944814
0.020348602879241746
0.015296350844886177
0.010199922616159445
0.00509074069376441
1.3424395374091803E-15
0.005041516417228287
0.010003617540090765
0.014856879372912453
0.01957281378612251
0.02412403027178799
0.02848438971977415
0.03262914937775067
0.036535098216767016
0.04018068198682694
0.04354611731320043
0.0798040127547005
0.09717717388757492
0.09172498693766303
0.10721565462041703
0.10617215634663522
0.08886155326267285
0.0832278800924154
0.06404559370641986
0.032608161512742775
0.018611388204858685
0.03272477655583257
0.06529356186293041
0.0841464019801148
0.08891742193684837
0.10161077125847129
0.10055756958510136
0.08385649607223955
0.08738779467200498
0.07229235201911827
0.039883901941638544
0.03647909300014294
0.03287863137833124
0.0291060961676073
0.025185915879490126
0.021143214447611153
0.01700365428408265
0.01279327734706915
0.00853834518107148
0.004265178890456012
7.029120131349881E-16
0.004231226855953669
0.008402948491874104
0.012490174076166151
0.016468621510456433
0.020314858443545688
0.024006437118552854
0.027522022293949452
0.030841511525969853
0.03394614715005956
0.036818619353297034
0.03709077595519388
0.02415628353068268
0.025462225606371607
0.026935493756555507
0.02002326719925809
0.017421479239487232
0.017628704126482077
0.028208973909972318
0.05845801599279247
0.07341038359632297
0.05719149920480859
0.026413449710960386
0.01758579470744692
0.018621681861532968
0.030522566810747893
0.038924191334081544
0.03639105182008356
0.035660583191305474
0.04377797647008236
0.034217760463381326
0.03131765050089702
0.02824540780962577
0.025021011314592893
0.021665227760587522
0.01819948054447632
0.014645715469343417
0.011026264246840105
0.0073637065820832135
0.003680731678741163
2.6953278979734647E-16
0.003655993885695654
0.007265056556973081
0.010805428289309575
0.014255912122850219
0.01759599869453631
0.0208059861109433
0.023867094172388602
0.026761572296946253
0.02947280053486799
0.03198538310894019
0.028393532014657868
0.0334597049235869
0.03857620838597832
0.03992544116686181
0.03892269102303541
0.0531670216842234
0.06313011861379365
0.0675768008325695
0.04868850095384393
0.041206662542466604
0.04877134230164501
0.06653227047041967
0.05982374199949832
0.04705403670366275
0.029744116714161127
0.029822983866029912
0.03027381652373058
0.022614979470835024
0.020316273028351352
0.0300503166550596
0.02751732263936973
0.024830357014185865
0.022006789021950263
0.019064718399567377
0.016022861053658112
0.012900431665655753
0.009717023953108243
0.006492489323494615
0.003246814662536556
1.9705629971601576E-15
0.0032280632073140494
0.006417712443587887
0.009549632433255682
0.012604970668224547
0.015565449480288374
0.01841347400050587
0.021132235375583334
0.02370580864346503
0.026119244705548238
0.02835865587171364
0.038464125338646724
0.04881377587759756
0.06261380595819431
0.07068355749760231
0.0751266768646923
0.049103478480341085
0.03491576040896723
0.02960726466672158
0.03790582002652
0.03775230553512186
0.03817750189493586
0.030155549337435507
0.035470291185952164
0.05068879198372836
0.07580487320634559
0.06907814223812336
0.06023338209591257
0.0436179930889534
0.030305114100402906
0.026868828375113337
0.024613779935094567
0.022219107024002233
0.019700210362086655
0.017073170655955167
0.014354647114389111
0.01156177296143109
0.008712048594939861
0.005823233049989521
0.002913234433607914
1.2134258257298179E-15
0.0028985934653007915
0.005764848289297731
0.008581352929307928
0.0113310867235615
0.013997521750361688
0.01656472119193912
0.019017433623294038
0.02134118267356848
0.023522351538320392
0.02554826185445723
0.04306090136345231
0.026374113868831543
0.011452771114810854
0.005040368451041714
0.010812214366671211
0.024315667344395636
0.034395019006659665
0.041553409174136774
0.03591380771868726
0.03696015928486571
0.03530058988908482
0.04063025868183391
0.034311069127778884
0.026465350144835215
0.01234447025046569
0.008322614295130013
0.017210691783391626
0.031188654041667454
0.04771651697061527
0.024371076804363765
0.022332853656682007
0.020166556388835945
0.017886055366206
0.01550585727975573
0.013041013712294415
0.01050702679199512
0.007919752519506492
0.005295302366408408
0.0026499437508169816
2.2134317029894443E-15
0.0026382495895464378
0.005248668987357207
0.007815363359245603
0.010322775102731049
0.012755777411734082
0.015099764812139368
0.017340740130545484
0.019465397382427082
0.021461200092845925
0.023316454592684274
0.005172851355103282
0.020231448297795513
0.027368409311216306
0.0438066371267764
0.056468893418616446
0.04067047304334977
0.030671329837487996
0.028467294338081733
0.0477824178700838
0.05687393589743162
0.047800793877942296
0.027963961924501336
0.029995201795802888
0.037731916001183884
0.05309772415887817
0.04162695749309906
0.02150396119215356
0.022920254834631025
0.013626968260950528
0.02236746098953343
0.02050230555744395
0.01851851851852099
0.01642875242294405
0.014246258644905396
0.011984803983149727
0.00965858444441986
0.007282136745879329
0.0048702480844836004
0.00243786472954014
2.4221773253913605E-15
0.002428357810788233
0.00483233700150721
0.0071972729647176836
0.00950879707671113
0.011752923439939784
0.013916132957623308
0.015985454238322
0.017948540849476592
0.019793744462760925
0.02151018346102459
0.04004129175660096
0.03915249531033503
0.03830628649583653
0.02073858433224622
0.01327356914901475
0.03403409045939867
0.03239033436145885
0.03544600850647379
0.014861478784289454
0.007792664478028203
0.014698414348406828
0.0352902757825653
0.03163479176694524
0.033190304025372076
0.01318801178538296
0.021220843167561808
0.038354310750107284
0.037981550304304765
0.0328957434488627
0.020733088768744704
0.019008557644272783
0.017173209640045543
0.015238710305110082
0.0132172918497124
0.01112167627822724
0.008964995797926508
0.006760710998606429
0.00452252730986995
0.0022643102517707504
8.36286528155419E-16
0.0022564742107760347
0.004491279322588037
0.006690762809975775
0.008841535644208247
0.01093055336436634
0.01294519476696267
0.014873337741864763
0.016703431801372324
0.018424566870802545
0.02002653793330647
0.02727429614342452
0.03168930995240103
0.026022270092354034
0.04430861412116505
0.03947453769183716
0.025511016932138884
0.02967041675238476
0.02359697080940867
0.039908242863933706
0.05328463628193986
0.03957901231114537
0.023784796700916395
0.029878273300743115
0.026701055892431644
0.03787709252090993
0.0437009051939379
0.02772556753892238
0.029795665154308107
0.02608339599312073
0.01938241536713064
0.017773746605170438
0.016060791128661125
0.014254402945586154
0.01236597513684361
0.010407368373055167
0.008390836793720702
0.00632895170956683
0.004234523600870141
0.0021205228934426993
3.5004148576341E-16
0.0021139948823723793
0.004208491728062694
0.006270679904202408
0.008287986175755687
0.01024815102148118
0.012139302799509448
0.013950029315999736
0.015669446367280748
0.017287262845730848
0.01879384202181563
0.01838980205458013
0.03355325509072295
0.01941257493529893
0.016775600641047692
0.01820853196434041
0.02017082935103437
0.028358521274874704
0.0261019587402554
0.02053079235783574
0.01851851851852038
0.020723785789511177
0.02564722517048193
0.028925960252086904
0.018848363863254298
0.01942622297873545
0.01660838444112573
0.015222154703103773
0.034541331561649645
0.021856320736209765
0.018254951168104935
0.016742774869488646
0.015131808464328272
0.01343223112505233
0.011654737426118469
0.009810470346246462
0.007910951711350351
0.005968010510532368
0.003993709529250684
0.00200027075283155
1.5140548033448224E-15
0.001994788750868845
0.003971848879044247
0.005919076020935157
0.007824581895464203
0.0096767666067129
0.01146438898583388
0.013176634547165831
0.014803180649467446
0.01633425847111012
0.017760711428657924
0.011626812205051485
0.022014462654270966
0.029738394696458434
0.03251948053068565
0.02557896395437424
0.033570213609513164
0.02195630755232431
0.02556030377126389
0.028099599094665348
0.028561210230629363
0.02785739527229573
0.02527933243370142
0.020547193835304692
0.033317705630244575
0.02439404493131216
0.030851812751696066
0.029314702863031433
0.021861825253184107
0.008476735418425467
0.017306785855208055
0.015875622498042197
0.01435031925392086
0.012740489276204896
0.011056240820028426
0.009308114012791408
0.007507015135160804
0.005664148820684329
0.0037909485941288452
0.0018990061775864782
2.2436833157409092E-15
0.0018943766504788096
0.0037724873907056438
0.005622823984444277
0.00743407662706482
0.009195202845308231
0.010895494593689799
0.012524643141228179
0.014072801356566399
0.015530643016463227
0.01688941878175683
0.02998575400283904
0.032446358858490155
0.021601434937186626
0.01854873634865733
0.024586406969926856
0.014721035761867318
0.030933480250915236
0.03287224211604341
0.027411727277918598
0.023439714102743852
0.027628743705300014
0.03370314467048835
0.03015076639358792
0.01488614343924629
0.02528241206500637
0.018093138604513188
0.02271571781037131
0.028928894693437155
0.029051226200623698
0.01650534428602232
0.015142585844552746
0.013689633232423027
0.01215562186499751
0.010550164881390253
0.008883293100555677
0.007165392548761692
0.005407139946448844
0.003619436553896616
0.001813340784369318
4.05024637979908E-15
0.0018094180900320549
0.0036037940082458988
0.005372124644471345
0.007103590532065299
0.008787621854595095
0.010413962781397688
0.01197273374157709
0.013454491259359377
0.014850284989617246
0.016151711609941995
0.014590900673388193
0.016455260551344976
0.02432709508799961
0.02535445986477358
0.02000723496916412
0.02809004971857124
0.024080033000631378
0.010527846117776865
0.01649529541053134
0.0301298709423799
0.01609668150314603
0.009385961582307074
0.02607529026782482
0.02743747552298921
0.019160942547936533
0.024261783165805986
0.023770992420216998
0.013905766273286478
0.015592161357449837
0.015826024000832967
0.014521222122823342
0.0131295763181664
0.011659817132506804
0.010121138014666095
0.008523137976574844
0.006875761877446799
0.005189238702476109
0.0034740182182210217
0.0017407063958101649
1.0828489981914395E-14
0.001737379253526848
0.003460750568361548
0.005159539561488626
0.006823342980651469
0.008441992249954657
0.01000561545647528
0.011504697400999936
0.012930137348574195
0.014273304129174982
0.015526088255908376
0.022590815522908186
0.0260334113000055
0.01788669575539575
0.017679399756085172
0.03416260589841016
0.01753432310563687
0.009506923845234898
0.03937410576223777
0.03780930650637202
0.0073754122599547
0.03803613491096715
0.03892221795574921
0.007356845252841232
0.01830196063751771
0.03475961603305947
0.018411852429942307
0.016565231424725154
0.029729787327650574
0.022217021478046908
0.015249972865765536
0.013994328584077183
0.012654679837932524
0.011239413419891521
0.009757366466511885
0.008217771418265477
0.006630198648214841
0.005004497114996685
0.0033507334073847764
0.0016791295566402045
3.277741225402889E-15
0.0016763119168681066
0.003339497508495924
0.004979345999419538
0.00658580706817821
0.008149052303014803
0.0096595351944862
0.011108049299679092
0.012485784224257987
0.013784379082912001
0.014995973114478763
0.013861888707820505
0.007631114458256379
0.023775599400312337
0.018475898489664393
0.007624118196352433
0.017255138578072222
0.039613646531726436
0.01619698266854252
0.00517034332476465
0.04065942302909391
0.005690465709185358
0.01733556588315665
0.0392448513392346
0.015623567694580799
0.007975200215390353
0.018523177342700026
0.02263508669913609
0.005475916179646496
0.014179395007462245
0.014762581844754518
0.013548571158451135
0.012252950983887094
0.010883816402477754
0.009449702303212373
0.007959530298470279
0.006422553345604032
0.004848298416960359
0.003246507573132665
0.0016270778027925048
6.62171924610482E-15
0.0016247025454914528
0.003237035767177444
0.0048270961718937305
0.006385131545150214
0.007901600640546347
0.009367231488449711
0.010773077968525259
0.01211057430154392
0.013371587129267264
0.014548464866403205
0.022362765059798197
0.03180602564831796
0.01737524761528862
0.016245698176393788
0.021108085377339027
0.029226683315831496
0.01806967184873889
0.01823627083172956
0.039563843313628555
0.015609093645762654
0.039371291224974264
0.016855032699778862
0.019551397700462964
0.030068718753936012
0.016816320979646842
0.014814946310217481
0.018616184848891056
0.027585257507980625
0.020862078539096825
0.014352440193507787
0.013173533359921346
0.011915019650557678
0.010584747402743153
0.009190996056050308
0.007742424727154116
0.0062480185198719234
0.004717032902418914
0.0031589364957591926
0.0015833526258674316
1.5586923018539449E-15
0.0015813671279567205
0.0031510189353838843
0.004699309784059579
0.006216737382103423
0.007694000992688351
0.009122058333466758
0.010492180819399193
0.011796006812012127
0.013025592550943444
0.014173460457972211
0.018260937775763722
0.013440981430519208
0.013457580280577017
0.023028123428744073
0.033893901028432885
0.013045354365128114
0.01853918554764508
0.030211241327501675
0.02536970981936561
0.029758946308252723
0.0257338039540553
0.030313661889467058
0.016339946493463837
0.014530699193372057
0.037046130380293696
0.022758291123858312
0.013421586207800092
0.018720707264948174
0.018006666245248274
0.014010597974018222
0.012861044675932973
0.011633535736639366
0.01033571216538795
0.008975639047643999
0.0075617555188940665
0.006102822496018358
0.004607868489189385
0.003086133828984431
0.0015470136525564918
5.845515673326436E-15
0.0015453766227191933
0.003079605855297597
0.004593255909152298
0.0060770314496993135
0.007521830580315765
0.00891880057912786
0.010259392048028637
0.011535411143218561
0.012739069568691105
0.013863032028234594
0.015223031082852062
0.010561760110531086
0.021952581864443692
0.017893754286527116
0.01495356179396571
0.023730692289551446
0.02730238450081864
0.018798276083051135
0.02365759845667332
0.025479249791339604
0.023117749221442368
0.019875362592542006
0.027035970319949865
0.021480615426450512
0.01811010695282387
0.020282016189830023
0.021139447568540016
0.013629890395461282
0.0168966326135535
0.013730038049233138
0.012604699581219831
0.011402737382912233
0.01013162018526122
0.008799235330315151
0.0074138399131639925
0.005984009696897512
0.004518586115973032
0.0030266216949534604
0.0015173242190161275
1.59328326787909E-15
0.0015160034130006035
0.0030213547264763816
0.0045067962456031415
0.005963200715941372
0.0073816273150847395
0.008753376451603543
0.010070043035630593
0.011323567895695313
0.012506287027603763
0.01361097837499856
0.009487619259502733
0.028787578763276853
0.017041259492278027
0.00856107711599958
0.03809968033091454
0.024646467928868494
0.021995963558620577
0.021834230859838082
0.030324622485675638
0.016051279857392003
0.03018676795330518
0.02098940871398228
0.023534451825994906
0.024991100453693012
0.0352824988503822
0.009042524088600606
0.016353419890979205
0.027492621975223064
0.008265989528087912
0.01350529438704827
0.01239950977153221
0.011218138743398094
0.009968509378497192
0.008658364370337212
0.007295813132387393
0.005889281682093308
0.00444746061554084
0.0029792514937018667
0.0014937119704664962
2.3267091961814816E-16
0.0014926825330952985
0.0029751464146973885
0.004438271585383343
0.005873063161206492
0.007270706647691167
0.008622622008376506
0.009920516256841453
0.011156434250424547
0.012322807374817711
0.013412499822266307
0.02596943636431905
0.02358578268797053
0.018665637663510405
0.03157806895262469
0.023552993267496224
0.017476927713560908
0.015476851754948853
0.030332579561089635
0.012340054681659437
0.01627747229906522
0.012585927756415007
0.03028968225626193
0.014228832787973246
0.02019993596419238
0.022360594769962824
0.03232771815906832
0.02106037455936231
0.02305867381041587
0.026308371325377524
0.0133321751072032
0.012241651830627101
0.011076303439817612
0.00984334631362562
0.00855040886345107
0.007205484406091497
0.005816881820236172
0.004393174290420536
0.0029431464544582074
0.001475740279537899
6.225227320283649E-15
0.0014749835446416784
0.0029401288293665127
0.004386419477508737
0.0058049596661276055
0.007187028762771273
0.008524134858662803
0.009808066870149963
0.011030944889171761
0.01218526847442748
0.013263962587796711
0.02066049103488778
0.016513566527735637
0.008139314544133105
0.03661483645116122
0.018795029033517787
0.01825836281900571
0.02922866737415696
0.00977281759020691
0.018670646729696948
0.028321267022625125
0.018351857245886886
0.009952666349673019
0.028719138969044104
0.01630709788549202
0.019710633758044705
0.03948552716505813
0.006026162153671715
0.01596589556497945
0.023540412955465485
0.013207562550504428
0.01212828512369105
0.010974681112941725
0.009753882125000963
0.008473430582419809
0.0071412331910666585
0.0057655121864196345
0.004354754658457027
0.0029176602675237747
0.0014630876723687174
6.157233258665877E-15
0.0014625903074154665
0.002915676929887176
0.004350315050565993
0.005757676340102898
0.007129103207228734
0.008456161982299166
0.009730694707839481
0.010944869218245713
0.012091227201866664
0.013162729950774051
0.01564097027776602
0.015544606325267784
0.030864565827723088
0.020939293725318678
0.011101608198208173
0.03410763319157389
0.0115437880155544
0.023209616795097494
0.022901025032816307
0.013308585144974629
0.022995650349709712
0.022759789117064833
0.012288799308706341
0.033655484723472864
0.010715102599823756
0.015936339427598357
0.030185237721006505
0.014636902973937339
0.010778132989442678
0.01312927178095177
0.01205742301399771
0.010911491925411777
0.009698550779602777
0.008426082790692124
0.007101936019154895
0.00573427503534471
0.004331530647316291
0.0029023480018540862
0.0014555333780336447
6.026789456774857E-15
0.0014552867977802423
0.002901364716136284
0.004329329608798375
0.005730390233531052
0.0070959223006366685
0.008417521487010166
0.009687055090153617
0.010896712005367517
0.012039050719147197
0.013107045024557557
0.021104313063568823
0.019027386041927954
0.0096772118974383
0.0296095555026979
0.02350926260227591
0.010500048444550304
0.019979170999629925
0.017028757580073276
0.018177951371116483
0.02909317556998769
0.018420482569876554
0.017279467398757294
0.019428924092635712
0.01370867248554316
0.022166366076235844
0.023884681175916276
0.014145736632127079
0.01845113168114933
0.016992955153668197
0.013095955155909859
0.012027846164578344
0.010885648950797277
0.009676400843692541
0.008407551610462879
0.007086917623866577
0.005722633777812736
0.004323103446451207
0.0028969467941642717
0.0014529477539625896
