1.0
0.9989725854527318
0.9958941397184466
0.9907760398146913
0.9836371918337725
0.9745039478168528
0.9634099899352785
0.9503961825331843
0.909350261391403
0.8308252923809654
0.759194284776037
0.7372830399765952
0.716063668475197
0.7109943836842014
0.677778185180678
0.6508217716054182
0.6245427336172146
0.6135944253703669
0.5923251217557979
0.5707340101818112
0.5317372790358221
0.5081761203887506
0.46783185530094556
0.42873363610261583
0.38133876013344375
0.3476868636056602
0.32032139754752686
0.2967409573620743
0.2511370158073656
0.22127773531146036
0.21308128005148103
0.22614124616019454
0.22947997962547712
0.20167312991975447
0.17008068053330921
0.139273766327627
0.10934235931995509
0.0803717243920973
0.05244210162743618
0.02562841376529641
1.3787095278184382E-16
0.024379622781928012
0.0474529703716829
0.06916877240348822
0.08948212364992707
0.10835460493099762
0.12575437327165628
0.14165622109465556
0.1460651680694058
0.17529194634034712
0.2123671147131446
0.25347978252413045
0.26755362719367126
0.27121299742486804
0.2882673941597468
0.30605581040177554
0.30812179052797584
0.3002363146492269
0.2984530872336452
0.2914739539017598
0.29232177967646933
0.28295996877020074
0.2810111470214182
0.27293387412950726
0.2697898602677992
0.2585886375889745
0.2272057110445531
0.20108480813919297
0.18400260676059105
0.15990728723962302
0.10485148696335124
0.07908765782960324
0.076963528648198
0.09130375337943882
0.07826434592780059
0.0650953767031484
0.05187566279556255
0.03868235100081257
0.025590567982650324
0.012673085182488312
7.443046306847707E-16
0.012361565328204404
0.02434774582752783
0.035898195646728207
0.04695632858088989
0.05746953627456623
0.06738938324713122
0.07667177800935439
0.10914320936667692
0.13638497178439468
0.15162422018914185
0.12636221041597348
0.11586338100787948
0.11774468980150656
0.12772523203032438
0.11974325513216237
0.14439524143676497
0.14651965799038844
0.13839074261066459
0.13989366383541385
0.15166718276221772
0.13988847920745007
0.13801044805909757
0.14522638570941543
0.14088464563868894
0.11296556894888128
0.11859064010974257
0.10891808637668454
0.11481014538685731
0.1312540705015607
0.1421742220268862
0.1066882180254885
0.07198108911407185
0.05913896231121406
0.05093822132600518
0.042567565380628274
0.034079781627453426
0.02552745768586231
0.01696268746207078
0.008436783880032868
1.2662888837298484E-16
0.008298740059597222
0.016412099049191883
0.024294572090917677
0.031902718564962
0.03919537927375592
0.046133877870155146
0.05268220563223827
0.07834016204477907
0.11800034215963309
0.1450834669437181
0.13689912736104556
0.13716599493818402
0.11311651749222183
0.08894453347722281
0.0899631513434741
0.07477740250233378
0.08115862430157174
0.09509937442327628
0.09941795128228671
0.09337083072997719
0.09636588886730384
0.08884153197042095
0.07202358076395352
0.06604539188837481
0.08767619973369914
0.10117956247066698
0.12827034608190035
0.1479690431091288
0.14258900263267815
0.13370986582465988
0.11181390655681986
0.07549687562917846
0.043842373363555634
0.03785067190997272
0.03170319158088299
0.025439031390897756
0.01909749911995476
0.012717877975441178
0.00633919606914663
1.6880749522833586E-15
0.006261866202464896
0.012409475561785867
0.018407024902624858
0.024220032755730574
0.029815527373656517
0.035162223877610005
0.04023068962729745
0.03285420193975701
0.007504262386267944
0.029833931283942704
0.06771845987523532
0.0659579635749487
0.06705433509035479
0.05983317988995301
0.042913552220647695
0.07569561571347685
0.10128466658585104
0.11328997049354353
0.12931362422400952
0.13822410398403245
0.12854643744747704
0.11088634456451756
0.09580496212001395
0.06630520168600866
0.032473356940542625
0.05155412185239
0.05549636947837733
0.038924144575147895
0.029829669835938388
0.030934306847200613
0.04186383479685316
0.05157165768732098
0.03492661100535063
0.030194876749065597
0.025325216019945085
0.020348602879242218
0.015296350844884728
0.01019992261615935
0.005090740693764407
1.1180469110616345E-15
0.005041516417228057
0.010003617540090761
0.01485687937291396
0.019572813786123026
0.02412403027178895
0.028484389719774617
0.03262914937775126
0.022621028833362544
0.02784543406584401
0.03337167596691047
0.07249147229815649
0.0979249545343275
0.13230892585294476
0.14345554077115258
0.12451732829189567
0.08599116676082037
0.053817452286221604
0.03113589125557899
0.009665666918616917
0.004860800213178022
0.009019289242279852
0.03222055684550373
0.05650632035783135
0.08874514032935121
0.12606889086176865
0.13877030053815703
0.11749873346811845
0.07324153545002633
0.04643916203027879
0.011217692302394435
0.004492807088136199
0.013574771253301782
0.029106096167608432
0.025185915879490917
0.02114321444761238
0.0170036542840827
0.012793277347070173
0.008538345181071666
0.0042651788904569405
1.6711660799320118E-15
0.004231226855953978
0.008402948491873535
0.012490174076164609
0.01646862151045762
0.020314858443545643
0.024006437118553187
0.027522022293950912
0.047080423018313826
0.06631711507291076
0.07573042515761856
0.07402996982310232
0.05940225182659108
0.024179368074409457
0.03996159972804014
0.03865016721221627
0.017957595656277775
0.03173101102270968
0.05686984017436771
0.08422950391939547
0.0841655213561072
0.08287182352550344
0.05411659228263186
0.029306679928207062
0.023092972751711502
0.04407763498754995
0.04355644131293904
0.034455570446082426
0.06881165748129489
0.0782097791968005
0.06456792727303558
0.05162448378340927
0.026762653074370896
0.025021011314592077
0.02166522776058926
0.01819948054447612
0.014645715469343863
0.011026264246839675
0.007363706582083115
0.003680731678739792
1.6932193654040875E-15
0.00365599388569555
0.007265056556971834
0.010805428289309022
0.014255912122850095
0.017595998694537263
0.02080598611094354
0.02386709417238845
0.0473661390870184
0.04045719860834609
0.022693637473323387
0.022213959240344725
0.009650853868252218
0.028807113858448623
0.06540950856526463
0.09025193090277453
0.0759886657270053
0.0660442054815775
0.053351915806854146
0.04084941609535038
0.04175380779762836
0.041349063548340365
0.05356872953394577
0.06475770714584689
0.07132523725355867
0.08036069282309592
0.049654940766063985
0.019506979709164894
0.023724486146782256
0.03904702488240563
0.03169293303458262
0.04053484406946126
0.04352010553915236
0.022006789021948508
0.01906471839956667
0.01602286105365912
0.01290043166565432
0.009717023953109164
0.006492489323494167
0.003246814662535858
1.0307162855777325E-15
0.003228063207313973
0.0064177124435870385
0.009549632433254998
0.012604970668223593
0.015565449480288188
0.018413474000506566
0.021132235375584823
0.026051105734938473
0.017913076619400052
0.026073667910472505
0.03371437729843657
0.040021816568631984
0.053004993276575485
0.05576912887596508
0.058049712874212574
0.05015317359604624
0.04891118260898522
0.028629578532791283
0.035519449897135985
0.03803242864696932
0.0347240171584987
0.02903836653666447
0.0507394903331908
0.05027265061280487
0.05676954135717184
0.05388375882447143
0.04837232165065902
0.02539219760122766
0.01828106812419282
0.017603929289426615
0.016721073255818394
0.03738304893954216
0.019700210362086856
0.01707317065595644
0.014354647114388185
0.011561772961431106
0.008712048594941306
0.005823233049989878
0.002913234433610054
8.608155472965365E-16
0.002898593465298258
0.005764848289299561
0.008581352929308369
0.011331086723560296
0.013997521750363241
0.01656472119193818
0.01901743362329354
0.0048590323792042705
0.03090443422084714
0.054144505236174534
0.057974649194784705
0.05829752598143762
0.045921198774982255
0.02682953643395435
0.01883630183115392
0.02879890758561374
0.034613284765420436
0.04197440824332226
0.04262659512985607
0.031104808655585778
0.042275308328288734
0.04084736431337475
0.03173157948806232
0.0267006902312414
0.01914920499253342
0.03223859712577773
0.04825686446527667
0.05822008404314567
0.04772257274122328
0.05250698164041304
0.025278466244941313
0.015195815071112789
0.017886055366205
0.015505857279757354
0.013041013712296058
0.01050702679199609
0.007919752519507337
0.005295302366411462
0.0026499437508144866
5.3967046299624E-15
0.0026382495895458085
0.00524866898735632
0.007815363359245271
0.010322775102730547
0.01275577741173169
0.015099764812140676
0.01734074013054519
0.026176513749172806
0.025824723688640874
0.010078296212403842
0.023323576758078775
0.013553432224309124
0.00995224966808378
0.023861713778615252
0.03214207932158586
0.03486493444511047
0.05508734723240533
0.038448121030723516
0.03325169679762056
0.048265301504997644
0.03359417913717854
0.03850840749206676
0.05423553192957372
0.032376573035363454
0.027502588402358672
0.01931998065227328
0.007096135807435192
0.01752850300437051
0.03208448140803147
0.025053091879847722
0.03708035893290459
0.01088491207948669
0.016428752422944493
0.014246258644906005
0.01198480398315178
0.009658584444419813
0.0072821367458808925
0.004870248084484746
0.002437864729538555
3.3604866486006733E-15
0.0024283578107858485
0.004832337001507799
0.007197272964715566
0.009508797076710223
0.011752923439941384
0.013916132957624368
0.015985454238321282
0.03209615770466449
0.014810330317051111
0.003183409933040423
0.014052760103701486
0.031138155681543392
0.04314405416591892
0.03503592536797579
0.03977556599416824
0.03342939520319889
0.010783599503187975
0.02390114607972243
0.02270677639605684
0.012668598596969208
0.022234240435487076
0.023616447618517677
0.011217721321049558
0.03414387750196975
0.03957181516739658
0.03208804211349804
0.040501236884941665
0.023386383055385377
0.01956847049937383
0.018847661530518037
0.02777975588770513
0.0260445418406164
0.015238710305110856
0.013217291849708799
0.01112167627822809
0.008964995797926893
0.006760710998606873
0.004522527309870902
0.0022643102517677185
3.568487948324231E-15
0.0022564742107792895
0.004491279322587013
0.006690762809978714
0.008841535644207848
0.01093055336436612
0.012945194766963744
0.014873337741863965
0.0221242962783006
0.046659491354670374
0.050340905393771895
0.027572285709692643
0.030369447778389052
0.023718968774040596
0.030500654876931012
0.020575828941427923
0.01914208969753728
0.039678346740606295
0.031525541727486034
0.03858374393283114
0.047565702240196454
0.038440321785501885
0.03094168633689191
0.038585914706667244
0.018983279284815205
0.023536577335553036
0.03195718881486043
0.02505218639718053
0.033240967160010924
0.019774761164097425
0.040815258864424386
0.03274713546199761
0.02632415830653069
0.014254402945587817
0.012365975136844167
0.010407368373057209
0.008390836793722736
0.006328951709564749
0.004234523600872658
0.0021205228934396483
5.894416036085218E-16
0.0021139948823748035
0.004208491728064236
0.0062706799042025856
0.008287986175756514
0.010248151021479239
0.012139302799510025
0.01395002931599977
0.006726665737912794
0.02200914606198965
0.036202250882306254
0.023415102831276326
0.014685858928816234
0.027375921509560922
0.017998730201080292
0.020460373729277906
0.03241717529462734
0.019727092543026566
0.025787710568578332
0.020483441586990822
0.037037037037041996
0.020772814188227507
0.025941932969211805
0.02031277280187814
0.03183836129566887
0.017332703257171293
0.01827340732214122
0.024400943128556424
0.01604166544617724
0.024168321485347106
0.03182520278655199
0.01489685801087605
0.01520879252889346
0.013432231125050252
0.011654737426119484
0.009810470346245406
0.007910951711352263
0.005968010510534408
0.003993709529250374
0.002000270752832576
7.643545781990812E-16
0.001994788750869414
0.003971848879042972
0.005919076020936644
0.007824581895463128
0.009676766606714142
0.011464388985836307
0.013176634547163456
0.013812482090846913
0.0402699057817359
0.015335060165295398
0.03408591346468017
0.03475580437731506
0.02405243806985845
0.025809807525632313
0.03220137866829544
0.020954799068489613
0.026966392118400507
0.02236437621590571
0.025467111433254464
0.022858769638686275
0.025057265458663318
0.02206235942163115
0.025936913401534607
0.02151733574525915
0.030994577174990223
0.02502187429992724
0.022531188856556982
0.031596415664612874
0.033950465046522514
0.025579809847110606
0.053261497199483095
0.00803594687856512
0.012740489276201573
0.01105624082002877
0.009308114012787978
0.007507015135157327
0.005664148820682984
0.003790948594129291
0.0018990061775863208
4.3037455063916475E-15
0.0018943766504780513
0.0037724873907033305
0.005622823984444512
0.007434076627065513
0.009195202845305882
0.010895494593692398
0.012524643141226588
0.01917101326839041
0.02435310129161443
0.010653449552905536
0.01665081958039015
0.012936666304014067
0.023662706810299215
0.023428608395170452
0.022301320149336303
0.024487057414314426
0.02868888399486092
0.027547689001189066
0.028355894641627778
0.040846776998381205
0.028373230699714855
0.027712224471272143
0.02931017841253922
0.023050882071818834
0.024282788654089057
0.02282082330495613
0.027522836623722166
0.011966921849791801
0.020347304564298115
0.008187158725976513
0.014102141519490578
0.014559974124491018
0.012155621864996823
0.010550164881388793
0.008883293100555866
0.007165392548763683
0.005407139946448814
0.0036194365538964953
0.0018133407843700176
4.207398915152761E-15
0.0018094180900317244
0.003603794008246253
0.005372124644473219
0.007103590532066853
0.008787621854598693
0.010413962781395345
0.011972733741578319
0.015794651840749564
0.030423421970816805
0.01871582262109192
0.0076675335877401714
0.03167734364441435
0.012066157473562048
0.029967928389484175
0.01391998493498334
0.031167785941345956
0.012686099653669786
0.01455557791924411
0.019227872630044145
0.01164185356578352
0.019425166108797264
0.014007736017027862
0.012249100101929594
0.03228757522729163
0.013174321554834277
0.029789482271825395
0.009350832116230457
0.036864568415409
0.008354904454871828
0.013139225550082177
0.01605699906383988
0.015446869242941301
0.011659817132507761
0.01012113801466591
0.008523137976572996
0.006875761877448591
0.005189238702479966
0.0034740182182201648
0.0017407063958120499
1.1166222705839707E-14
0.0017373792535306173
0.0034607505683650033
0.005159539561489909
0.006823342980646031
0.008441992249956702
0.010005615456479133
0.011504697401002472
0.011850049741074238
0.025434432569890787
0.02410299665421592
0.04165335524609554
0.01570527510835616
0.03449346241488168
0.01422562028166675
0.02796162389795829
0.006345308872294559
0.029860986515610543
0.03414858386987665
0.021902440754576376
0.02464286425609827
0.021595337661215283
0.03451596243385437
0.029170584185859154
0.006723122978699256
0.027130753434501463
0.015646724647486798
0.031492242231895895
0.013152379754429204
0.040636392457082685
0.02233185871205592
0.0305403111689868
0.012729571765904753
0.011239413419893573
0.00975736646651
0.008217771418263613
0.006630198648216074
0.005004497114995638
0.0033507334073825724
0.0016791295566403503
3.0574897440037168E-15
0.0016763119168642887
0.0033394975085006048
0.00497934599941858
0.006585807068175052
0.008149052303017008
0.009659535194482378
0.011108049299678149
0.012769226560287662
0.02581719221172715
0.014873858786356553
0.015694023029540784
0.038450849424424643
0.013274878000869909
0.014373530797836051
0.029212320655532746
0.03376860816151297
0.02058132643115847
0.01388402497053979
0.029112336005830918
0.02216836928848424
0.02928213459372716
0.014760739314046704
0.021330425245018565
0.032676455259858794
0.031325148737672705
0.01024370918292216
0.018037495772474727
0.03317996800032542
0.014468904055673233
0.01707119365208196
0.021952497564231815
0.013644520796524529
0.010883816402474584
0.009449702303217698
0.007959530298467018
0.006422553345605202
0.004848298416953926
0.003246507573128304
0.0016270778027927687
1.2321453055394155E-14
0.0016247025454887234
0.0032370357671759062
0.004827096171892714
0.006385131545157087
0.007901600640541684
0.009367231488444112
0.010773077968523686
0.011056374369212722
0.020301289650465994
0.02090937812354499
0.02161328248047378
0.009080617407918852
0.014700196134838936
0.03422054370197845
0.016942617246346627
0.02447279318827931
0.016850413035374576
0.035562708104328974
0.010067584948801257
0.025781299727324906
0.009917371408627093
0.035191079868345174
0.016476541632259065
0.02558521786069719
0.015343987441962617
0.036102756034900145
0.017239319860705468
0.0130971512562232
0.01845825600040721
0.018122543191918476
0.01868891546668347
0.013495738387622117
0.010584747402736296
0.00919099605604954
0.007742424727152822
0.006248018519869863
0.004717032902417707
0.00315893649575664
0.0015833526258632804
4.170618472369097E-15
0.0015813671279578864
0.003151018935384259
0.004699309784055906
0.00621673738210674
0.007694000992685203
0.009122058333464498
0.010492180819390027
0.00863111082375781
0.00834828998356434
0.017004253386533247
0.01223580061233127
0.019198165850960378
0.029130692790391443
0.012219126564739727
0.036830134948452116
0.01589782994783927
0.02025892901365423
0.03284315466854935
0.030267031530814493
0.01192089820178954
0.0301700430107285
0.03357533893380087
0.019264031467948403
0.014677845801159608
0.03667015806163004
0.01402113123635975
0.0276972476458423
0.022196728728557272
0.010524029620688755
0.02080923516688911
0.008478398392679753
0.007996508897379611
0.010335712165387041
0.0089756390476425
0.007561755518896476
0.006102822496021852
0.0046078684891876515
0.0030861338289844796
0.0015470136525551547
2.787847344965853E-15
0.0015453766227161447
0.003079605855297455
0.0045932559091504885
0.006077031449697795
0.0075218305803157305
0.008918800579129998
0.010259392048021206
0.014228286281425976
0.019317542471264413
0.00690725059006367
0.02233395140834679
0.007473575256765832
0.02448061085647722
0.032765222626378356
0.0064588231896353975
0.020514606332681134
0.02893362489114125
0.01984768181436536
0.012761671819021138
0.03782494665826032
0.012900878513128685
0.018699471107240212
0.030241301427379474
0.01851851851851738
0.005487154054483528
0.03083354054265594
0.022109129473433128
0.002625734676394011
0.02476219435006647
0.009214737280971342
0.021567693677260847
0.009115507472218473
0.010131620185260556
0.008799235330316365
0.007413839913162529
0.005984009696899985
0.004518586115975664
0.0030266216949493777
0.0015173242190190375
3.0395731836788806E-16
0.0015160034130015582
0.003021354726474981
0.004506796245606273
0.005963200715943417
0.007381627315085286
0.00875337645160145
0.010070043035627781
0.01764647357029388
0.008332438993206397
0.015808120184443244
0.0029124660046811173
0.031016835086053025
0.02162609474392378
0.014176012098728099
0.033060838132671334
0.026421511127095346
0.002289835829827162
0.038277922134310416
0.02529774931847251
0.009924044164117933
0.025199155553632228
0.038007588552688584
0.0034564538730239317
0.028090024926629743
0.032116564597519034
0.013131509495324765
0.024585332108750534
0.028915245641172396
0.0046236891861625735
0.011330851747922858
0.0073020757007445335
0.017046747765449274
0.009968509378491346
0.008658364370338931
0.007295813132386454
0.00588928168208903
0.00444746061553784
0.0029792514936956933
0.0014937119704655042
1.318306378706088E-15
0.0014926825330916617
0.0029751464147002513
0.00443827158538682
0.005873063161216908
0.007270706647691226
0.008622622008374296
0.00992051625684245
0.012613233644916807
0.011918479663436994
0.01613403771506295
0.03202110590588116
0.009238758411809801
0.01092427835723273
0.02654074275877042
0.0069124418786079885
0.012986069964283099
0.036450585837781796
0.0047868532683509445
0.015552848900768806
0.031222978393878647
0.01556434377206589
0.005805750100519174
0.03601223223904777
0.015107895811286133
0.008555588872943729
0.026835784650342892
0.013547808495371553
0.010275952574724308
0.031624748989855185
0.01336878401581536
0.005351928321200346
0.017984455938770894
0.009843346313617034
0.008550408863453623
0.007205484406090572
0.005816881820233516
0.004393174290420349
0.0029431464544607657
0.0014757402795394857
8.312585306044282E-15
0.001474983544644267
0.002940128829364885
0.00438641947750402
0.005804959666127999
0.007187028762764165
0.008524134858665438
0.009808066870149935
0.0027480740361449335
0.027621891297032186
0.015688242957875412
0.008498843228655226
0.02231208993182848
0.031249729119837373
0.010581634985800262
0.021034958759768085
0.030324778149127964
0.021611193476250262
0.02584454417322671
0.023686293358648712
0.02486280456519608
0.023677845602681664
0.02503799124818838
0.022448822882530934
0.029142306614256586
0.01922561011625056
0.01125180995108187
0.02855904735041942
0.02674668561254887
0.00840790796193417
0.015891761936206644
0.02613593678348464
0.009634306383274161
0.009753882124998734
0.008473430582416166
0.007141233191069245
0.00576551218641897
0.004354754658458744
0.0029176602675300652
0.0014630876723676842
3.31188253383247E-15
0.0014625903074155157
0.002915676929889266
0.004350315050562777
0.0057576763401012195
0.007129103207226536
0.00845616198229134
0.009730694707837611
0.013339177578736837
0.00682932517622139
0.023063526966877974
0.016705355065986062
0.013150320626907607
0.02413238820304096
0.024880889732176795
0.019254273281123512
0.026660610541273624
0.023347416516357637
0.018880509400770632
0.017038868260352242
0.014485461180175766
0.017133289164553808
0.019117449036082892
0.0222968666264453
0.026515635545452193
0.02008084497599213
0.023819412134744866
0.024123051921185454
0.010301653395406002
0.01483669271290752
0.02691900031780559
0.014329861311383068
0.004838387599109431
0.009698550779604591
0.00842608279069291
0.0071019360191583916
0.0057342750353428125
0.004331530647317548
0.0029023480018609527
0.0014555333780329302
3.730055746803967E-15
0.0014552867977854886
0.002901364716138871
0.004329329608802083
0.005730390233519626
0.0070959223006384605
0.00841752148700648
0.009687055090159854
0.01995417663823247
0.011854395457269289
0.006046327366039897
0.021493000838834753
0.02711646319840399
0.01106766414290707
0.016831888788490797
0.017054110230322328
0.01810519071818724
0.022458598019346125
0.017299985445608262
0.02181719682207142
0.021627963242961516
0.02171655101407368
0.01742766935625467
0.02186781216938971
0.01833324018977071
0.018053691567371594
0.017790429166962836
0.012807709579245073
0.020673623826775286
0.023445754049339917
0.008414289743081895
0.02005490938931806
0.01645721872786298
0.00967640084369251
0.008407551610459784
0.007086917623866128
0.00572263377781329
0.00432310344645336
0.002896946794162595
0.0014529477539632007
