1.0
0.9989725854527298
0.9958941397184462
0.9907760398146903
0.983637191833768
0.9745039478168519
0.9634099899352747
0.9503961825331836
0.935510392739227
0.9188072805050679
0.9003480590739809
0.8802002270235789
0.8038805830269259
0.7354101826570356
0.6923564918845014
0.6219650850240549
0.6038955329039571
0.5933089897408771
0.5638181777453297
0.5600367007903454
0.5466550875399984
0.4971413148857263
0.43897858929844785
0.4068101085758918
0.3574668855256558
0.31617749991635613
0.3240563320310388
0.3095520291077268
0.3182119213598716
0.3339538200796363
0.30020068627509616
0.26683328132118705
0.23395677675898327
0.201673129919753
0.17008068053331024
0.13927376632762745
0.10934235931995527
0.08037172439209735
0.052442101627436635
0.025628413765296936
0.0
0.024379622781927797
0.04745297037168277
0.06916877240348782
0.08948212364992632
0.10835460493099736
0.12575437327165598
0.1416562210946546
0.15604160438810757
0.16889863993921295
0.18022207187652964
0.19001320791218126
0.24019980881977304
0.2768335667322655
0.2993740535354343
0.33193083535067297
0.33349763390464415
0.32689833241422506
0.3307637233355832
0.3087214304357824
0.29063318512163133
0.30064081185347385
0.3137675774618408
0.3006936010838585
0.2960215235683886
0.28262041305776203
0.24819552949008022
0.21952957064736314
0.18578285259498256
0.14055159595840225
0.1288390805231738
0.11667245240793671
0.1041334746462168
0.09130375337943837
0.07826434592780003
0.06509537670314816
0.05187566279556181
0.038682351000812784
0.025590567982649876
0.012673085182488332
9.657363540944301E-17
0.012361565328205416
0.024347745827528133
0.03589819564672847
0.04695632858088943
0.05746953627456612
0.0673893832471313
0.07667177800935185
0.08527711967004835
0.09317041956355274
0.10032139756208609
0.10670455287113904
0.11188267407358025
0.10791334996062774
0.0892996506322693
0.07492314699978875
0.08179125284155382
0.10013953179240877
0.11473355441696159
0.11247118340808797
0.11020821420615044
0.11250476573590144
0.11489988827615859
0.09857770024381547
0.07848433091889034
0.07698933280327838
0.09324285503156281
0.1115275108739977
0.1070745973466637
0.08919691902778006
0.08219714680739948
0.07482035430154874
0.06711710121238239
0.059138962311213454
0.05093822132600418
0.042567565380628614
0.034079781627452524
0.02552745768586318
0.016962687462071652
0.008436783880032644
3.792441764411983E-16
0.008298740059597074
0.016412099049193392
0.02429457209091815
0.03190271856496264
0.039195379273756346
0.04613387787015421
0.052682205632238986
0.058807188768007085
0.06447863753738974
0.06966947658610814
0.0743558559953379
0.0758236328407162
0.08870542315146088
0.10423891236133977
0.10490024815604727
0.1111554633608306
0.1178575367646576
0.13254083809879685
0.13426541894273794
0.12857084429019092
0.1315822252711448
0.12619321597370028
0.1090578528868939
0.10459659689378092
0.10339482723333424
0.09630176482699677
0.07879457502573371
0.058684404685029674
0.06548986096701331
0.060499877003651406
0.05520449656085675
0.04963964052493715
0.043842373363555676
0.03785067190997271
0.03170319158088328
0.025439031390899553
0.019097499119956278
0.012717877975441605
0.006339196069147407
6.071301842320936E-16
0.006261866202464662
0.012409475561785873
0.01840702490262456
0.024220032755730758
0.029815527373656354
0.03516222387760906
0.0402306896272974
0.04499349698178013
0.04942536269936727
0.05350327330829141
0.057206595866657405
0.09314870866782177
0.11401479597181514
0.11404610495554621
0.11056210439864694
0.06560748033215937
0.06513726897516427
0.09796973046182614
0.11161637078980394
0.11160462633129939
0.11123452608600837
0.095963159345226
0.061586505764731944
0.06595840939760735
0.11128424096107781
0.11157736465239722
0.10667163709200053
0.08793722322071935
0.05187727902217796
0.0479935866512011
0.04385524009181637
0.03948997423526526
0.03492661100534907
0.030194876749065905
0.025325216019945033
0.020348602879241506
0.015296350844885223
0.010199922616159636
0.005090740693765015
9.93770102367498E-16
0.005041516417228505
0.010003617540090848
0.014856879372912869
0.01957281378612293
0.024124030271786563
0.02848438971977472
0.03262914937775074
0.03653509821676794
0.04018068198682811
0.043546117313200676
0.046613494253768276
0.02016025827888486
0.05079828792331888
0.07921603583132358
0.13130588466326232
0.1266390324417645
0.08035530072664022
0.048416911194813186
0.049563277670229194
0.05129843827830427
0.04799889378573023
0.04747438910775303
0.08272953813369342
0.12923732819573938
0.12972564879992218
0.07489509737912814
0.0458912832460443
0.02092280870826177
0.043070478637467234
0.039883901941638114
0.03647909300014337
0.032878631378332274
0.029106096167607735
0.025185915879489814
0.021143214447610383
0.017003654284082407
0.01279327734706857
0.008538345181071882
0.004265178890455841
1.159806906637103E-15
0.0042312268559547605
0.008402948491873148
0.012490174076165223
0.01646862151045719
0.020314858443544644
0.02400643711855384
0.027522022293951544
0.030841511525970887
0.03394614715006218
0.03681861935329927
0.03944315978678661
0.060812822616637556
0.0549329205030084
0.06453286822694687
0.06426254631979901
0.054141314481524545
0.024291808590328125
0.047560300582878336
0.08364861397573625
0.09479813400226028
0.08270627381026184
0.044822098920669934
0.02253108044250036
0.05025142485938844
0.05239564167187456
0.05449585842860102
0.04693405082787423
0.05354435035834735
0.036926673868341794
0.03421776046338208
0.03131765050089699
0.028245407809626703
0.02502101131459227
0.021665227760587127
0.01819948054447634
0.014645715469343271
0.011026264246840117
0.007363706582084166
0.003680731678741653
1.2216177599192575E-15
0.0036559938856953298
0.007265056556971862
0.010805428289308968
0.014255912122851596
0.01759599869453506
0.020805986110942292
0.02386709417238827
0.026761572296946187
0.029472800534868292
0.031985383108939176
0.034285233964675005
0.03270811720859998
0.0359550917177485
0.04885537074897638
0.07915495093525667
0.11165455077602232
0.10158755667312712
0.06553316995988978
0.02376515637669896
0.008646835715390745
0.02417051218561061
0.06657441535501883
0.10131134751097319
0.10603256818351356
0.06992423362337473
0.04518084436249328
0.032744106270340675
0.03368573860464572
0.032412810856047566
0.030050316655058702
0.027517322639370033
0.024830357014186094
0.022006789021949795
0.01906471839956695
0.016022861053659267
0.012900431665655332
0.0097170239531079
0.006492489323494442
0.0032468146625366577
2.4894541227462606E-15
0.0032280632073150247
0.006417712443588963
0.00954963243325521
0.012604970668222252
0.01556544948028978
0.018413474000505504
0.021132235375584223
0.023705808643463867
0.026119244705547124
0.0283586558717109
0.03041129449570651
0.03206559516638449
0.04710378258120173
0.03483838710938544
0.030984088356765447
0.009256963039684696
0.02015972297441222
0.011866490084104439
0.04502657740059779
0.06245751242208182
0.04417601722918131
0.01288643431663925
0.02067609610404716
0.010509404766835227
0.03742743870446951
0.037617958192114775
0.051526220298009316
0.030277807234287385
0.02896962945826256
0.02686882837511638
0.02461377993509541
0.02221910702400263
0.019700210362085833
0.017073170655952586
0.014354647114386823
0.01156177296142893
0.008712048594938718
0.005823233049989326
0.002913234433606871
1.780740744641635E-15
0.002898593465299709
0.00576484828929891
0.008581352929307805
0.011331086723561071
0.013997521750356748
0.016564721191942244
0.019017433623295256
0.021341182673570783
0.023522351538320115
0.02554826185445608
0.027407246486220574
0.027917932279513863
0.002197641543334295
0.019131367663304432
0.022670832651642714
0.04890634494038329
0.07859864170802178
0.0685010345709662
0.03913318689376923
0.026973239642899265
0.039291762580346286
0.06769413961358109
0.07578094838114378
0.04343634584893724
0.019203357384604495
0.014082561363447385
0.004552162175777623
0.024778637308340016
0.02626807974202242
0.024371076804365382
0.022332853656681598
0.02016655638883885
0.01788605536620618
0.015505857279755146
0.013041013712297454
0.010507026791995553
0.007919752519509089
0.005295302366408336
0.002649943750818979
2.9933734456847357E-15
0.0026382495895470024
0.005248668987356235
0.007815363359244815
0.010322775102731566
0.01275577741173407
0.015099764812139765
0.017340740130546522
0.019465397382425722
0.021461200092845256
0.023316454592684513
0.025020377865609754
0.03352113927635741
0.06614855331519544
0.053421225933808596
0.04170449041214654
0.03996096886287203
0.026100253730058812
0.0358596565328356
0.02910419118844586
0.03357226775883454
0.02924733851573816
0.03655964161128352
0.026435891242436765
0.041648027984296454
0.037365563915194286
0.054845580282590525
0.06482058256659927
0.03456367753712107
0.02410201114996777
0.022367460989531608
0.02050230555744504
0.018518518518521772
0.016428752422942724
0.014246258644905675
0.011984803983148506
0.009658584444419156
0.0072821367458790675
0.004870248084485175
0.0024378647295382827
2.4411404070626855E-15
0.0024283578107913593
0.0048323370015073966
0.007197272964718137
0.009508797076711876
0.011752923439938582
0.01391613295762573
0.01598545423832169
0.017948540849471607
0.019793744462758948
0.02151018346102414
0.023087806605617895
0.014418451789528483
0.009127270318158503
0.019298849496685918
0.035348314451303466
0.013938108184843437
0.04260775273029021
0.04207791847362451
0.03535713891163978
0.03063321787649746
0.035037198807059564
0.04049036980314571
0.040457980471219686
0.01260621150646969
0.03984184813297356
0.020706971483467833
0.005206506957805215
0.014751742641701315
0.0223357777884703
0.020733088768745037
0.01900855764427378
0.01717320964004502
0.015238710305111182
0.013217291849714189
0.011121676278227289
0.008964995797927469
0.006760710998605734
0.004522527309871994
0.0022643102517692516
3.4578664208276186E-15
0.0022564742107772217
0.004491279322589891
0.006690762809976471
0.008841535644209645
0.010930553364368415
0.012945194766963947
0.014873337741865614
0.01670343180137442
0.018424566870806205
0.02002653793330852
0.02149990514810518
0.03265326734432871
0.036519608790670476
0.04641481261903945
0.003122121324705699
0.046248703176286335
0.029950589516274738
0.038668089442386824
0.039332572884979
0.03496666254209268
0.039519958379815125
0.038282219421849915
0.030268108396607082
0.04619783817950154
0.0053597863763164616
0.04235400923159825
0.030208458574144975
0.03055324570324626
0.020876550878774932
0.019382415367131846
0.01777374660517228
0.01606079112866578
0.014254402945587502
0.012365975136842544
0.010407368373055764
0.008390836793718357
0.006328951709566731
0.004234523600869809
0.002120522893441556
2.2682793814238773E-16
0.0021139948823755096
0.00420849172806179
0.006270679904201177
0.008287986175753017
0.010248151021481269
0.012139302799508665
0.013950029315998614
0.015669446367280567
0.017287262845732874
0.018793842021817442
0.02018025863917698
0.023843439217747987
0.03224815858633078
0.01791879258003653
0.05270197120257521
0.008400618558085363
0.02067248195027521
0.02046117683200845
0.01867760127808004
0.018518518518514767
0.018246681056801384
0.02036179509028785
0.01937239353136062
0.008422093958365824
0.05122636147104563
0.01831797805228717
0.03715629465100896
0.02585059306350391
0.019658737610330497
0.018254951168106655
0.016742774869489958
0.01513180846433217
0.013432231125053234
0.011654737426120866
0.009810470346243683
0.007910951711348807
0.0059680105105372055
0.003993709529244306
0.0020002707528303655
1.810762401308051E-15
0.00199478875086586
0.003971848879045781
0.00591907602093499
0.007824581895459353
0.009676766606716484
0.011464388985834118
0.013176634547164816
0.01480318064946906
0.016334258471108695
0.017760711428656813
0.019074049690998147
0.018348620849626032
0.02783316989494306
0.023759926705551646
0.01411891731609366
0.041208407387936394
0.035530768046803544
0.026557977610649455
0.03960740889165134
0.045782335696582036
0.03943293855735108
0.02589545170148948
0.03595251193627521
0.03993088807702734
0.013720478829638586
0.02280433244741872
0.02794324420408173
0.015285805112126963
0.018634751619663107
0.017306785855209738
0.015875622498040927
0.014350319253920985
0.012740489276204964
0.011056240820028615
0.009308114012787621
0.007507015135161617
0.00566414882068331
0.0037909485941280295
0.0018990061775884305
1.9824762679057507E-15
0.0018943766504779538
0.003772487390703252
0.005622823984443638
0.0074340766270642395
0.009195202845306599
0.010895494593693348
0.01252464314123073
0.014072801356569499
0.015530643016463805
0.01688941878175957
0.018141008505868205
0.028042822877607277
0.033520146159867675
0.024793887296412846
0.03143925375636033
0.015178375085588636
0.011745578302545792
0.025719532412259175
0.012233927176304492
8.36481243340067E-4
0.012423430229966342
0.025875996351531073
0.012460767030538474
0.016769467003929246
0.029834914302801177
0.024912892793089482
0.02830884605080938
0.027094922361686993
0.017769308106982882
0.016505344286025434
0.015142585844552999
0.013689633232422506
0.0121556218649981
0.010550164881389507
0.008883293100556633
0.007165392548764337
0.00540713994644931
0.0036194365538998437
0.0018133407843719269
1.2339044167334664E-15
0.001809418090032001
0.003603794008245756
0.005372124644472743
0.007103590532063822
0.008787621854599227
0.010413962781393385
0.01197273374157799
0.013454491259360109
0.014850284989616208
0.016151711609942894
0.01735096524590328
0.012084176051766383
0.023841104393245625
0.017375760842301642
0.014924111615788575
0.02929710427516969
0.03623124884411923
0.01919520470795461
0.028701394868524455
0.044058141198014864
0.02838906529973763
0.01922107596335726
0.03567928363934629
0.029292672307272716
0.01506468236380981
0.016160558514032124
0.024453336226717977
0.013507677504565321
0.017035768917319637
0.015826024000830143
0.014521222122821335
0.013129576318164436
0.011659817132509695
0.010121138014667177
0.008523137976576787
0.00687576187744952
0.005189238702478158
0.003474018218221661
0.001740706395811626
1.0645678455582534E-14
0.0017373792535243723
0.003460750568360478
0.005159539561489944
0.0068233429806499445
0.008441992249952193
0.010005615456476647
0.01150469740099836
0.012930137348574526
0.014273304129172206
0.015526088255907676
0.01668095074674223
0.019920452555568423
0.012845126896677361
0.024588659480205985
0.03358736513739549
0.02876468404850739
0.02438615156809214
0.02281124998444718
0.020364954108429183
0.017242837407050196
0.020485574056666546
0.02247781908523349
0.025011639159961702
0.029072532416830596
0.03419915652328989
0.02488758400707258
0.01421969205338791
0.018224594545677264
0.01641372860143293
0.015249972865767599
0.013994328584074029
0.012654679837933105
0.011239413419894708
0.00975736646651015
0.008217771418266608
0.0066301986482135734
0.005004497114998597
0.0033507334073869903
0.0016791295566409492
1.3791972494599248E-15
0.00167631191687334
0.003339497508488976
0.004979345999418766
0.0065858070681806035
0.008149052303017275
0.009659535194489529
0.01110804929967866
0.012485784224260194
0.01378437908291353
0.014995973114476105
0.016113253146077783
0.017538831511356545
0.022266088095348316
0.017678035926048254
0.007371720350619656
0.0358033517202362
0.02273066095220717
0.021475398211612
0.020514187622666904
0.030551980897130775
0.020477825849667546
0.021502580743481974
0.021553716723008143
0.03604176594566182
0.00593199409740564
0.018758603050892723
0.019406857113300504
0.017391895392156877
0.015887378229223162
0.014762581844750662
0.013548571158454353
0.012252950983884413
0.010883816402480389
0.009449702303210827
0.007959530298471141
0.006422553345605162
0.004848298416962125
0.0032465075731339683
0.0016270778027903943
6.7744926918824656E-15
0.0016247025454958447
0.0032370357671778556
0.004827096171895759
0.006385131545152945
0.00790160064053621
0.009367231488450183
0.010773077968522405
0.012110574301544545
0.013371587129267212
0.014548464866396776
0.01563408402589085
0.01819594560238577
0.02219529218462886
0.019498183780605714
0.03183988588865988
0.018158448661842855
0.024555446064716494
0.02149418188643328
0.020501641296242514
0.024425430076890686
0.02039954919253386
0.021837283028846303
0.023896847044834645
0.015996473063907595
0.031033784303785977
0.01695246765709611
0.02389109897621313
0.019659944540171833
0.015444371757691268
0.014352440193513545
0.013173533359922987
0.011915019650558181
0.010584747402746189
0.009190996056050919
0.007742424727156612
0.006248018519871395
0.0047170329024190955
0.003158936495759517
0.0015833526258664794
6.579213337163857E-15
0.0015813671279577076
0.0031510189353787595
0.0046993097840571365
0.006216737382101826
0.007694000992688045
0.009122058333467888
0.010492180819403917
0.011796006812009981
0.01302559255094283
0.014173460457967062
0.015232644520594264
0.0120216621943276
0.00928257166744058
0.02787407939177912
0.01389079620499889
0.027797467752390243
0.01981894601539555
0.017556058251093944
0.02303521356814587
0.017826829697377505
0.0231224143023833
0.017120119549448795
0.02062615468510299
0.026094466748821453
0.015353231762485844
0.029839280298171896
0.009882448442955017
0.009944052150679915
0.015075026171651825
0.014010597974023136
0.01286104467593646
0.011633535736643457
0.010335712165389286
0.008975639047647128
0.007561755518892958
0.006102822496015841
0.004607868489186282
0.0030861338289817565
0.0015470136525564298
6.423016557677192E-15
0.001545376622720363
0.003079605855298739
0.004593255909151149
0.0060770314496909434
0.0075218305803115715
0.008918800579126342
0.010259392048028866
0.011535411143222558
0.012739069568691945
0.013863032028238298
0.014900460847377292
0.024704191266849834
0.024212845790197217
0.004056014321145613
0.02699273556445576
0.01914170669208092
0.013284145864847266
0.030044168954445206
0.015397671159732574
0.019956915393912502
0.015299252082721905
0.03037055193750159
0.01277541638570111
0.021004233262961462
0.026705669413578263
0.0035531216639054534
0.0220630436027294
0.02505453627674902
0.01477174899578015
0.01373003804924148
0.012604699581216579
0.011402737382909934
0.01013162018526448
0.008799235330316409
0.007413839913161222
0.00598400969690173
0.004518586115972173
0.003026621694952887
0.0015173242190101835
1.7355815554736122E-15
0.0015160034130035367
0.003021354726475176
0.004506796245599078
0.005963200715944424
0.007381627315086025
0.008753376451606055
0.01007004303563565
0.011323567895691847
0.012506287027606916
0.013610978374996826
0.014630905856407136
0.007747101188610317
0.015974002440027068
0.031918453738809416
0.02179617768198091
0.012686550146291317
0.0261430964520653
0.007035844082750068
0.02396494073128875
0.023999113526091582
0.023914455809124574
0.006603110609352599
0.025878465737524572
0.012004670791190403
0.022436690783687065
0.02999240083649336
0.018115193480766855
0.009669638274009896
0.01452862451509409
0.01350529438704691
0.012399509771537491
0.011218138743395598
0.009968509378497326
0.0086583643703326
0.007295813132389949
0.0058892816820971736
0.004447460615539744
0.0029792514937031127
0.0014937119704644638
5.228625641932509E-15
0.0014926825331017897
0.0029751464146990534
0.004438271585384123
0.005873063161206835
0.007270706647696451
0.008622622008374705
0.009920516256842373
0.011156434250424943
0.012322807374816228
0.013412499822263755
0.014418852180572818
0.021719757427489328
0.011002378074974747
0.011404507926680562
0.023450639519336076
0.024030394710187662
0.019270092185711952
0.0317537369435637
0.01526666085566475
0.009200298192002547
0.01534278654721878
0.0315844495738173
0.020216793109069313
0.022799829578939737
0.02244108434856808
0.014378165984180487
0.009865055581284561
0.019928643643929905
0.014341113543081322
0.013332175107197447
0.012241651830624735
0.011076303439816325
0.00984334631362824
0.008550408863453509
0.007205484406092662
0.005816881820236873
0.004393174290418803
0.0029431464544614097
0.0014757402795378828
7.172868018605851E-15
0.0014749835446397094
0.0029401288293691725
0.004386419477497383
0.00580495966612828
0.007187028762771239
0.008524134858657934
0.00980806687015458
0.011030944889173295
0.012185268474428218
0.013263962587797091
0.014260420895057564
0.01695895017372704
0.024474817209720754
0.012579556303779047
0.025083012244702756
0.02064981898273752
0.014385849571413164
0.01024637423092596
0.020502245446926574
0.03148349872271366
0.020410330407166926
0.010733583752962616
0.013186550357888342
0.022576805840221377
0.02501760237590267
0.010073987348660269
0.024254693943246898
0.017903834612348866
0.014205836626892092
0.013207562550501787
0.012128285123687486
0.010974681112942196
0.00975388212500553
0.008473430582414754
0.0071412331910705945
0.005765512186428684
0.004354754658459833
0.0029176602675211527
0.001463087672362029
9.965242627161131E-15
0.0014625903074128174
0.002915676929886704
0.0043503150505619665
0.005757676340102601
0.007129103207225027
0.008456161982295998
0.009730694707836584
0.010944869218252617
0.012091227201869961
0.013162729950770816
0.014152801518090535
0.012947780726619023
0.009017113105215465
0.026052587275697238
0.013294593700097387
0.019467110747782793
0.02655969974110961
0.02587252905296754
0.018060636009219408
0.016435680411019414
0.018097814580173392
0.025514766115899715
0.026449008687079653
0.02127544751051532
0.01273577226691819
0.0260699461356881
0.010767156415357646
0.012383071112875678
0.014120420498241157
0.01312927178094882
0.012057423014002233
0.010911491925410504
0.009698550779602674
0.008426082790694936
0.007101936019156619
0.0057342750353451466
0.0043315306473125596
0.002902348001855908
0.0014555333780328819
4.318228057162842E-15
0.0014552867977832052
0.0029013647161386176
0.004329329608795581
0.005730390233526643
0.007095922300632472
0.00841752148700903
0.00968705509014814
0.01089671200537419
0.012039050719145346
0.01310704502455049
0.014094127177917117
0.01707585828249082
0.020534314247590658
0.013669884822214259
0.020327789077906045
0.03401047921455841
0.015759139580907543
0.018626045138407148
0.01849219830085934
0.028576024351804435
0.018484910358147113
0.018972735328610584
0.01697710329347395
0.03396885698431107
0.019095486312215835
0.01607494309630725
0.019510630487615033
0.01593826217519792
0.014083394332787475
0.013095955155908535
0.012027846164579945
0.010885648950795003
0.009676400843694198
0.008407551610463759
0.007086917623861603
0.0057226337778158625
0.00432310344645381
0.0028969467941613986
0.001452947753968872
