1.0
0.9989725854527295
0.9958941397184468
0.9907760398146879
0.9836371918337656
0.9745039478168513
0.9634099899352765
0.9503961825331816
0.935510392739226
0.9188072805050687
0.9003480590739782
0.8802002270235749
0.8584372731615402
0.8351383556816383
0.792869356774734
0.7026700166506238
0.5771707490620113
0.5238365174375005
0.550687156393976
0.5784703192603105
0.5650417420460871
0.5155467382185982
0.4288805836393057
0.3419750767842633
0.3324727737243924
0.39208105055517717
0.4213479670376489
0.402183055827934
0.36798471756719886
0.33395382007963553
0.30020068627509555
0.2668332813211866
0.2339567767589827
0.20167312991975309
0.17008068053330996
0.13927376632762664
0.10934235931995494
0.08037172439209708
0.05244210162743637
0.025628413765296978
1.9080873709350093E-17
0.024379622781927648
0.04745297037168266
0.06916877240348772
0.08948212364992639
0.1083546049309973
0.12575437327165562
0.1416562210946548
0.15604160438810757
0.16889863993921184
0.18022207187652942
0.19001320791218046
0.19827982582151682
0.20503605084074997
0.21671951075905765
0.2774376249610227
0.3545566695887848
0.37398589616532735
0.32478863776755273
0.29027655885612147
0.27218380308943035
0.28220311655395697
0.3053184601578722
0.3430015094656051
0.3151767950408864
0.23780523052022276
0.17377540017282533
0.16228884351832598
0.15172847667181685
0.14055159595840241
0.12883908052317403
0.11667245240793642
0.10413347464621711
0.09130375337943847
0.07826434592779981
0.0650953767031481
0.051875662795562064
0.03868235100081255
0.025590567982650157
0.012673085182488381
0.0
0.012361565328205064
0.024347745827527748
0.03589819564672842
0.046956328580888926
0.05746953627456628
0.06738938324713095
0.07667177800935282
0.08527711967004813
0.09317041956355218
0.10032139756208579
0.1067045528711388
0.11229920923996599
0.11708953465262381
0.1325222907311373
0.09013756400854797
0.10395962816824682
0.12362108649644482
0.16873604909518145
0.12178197577403176
0.11895072378519413
0.12161416979346028
0.16820617727652332
0.12194589113048672
0.1040183100725243
0.08435737083071362
0.12227345807421455
0.10187006638129337
0.09577043133222334
0.08919691902777888
0.08219714680739863
0.07482035430154807
0.06711710121238103
0.059138962311212365
0.050938221326004195
0.04256756538062865
0.034079781627452906
0.025527457685862526
0.016962687462071045
0.008436783880032054
6.24932045480135E-16
0.008298740059596294
0.016412099049193687
0.02429457209091822
0.0319027185649628
0.03919537927375641
0.04613387787015468
0.05268220563223889
0.058807188768006516
0.06447863753739004
0.06966947658610803
0.07435585599533778
0.07851724266229354
0.08213649173906616
0.06703822430721998
0.10300591376826701
0.09119651033426598
0.10580277003157641
0.08810806967394347
0.11686947777984877
0.11006369127129335
0.1142332464884798
0.08114549084892338
0.09476433521122268
0.07571674493640292
0.09574592382632206
0.06094999865552714
0.074417032257671
0.07013989843314634
0.06548986096701291
0.06049987700365159
0.05520449656085696
0.04963964052493721
0.043842373363555266
0.03785067190997313
0.031703191580883125
0.025439031390899786
0.019097499119956264
0.012717877975440927
0.006339196069147737
9.114818854630526E-20
0.006261866202464609
0.012409475561784296
0.0184070249026245
0.02422003275573012
0.029815527373655934
0.035162223877609956
0.04023068962729737
0.04499349698178
0.049425362699366295
0.05350327330829092
0.05720659586665602
0.060517173619378514
0.06341940615120194
0.07822468653524467
0.06516542934885396
0.09728640929369098
0.08046082183475066
0.11753782797082292
0.11976501973725806
0.11572601222324733
0.11944709516463141
0.11366600980415424
0.07665121688328061
0.09483992818048238
0.06265695589811142
0.07039985703040716
0.05877625830867639
0.05547984723424975
0.051877279022178036
0.047993586651201486
0.04385524009181629
0.03948997423526488
0.03492661100534971
0.030194876749064785
0.02532521601994479
0.020348602879240084
0.01529635084488338
0.01019992261616039
0.005090740693764332
4.0218965991803276E-16
0.005041516417228346
0.010003617540091252
0.014856879372912989
0.019572813786122762
0.024124030271786678
0.028484389719774312
0.032629149377751
0.03653509821676892
0.04018068198682738
0.04354611731320031
0.046613494253767394
0.049366866810154
0.05179233096025161
0.06095851865894649
0.0884687719566105
0.05841291886988037
0.06327360563166391
0.037364721737480414
0.0337579405848793
0.033145964992675525
0.03218071022774148
0.03827660633782003
0.06367316499003857
0.061293584991859155
0.08842118622600505
0.062060163177865606
0.04870448063081484
0.0460173883318164
0.04307047863746639
0.03988390194163784
0.036479093000142765
0.03287863137833077
0.02910609616760586
0.025185915879489394
0.021143214447610678
0.017003654284083142
0.012793277347069176
0.008538345181071579
0.004265178890455343
1.570930663713178E-15
0.004231226855953617
0.008402948491872227
0.012490174076164332
0.01646862151045654
0.020314858443544578
0.024006437118553728
0.027522022293950798
0.03084151152596994
0.033946147150060925
0.03681861935329882
0.039443159786786815
0.041805625227192875
0.043893570859263195
0.030269577606442645
0.032488567601074166
0.045720069241638774
0.04004334823783668
0.06005668820639624
0.09453567219195914
0.10006089863285839
0.09364637936566444
0.059173007568494716
0.03914724048076772
0.03861100774833739
0.026716269705761884
0.026703905189385008
0.04169996125597265
0.03942636457364829
0.036926673868340955
0.034217760463380646
0.031317650500897756
0.02824540780962601
0.025021011314591238
0.02166522776058846
0.01819948054447533
0.014645715469343927
0.011026264246839583
0.007363706582084554
0.003680731678742366
5.985309461354008E-16
0.0036559938856956355
0.00726505655697285
0.010805428289309508
0.014255912122850725
0.017595998694536246
0.020805986110943364
0.02386709417238828
0.02676157229694636
0.029472800534867817
0.03198538310894086
0.034285233964674915
0.03635965386519478
0.03819739861926015
0.054811605726199406
0.07030336483112598
0.061977390793122346
0.04530153971057326
0.03617582729411008
0.016828537742330767
0.015116646677210391
0.017564806872661234
0.03515424154470378
0.042924631640010265
0.060687302222735565
0.06568440769030327
0.05104538655325248
0.03656502344139377
0.03458922414218259
0.03241281085604681
0.030050316655059493
0.027517322639370474
0.02483035701418454
0.022006789021950402
0.019064718399567228
0.016022861053659233
0.01290043166565452
0.009717023953107204
0.00649248932349471
0.0032468146625355783
1.2400008663042412E-15
0.0032280632073153942
0.006417712443586791
0.00954963243325592
0.012604970668223041
0.01556544948029081
0.018413474000507947
0.021132235375583237
0.023705808643464235
0.026119244705546493
0.028358655871711182
0.0304112944957078
0.03226562426294366
0.03391138373905888
0.03772132423419189
0.027369688589617632
0.047118108166441075
0.04519961582328285
0.0563752260774693
0.05617530415407563
0.06873754894333241
0.05525668091333679
0.0559679740531726
0.0452267241285267
0.05205347255501801
0.0323236479076836
0.040643801347949565
0.03265444392710883
0.03090243173085838
0.028969629458262196
0.02686882837511399
0.024613779935094973
0.02221910702400281
0.01970021036208463
0.017073170655953537
0.014354647114387517
0.01156177296143151
0.008712048594937998
0.0058232330499909295
0.0029132344336074826
1.9895519774748667E-15
0.002898593465300497
0.005764848289298237
0.008581352929307607
0.011331086723561132
0.01399752175035856
0.01656472119193916
0.01901743362329741
0.021341182673570845
0.023522351538319948
0.025548261854453344
0.02740724648622462
0.029088715809495302
0.030583217122955506
0.02255859481358512
0.032306853186254175
0.04492861539372754
0.027748375260419934
0.021674764439145972
0.03365864622716208
0.03837191553935759
0.03374492801092793
0.021654261107280425
0.027815734033647583
0.042053745691720955
0.02823463105353728
0.018112194237460976
0.029589960921754078
0.028011524569113537
0.026268079742022096
0.024371076804364723
0.022332853656680914
0.020166556388836684
0.017886055366206022
0.015505857279755026
0.0130410137122968
0.010507026791995909
0.007919752519508327
0.0052953023664071555
0.002649943750818274
2.0002879895990216E-15
0.0026382495895475367
0.005248668987356065
0.007815363359243585
0.010322775102730723
0.01275577741173218
0.015099764812141231
0.017340740130544752
0.019465397382424705
0.021461200092845453
0.023316454592683073
0.0250203778656094
0.026563159556029108
0.02793601778524395
0.04417345310441443
0.04927612635627338
0.06476526279955946
0.037893918051302954
0.0444586490026439
0.031943140376023194
0.03521900863522511
0.0317973536257989
0.04425861250664778
0.037814690467662344
0.06280203512735325
0.048636000516413556
0.04232159927905254
0.027135248424844507
0.025694737479843896
0.024102011149966174
0.02236746098953374
0.02050230555744635
0.018518518518521834
0.016428752422942228
0.014246258644905653
0.011984803983149755
0.009658584444421222
0.007282136745880888
0.004870248084483806
0.0024378647295403453
2.6058305070579345E-15
0.002428357810791665
0.004832337001506563
0.007197272964716966
0.009508797076711173
0.011752923439939089
0.013916132957626325
0.015985454238320713
0.017948540849474746
0.01979374446276054
0.021510183461024984
0.023087806605617853
0.024517451394458534
0.025790896774971983
0.024681414515811347
0.013672122851832825
0.011184368443957341
0.028875194490896396
0.01744432730345014
0.027378579747469954
0.03935529697850332
0.027027114091754317
0.016668951197164453
0.028351402266999882
0.010834531243207003
0.015064485571747119
0.028037507664940717
0.02513514610505545
0.02380630979895005
0.022335777788468344
0.020733088768746143
0.01900855764427192
0.017173209640043874
0.015238710305112374
0.013217291849712662
0.011121676278227447
0.008964995797925986
0.0067607109986070665
0.004522527309867723
0.0022643102517674873
1.6985104672728193E-15
0.0022564742107772594
0.00449127932259141
0.00669076280997485
0.00884153564420943
0.010930553364366907
0.012945194766963026
0.014873337741867172
0.016703431801371914
0.018424566870803655
0.020026537933307807
0.021499905148104903
0.022836049090250728
0.02402722079094799
0.02207735156040559
0.0299529409900648
0.03442922112245828
0.041157980779866474
0.04905346524283862
0.036770487694680415
0.022302368643503465
0.03695433242736949
0.04913735158501499
0.04063917407314182
0.03168015234699386
0.02669642514959252
0.01783878370811375
0.02348365876874056
0.02224657896333534
0.02087655087877522
0.019382415367131096
0.017773746605172194
0.016060791128662027
0.014254402945588284
0.012365975136842525
0.01040736837305637
0.008390836793720576
0.0063289517095638246
0.004234523600870449
0.002120522893441747
6.647945619423765E-16
0.002113994882376261
0.004208491728062417
0.006270679904202041
0.008287986175755267
0.010248151021481466
0.012139302799508278
0.013950029315997101
0.01566944636727995
0.017287262845733457
0.018793842021814985
0.02018025863917862
0.02143835148631446
0.02256077113689499
0.03666692950795552
0.030688675142404507
0.02498768927749334
0.019712543233333924
0.00849566541652789
0.013111357900429938
0.026189140043947724
0.012921175049098333
0.009579696557366858
0.02042117525777578
0.024698622770065425
0.032077246319454154
0.036032491274323224
0.022105999136026046
0.020945174511593088
0.01965873761033136
0.0182549511681036
0.016742774869489756
0.015131808464327464
0.013432231125050391
0.011654737426121975
0.009810470346244386
0.00791095171135024
0.005968010510535594
0.003993709529247228
0.0020002707528295185
9.017711720039237E-16
0.0019947887508669354
0.003971848879045147
0.005919076020935624
0.007824581895463128
0.009676766606715362
0.01146438898583157
0.013176634547165002
0.01480318064946649
0.01633425847110821
0.01776071142865675
0.019074049690997446
0.020266500465853238
0.021331053762261458
0.016156320316711645
0.018591533707882066
0.02852493729720185
0.019340606012119982
0.03601709227610024
0.038300130506838406
0.0300083799439051
0.03816672503563261
0.03474085976895884
0.0171903481972532
0.03028231731397213
0.019265297861714686
0.019304584236367744
0.02094797567633052
0.019851074618274716
0.018634751619658715
0.017306785855208576
0.015875622498042048
0.014350319253919979
0.012740489276204933
0.011056240820026656
0.009308114012789324
0.007507015135160038
0.0056641488206827205
0.0037909485941286804
0.0018990061775897493
2.388939409517926E-15
0.0018943766504773529
0.003772487390703814
0.005622823984444334
0.007434076627063912
0.009195202845306843
0.010895494593692157
0.0125246431412268
0.014072801356564045
0.015530643016463305
0.01688941878175965
0.018141008505864867
0.019277969564482186
0.020293580919803694
0.02256960365680206
0.030424398566527327
0.008669752136853053
0.038728156741499604
0.02281612595543816
0.01873508226612016
0.01925774090315053
0.01902516392054338
0.022803557913382084
0.03936064203793758
0.008738186306820864
0.028934240782884958
0.01916787653802251
0.019969445908410963
0.018926465904997282
0.01776930810698683
0.016505344286021833
0.015142585844550577
0.013689633232425311
0.012155621864996224
0.010550164881389592
0.008883293100555734
0.007165392548763564
0.00540713994644944
0.003619436553898242
0.0018133407843676566
2.412212065385171E-15
0.0018094180900356958
0.00360379400824428
0.005372124644472625
0.007103590532063756
0.008787621854600799
0.01041396278139595
0.011972733741576482
0.013454491259359411
0.014850284989617067
0.016151711609942228
0.017350965245904622
0.018440884127873564
0.01941499320140282
0.030187703388062013
0.021413947779324358
0.04452119543572187
0.017970793781025576
0.0267244461596503
0.028024053484334413
0.0289193331810126
0.027685450018196552
0.027625254744559038
0.019201799110834066
0.044789871972810626
0.021214787215359278
0.030359573194345294
0.019140129092512132
0.018142812882802922
0.017035768917319012
0.01582602400083284
0.01452122212281949
0.013129576318165869
0.011659817132505667
0.01012113801466442
0.008523137976575125
0.006875761877448942
0.005189238702473459
0.0034740182182208144
0.0017407063958120672
7.356749568650519E-15
0.0017373792535231906
0.003460750568360594
0.0051595395614873925
0.00682334298064948
0.008441992249952873
0.010005615456476538
0.011504697400997358
0.012930137348574802
0.014273304129172527
0.015526088255909613
0.016680950746740496
0.01773096835676506
0.018669874950322424
0.011391146879539831
0.020392130870839298
0.026278096815749292
0.02621280052440678
0.008713941353948939
0.026706514851706147
0.03155650387985224
0.02678033778569362
0.007479243555979478
0.02400266851614511
0.027352840150729862
0.02004927160606423
0.013644039286691079
0.018436844561125786
0.017478263788010196
0.01641372860143121
0.015249972865764327
0.01399432858407986
0.012654679837931553
0.011239413419890496
0.009757366466506994
0.008217771418265471
0.006630198648211735
0.005004497114996239
0.003350733407383592
0.0016791295566389915
1.723832924135431E-15
0.0016763119168732472
0.0033394975084935054
0.004979345999418068
0.00658580706818098
0.008149052303017325
0.009659535194489718
0.011108049299677293
0.012485784224257704
0.01378437908291419
0.014995973114479411
0.01611325314607747
0.017129497620317822
0.018038616921338915
0.022374920749378812
0.019623646534364533
0.028459095705528095
0.027149874549188737
0.04051892557820167
0.016678847801434755
0.016062586096246122
0.016537641449036647
0.04046552860754785
0.02709987861265939
0.025053142514139294
0.019702431678808086
0.01991625251908968
0.017841642080431954
0.01691589328892512
0.01588737822921996
0.014762581844752173
0.0135485711584534
0.01225295098388703
0.010883816402483806
0.009449702303210926
0.007959530298473478
0.006422553345607248
0.00484829841696077
0.0032465075731369316
0.0016270778027950036
5.9874765065764966E-15
0.0016247025454912355
0.0032370357671755116
0.004827096171893456
0.006385131545152585
0.007901600640539408
0.009367231488448152
0.010773077968525193
0.012110574301544502
0.013371587129263994
0.014548464866396979
0.015634084025897044
0.01662189223757025
0.017505947700952866
0.02434740044301932
0.016893808741079156
0.028729963653268586
0.018805231083766118
0.017075631576244657
0.02514644809704194
0.039939335131019806
0.02501593496087464
0.017985324819576487
0.02011175974244459
0.02846274151607976
0.015726265323446148
0.02497908783733044
0.01734050777602522
0.016442485557060463
0.015444371757692407
0.014352440193510747
0.013173533359926331
0.011915019650550715
0.010584747402742768
0.009190996056046011
0.007742424727155992
0.0062480185198752645
0.004717032902415366
0.003158936495758821
0.0015833526258675324
2.6715913986964025E-15
0.0015813671279573665
0.003151018935390137
0.0046993097840577515
0.006216737382102669
0.00769400099268755
0.0091220583334683
0.010492180819402218
0.011796006812008151
0.013025592550941855
0.014173460457968275
0.015232644520593882
0.01619673248006101
0.01705990456893506
0.010879543137798356
0.02573369756181356
0.01559985973624643
0.016605083704036495
0.02589568516649071
0.017516374133228634
0.002315514638041138
0.017620619428104986
0.024822256248902868
0.015404715652897142
0.017856159211017464
0.02714060735855396
0.011720540449958244
0.016922451818414064
0.01604767598688513
0.01507502617165115
0.014010597974023263
0.012861044675938627
0.011633535736640919
0.01033571216538833
0.008975639047643995
0.007561755518893649
0.0061028224960161795
0.004607868489189225
0.003086133828979437
0.0015470136525590652
4.4277948655247274E-15
0.0015453766227178313
0.003079605855299053
0.004593255909152886
0.0060770314496966715
0.007521830580313981
0.008918800579126146
0.010259392048025793
0.011535411143217265
0.012739069568693178
0.013863032028240664
0.014900460847376638
0.015845057494124546
0.016691100747075895
0.021167300255162246
0.007124908562085537
0.020706997110658043
0.02453120541694086
0.022367909801083066
0.019647067803891815
0.0365939318938073
0.019549823030242296
0.021931652455345802
0.023914544234373676
0.01897950785527346
0.007281967028208325
0.019610766493660642
0.0165788558487266
0.01572333708212269
0.01477174899578065
0.013730038049233652
0.012604699581218534
0.011402737382912373
0.01013162018526304
0.008799235330318157
0.007413839913161444
0.0059840096968984124
0.004518586115967501
0.003026621694954085
0.0015173242190119358
8.460628908046101E-16
0.0015160034130032155
0.003021354726477302
0.004506796245601648
0.00596320071594036
0.0073816273150874145
0.00875337645160337
0.010070043035631089
0.011323567895691519
0.012506287027601827
0.013610978374996389
0.014630905856403526
0.01555986037093111
0.016392197533318862
0.019523608252840857
0.03246132550088529
0.02600458282449818
0.022197494931627267
0.021735081901245363
0.01979063665916948
0.018025293887562664
0.019780771104138246
0.02235399368487464
0.023498257207735757
0.025462126561437357
0.03197087539878215
0.0202302794687398
0.016303001486830355
0.01546313467032442
0.014528624515100317
0.013505294387052466
0.012399509771531097
0.011218138743396644
0.009968509378498367
0.008658364370330705
0.007295813132394475
0.005889281682091818
0.00444746061553949
0.002979251493703473
0.0014937119704676813
3.9080255220498114E-15
0.001492682533101607
0.0029751464146990187
0.004438271585385834
0.005873063161202454
0.0072707066476937875
0.00862262200837782
0.009920516256840718
0.011156434250422809
0.012322807374816495
0.013412499822263238
0.014418852180572057
0.0153357220673099
0.016157521561487233
0.013140743978217224
0.014527364593568015
0.01609409096452684
0.012902107199754334
0.01199299823100841
0.018823019755910546
0.024020291809096147
0.018859277551299635
0.012046017434562824
0.012217376066034421
0.018278041765085393
0.015523988526023144
0.013233400179329715
0.016089728230582506
0.015262205901326778
0.014341113543077384
0.013332175107200202
0.012241651830625705
0.011076303439813417
0.009843346313630312
0.008550408863451028
0.007205484406091997
0.0058168818202344146
0.004393174290418552
0.002943146454461911
0.0014757402795356226
8.830282181350563E-15
0.0014749835446415062
0.0029401288293632055
0.0043864194775005945
0.00580495966612863
0.007187028762768351
0.008524134858663854
0.009808066870151158
0.01103094488917043
0.012185268474431226
0.013263962587796005
0.014260420895059718
0.015168546166191633
0.015982787528712527
0.019001778592860705
0.019682339471147264
0.01585511124790277
0.02697058749553116
0.02706194019286164
0.017976950211755317
0.02466881732551847
0.01792849118663897
0.026815401157702597
0.026326984571818594
0.01461057291811608
0.017464121224947515
0.018231847046271163
0.01593518630004324
0.015116926671638517
0.014205836626892024
0.013207562550507219
0.012128285123691199
0.010974681112941271
0.00975388212500383
0.008473430582418263
0.007141233191065001
0.0057655121864211775
0.004354754658460647
0.00291766026752335
0.001463087672366772
9.158700013155989E-15
0.0014625903074120773
0.002915676929886769
0.004350315050562948
0.005757676340099365
0.0071291032072227385
0.008456161982296897
0.009730694707840206
0.01094486921824683
0.012091227201865168
0.013162729950765808
0.014152801518089718
0.015055369018599095
0.01586489982591145
0.016732667882789345
0.021106833735519092
0.0294230176704328
0.015591228665637282
0.020045794072988767
0.01968678401661543
0.01431460264696584
0.019671525914663146
0.020285864439461055
0.016347368170883725
0.02894220739013025
0.021494895640602474
0.01705619539893519
0.01583666132748675
0.015024746775891253
0.014120420498244817
0.013129271780948627
0.012057423013998625
0.010911491925410537
0.009698550779605197
0.008426082790695835
0.007101936019157296
0.005734275035341512
0.004331530647312665
0.0029023480018599847
0.0014555333780309056
8.6478104201117E-16
0.0014552867977836793
0.0029013647161406863
0.004329329608789518
0.005730390233525433
0.007095922300626823
0.008417521487014787
0.00968705509015718
0.010896712005374625
0.012039050719148434
0.013107045024552205
0.014094127177915496
0.014994228232289773
0.015801815300146353
0.015941069548099124
0.016291902681736525
0.011610205093510635
0.020374968382891646
0.020615993672798004
0.017927961027185385
0.020625125180910545
0.017974166907896248
0.020524559743410786
0.02034180156705076
0.013433798299685818
0.017643321151338476
0.01614677592670516
0.015792455509407555
0.014984078339836459
0.014083394332787226
0.013095955155908298
0.012027846164579843
0.010885648950795215
0.009676400843692668
0.008407551610466166
0.007086917623864303
0.0057226337778141624
0.0043231034464497565
0.0028969467941623223
0.0014529477539656722
