1.0
0.9989725854527289
0.9958941397184468
0.9907760398146913
0.9836371918337679
0.9745039478168519
0.9634099899352762
0.9503961825331819
0.9172431841290579
0.8730728196121594
0.8271898569067484
0.7980464584281616
0.7584651722711618
0.7533949902280782
0.7197106256626219
0.6850009069238943
0.6672309823914758
0.6482760941533096
0.6461838081109247
0.6248637427209692
0.5854959618636217
0.5619324757818819
0.5207183897631217
0.46123028271160155
0.4189884333059102
0.3764514997576958
0.35088156443407265
0.32618025613124635
0.27739131819491697
0.25943423994270737
0.23494650762859567
0.22734490505330668
0.21953508474191546
0.20167312991975395
0.17008068053330944
0.1392737663276277
0.10934235931995526
0.08037172439209746
0.05244210162743688
0.025628413765297346
2.6774449262457733E-18
0.024379622781927433
0.0474529703716829
0.06916877240348816
0.08948212364992596
0.10835460493099784
0.12575437327165526
0.14165622109465453
0.16707522473028777
0.20160995319978073
0.23682660451798282
0.25448709283249193
0.27570984809376003
0.2695394762362701
0.28308487438599544
0.2938889882182278
0.28625618603081715
0.27716669310451314
0.25049053620339307
0.24043747176183497
0.2409287353688299
0.23213979996942782
0.23385059992708454
0.2522041454014593
0.25356738379757954
0.2538999819525559
0.23680823719039032
0.21745576857667911
0.21499484422090312
0.19219564168192727
0.1717454184087213
0.13734116911648303
0.10762855341361378
0.09130375337943716
0.07826434592780013
0.06509537670314802
0.05187566279556083
0.03868235100081214
0.0255905679826493
0.012673085182489082
4.568847060393972E-18
0.012361565328206328
0.02434774582752974
0.0358981956467276
0.04695632858088964
0.05746953627456686
0.06738938324713196
0.07667177800935432
0.09108481011420871
0.08771908683042921
0.08826171696705008
0.0931008598181722
0.10902067167779089
0.10926974906342478
0.11055697465912026
0.12533677721615608
0.13455712514077298
0.14163647204083388
0.14615121020159458
0.1462790441531576
0.15356660271593442
0.145239773998909
0.14457912961294486
0.14098922126645122
0.1341373402023616
0.1251635727328256
0.10819221742766044
0.10617808221657625
0.1072005939501916
0.08827506767946952
0.08253180576319377
0.07855631856338104
0.08023140060962317
0.05913896231121443
0.05093822132600437
0.04256756538062753
0.03407978162745288
0.025527457685863
0.016962687462071614
0.008436783880033312
1.0874303565635578E-15
0.008298740059596953
0.0164120990491922
0.02429457209091745
0.03190271856496117
0.0391953792737542
0.046133877870154896
0.05268220563223834
0.044140696940154225
0.056353046032963
0.06779652095640341
0.07666047872828273
0.07508569668857092
0.08445967704052086
0.09462146942638243
0.10074903337146747
0.09332670946848051
0.0841438998665543
0.06359856514151302
0.060661734375766184
0.0517443073043486
0.05816285841545437
0.05809388633344607
0.07524797262039083
0.08157612749704908
0.08603719295291007
0.07831090925271345
0.06614721224715048
0.05197239682432027
0.05757741769579057
0.050069391304798205
0.047301099177163505
0.03160256783243799
0.04384237336355494
0.037850671909973224
0.031703191580882306
0.025439031390898606
0.01909749911995448
0.012717877975442249
0.006339196069147366
1.1610142155004819E-15
0.006261866202462951
0.012409475561787038
0.01840702490262781
0.02422003275573206
0.029815527373658796
0.03516222387760774
0.040230689627296486
0.06246253649030878
0.059575985772730815
0.0649680893904757
0.06949803804206421
0.09052866779220299
0.0885973944703755
0.0898280512122112
0.11318746862999506
0.12250236407283603
0.12848335273934997
0.12043847241595067
0.11433700802833381
0.12112952868628613
0.1133391379112089
0.11861980631296347
0.12617661548076892
0.11930881818435515
0.10898659759528208
0.08437267786905411
0.08260221203952826
0.08404018236745112
0.06254199709307469
0.057996195617878825
0.05180977741303019
0.053737161562713485
0.03492661100534813
0.03019487674906479
0.02532521601994354
0.020348602879242592
0.015296350844882773
0.010199922616160699
0.0050907406937656
0.0
0.005041516417229841
0.010003617540092175
0.014856879372912178
0.01957281378612249
0.024124030271786636
0.02848438971977324
0.03262914937775103
0.03246849124727827
0.06141268653567891
0.05498394053108891
0.04995053605449815
0.0459881911926945
0.04025612994528425
0.03985744935388799
0.018352910941579773
0.0108849120794911
0.010714392032794388
0.036118542920492665
0.04497367965924764
0.05301732715280895
0.046092873552183444
0.038670648369439065
0.014852737410229131
0.013182122953406194
0.019567851030413884
0.044458481725730664
0.04773942628158508
0.056255129697584845
0.05577565528891627
0.06245804580360573
0.06674061567377558
0.03741286894060601
0.029106096167608016
0.025185915879489082
0.021143214447611396
0.017003654284084735
0.01279327734706946
0.008538345181072283
0.004265178890458433
1.637689551870856E-15
0.004231226855954231
0.008402948491873207
0.012490174076164156
0.016468621510456624
0.020314858443545497
0.02400643711855161
0.02752202229395022
0.029959756175053164
0.029426510198770496
0.03660861003689316
0.037537152160781205
0.054936955604003496
0.04792421220018973
0.04544247974263241
0.06748668307496374
0.07734863487864793
0.08416586812421716
0.07191414383407004
0.06302966061525636
0.0604987759330128
0.061538744035785194
0.06901805393170629
0.08005495022517593
0.07180162301822711
0.06059248530400894
0.037992682514567895
0.040291769826554545
0.04752159015916345
0.030686679360070176
0.029633449821900252
0.020271952091547932
0.019493499561806106
0.025021011314591342
0.02166522776058837
0.018199480544474705
0.014645715469344433
0.01102626424683951
0.0073637065820829645
0.0036807316787425795
1.3582621381313665E-15
0.0036559938856961945
0.0072650565569732746
0.010805428289310297
0.014255912122851242
0.01759599869453552
0.020805986110943538
0.023867094172388824
0.042773582842168124
0.06352224393032409
0.06905535722635397
0.06206761327917324
0.07610260886963062
0.07785570680340052
0.07264519648589504
0.05126463802207024
0.046762912927196226
0.05074250806520597
0.07043073549658671
0.07425121098165348
0.08215823397510184
0.07446090922723288
0.0710308894479854
0.05198647907174863
0.04866125110266793
0.05403405847836257
0.07510950963379963
0.08083909442175734
0.07544122068099927
0.059160500632789714
0.06567777775397317
0.05604857470305786
0.04145041047726851
0.02200678902194751
0.019064718399567127
0.016022861053657463
0.012900431665655616
0.009717023953108955
0.006492489323495089
0.003246814662535382
2.2186663429059964E-15
0.003228063207313561
0.006417712443586168
0.009549632433255191
0.012604970668222516
0.015565449480290174
0.018413474000505914
0.02113223537558506
0.010624305307312933
0.004678136879353006
0.010167140575186029
0.014361601636001446
0.019569160741643554
0.01615287537823072
0.006400662810804716
0.016128281775189726
0.02589006860046455
0.0316233645786813
0.01459260985579309
0.0055929183062816855
0.005661258191435656
0.004767708811270116
0.012096881363295151
0.028612191628230428
0.022670303373765178
0.012375675105288109
0.010061340256588289
0.01677956282882527
0.013510487770768471
0.014261689513796177
0.005751374724599415
0.013367129312020639
0.01730898860244737
0.019700210362090055
0.01707317065595273
0.014354647114388632
0.011561772961428261
0.008712048594937865
0.0058232330499892295
0.0029132344336070238
3.9465343341973183E-16
0.002898593465300544
0.005764848289297757
0.00858135292930714
0.011331086723560506
0.0139975217503598
0.016564721191943643
0.019017433623291585
0.03080775095626391
0.027841309373694383
0.047180407152899395
0.0422546761612484
0.05851023774543981
0.07750108802832438
0.071354187563549
0.056845361922229845
0.0490637400643163
0.04993624245025106
0.06433484753658232
0.06415268491792106
0.0633787203146274
0.0634891382206838
0.0631930152040917
0.04863465132771713
0.047576230934644886
0.05522131453608087
0.06796037968415644
0.07363179671295837
0.05278581648726833
0.03863391410445854
0.041428001032453386
0.018243485540830554
0.02386338180392868
0.017886055366204454
0.015505857279752604
0.013041013712293836
0.01050702679199829
0.007919752519502566
0.005295302366407122
0.002649943750817718
1.7279305791664726E-15
0.002638249589550007
0.00524866898735507
0.007815363359244489
0.010322775102728735
0.012755777411734155
0.015099764812140926
0.017340740130549055
0.029607618915776426
0.030605025074459422
0.011661947049305312
0.021775394713527494
0.008777310091576833
0.03004266797834675
0.03290507196362888
0.027611084788492432
0.030728391628454324
0.02574580778511121
0.028544680863017206
0.0383352801719168
0.04680235628896491
0.03901561268793617
0.02991284544818995
0.027140744700635256
0.03283607558124682
0.030101563634035492
0.03540131709054588
0.032081755758030794
0.011484893470615166
0.022862617606409584
0.013348602987829266
0.03385116740488856
0.03187943192009945
0.016428752422940753
0.014246258644907398
0.011984803983147666
0.009658584444424691
0.007282136745883834
0.004870248084483716
0.002437864729543399
2.14241754344202E-15
0.0024283578107877524
0.004832337001508742
0.007197272964715756
0.00950879707671318
0.011752923439941004
0.013916132957617575
0.015985454238318084
0.005864988992953064
0.02197647448065856
0.03534951916417
0.03945135949016631
0.03574646816325458
0.04686884476150685
0.03961455961983112
0.03599715660036905
0.027067904737121413
0.026885283902135453
0.034045619159196586
0.029409745733708085
0.02041074766193249
0.028435865673071836
0.03237441541156397
0.025181698846060665
0.02452093345334896
0.032840173104531176
0.03388535405169792
0.04049143558598587
0.03374220281726086
0.04127953091583099
0.03575456437884133
0.027269135696610238
0.004076931040619864
0.015238710305112979
0.013217291849715396
0.011121676278225202
0.008964995797926817
0.006760710998606738
0.004522527309872179
0.0022643102517667583
1.6077950628056058E-15
0.0022564742107749423
0.004491279322587245
0.006690762809975954
0.008841535644202739
0.010930553364363405
0.012945194766963257
0.014873337741866414
0.029755603539928593
0.03232826645731188
0.010198047421661487
0.01796455001159945
0.01619921736217825
0.03424963589701277
0.04031991870196684
0.036128358651178194
0.04150419184966023
0.03598230232538857
0.04203834073756203
0.05053422060235682
0.050668896519497665
0.05046668143126965
0.04199545403881471
0.03585442836684414
0.04127668577037415
0.035517748773722116
0.039757609358146456
0.033288677369160316
0.01619178870970749
0.014259389314865789
0.007108330990064603
0.028528935847672687
0.02606628076395932
0.014254402945585878
0.012365975136841635
0.010407368373055127
0.008390836793718218
0.006328951709567897
0.004234523600868473
0.0021205228934379964
1.7773467140645165E-15
0.0021139948823729144
0.004208491728064181
0.006270679904201731
0.008287986175754313
0.010248151021481893
0.012139302799504884
0.013950029315995805
0.017944041331195065
0.03150533882375931
0.03306896750219416
0.04119159981868624
0.02913804943319598
0.017887140810162985
0.010132369603258374
0.018896678079092358
0.01161595425715919
0.019660096654822917
0.012673449163248912
0.008879382624888136
0.018518518518518014
0.009527273591424095
0.012903008702284311
0.020393571761506878
0.01208300763909538
0.018868815330854924
0.010827874219326688
0.016695905556034847
0.02781418458181007
0.03874540208928235
0.02987178225884691
0.029417754330107248
0.022105168399458742
0.013432231125052253
0.011654737426116515
0.009810470346246034
0.007910951711351524
0.0059680105105372125
0.003993709529244145
0.0020002707528300624
3.585388865768307E-15
0.001994788750871827
0.003971848879047287
0.0059190760209367034
0.007824581895459978
0.009676766606715105
0.011464388985834288
0.013176634547167195
0.013269981044749806
0.016798438959812013
0.011326242993701356
0.0036468753856642474
0.0166019792465921
0.02473965293380318
0.03133404353631495
0.02595734438370493
0.03259620664217865
0.026751433136137905
0.03267566200466166
0.037743973186568615
0.028934510218848422
0.03723676093834312
0.03192732087209479
0.025697478069418547
0.03136515438892752
0.024505769656103814
0.029326867368804178
0.022602323984939776
0.017090753806944466
0.007765069485330554
0.015975082831483432
0.015137260443104206
0.007043996358575086
0.012740489276206454
0.011056240820030283
0.009308114012790173
0.007507015135160712
0.005664148820685741
0.003790948594130641
0.001899006177583465
9.616576124285568E-16
0.001894376650475595
0.0037724873907051017
0.005622823984445921
0.007434076627066284
0.00919520284530536
0.01089549459368756
0.012524643141231077
0.025699589817027343
0.019054823632386267
0.015524765876793236
0.025234778652415676
0.02289252705171623
0.021809090648758384
0.023298666360570465
0.023484168192134103
0.018009286638311188
0.02746097344693498
0.02290853759018529
0.028916630598993475
0.031145763736610904
0.029184416917984197
0.023206894034815063
0.027554448069910087
0.018128811720945014
0.023781796924662656
0.024569521643729095
0.022591711825249442
0.022579263376122954
0.02120970621150906
0.010636797128424644
0.015359372754013731
0.024638449476352346
0.0121556218649959
0.01055016488139465
0.008883293100557922
0.007165392548762193
0.005407139946447103
0.003619436553902267
0.0018133407843654084
2.254937243539309E-15
0.0018094180900279867
0.0036037940082486422
0.005372124644469392
0.007103590532065321
0.008787621854594507
0.010413962781402391
0.011972733741576107
0.007908351539351698
0.019547856212283676
0.025129828275947962
0.017992945153461982
0.01632821016388431
0.016036053497629436
0.01928617771091378
0.02155049987851179
0.026021166068983845
0.01771704694928349
0.020964629758461986
0.01735411222740113
0.016785844345929706
0.016953580291348462
0.020754659936603675
0.017771704591819388
0.02626205565658179
0.022149884393626664
0.01820822877836385
0.015937253326343284
0.014791587487137416
0.018756875903042328
0.025647655657844166
0.020932175861713778
0.012665569746068481
0.011659817132516865
0.010121138014665916
0.008523137976573978
0.00687576187744194
0.005189238702481976
0.0034740182182278296
0.001740706395817202
5.9038208418344625E-15
0.0017373792535285372
0.003460750568362442
0.0051595395614899104
0.006823342980653803
0.008441992249951206
0.010005615456473613
0.01150469740099627
0.017323087586975476
0.012071288082855704
0.009254302594757687
0.015021918159841684
0.025259858777476583
0.02058545397025943
0.025742819682100827
0.020099135408012978
0.013519474108212236
0.02303144866104926
0.022554218384295915
0.03173267869582454
0.0232751534639755
0.03164306222886866
0.022300120436287613
0.022420800957799674
0.012658602871402616
0.01894212798744231
0.025388705251307292
0.019373755952519344
0.026090017951141832
0.015666289744993542
0.011985421781147308
0.012246790110739106
0.012844621840761836
0.011239413419897483
0.00975736646650646
0.008217771418261832
0.0066301986482101396
0.00500449711500077
0.00335073340739352
0.0016791295566462886
3.690388482882385E-16
0.0016763119168686283
0.0033394975084937283
0.004979345999421498
0.006585807068183409
0.008149052303008476
0.009659535194488636
0.011108049299683082
0.019539356473007093
0.019647291642699894
0.019744048594426755
0.015376743643221185
0.007963861092687565
0.018905050524261863
0.016521132369679607
0.02606732914090566
0.03028657889985309
0.021510575353381804
0.02156431608143075
0.012957448707354874
0.021381826198106677
0.013080202109113304
0.02163158069690962
0.021666114031136535
0.030495722036493346
0.026115038109193373
0.016529243161293877
0.019501012987186216
0.009968544018295004
0.01441753137476034
0.01639141514815014
0.018399901964150867
0.020364638337094454
0.010883816402489838
0.00944970230321323
0.007959530298467358
0.006422553345593207
0.004848298416951235
0.003246507573133475
0.0016270778027887658
3.202717082675819E-15
0.0016247025454932875
0.0032370357671782273
0.004827096171882876
0.006385131545142487
0.007901600640545011
0.009367231488449045
0.010773077968528253
0.004052128942985073
0.010418119594770781
0.016705481438700796
0.01827546379548765
0.02621496933176051
0.015719613408778536
0.0252272742275066
0.012968653702698195
0.01143937042652483
0.019368688147498262
0.019143758467901544
0.02627984343444119
0.02386275426253009
0.02613774041353591
0.01918579005825591
0.01969852007499391
0.012315689367864717
0.013195393269461553
0.02570752790267565
0.015953156620455614
0.025194888407924033
0.018180786832055706
0.016855230071839863
0.008584994825823035
0.005892989769170286
0.010584747402747594
0.009190996056045434
0.007742424727152731
0.006248018519868549
0.004717032902416919
0.003158936495764457
0.0015833526258729291
3.8967689165019444E-15
0.0015813671279555324
0.0031510189353839767
0.004699309784059009
0.006216737382103675
0.007694000992688168
0.009122058333473545
0.010492180819402022
0.017716496760857812
0.019474032353937628
0.012274576816134359
0.019959748158239837
0.02547581573927192
0.019560742016481208
0.014459753559103547
0.021541658525912277
0.027421874704090493
0.01846216940994539
0.01951500290024668
0.017866400759238465
0.011802595632164082
0.017976204821414283
0.01925211602299012
0.017820689463693338
0.026571480275441702
0.020331966035984146
0.013603578756593534
0.019021650642564277
0.028666296443045542
0.022677271200526792
0.013876807771692328
0.021281314582197952
0.015112884564455021
0.010335712165392037
0.008975639047642982
0.007561755518894922
0.0061028224960114445
0.0046078684891872855
0.0030861338289856293
0.0015470136525617744
4.262355286247466E-15
0.0015453766227168121
0.003079605855297459
0.0045932559091540655
0.0060770314496997905
0.007521830580314593
0.00891880057912573
0.010259392048035863
0.01300025942278128
0.0036768250279911267
0.014110093980853174
0.013832292496302245
0.016680454061370455
0.018926804824857455
0.028576089975042476
0.0200466334271495
0.02082453751673658
0.02644005949448654
0.022020913306408794
0.020922558656151502
0.029620849957847712
0.020772839238867833
0.022137602867757854
0.026905501295561914
0.021480615426444413
0.02104982163824427
0.028715032431103873
0.019286182905488752
0.013559278356495228
0.011550482908359503
0.012811388690272568
0.00461837519191768
0.014772809982074435
0.010131620185263753
0.00879923533031377
0.007413839913163376
0.005984009696895754
0.004518586115972359
0.003026621694947873
0.0015173242190118456
2.944109582471885E-15
0.001516003413002667
0.0030213547264800896
0.004506796245604031
0.0059632007159392654
0.007381627315086115
0.008753376451611635
0.010070043035633263
0.008433410170659291
0.023156266362119204
0.016822215647166662
0.02702210063215293
0.03286023654485126
0.016140240150551086
0.00791138090577727
0.012138131875910315
0.01735546862066317
0.008985546175745622
0.015434800868250328
0.023025592327704212
0.020415692923569168
0.023171596367081895
0.015425674632905239
0.008570387024017925
0.016474613983430062
0.011579959114059013
0.007410381369854131
0.015905375664711802
0.0315424353137447
0.026205427000205818
0.015892882144264604
0.021638689616274114
0.007021099153945764
0.009968509378503033
0.008658364370334272
0.00729581313238366
0.005889281682086634
0.00444746061553466
0.002979251493708571
0.0014937119704683912
3.2030948397922078E-15
0.0014926825330937013
0.0029751464147036878
0.004438271585379615
0.005873063161209423
0.0072707066476964425
0.00862262200837941
0.009920516256845074
0.015213925294714744
0.011834527265253284
0.013478728863140653
0.005634852923273845
0.0026796409799095004
0.01815487289230719
0.026045302221362684
0.02453289137229731
0.023260344797493764
0.0287018016695397
0.02126589791846566
0.013179018570668206
0.017873620916247945
0.012967223863333434
0.021075364581596655
0.028530963144824575
0.023057383221391402
0.024503087051021357
0.025075242104897814
0.01753492217413981
0.005762798694084819
0.007327893709535569
0.015724859006483387
0.014560465558329353
0.014133169194993907
0.009843346313620932
0.008550408863445998
0.007205484406091638
0.005816881820235741
0.0043931742904200705
0.0029431464544534807
0.0014757402795355721
4.685913257008154E-15
0.0014749835446462003
0.0029401288293611325
0.004386419477504811
0.005804959666127528
0.007187028762767974
0.00852413485866215
0.00980806687015308
0.009355414778842453
0.011939206517312175
0.010207459451493851
0.018090218761743958
0.0197888291837395
0.017505737861879915
0.010856506824104262
0.014049674448241067
0.014029751694147828
0.012294014463630648
0.018139615552670785
0.02716434626806123
0.03522416376989892
0.027184852831279957
0.018298725356571153
0.012893254710234727
0.014282162446243436
0.014768313632704599
0.011856610429516112
0.01806706000270427
0.016598248430396482
0.015572507818763263
0.010314970625184806
0.0074014502664233065
0.010707667853090432
0.009753882124990442
0.008473430582407617
0.00714123319107705
0.0057655121864243165
0.004354754658461523
0.002917660267520298
0.0014630876723583418
1.0282624337669483E-14
0.0014625903074062874
0.0029156769298878935
0.004350315050558146
0.0057576763400987805
0.00712910320722513
0.008456161982294479
0.009730694707838038
0.010913662977111663
0.019087497543312536
0.022862992743077338
0.015650694285099687
0.01697226032222374
0.016060779511621565
0.019322468673056623
0.022113716073537987
0.019831536625474815
0.02427915091567748
0.01766516835816557
0.012232046434320338
0.007933943910253996
0.012463784050757315
0.017599453585971796
0.023868408533075453
0.01947672283924924
0.021655353291546883
0.018566038888697286
0.016339803681958812
0.018324770132490543
0.017028677408055384
0.024079284326755
0.019165808327003913
0.010245260580173682
0.009698550779595432
0.008426082790696458
0.007101936019152013
0.005734275035348303
0.004331530647311463
0.002902348001844946
0.0014555333780323794
6.3764625222251556E-15
0.0014552867977828102
0.0029013647161518063
0.004329329608802778
0.0057303902335330194
0.007095922300634284
0.008417521487009519
0.009687055090157472
0.011593552378661779
0.010047415309286756
0.01890445809243759
0.014833348905965403
0.014915630398567126
0.01900252696038181
0.015746612024861023
0.018548016884193722
0.016949182175951153
0.01884762464443219
0.018848248439111658
0.023205872671795073
0.03059938450646754
0.02298475770814324
0.018757158460224917
0.019220796029406257
0.01717774268305433
0.01891902505003185
0.016116047190840914
0.01870718868298283
0.016532703308217392
0.01615317418477003
0.021628862562669066
0.013847711536391468
0.011098319383961395
0.009676400843697194
0.008407551610459054
0.007086917623864888
0.0057226337778189165
0.00432310344645647
0.0028969467941741224
0.0014529477539630164
