1.0
0.9989725854527285
0.9958941397184459
0.9907760398146916
0.9836371918337681
0.97450394781685
0.963409989935276
0.9503961825331817
0.9355103927392279
0.9188072805050678
0.9003480590739827
0.8802002270235776
0.8584372731615432
0.7708943264446257
0.7185135285516387
0.6832181841005701
0.6648589375217769
0.6546326488796188
0.6250593142218196
0.6128541776517595
0.5814479496314415
0.5492992592616043
0.4982609533392355
0.4649918996295946
0.4133513665092493
0.37104741451669865
0.3463394263870877
0.3398335596042475
0.3679847175671999
0.3339538200796369
0.3002006862750954
0.2668332813211873
0.2339567767589833
0.2016731299197535
0.17008068053330969
0.13927376632762714
0.10934235931995538
0.08037172439209725
0.05244210162743647
0.025628413765296836
9.484642209425504E-17
0.0243796227819276
0.047452970371682716
0.06916877240348812
0.08948212364992558
0.1083546049309975
0.1257543732716559
0.14165622109465464
0.15604160438810757
0.16889863993921125
0.18022207187652906
0.1900132079121799
0.19827982582151674
0.26094184766530804
0.29301414029230677
0.30689959290498664
0.3035573454021281
0.28833087447373695
0.28784622723980813
0.2689658284576264
0.26597631816425815
0.2617954678347897
0.2734439924242143
0.26702559554948513
0.27501466345204567
0.27072903718511176
0.25028968956499614
0.21320828057397423
0.15172847667181683
0.1405515959584025
0.12883908052317328
0.11667245240793685
0.10413347464621649
0.09130375337943748
0.07826434592779984
0.06509537670314847
0.051875662795561404
0.03868235100081224
0.02559056798264973
0.012673085182488431
2.1813023565752576E-16
0.012361565328205341
0.02434774582752888
0.03589819564672811
0.04695632858088952
0.05746953627456683
0.06738938324713174
0.07667177800935236
0.08527711967004845
0.09317041956355264
0.10032139756208615
0.10670455287113934
0.11229920923996602
0.07899785259050562
0.05976732551065093
0.059508019479621234
0.061354145839083635
0.0705507431093244
0.0714753388850442
0.08274244647809798
0.08207045814501998
0.08067030270996242
0.06808646494296425
0.06561643511698856
0.05681275406244721
0.055018924406628526
0.053260455745475756
0.07088574647782277
0.0957704313322259
0.08919691902778115
0.0821971468073985
0.07482035430154865
0.06711710121238249
0.05913896231121438
0.0509382213260043
0.0425675653806275
0.03407978162745212
0.025527457685863255
0.01696268746207135
0.008436783880032788
1.0585824220958903E-15
0.008298740059596276
0.01641209904919146
0.024294572090917996
0.03190271856496239
0.03919537927375625
0.04613387787015498
0.052682205632238854
0.058807188768007536
0.0644786375373891
0.06966947658610828
0.07435585599533778
0.07851724266229365
0.10083295924191593
0.12742357776174137
0.14500622912512712
0.1552607556636776
0.14980978454937158
0.15034813832886443
0.13841800228042905
0.1379349154841353
0.13690968682487725
0.14703018069820964
0.1448948167518465
0.14764787821252473
0.1337287316462538
0.11341229713556399
0.0856561148524157
0.07013989843314575
0.06548986096701263
0.0604998770036505
0.05520449656085591
0.0496396405249355
0.04384237336355535
0.03785067190997236
0.03170319158088211
0.025439031390899276
0.01909749911995564
0.012717877975441225
0.006339196069147395
5.673160954549383E-16
0.006261866202462827
0.012409475561786402
0.01840702490262512
0.024220032755731074
0.029815527373656683
0.03516222387760951
0.04023068962729638
0.0449934969817796
0.04942536269936592
0.05350327330828946
0.05720659586665626
0.0605171736193795
0.06515220366920639
0.048452314217769854
0.04728215012534015
0.04956665915380236
0.0502825176306947
0.050912393432455336
0.050491949661018574
0.050593533473498334
0.050387229456716635
0.05096886536941472
0.05039955540507067
0.04947565640162255
0.04683101600632687
0.04976645655061561
0.06650143374572685
0.055479847234248716
0.051877279022178396
0.04799358665120008
0.04385524009181661
0.03948997423526639
0.034926611005350716
0.030194876749066204
0.02532521601994534
0.02034860287924288
0.015296350844887544
0.010199922616159764
0.005090740693764663
5.367080985740107E-16
0.0050415164172291456
0.010003617540091183
0.014856879372911438
0.019572813786122335
0.024124030271785096
0.02848438971977378
0.032629149377750445
0.03653509821676764
0.04018068198682748
0.043546117313200544
0.04661349425376702
0.04936686681015449
0.036045487393029915
0.054594908854292384
0.0729811085737586
0.09405944381032436
0.09974287948144833
0.10007103527032982
0.09535900407013208
0.09512671495324801
0.09456642397576401
0.09811862567593282
0.0968412027449077
0.08923990925630068
0.06668423788167288
0.04788981203445117
0.030776941621406533
0.04601738833181803
0.0430704786374656
0.03988390194163729
0.03647909300014292
0.03287863137833178
0.029106096167606038
0.025185915879488246
0.02114321444760983
0.017003654284083895
0.012793277347067224
0.008538345181071902
0.0042651788904555996
7.603638868511482E-16
0.004231226855953639
0.008402948491872723
0.012490174076165128
0.016468621510454157
0.020314858443546236
0.02400643711855315
0.027522022293951714
0.03084151152597003
0.033946147150062035
0.03681861935330076
0.039443159786786676
0.04180562522719396
0.07076017550243778
0.05638161834608877
0.04406209312492293
0.045908142991393064
0.05129324963510822
0.05171823393553441
0.0514040465705528
0.05152706939407173
0.05146444972029832
0.05164491282376546
0.051184777349324515
0.04526617229239844
0.04362375549348772
0.05656240119231226
0.07023709059720351
0.03942636457364765
0.03692667386834108
0.03421776046338068
0.031317650500898374
0.02824540780962639
0.02502101131459196
0.0216652277605867
0.018199480544475934
0.014645715469341212
0.011026264246839421
0.007363706582084669
0.0036807316787440185
0.0
0.003655993885694756
0.00726505655697105
0.010805428289310708
0.014255912122851938
0.017595998694535916
0.020805986110944676
0.023867094172387145
0.026761572296946947
0.029472800534866794
0.031985383108940495
0.03428523396467381
0.036359653865192194
0.02643035775544539
0.030596859084755824
0.04048237890937822
0.05409834898991742
0.06595792164840598
0.06614398260676414
0.06852906432181025
0.06834868587343072
0.06795276670093366
0.06468660440306755
0.06378528127610718
0.05115281272161701
0.0390353136818695
0.029972782200560547
0.02662459979198873
0.034589224142182115
0.03241281085604723
0.030050316655056114
0.02751732263936873
0.024830357014184623
0.02200678902194912
0.019064718399567988
0.016022861053655246
0.012900431665655427
0.009717023953106686
0.006492489323495468
0.0032468146625351454
2.1525244692400786E-16
0.0032280632073137107
0.0064177124435879475
0.00954963243325585
0.012604970668225446
0.015565449480291291
0.018413474000507895
0.021132235375584525
0.023705808643463513
0.026119244705549723
0.0283586558717122
0.030411294495708837
0.0322656242629435
0.058911486548703325
0.04915393986903838
0.03835334835581042
0.03869357988744871
0.04740976339680293
0.04777927714569732
0.05254672148865514
0.052621757820029064
0.05253349751215203
0.04746334725690147
0.04693484397610463
0.03793412254365745
0.037236390093980117
0.046580579510460234
0.05498375752962274
0.030902431730860176
0.0289696294582614
0.02686882837511652
0.024613779935094105
0.02221910702400535
0.019700210362088588
0.017073170655950383
0.014354647114385949
0.011561772961432439
0.008712048594939794
0.005823233049988013
0.0029132344336094225
8.364766928769412E-16
0.002898593465298395
0.005764848289296497
0.008581352929304656
0.011331086723563604
0.01399752175035987
0.016564721191941297
0.01901743362329298
0.02134118267356906
0.02352235153832324
0.025548261854454385
0.027407246486222336
0.029088715809493824
0.023103735244333432
0.028273793665032784
0.03473412898813705
0.03403553151333396
0.04091384863752968
0.041095320724108805
0.047733100040290445
0.04757222827395565
0.047264801649609785
0.040091965495813044
0.039412506607845156
0.03310059535039408
0.034174751845166246
0.02805898571337297
0.02204279870523152
0.028011524569112597
0.02626807974202468
0.02437107680436092
0.022332853656682278
0.020166556388834925
0.017886055366203274
0.015505857279754674
0.013041013712290512
0.010507026791996967
0.00791975251950175
0.005295302366405587
0.002649943750817993
5.127181645598258E-16
0.0026382495895467166
0.005248668987355667
0.00781536335924428
0.010322775102729194
0.012755777411733088
0.015099764812141564
0.01734074013054802
0.019465397382425843
0.021461200092844895
0.023316454592684378
0.02502037786560536
0.026563159556027765
0.03606888393821976
0.03090100637493773
0.02931613101343948
0.031313122568928015
0.03971246691042784
0.04005246533787952
0.050329152970401456
0.05036016297993923
0.05023123885679132
0.03960816243526467
0.03904693514344257
0.030628980915009183
0.028597626480014675
0.028896375793649585
0.03334660916414504
0.025694737479843487
0.024102011149964755
0.02236746098953127
0.02050230555744175
0.01851851851852125
0.01642875242294097
0.014246258644901021
0.011984803983147769
0.009658584444422231
0.007282136745884936
0.0048702480844828285
0.0024378647295443807
1.1435294979736062E-15
0.0024283578107892057
0.004832337001507204
0.007197272964718225
0.009508797076711303
0.011752923439938397
0.013916132957619459
0.01598545423832185
0.01794854084947579
0.019793744462761297
0.021510183461024762
0.02308780660561801
0.024517451394457757
0.02221244254931303
0.028450826960095037
0.02796800441307537
0.029143709076331025
0.026637111307465867
0.026972957112486744
0.030803942814285733
0.030672399501676734
0.03043116654594796
0.026631798374642607
0.02612500280582065
0.02887748438327884
0.026856359586719544
0.028640805659257203
0.023173040075568387
0.02380630979895124
0.02233577778846296
0.020733088768745182
0.01900855764427459
0.017173209640045397
0.015238710305111208
0.013217291849714714
0.011121676278228021
0.008964995797926239
0.006760710998605224
0.004522527309870583
0.002264310251770176
2.0439296314741974E-15
0.0022564742107769376
0.004491279322588315
0.006690762809973356
0.008841535644208254
0.010930553364366697
0.012945194766963368
0.014873337741867084
0.01670343180137239
0.018424566870803034
0.020026537933306245
0.021499905148103318
0.022836049090251317
0.03178731032967762
0.02600545776660812
0.02913052956102228
0.025803535350470024
0.030449474926321798
0.03075591988681027
0.04501357774466633
0.045008717572033105
0.0448472907753321
0.03028377419734934
0.029744262964578425
0.025497628276237125
0.029707330149463848
0.026317887636779738
0.03282683029141484
0.022246578963337146
0.02087655087877368
0.019382415367130104
0.017773746605173633
0.016060791128661742
0.014254402945587375
0.012365975136844778
0.010407368373055096
0.00839083679372059
0.006328951709568957
0.004234523600869051
0.002120522893440919
2.8688653688714454E-15
0.0021139948823750893
0.004208491728060999
0.006270679904201972
0.008287986175755864
0.010248151021480887
0.012139302799505506
0.013950029315996235
0.01566944636728135
0.017287262845731694
0.018793842021817237
0.02018025863917485
0.021438351486313175
0.025423507583920046
0.027169489089699697
0.01929273888524073
0.025200097682269742
0.02535095571107725
0.025790839581805253
0.018570124768233068
0.01851851851852163
0.018354323313883907
0.02594501774786818
0.02558560987459823
0.02460566148032281
0.018371580698505197
0.026305357285776647
0.024866333887778536
0.020945174511593168
0.019658737610334598
0.018254951168102912
0.01674277486948801
0.015131808464324582
0.013432231125051979
0.011654737426117976
0.009810470346243955
0.007910951711348492
0.005968010510535177
0.003993709529244533
0.0020002707528269303
9.91211990866419E-16
0.0019947887508706985
0.003971848879048475
0.005919076020934324
0.007824581895464103
0.009676766606716337
0.011464388985834744
0.013176634547166702
0.014803180649467007
0.016334258471110082
0.017760711428657785
0.019074049690996478
0.020266500465847357
0.03552505445980046
0.025784133285465763
0.03161212510917579
0.025558880900918214
0.02141763248413418
0.021691812922423524
0.037370488256035186
0.037338591197062995
0.03715733777141363
0.021273652771035923
0.0207938305090208
0.02583546614608491
0.03125380624678582
0.025098355599153323
0.03526279958871374
0.019851074618273318
0.01863475161966426
0.017306785855209436
0.015875622498043453
0.014350319253919136
0.01274048927620769
0.011056240820025902
0.009308114012788785
0.007507015135161272
0.005664148820686594
0.0037909485941284827
0.0018990061775895181
3.0492205998623317E-15
0.0018943766504783438
0.003772487390705105
0.005622823984445504
0.0074340766270635985
0.009195202845304248
0.010895494593689046
0.012524643141229735
0.01407280135656519
0.015530643016465838
0.016889418781758966
0.018141008505864562
0.01927796956448247
0.017592353886566457
0.020723156736508628
0.015462273452532427
0.018144447917185287
0.0289331358370094
0.029331573782990762
0.01507030497796435
0.015163674853915092
0.015118648444000932
0.029476071366325397
0.029152300145702786
0.017385116952517047
0.015885291069704374
0.02029560276947109
0.01554534646265876
0.018926465904998385
0.017769308106982976
0.016505344286026076
0.015142585844549123
0.013689633232426142
0.012155621864998658
0.010550164881391096
0.008883293100556938
0.007165392548762522
0.005407139946450677
0.003619436553900255
0.0018133407843692845
1.101185087880105E-15
0.001809418090030112
0.0036037940082486735
0.005372124644469702
0.007103590532063446
0.008787621854598058
0.010413962781402936
0.011972733741571201
0.013454491259356995
0.014850284989620021
0.016151711609940254
0.017350965245905448
0.01844088412787236
0.0314233296791991
0.01996683039871969
0.023367508277809507
0.028874657179463182
0.014298681078001542
0.014573828968054668
0.02834631674625106
0.028299219570420565
0.028112921608186993
0.014308429654240081
0.01390232737469982
0.029134507685041795
0.02158716254378667
0.019172429281270068
0.030438792939949368
0.01814281288280315
0.01703576891731722
0.01582602400083414
0.014521222122824305
0.013129576318167488
0.011659817132507355
0.01012113801466735
0.00852313797657785
0.006875761877447026
0.005189238702478463
0.0034740182182273183
0.0017407063958134778
3.553085484541658E-15
0.0017373792535250985
0.0034607505683601565
0.0051595395614867055
0.006823342980657263
0.008441992249956428
0.01000561545647152
0.011504697400995526
0.01293013734857375
0.014273304129174593
0.015526088255909351
0.01668095074674529
0.017730968356762664
0.009106978058989836
0.023249172149771954
0.02472744697702375
0.011859229898154576
0.03031216056543836
0.03064061035615957
0.019726863988850304
0.01986948514399645
0.019878038218167624
0.030612664924114606
0.03027197573144133
0.01151849391289184
0.026439961272333095
0.024123693830736447
0.008922572260808177
0.017478263788005058
0.016413728601435643
0.015249972865773781
0.013994328584077889
0.012654679837935405
0.011239413419891974
0.009757366466510712
0.008217771418266573
0.006630198648219396
0.0050044971149984865
0.0033507334073892632
0.001679129556642752
2.6099616359701968E-15
0.0016763119168724484
0.003339497508485084
0.0049793459994152385
0.006585807068182848
0.008149052303016656
0.009659535194492364
0.011108049299683394
0.01248578422425675
0.01378437908290947
0.014995973114482001
0.016113253146075382
0.017129497620319893
0.02705486208411224
0.015914861163607727
0.00757069778811919
0.02919480292016902
0.01135850752742838
0.011677780854577815
0.0192535459076912
0.019212932685910757
0.01904297770150454
0.011672778666498693
0.011352944088428124
0.028897404690254924
0.005870184005615798
0.01540872068653028
0.02674095953047428
0.01691589328892697
0.01588737822922249
0.014762581844748154
0.013548571158445682
0.01225295098388538
0.010883816402483804
0.009449702303206861
0.007959530298470347
0.006422553345600214
0.004848298416959509
0.003246507573136068
0.001627077802791847
1.0854618232820066E-15
0.001624702545489765
0.00323703576717776
0.004827096171890718
0.006385131545152074
0.007901600640549799
0.009367231488451321
0.010773077968526156
0.012110574301540224
0.013371587129263725
0.01454846486639918
0.01563408402590145
0.016621892237568346
0.008694409807288174
0.025697883408824108
0.037128618246128994
0.012107667504387746
0.028297499660104416
0.028567485707624365
0.02545256181748464
0.025577804686732545
0.025576933927988214
0.028393013939268356
0.0280372530008318
0.012528623506451751
0.038191169968773704
0.025164641779424964
0.008108452257623671
0.01644248555706178
0.015444371757690712
0.014352440193510296
0.013173533359920754
0.011915019650559395
0.010584747402742633
0.009190996056049049
0.007742424727151097
0.006248018519870198
0.0047170329024171145
0.003158936495763983
0.0015833526258692307
2.870371473120046E-15
0.0015813671279540297
0.003151018935383571
0.00469930978405708
0.006216737382105071
0.007694000992691903
0.009122058333470158
0.010492180819404827
0.011796006812015536
0.013025592550943564
0.014173460457965595
0.015232644520590383
0.016196732480064636
0.02791515932570581
0.013863903982442269
0.009458842325960722
0.023569288977333167
0.012987095532715588
0.013319304283874584
0.012782954867757216
0.012798897918243245
0.012698123543004218
0.013460055211760297
0.013199436303111147
0.0227503939929897
0.010676584164656482
0.014278748409037931
0.02875601791031359
0.01604767598688918
0.015075026171649773
0.014010597974015791
0.01286104467594439
0.011633535736643101
0.010335712165390714
0.00897563904764202
0.007561755518893967
0.006102822496014031
0.004607868489191487
0.003086133828985051
0.0015470136525518134
6.486569057967836E-15
0.00154537662272085
0.003079605855300535
0.004593255909152788
0.006077031449697054
0.007521830580309909
0.008918800579125178
0.010259392048028476
0.011535411143223458
0.012739069568690293
0.01386303202823365
0.014900460847376767
0.015845057494122343
0.0026981008685402815
0.018576055840970645
0.040566324034745395
0.017848020958162226
0.024189101802180046
0.024429919596857506
0.029293660845874456
0.02938433490939261
0.029357222307421698
0.024208004658758022
0.023857176615844158
0.018518518518515086
0.040161643459167236
0.017103909251264253
0.0013316583313188783
0.015723337082129123
0.01477174899577315
0.01373003804923582
0.01260469958121733
0.011402737382904947
0.01013162018525857
0.008799235330312988
0.007413839913162764
0.005984009696891587
0.004518586115972141
0.003026621694952719
0.0015173242190156123
1.562527599157598E-15
0.0015160034130027465
0.00302135472647661
0.0045067962456039265
0.005963200715943939
0.0073816273150933585
0.008753376451608352
0.01007004303563709
0.011323567895694471
0.012506287027609047
0.013610978374999232
0.014630905856400214
0.015559860370935954
0.03378858700690015
0.020709556877965486
0.01602357219323212
0.015746165042702244
0.015804347898669063
0.01612372341196008
0.013461085528406552
0.01355649643646424
0.013569214600152226
0.016245385465663963
0.015987073522575408
0.015273724586832824
0.016377488154684004
0.022002136266723142
0.03462715777357454
0.015463134670329956
0.014528624515092646
0.013505294387043709
0.012399509771533297
0.011218138743398984
0.009968509378500778
0.008658364370334539
0.007295813132378463
0.005889281682094511
0.004447460615539901
0.0029792514937110252
0.0014937119704656106
3.926973082159396E-15
0.0014926825331010854
0.00297514641470817
0.004438271585379974
0.0058730631612036914
0.007270706647696238
0.008622622008376763
0.009920516256840695
0.011156434250422669
0.012322807374820225
0.013412499822261711
0.014418852180573493
0.015335722067304621
0.0033603390364751167
0.010095780929387078
0.03341077968442958
0.024125320813594912
0.020227716678846992
0.020476555815604022
0.030502146770893617
0.030552811446270117
0.030497012646512812
0.020323422041537142
0.01999837045907264
0.02463236306553069
0.032105137654463725
0.009321568456230835
0.003787626585375584
0.015262205901336125
0.014341113543080423
0.013332175107205167
0.012241651830630812
0.01107630343981164
0.009843346313626409
0.008550408863452208
0.007205484406092194
0.005816881820233715
0.004393174290419734
0.00294314645445684
0.001475740279538643
3.4384412735229456E-15
0.001474983544646581
0.002940128829365186
0.0043864194775119535
0.0058049596661248
0.00718702876276906
0.008524134858663138
0.009808066870150125
0.011030944889171876
0.012185268474424882
0.013263962587799653
0.014260420895057404
0.015168546166192084
0.034475658989464045
0.025780059129880142
0.017547197822133487
0.01683474788233107
0.01758334526493729
0.01788203255251713
0.019115061142410097
0.019227117630286915
0.019269951889311604
0.017930635564606466
0.017656443955118208
0.017513199129842547
0.01765400169196773
0.0255885262416695
0.033363956162520185
0.015116926671639969
0.014205836626893176
0.013207562550503184
0.0121282851236864
0.010974681112942353
0.009753882124998758
0.008473430582414824
0.007141233191076311
0.005765512186422441
0.004354754658459474
0.0029176602675258655
0.0014630876723597723
6.239435122515982E-15
0.0014625903074000383
0.002915676929888479
0.004350315050560479
0.005757676340102129
0.007129103207224283
0.008456161982297766
0.009730694707843789
0.010944869218253163
0.012091227201864256
0.01316272995076937
0.014152801518089628
0.015055369018599678
0.007035974061069527
0.009212071349513871
0.023593425180354094
0.02718361333576287
0.01825766976433649
0.018531823924356365
0.02898527291063318
0.028995740362222206
0.02891401491924097
0.0184924095867427
0.0181987033134761
0.02719553076218822
0.022681014250815153
0.01011677150207286
0.008838837197464224
0.015024746775893971
0.014120420498243693
0.013129271780953576
0.012057423013997506
0.010911491925407442
0.00969855077960087
0.008426082790692874
0.007101936019156181
0.005734275035343535
0.0043315306473092315
0.0029023480018507816
0.0014555333780389844
5.969459314849453E-15
0.0014552867977848495
0.002901364716143599
0.004329329608803271
0.005730390233528083
0.007095922300626751
0.008417521487004564
0.00968705509015294
0.010896712005366167
0.01203905071914299
0.013107045024555465
0.014094127177922305
0.01499422823228617
0.023575616862305884
0.01992484396523632
0.018734160292452028
0.023976654282898285
0.01800883504936991
0.01829279557709205
0.02488300238698645
0.024984875567705747
0.025009193025644492
0.018292887508573222
0.01800906125650193
0.02455504335903634
0.018985775409009458
0.018374920627903853
0.020869802984578082
0.014984078339837292
0.01408339433278839
0.01309595515591064
0.012027846164579782
0.010885648950796354
0.009676400843692546
0.008407551610461753
0.00708691762386315
0.005722633777812748
0.004323103446454617
0.0028969467941663517
0.0014529477539597794
