1.0
0.9989725854527304
0.9958941397184462
0.9907760398146892
0.9836371918337702
0.9745039478168497
0.9634099899352747
0.950396182533184
0.9265839634737508
0.7182540830551263
0.6915865264132998
0.6808001129451462
0.77647941543464
0.6265529872227795
0.584971545157119
0.6325680686020968
0.6765503578906408
0.6490219577202255
0.6102740924109433
0.5801858055105921
0.5498805439544006
0.5176581495697687
0.4853909770766493
0.46243168223345693
0.42797728611647184
0.32880531124988
0.22547233949036471
0.20782725482184275
0.29208820789684603
0.15951231827763535
0.1249076446036742
0.10241528890426146
0.22965873470511058
0.20167312991975336
0.17008068053330852
0.1392737663276273
0.10934235931995467
0.08037172439209714
0.05244210162743653
0.025628413765296048
3.0686439971659345E-16
0.02437962278192813
0.04745297037168221
0.06916877240348789
0.08948212364992617
0.10835460493099741
0.12575437327165612
0.14165622109465376
0.15599316820110795
0.295950600855525
0.30522919191626485
0.3138939987983977
0.25865527029857865
0.3521119620155099
0.36136799922628654
0.30504109970912446
0.2704966725953081
0.268190257565008
0.2804089791687959
0.28007153272963425
0.2740377551736685
0.2714411995979272
0.26303485405499055
0.2418877892521074
0.23658291522864186
0.2514253380359778
0.2907093369491836
0.2762093875270168
0.19811393421739648
0.21386514946578852
0.19217151201721724
0.18164263005046347
0.09744965709321496
0.0913037533794376
0.07826434592779934
0.0650953767031475
0.051875662795560884
0.038682351000811986
0.025590567982648766
0.012673085182489009
3.907414156325311E-16
0.012361565328204508
0.024347745827528487
0.03589819564672753
0.046956328580889946
0.057469536274566836
0.06738938324713196
0.0766717780093538
0.09437337128941567
0.07582124003067953
0.09183534131953092
0.09137493154473063
0.08936069158970217
0.07703414800797023
0.08737779096115937
0.1293924258882497
0.10291911732657917
0.11771211295330819
0.12245151768925505
0.1411699518242015
0.1554765228627799
0.14079655006204053
0.12020067091073187
0.11250910405025638
0.09691124745646554
0.13776194219490967
0.10451257996199585
0.0955842084579832
0.08663727804892814
0.10828226627872764
0.1094887865447811
0.0941842566143121
0.07491796237941557
0.059138962311213114
0.05093822132600229
0.042567565380628405
0.03407978162745233
0.02552745768586257
0.01696268746207189
0.008436783880032305
0.0
0.00829874005959596
0.01641209904919102
0.024294572090918145
0.03190271856496113
0.039195379273755694
0.046133877870154126
0.05268220563223698
0.055583527852358414
0.044350176791054165
0.03953415817635415
0.03837682883075007
0.07321242954552798
0.06099316122622473
0.07005753495557727
0.09113214791053888
0.11308292424159828
0.09948249495803468
0.09311956662994444
0.08620352737559878
0.07488159713438829
0.08327088656906231
0.08924004416647441
0.09831671090385478
0.1120605319653597
0.08974319765942079
0.06018482828434018
0.04456072560574618
0.06292140450896863
0.03204196182577312
0.03752676229962798
0.04306118968088045
0.05370517334328644
0.0438423733635554
0.03785067190997377
0.03170319158088282
0.025439031390898873
0.019097499119955647
0.01271787797544055
0.006339196069146773
1.4726571673307422E-16
0.006261866202462142
0.012409475561785437
0.018407024902623057
0.02422003275573008
0.029815527373657554
0.03516222387760977
0.04023068962729724
0.03812568585434826
0.06998532701085805
0.07064180422308922
0.08222293832956952
0.09065958270967443
0.1319822251290839
0.12694586914182032
0.13071028350254027
0.0547512744946336
0.045224103166585684
0.06996517395821684
0.11677173183133722
0.13945909239023738
0.11572124579297789
0.06683086544386777
0.03954045074391681
0.049538147108814476
0.11887053059619457
0.11583461759499275
0.12318602503676246
0.08912954829487026
0.058814370802305144
0.04636339626855395
0.046699912360436205
0.030348196793257225
0.034926611005349384
0.030194876749064865
0.02532521601994394
0.020348602879243238
0.01529635084488491
0.010199922616158806
0.005090740693768036
4.798710250402381E-16
0.005041516417229166
0.010003617540090779
0.014856879372911946
0.019572813786121242
0.02412403027178507
0.02848438971977263
0.032629149377750924
0.044145370080124945
0.04585219691940588
0.05858270809735568
0.058469292440779246
0.06919706092352465
0.007313030191691146
0.026406546297286698
0.06870060410537658
0.10591474435426884
0.11000490661296339
0.0770360777588707
0.02490776109338317
0.022126405775525437
0.02525186347369857
0.07745524741138936
0.10929387727604399
0.10192705246515768
0.06568123838755835
0.029497475244479987
0.017745280451062894
0.06957609076757211
0.06413156674956058
0.05965894544615442
0.04873334381154306
0.034976164242038636
0.029106096167608637
0.02518591587948806
0.021143214447610588
0.017003654284082317
0.01279327734706873
0.00853834518107207
0.0042651788904572
1.4856452258088444E-16
0.00423122685595244
0.008402948491872135
0.012490174076166571
0.01646862151045608
0.020314858443546163
0.024006437118550994
0.0275220222939529
0.03579544474717648
0.04014671291126766
0.0331578406182967
0.02658896348718745
0.06077658823196083
0.05857545452141372
0.056635163507813016
0.039363124525479
0.017785994282846898
0.020123107950284522
0.027399464386833303
0.06781562590833727
0.08538187131683907
0.06663918759301027
0.027753739924536572
0.023574379099720193
0.022751687409473156
0.03663014302287718
0.05390447881205411
0.051139866895935984
0.049960449006932355
0.027380416772454477
0.031844889318627514
0.0354807921023458
0.03713603608776948
0.02502101131459169
0.02166522776058798
0.018199480544476135
0.014645715469342275
0.011026264246839123
0.007363706582083488
0.003680731678741517
2.66913708305918E-16
0.003655993885694547
0.007265056556970994
0.010805428289309891
0.014255912122851924
0.01759599869453526
0.020805986110941935
0.023867094172386295
0.017809005469013855
0.0293026276831095
0.030699174957419292
0.03602701692101158
0.052930745670342894
0.06317852662048971
0.04447651860144463
0.041044441376061204
0.04449227548537316
0.06813065334375501
0.0638523506444969
0.04140195853708021
0.059013639855039816
0.04146536580952321
0.06199970506063849
0.06326315014834907
0.038040502770996715
0.03507711538283169
0.04014886712856605
0.06254988817165363
0.046994158331444255
0.02751837353054733
0.03123614973973667
0.03176427379045012
0.021415234755598308
0.022006789021948425
0.019064718399567054
0.016022861053655968
0.012900431665655748
0.00971702395310749
0.006492489323495085
0.0032468146625347287
1.0561254214901402E-15
0.003228063207313639
0.006417712443588887
0.009549632433254065
0.012604970668222804
0.01556544948029055
0.018413474000506743
0.021132235375583935
0.02564983888569666
0.026243575645965453
0.036794904057701805
0.04360646971819285
0.02559515499156959
0.02860020545323678
0.0435315581002398
0.05481584633971917
0.054649735179002616
0.045192578825477475
0.045790472692273695
0.03858122939936985
0.02920011905026658
0.038357732120053764
0.04617253917003463
0.04526542790217741
0.054589207401318444
0.05697784248408204
0.042416285235836904
0.02460089242233653
0.02860189795158715
0.042013006221258205
0.031020482537315975
0.023098885404788248
0.01703439276647829
0.01970021036208909
0.01707317065595313
0.014354647114387536
0.011561772961430744
0.008712048594938952
0.005823233049986577
0.0029132344336070585
8.9001106932721E-16
0.0028985934653020053
0.005764848289295158
0.008581352929303657
0.011331086723559909
0.013997521750359706
0.016564721191941394
0.019017433623292637
0.030389295982345584
0.03206397225306195
0.0259193051447317
0.024201782590102677
0.028562790115883464
0.03500744152228391
0.026385176264160343
0.00988553271050384
0.02580599881901737
0.027546045561599376
0.02578916040704823
0.03446828289754027
0.04810175674443459
0.03423211989585335
0.02510120434580861
0.028201696530491652
0.02822633130720756
0.009625047713051935
0.027408086643978934
0.0317959238680613
0.025094492911768112
0.025462171392245752
0.024630115246130662
0.022959009487996507
0.028485305987599498
0.017886055366203347
0.015505857279757236
0.013041013712288435
0.0105070267919982
0.007919752519502204
0.00529530236641347
0.002649943750817232
2.0521830148726084E-15
0.002638249589546453
0.005248668987354681
0.007815363359244178
0.010322775102726516
0.012755777411734743
0.015099764812137493
0.01734074013054514
0.017187350346316375
0.027988500579516143
0.030360355788087014
0.023279571319572232
0.03580128942192544
0.03531523513062011
0.031257554785166064
0.04711055641753917
0.02693262835256075
0.032432684288159624
0.03707822939701492
0.03301759540970665
0.02975954920362663
0.032788569891853095
0.0359457444843462
0.031027985227861692
0.023369221408487507
0.04407976694976673
0.028868006510947113
0.03511005437109987
0.03404230881067173
0.02387125679643566
0.030688119393011526
0.03363457594304936
0.023122333712561397
0.01642875242294106
0.0142462586449007
0.011984803983147675
0.009658584444420778
0.007282136745885827
0.004870248084484566
0.0024378647295426902
2.8303311822987136E-15
0.0024283578107863195
0.004832337001505746
0.007197272964713318
0.00950879707671162
0.011752923439939065
0.01391613295761765
0.015985454238322268
0.012581979390268418
0.010245581256670506
0.019899372030115662
0.030264862964255842
0.01949194428166731
0.023301034745774246
0.028011924793138937
0.026016560228635747
0.04121995705673478
0.03328001154502552
0.03915103192017621
0.03209086196284261
0.02750995524629854
0.03215702757062537
0.039856931525967164
0.0324459326536789
0.041247916459233695
0.02797876955490961
0.027834135479170234
0.022754013105605316
0.02159319868805135
0.02598859536477896
0.02083240176744598
0.011509717998017761
0.00798028135421001
0.015238710305111612
0.013217291849717138
0.01112167627822655
0.00896499579792716
0.006760710998605816
0.004522527309870778
0.0022643102517696917
1.825629312117632E-15
0.002256474210774534
0.0044912793225895965
0.006690762809973419
0.00884153564420702
0.010930553364365896
0.012945194766963899
0.01487333774186413
0.02484118470470929
0.01925435381704465
0.016987613459132116
0.021505785344779805
0.021182518986469747
0.025535416570647843
0.03274359963031225
0.028308016138242017
0.033185180331265225
0.0289995583850334
0.01435044172407688
0.024423703046559466
0.029051443724431303
0.024459298623705054
0.013723947222571293
0.02974738850815724
0.03494921974754188
0.025408287790765826
0.033129640801697925
0.026133238699781458
0.018579303927319497
0.02281370689903539
0.015458196093041849
0.00978441498698208
0.01971040710761191
0.014254402945590081
0.012365975136843718
0.010407368373053026
0.008390836793722253
0.006328951709570792
0.00423452360087182
0.0021205228934357396
2.294117281244285E-15
0.00211399488237505
0.004208491728064906
0.0062706799041981585
0.00828798617575517
0.01024815102148388
0.01213930279950483
0.013950029315996731
0.02097538735115702
0.02976567302816396
0.02828462185216426
0.023572750445173693
0.028656941626482368
0.034662868965234954
0.01864143740782538
0.030500748563616915
0.027982002556805705
0.020107702230212483
0.03922518363063
0.02935103126595058
0.04140866624999421
0.02906220193831418
0.03869408301032174
0.019977637885765457
0.025825916978862842
0.032510899240494794
0.017685675342374817
0.0348390277882027
0.0280702525114158
0.02351249380212126
0.022722014444205282
0.02882815902069259
0.023969141429873355
0.01343223112504859
0.011654737426116873
0.009810470346245414
0.007910951711346806
0.005968010510534174
0.00399370952924823
0.002000270752830599
1.762401032957169E-15
0.001994788750871715
0.003971848879045283
0.005919076020939498
0.007824581895463183
0.009676766606715721
0.011464388985838507
0.013176634547166319
0.005819380687354125
0.008991979402889528
0.019985828255111204
0.019680631006992556
0.017626928351032647
0.015978947216840005
0.02481309065002666
0.022172371161110926
0.031351486111593
0.030760119409951995
0.014818684908217182
0.03742644944779798
0.004499084276324251
0.037822828619800526
0.01489820083274644
0.03008443153692945
0.029501924777620286
0.02262336628133086
0.02236048289781711
0.011321943323442874
0.019733608458479962
0.018629721837829728
0.0258172738860948
0.016590612674188994
0.011746304191014642
0.012740489276204133
0.011056240820027806
0.009308114012792827
0.007507015135156518
0.005664148820688195
0.003790948594129017
0.0018990061775915979
1.3571550681819163E-15
0.0018943766504775762
0.003772487390704989
0.005622823984444915
0.007434076627061707
0.009195202845304305
0.01089549459368371
0.012524643141227856
0.01746368504556673
0.009403834041106148
0.008370137033549939
0.018194761201112238
0.02041125528683048
0.03285072235862271
0.02545565249995502
0.03887015447511594
0.023645708647828414
0.021571144070761678
0.032905303805889796
0.00966452929362467
0.04530740767836484
0.0090246207310729
0.03296590260560315
0.02111644443468968
0.02457541361884204
0.03672432850230752
0.026807729959889646
0.034348338971899456
0.01966936822662623
0.018413820155762872
0.008704729373045464
0.007838061868396981
0.010281585686742182
0.012155621864993384
0.010550164881394061
0.008883293100557615
0.00716539254876114
0.005407139946447552
0.0036194365539019037
0.0018133407843704179
2.1736666487405748E-15
0.0018094180900284646
0.003603794008251437
0.005372124644469084
0.007103590532064384
0.008787621854598584
0.010413962781400403
0.011972733741575071
0.02244370377265827
0.02436228632237281
0.018836313808705117
0.022928833471961996
0.02879682944838153
0.02257692548212098
0.017131836474903336
0.013846443325690945
0.017622063305584027
0.028100378144870475
0.011275983288161356
0.044181878552078224
0.024247283303486366
0.044058980434584526
0.011202404104217568
0.028938981001587073
0.017540170656301833
0.01576775641225935
0.01843121066313112
0.023847280857646005
0.029410190290121433
0.020140688194047063
0.011396459629480177
0.01893776825348215
0.02174396010087899
0.011659817132513253
0.010121138014668378
0.008523137976575959
0.006875761877443617
0.005189238702479166
0.0034740182182248125
0.0017407063958153823
2.259541130880407E-15
0.001737379253528885
0.00346075056835994
0.005159539561483985
0.006823342980652637
0.008441992249952535
0.010005615456474323
0.01150469740100226
0.011331638821111665
0.01467349090109669
0.025212976723532662
0.01727634903993563
0.02311287637247669
0.026686723885035485
0.027862287508361814
0.02042431386072833
0.02295421581481298
0.009481944028763567
0.030847437327363197
0.015258183191418806
0.026539529365546037
0.01576417254647382
0.03027233720271851
0.009239639044178766
0.022005353321975563
0.019047524613226275
0.02653514260555387
0.021179665510120536
0.023569644953888247
0.020599348076185523
0.025835202229458395
0.01907605890036454
0.017470262138287368
0.01123941341989062
0.009757366466504836
0.008217771418262892
0.006630198648210301
0.0050044971150006315
0.0033507334073866737
0.0016791295566449885
3.989961235172575E-15
0.001676311916876003
0.003339497508484895
0.004979345999430301
0.006585807068179864
0.008149052303014432
0.00965953519447727
0.011108049299686737
0.008785459869685463
0.01293599738243374
0.008074857369466556
0.0138264527508824
0.020847403176041994
0.025905066094654306
0.014292052108267053
0.02501497439616201
0.021017673771753495
0.035145042445955746
0.022008573063673837
0.02974414482133224
0.03512475174703897
0.0292213762371134
0.02279814820773821
0.03460664309781897
0.021211882110258557
0.02396393310980881
0.012885718172978448
0.02813414872943541
0.016931201818029356
0.01305137788489979
0.01431127002265447
0.013613064087414285
0.0030039352653332724
0.010883816402485756
0.009449702303210317
0.007959530298470569
0.006422553345595914
0.004848298416945467
0.0032465075731283603
0.0016270778027903698
6.039876307656577E-15
0.0016247025454963456
0.0032370357671767246
0.004827096171891947
0.006385131545148878
0.00790160064054687
0.009367231488446726
0.0107730779685231
0.020557031618803446
0.015435322693032378
0.008766179031379037
0.018834789373337685
0.021983240184133723
0.008287083758877463
0.027461624397253092
0.01864849572847489
0.019218735467864404
0.02266194525476083
0.012055368223271334
0.026460837038562637
0.00881704527789018
0.02648231257851395
0.011334370239072796
0.023737783702468034
0.019184336861137963
0.02042836153722159
0.02861648574254998
0.009349084568882397
0.021419170823126502
0.014707835881589745
0.005833387389773534
0.013097470763261898
0.016540162650938463
0.01058474740274138
0.009190996056050714
0.007742424727155763
0.0062480185198712295
0.004717032902420222
0.0031589364957627683
0.0015833526258713624
5.031071543684749E-15
0.0015813671279539467
0.0031510189353828183
0.004699309784062367
0.006216737382103312
0.007694000992685128
0.009122058333468462
0.010492180819395854
0.01716960794190232
0.014757120470979195
0.023002454234884187
0.021053146975478727
0.014177781872381888
0.02570782627435673
0.014024234269691361
0.01700642161552991
0.021103895517797146
0.015210023336540474
0.03061280076849905
0.015664964196261053
0.025474336603776397
0.01569995461952916
0.030507926184369562
0.013421535489315366
0.021684913762054617
0.01662246111710075
0.013706338032319316
0.021797001714260612
0.016743877433707782
0.02327304269897064
0.018428602146837808
0.015210228897601843
0.020390959504627493
0.010335712165392598
0.00897563904764847
0.007561755518894067
0.006102822496018055
0.0046078684891921375
0.00308613382898994
0.0015470136525479678
2.952415613118945E-15
0.0015453766227169164
0.003079605855301529
0.004593255909141735
0.00607703144969824
0.0075218305803163655
0.008918800579135567
0.010259392048035033
0.00247096490869134
0.01701844552790214
0.015203267572939145
0.009762567015204168
0.01714199405204293
0.018948997311597184
0.01967355667326991
0.021641566460949054
0.010877045526473238
0.02756160956725932
0.024668606884163547
0.02003948792682872
0.01930644298626113
0.019786298025120604
0.02561982745283906
0.02707128364068245
0.009259259259254181
0.02036553710246997
0.01692703483650485
0.022116382206363132
0.015066864340935907
0.011469009927157237
0.019891943256167294
0.014383856588038554
0.009155590226035057
0.010131620185263215
0.008799235330313898
0.007413839913162299
0.005984009696896691
0.0045185861159789875
0.0030266216949492984
0.0015173242190142714
2.2576971342518657E-15
0.0015160034130005788
0.0030213547264698495
0.004506796245601854
0.005963200715939647
0.007381627315081666
0.008753376451611743
0.010070043035633516
0.015592981529914018
0.013317507940237158
0.00920577853810025
0.012770032371406323
0.020875977210004188
0.011018093455698914
0.02272573667451597
0.018681949431028806
0.032820837811233565
0.02036297313378086
0.018914970293685156
0.02217793709967058
0.021010049516654163
0.022261017039974636
0.017949612585700932
0.021479181611639277
0.03354951532992329
0.01865235906626996
0.023553856380909333
0.011681206391556417
0.020225945938861286
0.00906341012673032
0.010031921484104908
0.017557458331937222
0.0091477301082825
0.009968509378500523
0.008658364370334395
0.007295813132375605
0.005889281682091716
0.004447460615540578
0.0029792514937054862
0.0014937119704673712
1.3278390405606597E-15
0.0014926825330960456
0.002975146414700191
0.004438271585384024
0.005873063161212039
0.007270706647692454
0.008622622008379177
0.00992051625684499
0.020065996413913934
0.009612165291343604
0.015316670923032653
0.023351004843138016
0.012541853853263379
0.019395522739348265
0.014423153321190181
0.02105973846619573
0.009691442202424384
0.01614109263281463
0.03253955961065671
0.017000664231718914
0.012712823767249174
0.01714356094271148
0.0323016211433125
0.015479660745156642
0.011133570139452873
0.023395926441681543
0.016401291399820817
0.01500895597778691
0.015042613230167945
0.022144537345352457
0.011872376618999748
0.008420144153768242
0.01987003875721584
0.00984334631362502
0.008550408863440457
0.007205484406087995
0.005816881820237516
0.004393174290425108
0.002943146454461926
0.001475740279534834
1.6660383222016107E-15
0.0014749835446471603
0.0029401288293639948
0.004386419477506558
0.005804959666123851
0.0071870287627631676
0.008524134858662701
0.009808066870153063
0.009551061629738223
0.015338880223477378
0.01842385822511755
0.011281269480161865
0.016488674584367896
0.025570158809619062
0.009670498550323954
0.01119093354933843
0.024875588720618635
0.022412152042801285
0.00870663847811272
0.01899810100184975
0.032694162832283054
0.01881483932083
0.009244797869550226
0.021721738716686867
0.022535020093998378
0.011110649777367532
0.007132914361772262
0.029131115795534047
0.015805895030990856
0.016268976316693207
0.018808828334949377
0.00986988812363135
0.01568810148989554
0.009753882124996786
0.008473430582409073
0.007141233191080459
0.005765512186412973
0.004354754658460396
0.0029176602675294854
0.0014630876723746302
9.021778663654508E-15
0.0014625903073975535
0.002915676929896403
0.004350315050564285
0.005757676340100727
0.007129103207223808
0.008456161982296805
0.00973069470784434
0.008360789671354512
0.01882434340031548
0.012805301879053738
0.006983340947577657
0.022351472254892656
0.005714110732826
0.03220690700403788
0.03733808778854421
0.02177502798741651
0.019240639321269723
0.022481018562739204
0.021597144099721313
0.010784749735029154
0.021590305963372317
0.021984097446823603
0.019778883272694763
0.022384251938870153
0.03664996109914446
0.0322983318522814
0.007104171284644428
0.022173385861982118
0.005140611240281782
0.012957834175694507
0.021127473773877064
0.0016890722653518247
0.009698550779595968
0.008426082790691685
0.0071019360191484325
0.005734275035341351
0.004331530647309775
0.0029023480018537497
0.0014555333780372423
4.8016166715709746E-15
0.001455286797780574
0.0029013647161449346
0.004329329608813264
0.005730390233513397
0.007095922300632983
0.008417521487005874
0.009687055090159113
0.0195327604456357
0.004620798617882649
0.013399761520265202
0.02149438698087651
0.015347229085796523
0.027052120034979196
0.011530693277422756
0.011867397597539985
0.015595202981858892
0.0187006511350327
0.01758111458563402
0.016879582128663195
0.029881135068113015
0.017011733946321737
0.017741907289595914
0.01910444498485525
0.01709605542930542
0.014207850481321064
0.01446809274179248
0.022705255553337043
0.016463564225625747
0.01727462015906448
0.015427881476697951
0.00940246099629976
0.016047974462296024
0.009676400843692319
0.008407551610459502
0.007086917623867545
0.005722633777813231
0.004323103446451524
0.0028969467941693757
0.001452947753967539
