1.0
0.9989725854527276
0.9958941397184454
0.9907760398146883
0.9836371918337661
0.9745039478168468
0.9634099899352746
0.9503961825331794
0.9355103927392263
0.9188072805050691
0.9003480590739793
0.8802002270235744
0.7940463316380609
0.7249715693351945
0.6739458103799879
0.6117265780500427
0.6203462864492362
0.6090608616847529
0.616441151972145
0.5948317672695966
0.5633572573009665
0.5313917795271321
0.48995897726935367
0.4200091156869435
0.37114305830206096
0.30468353417092
0.3060540456312098
0.2951113424983029
0.30562165162758964
0.3339538200796376
0.3002006862750955
0.2668332813211872
0.2339567767589831
0.2016731299197528
0.17008068053330955
0.13927376632762667
0.10934235931995445
0.08037172439209711
0.052442101627436497
0.025628413765296936
4.8521131685317536E-17
0.02437962278192729
0.047452970371682716
0.06916877240348787
0.08948212364992578
0.10835460493099762
0.12575437327165584
0.14165622109465467
0.15604160438810744
0.1688986399392115
0.1802220718765288
0.19001320791218013
0.25681399572967545
0.3010607737467674
0.31734262550236436
0.3558899631098267
0.3316536184782342
0.3263869652431977
0.2909312994273565
0.2838976546903554
0.2818627063881342
0.2765050859769614
0.2756998102219206
0.3033241926366447
0.29812735576946364
0.3112101296821176
0.26538587073843967
0.24989184087006883
0.20637962722719985
0.14055159595840191
0.12883908052317294
0.116672452407937
0.10413347464621678
0.09130375337943719
0.07826434592779984
0.06509537670314806
0.05187566279556166
0.0386823510008122
0.02559056798264964
0.012673085182488143
4.83265267282456E-16
0.012361565328205468
0.024347745827528765
0.03589819564672802
0.04695632858088893
0.05746953627456611
0.06738938324713124
0.07667177800935174
0.08527711967004807
0.09317041956355232
0.10032139756208608
0.10670455287113917
0.07672558009854284
0.04852071019233147
0.07005184106643315
0.08254611029821526
0.06554541420980263
0.04139279786334142
0.07641729567406644
0.08093778054472159
0.0791522347833494
0.0795038741580496
0.07359580948701473
0.03767561548771739
0.06359142929752833
0.08318020215563944
0.07051278029457242
0.044742315987022836
0.06935734983347441
0.0891969190277813
0.08219714680739791
0.07482035430154847
0.06711710121238178
0.05913896231121393
0.05093822132600394
0.04256756538062739
0.03407978162745252
0.025527457685862464
0.01696268746207136
0.008436783880032623
5.499651055352209E-16
0.008298740059596195
0.016412099049191952
0.024294572090917566
0.03190271856496194
0.03919537927375548
0.04613387787015437
0.05268220563223878
0.058807188768007196
0.06447863753738894
0.06966947658610836
0.0743558559953378
0.11251402417252236
0.11736285673025951
0.0940027937323267
0.11988666361773996
0.12639811690982092
0.15652142017358353
0.13147224200877242
0.14143112066206823
0.14558702426276898
0.1395718338177081
0.12695349541534512
0.14901996901563178
0.11416415877894187
0.10119909339742719
0.07675810411406463
0.09818463219720969
0.09834207339259392
0.06548986096701184
0.060499877003650226
0.05520449656085588
0.04963964052493593
0.0438423733635549
0.037850671909972586
0.03170319158088181
0.02543903139089878
0.019097499119956056
0.012717877975440937
0.006339196069147281
1.2928324927996517E-15
0.006261866202463313
0.012409475561785828
0.018407024902624896
0.02422003275573053
0.02981552737365652
0.03516222387760952
0.04023068962729623
0.04499349698177947
0.04942536269936595
0.053503273308290245
0.05720659586665638
0.06012811220573492
0.058887083074065316
0.08367775711312754
0.08595903150144081
0.06149462210888948
0.029348546786341453
0.05584698045302242
0.06436597961076469
0.06727131260977817
0.06431734613676582
0.05561912831504209
0.03016953493886926
0.06221118068437213
0.0856910140182768
0.08309241110221487
0.06297675478265757
0.05827573681394372
0.051877279022177855
0.047993586651200994
0.043855240091816364
0.03948997423526489
0.03492661100534937
0.03019487674906525
0.02532521601994435
0.020348602879242658
0.015296350844886054
0.010199922616158853
0.005090740693764544
2.924816201721135E-16
0.005041516417228599
0.010003617540090746
0.014856879372910728
0.019572813786122675
0.024124030271785734
0.028484389719773667
0.03262914937775043
0.036535098216766565
0.04018068198682754
0.04354611731320055
0.04661349425376641
0.05616775686681586
0.03525069573436527
0.04334943743988896
0.029333155388625912
0.06439059570099301
0.0810484316532724
0.06393229233179783
0.08431302571242476
0.09247633795681379
0.08319597865953897
0.061757573323221064
0.0774916615874378
0.06490202520324624
0.027538039821411266
0.04262293382360278
0.027816300784297025
0.04882000892628598
0.043070478637466714
0.039883901941636345
0.03647909300014195
0.03287863137833116
0.029106096167606198
0.025185915879487913
0.02114321444761097
0.017003654284083885
0.012793277347067634
0.008538345181072904
0.004265178890456258
5.151917384614062E-16
0.0042312268559529615
0.008402948491872758
0.012490174076164632
0.016468621510453717
0.020314858443546212
0.02400643711855163
0.027522022293951006
0.030841511525969607
0.033946147150060946
0.036818619353300414
0.03944315978678721
0.047436823117969255
0.06850866191629404
0.05563046882062528
0.07083628128624218
0.06148625635890277
0.042504459418243906
0.052714276760044726
0.06021785162684263
0.0687823513814139
0.06003178054281305
0.0525082799470435
0.043118082467766036
0.059874060700910794
0.06753748035861752
0.049356706312088626
0.06611988342787735
0.04398715626861138
0.03692667386834041
0.03421776046338183
0.031317650500897125
0.028245407809628607
0.02502101131459166
0.021665227760588518
0.018199480544475517
0.014645715469341227
0.011026264246839543
0.0073637065820828206
0.0036807316787430973
4.718260128826008E-16
0.0036559938856951892
0.007265056556972316
0.01080542828930879
0.014255912122852807
0.01759599869453514
0.020805986110944263
0.023867094172386773
0.026761572296945972
0.029472800534868122
0.031985383108940835
0.03428523396467499
0.03452842726710913
0.017578565324606575
0.0407124795809519
0.023749550146370854
0.0701527523167562
0.05482473645817973
0.042115837999043934
0.04785468410592716
0.05590645998776222
0.04716034557461222
0.041943029163015635
0.054161781409146945
0.06920349339682907
0.022998403970652722
0.04103620115597506
0.019440492269366304
0.03451222489645599
0.03241281085604709
0.030050316655056208
0.027517322639368322
0.024830357014185095
0.022006789021948914
0.019064718399567575
0.01602286105365547
0.012900431665656034
0.009717023953107883
0.006492489323494454
0.0032468146625350912
4.2973708741493953E-16
0.0032280632073136252
0.006417712443588007
0.00954963243325577
0.0126049706682256
0.01556544948029082
0.01841347400050728
0.02113223537558418
0.02370580864346293
0.026119244705547946
0.02835865587171077
0.03041129449570821
0.02891610293818299
0.04293948650396778
0.03734717108118333
0.052988205830467205
0.034453682827112815
0.04056544515900808
0.04466357700476292
0.05022278543205456
0.06255852553024635
0.04992473841936752
0.04403275027211356
0.03958034238812562
0.03150216816179819
0.05224042890058898
0.03780729218328906
0.03696203574456684
0.025156344795881712
0.028969629458262872
0.02686882837511538
0.024613779935094816
0.02221910702400495
0.019700210362087602
0.01707317065595134
0.014354647114387957
0.011561772961431297
0.008712048594939322
0.005823233049988242
0.0029132344336073295
3.5513581666787205E-16
0.0028985934652999527
0.005764848289297007
0.008581352929304271
0.011331086723562698
0.013997521750360207
0.016564721191942664
0.01901743362329234
0.021341182673569006
0.023522351538323327
0.025548261854454402
0.02740724648622081
0.03916219620693869
0.03461758427140372
0.03523099824405095
0.019938915667197365
0.048848128716585865
0.04843028125198649
0.040211809083315286
0.029509025365660857
0.029203990291331118
0.029301186893856083
0.03997136748038384
0.047941672649059006
0.04597118024423819
0.019717259270192918
0.03275350534816958
0.03746758720993076
0.04009287781672474
0.026268079742025063
0.02437107680436196
0.0223328536566817
0.020166556388832017
0.017886055366203028
0.015505857279754186
0.013041013712289693
0.0105070267919961
0.007919752519503402
0.005295302366409141
0.002649943750817191
9.390348184854621E-16
0.0026382495895471286
0.005248668987356165
0.007815363359242945
0.010322775102730046
0.012755777411734151
0.015099764812139647
0.01734074013054672
0.01946539738242587
0.021461200092846563
0.023316454592684846
0.025020377865604047
0.012619287515951929
0.014852716795367637
0.031190581629929697
0.041791076076694245
0.027168347349983742
0.023365497584547354
0.03122665620759776
0.03804467394923727
0.04999632113371474
0.03775479028113586
0.03071031476674613
0.02214880550058849
0.028574958192309385
0.03904814075021269
0.02907371145258188
0.012487728334332511
0.010819033002112297
0.024102011149963392
0.02236746098953329
0.02050230555744414
0.018518518518522636
0.01642875242294154
0.01424625864490027
0.011984803983146589
0.009658584444422238
0.0072821367458833376
0.004870248084480372
0.002437864729542414
1.3684750141598085E-15
0.0024283578107899017
0.0048323370015078805
0.007197272964719341
0.009508797076711855
0.011752923439939387
0.013916132957621652
0.015985454238322958
0.017948540849477862
0.01979374446275951
0.02151018346102645
0.023087806605618218
0.03947896607876749
0.040894308697169014
0.030360939608076058
0.02618313373497672
0.02384820785810919
0.041371916381207144
0.03160160488620094
0.027033782912390586
0.018866786199285175
0.027044735938980345
0.03103516923359833
0.04081414512999679
0.022231792181379998
0.028030103683439316
0.03203403102362409
0.039230693539360144
0.038188419039999595
0.022335777788463244
0.020733088768744235
0.01900855764427094
0.01717320964004365
0.015238710305113028
0.0132172918497164
0.01112167627822666
0.008964995797927078
0.00676071099860544
0.00452252730986939
0.002264310251770405
1.178053213411606E-15
0.002256474210776224
0.004491279322589091
0.006690762809974175
0.008841535644206203
0.010930553364365351
0.012945194766962076
0.01487333774186403
0.016703431801370475
0.018424566870803107
0.020026537933306256
0.021499905148104712
0.012040619704339579
0.013722523921319662
0.020902920578221802
0.020026102307876492
0.035130120718666905
0.01750342271121913
0.029573457121473964
0.028578331767719987
0.03413897036779784
0.02841528968127934
0.02988600418329721
0.017836220730941477
0.03488741110199636
0.018689330024131683
0.01977645977047968
0.015983356891619633
0.013420761119316466
0.02087655087877573
0.019382415367129202
0.017773746605174792
0.016060791128660823
0.014254402945588116
0.012365975136842813
0.010407368373054894
0.008390836793720552
0.006328951709569048
0.004234523600872558
0.002120522893440634
6.007005159295809E-16
0.0021139948823750334
0.004208491728059844
0.006270679904201464
0.008287986175752694
0.010248151021481343
0.012139302799506984
0.013950029315998766
0.01566944636728073
0.01728726284573327
0.01879384202181739
0.02018025863917596
0.02975096821251009
0.02417309628888721
0.03168096376863251
0.03209196597342953
0.019200164281418693
0.033029820394527315
0.020639059831764
0.02614601995797177
0.026189140043945028
0.026070074673260724
0.02016085329134529
0.03231990907277359
0.01980156790615284
0.03063753213715015
0.029374306304463603
0.02052617466103166
0.02724372851856846
0.019658737610335375
0.018254951168103932
0.016742774869487654
0.015131808464323502
0.013432231125053281
0.011654737426118516
0.009810470346245315
0.007910951711349354
0.005968010510534738
0.003993709529244602
0.002000270752828329
2.7371640774850804E-16
0.0019947887508707115
0.003971848879047419
0.005919076020936032
0.00782458189546357
0.009676766606715145
0.011464388985831266
0.013176634547166978
0.014803180649466978
0.01633425847110752
0.01776071142865597
0.019074049690993817
0.0179825753945433
0.028143848316532948
0.02182588215972133
0.02444031944748657
0.028315194094228124
0.02114273166557242
0.034940541775568316
0.025361615695176015
0.019272041464837793
0.025358168086969484
0.03499719488740083
0.021195965505116928
0.027542978547201166
0.02654756860248386
0.024183010181673945
0.02993205840712735
0.018621115926852023
0.018634751619664453
0.01730678585520837
0.015875622498043238
0.014350319253918463
0.012740489276206192
0.011056240820025777
0.009308114012787288
0.007507015135161046
0.005664148820685423
0.0037909485941296462
0.001899006177587448
4.556936689649512E-16
0.0018943766504767342
0.0037724873907050414
0.0056228239844455935
0.007434076627062806
0.009195202845303441
0.010895494593686442
0.012524643141229197
0.014072801356565957
0.015530643016464552
0.01688941878175793
0.018141008505865603
0.01944868577666573
0.008913136530446059
0.01390034131622938
0.010887619000932193
0.024266665327269545
0.025118617872494087
0.013899872070888858
0.02144820556036211
0.03341638094418004
0.02131171603450067
0.013807026195580573
0.0248581849365001
0.024421944736933487
0.008695971396296694
0.012088531331488832
0.008275134925577693
0.018782894799974307
0.017769308106982927
0.01650534428602299
0.015142585844550327
0.01368963323242223
0.012155621864995433
0.010550164881392515
0.008883293100557386
0.007165392548762601
0.005407139946450286
0.0036194365538997934
0.0018133407843659547
2.4285680569869007E-15
0.0018094180900258016
0.0036037940082481786
0.005372124644470355
0.007103590532062688
0.008787621854597676
0.010413962781401116
0.011972733741574315
0.01345449125936007
0.014850284989618675
0.01615171160993965
0.017350965245904446
0.01874838184475237
0.029895144277309688
0.03124385657273205
0.03881768477665941
0.024649986027073075
0.020162063408346118
0.030370947218553938
0.026518107253757705
0.014796204027494594
0.026556787980707732
0.029864344496517127
0.020007699366010896
0.024770532135314657
0.039287897708423565
0.030211896887351777
0.028104043413711467
0.01818725216029626
0.017035768917317496
0.01582602400083401
0.014521222122819904
0.01312957631816434
0.011659817132509806
0.010121138014664653
0.008523137976577852
0.006875761877448503
0.005189238702477295
0.003474018218224833
0.0017407063958158376
5.788359447268731E-15
0.0017373792535262031
0.0034607505683613552
0.005159539561487923
0.006823342980657102
0.008441992249955885
0.010005615456472992
0.011504697400995604
0.012930137348570883
0.0142733041291747
0.015526088255908137
0.016680950746743202
0.021354947958173057
0.013699462921238066
0.013668962773997257
0.017066014453043534
0.0250946821052481
0.025991947055433725
0.018450029885600957
0.018132124630061093
0.03509295743779312
0.018142243046497426
0.01892539062154286
0.026202293938168454
0.02532808253045356
0.01812940651628779
0.01603670374084761
0.016004759024813825
0.022524730168753702
0.01641372860143364
0.015249972865769446
0.013994328584078435
0.012654679837933986
0.011239413419894394
0.009757366466509692
0.008217771418265025
0.006630198648214316
0.005004497114997783
0.003350733407388371
0.0016791295566423684
4.755205222380017E-15
0.0016763119168756444
0.0033394975084836713
0.00497934599941956
0.0065858070681795245
0.008149052303013327
0.009659535194492678
0.011108049299680728
0.012485784224257016
0.013784379082911212
0.01499597311448302
0.016113253146070382
0.014031891324937215
0.015659063350556005
0.015663975647587716
0.029388886526555386
0.02573322136692482
0.017261630004640868
0.018361668130405278
0.02701297655486212
0.022223225236872077
0.0269856760376745
0.017780483127002863
0.016978922558249974
0.02548628085601561
0.026673603924916692
0.013084580235349488
0.013091727437127287
0.012683264030789817
0.015887378229223315
0.01476258184474917
0.013548571158448727
0.01225295098388741
0.01088381640248547
0.009449702303206185
0.00795953029846444
0.006422553345603048
0.004848298416959703
0.003246507573132538
0.0016270778027900018
2.7066790575831315E-16
0.0016247025454930568
0.0032370357671764743
0.0048270961718913504
0.006385131545151446
0.007901600640543956
0.00936723148845078
0.010773077968524641
0.01211057430154104
0.013371587129265039
0.014548464866396776
0.015634084025899414
0.025489159639250206
0.025704524342954345
0.027585665160441235
0.020071123443775856
0.027073861887765897
0.025589815985768725
0.0270841350731642
0.022074793804178962
0.031067900121361253
0.022230326815299146
0.02735728317999438
0.025219443471134303
0.026883448734450484
0.020164881149598995
0.027952957233729384
0.026700858271152747
0.025516580010976085
0.015444371757689574
0.01435244019351017
0.013173533359923995
0.011915019650558913
0.010584747402740033
0.009190996056051443
0.007742424727154638
0.0062480185198747215
0.004717032902420815
0.0031589364957650516
0.0015833526258707163
1.3005169780106423E-16
0.0015813671279526584
0.003151018935383805
0.004699309784059088
0.006216737382103117
0.007694000992686121
0.009122058333469275
0.010492180819406099
0.011796006812020522
0.01302559255093665
0.014173460457965392
0.015232644520587953
0.008389447990073469
0.007069450638385171
0.010309472076139994
0.017796214336724115
0.018634101838219015
0.016402254204184657
0.011694137249283186
0.023950251909354556
0.028963314022908658
0.023821673864153924
0.01169168944807848
0.01682556800256631
0.017855726453970138
0.018806081906986873
0.0116113667466326
0.0074325041047926775
0.008297317095134682
0.01507502617164805
0.014010597974013725
0.01286104467594761
0.011633535736640544
0.010335712165390256
0.00897563904764281
0.00756175551889429
0.006102822496014905
0.004607868489188351
0.0030861338289815813
0.0015470136525588271
6.3679240313344596E-15
0.0015453766227162846
0.003079605855301082
0.004593255909153157
0.006077031449700679
0.007521830580309454
0.008918800579128477
0.010259392048030573
0.011535411143219498
0.012739069568691455
0.01386303202823181
0.01490046084737148
0.02250583452797895
0.023849512246920678
0.01923471722195423
0.018363876163130295
0.019714390881217198
0.018616616000538343
0.027639666245357936
0.027702499921573732
0.02281966877471344
0.027802266359724926
0.027399550885761372
0.0180921696175035
0.01851851851850727
0.017401342453744664
0.016993767431397487
0.0218738750306761
0.021108667474450865
0.014771748995775089
0.01373003804923239
0.0126046995812195
0.011402737382910918
0.010131620185263087
0.008799235330313732
0.007413839913161877
0.005984009696886802
0.004518586115972082
0.003026621694948803
0.0015173242190175936
3.046722280100559E-15
0.0015160034130006163
0.003021354726476642
0.004506796245607168
0.005963200715943959
0.007381627315091275
0.008753376451607543
0.01007004303563336
0.01132356789569695
0.012506287027605879
0.013610978375000207
0.014630905856399527
0.012407578692213529
0.015220714864622403
0.021741983242111688
0.02314903573395078
0.024710488462928795
0.02576103946682558
0.014813246532780176
0.017334082189825545
0.031008691518498954
0.017146513387670516
0.015053157503220158
0.02648103492570412
0.026555399894204034
0.022822525169970038
0.022936048265026227
0.017468109682408473
0.013846410790002728
0.01452862451508835
0.01350529438704688
0.01239950977152833
0.011218138743396854
0.009968509378499149
0.008658364370334517
0.007295813132377346
0.00588928168209514
0.004447460615539055
0.002979251493709742
0.0014937119704656321
5.49489289098146E-15
0.0014926825331038022
0.0029751464147074226
0.004438271585380827
0.005873063161207549
0.0072707066476974955
0.008622622008378532
0.009920516256839939
0.011156434250420764
0.01232280737481695
0.013412499822260057
0.014418852180572253
0.014804996847256672
0.010997069755795143
0.013580771814546316
0.01413714045779858
0.009586661526496763
0.014266347125733542
0.020365758354706064
0.02903098318442083
0.013776005431653294
0.028988768134811806
0.019997419690851146
0.014136548518848593
0.00885481183718971
0.015279326177240551
0.014024900710348957
0.009189230933227103
0.013578727755068699
0.014341113543083437
0.01333217510720615
0.012241651830628827
0.011076303439816915
0.00984334631362642
0.008550408863448832
0.007205484406091915
0.005816881820236074
0.004393174290421751
0.0029431464544570672
0.0014757402795445313
6.759995493494059E-15
0.001474983544648705
0.002940128829361412
0.004386419477513264
0.005804959666126072
0.007187028762771541
0.008524134858659282
0.009808066870154775
0.011030944889166679
0.012185268474428917
0.013263962587799919
0.01426042089505614
0.01842543387658496
0.024945780574455532
0.020328276180492436
0.018490785489845094
0.03753489230569474
0.03048421334005995
0.01953441579063386
0.011763742765675786
0.02788751270221258
0.011735419667156584
0.01972831040525938
0.030324647658583215
0.03760450791679486
0.01799818094183578
0.01879779517191991
0.025266993753136464
0.019051595766041575
0.014205836626891321
0.013207562550503506
0.012128285123692099
0.010974681112935276
0.009753882124997256
0.008473430582415634
0.007141233191077886
0.005765512186418404
0.004354754658460584
0.002917660267526206
0.0014630876723614697
1.0312613328522395E-16
0.001462590307401691
0.0029156769298864797
0.004350315050561005
0.005757676340102239
0.007129103207223317
0.008456161982297821
0.009730694707841964
0.010944869218245262
0.01209122720186223
0.013162729950766242
0.014152801518089873
0.0132517679533702
0.007301077770712249
0.016961276526567145
0.022728852785292308
0.0021146314197764155
0.014331629884240842
0.017759974851004882
0.02459635087616022
0.012800834626377202
0.02442180608849429
0.017900043513166156
0.014620917393257188
0.003931034215030952
0.02280631171182491
0.01772116841659
0.00841986311325819
0.014179533259728865
0.014120420498243422
0.01312927178095197
0.012057423013993922
0.010911491925412
0.009698550779603061
0.008426082790694562
0.007101936019153947
0.005734275035344119
0.004331530647311048
0.0029023480018529843
0.0014555333780372787
2.751413860450402E-15
0.0014552867977816204
0.002901364716140462
0.0043293296087994
0.005730390233526999
0.007095922300622408
0.008417521487008472
0.00968705509015382
0.01089671200536508
0.012039050719146445
0.013107045024553092
0.014094127177920546
0.018916656885523853
0.02000867437437113
0.0174499138960377
0.017696204577583995
0.026726672846622546
0.023343420894684795
0.021093701429194537
0.01623548725870923
0.02066410055630365
0.016441992559004158
0.021017814810867307
0.022534213336095826
0.024542680170561385
0.01830277782485945
0.01823685407651579
0.01787570801499962
0.018248739948258774
0.014083394332790393
0.013095955155911892
0.012027846164580915
0.010885648950796871
0.009676400843692066
0.008407551610459998
0.007086917623864356
0.005722633777814832
0.004323103446454736
0.0028969467941670807
0.0014529477539639592
