1.0
0.9989725854527317
0.9958941397184475
0.9907760398146934
0.9836371918337709
0.9745039478168537
0.9634099899352764
0.9503961825331846
0.9355103927392313
0.8188681675456453
0.7000955878575509
0.5886842914927031
0.5410921623919284
0.5668826510537124
0.6521549006941783
0.6881534926599052
0.6757618382009972
0.6374854895307055
0.6164411519721469
0.5944522021513463
0.5629335569904342
0.5309225956105439
0.48995897726935517
0.44896495449246326
0.42623672980095884
0.38461782727848093
0.29968096864642774
0.16495465173796134
0.08147991863644682
0.07119546754383944
0.12631605357043216
0.18673095375844737
0.23395677675898405
0.2016731299197541
0.1700806805333087
0.13927376632762778
0.10934235931995517
0.08037172439209737
0.05244210162743669
0.025628413765296617
1.061000505572584E-16
0.02437962278192736
0.04745297037168229
0.06916877240348815
0.0894821236499278
0.108354604930999
0.12575437327165573
0.1416562210946544
0.15604160438810916
0.2202303744667937
0.30760440912518794
0.3962127156446538
0.41243824515410055
0.3474905434359477
0.2825540699065671
0.2546677390944676
0.27485398139518097
0.29200587675164996
0.2909312994273572
0.28626031779419
0.28432344303744067
0.27900456449547184
0.2756998102219217
0.2676332174077744
0.24097617706534236
0.20261838842907712
0.2081340899689189
0.24207231824711886
0.3042526270180367
0.2882057114171732
0.2003016910546584
0.12564046307199736
0.10413347464621728
0.09130375337943793
0.07826434592780028
0.06509537670314759
0.05187566279556145
0.038682351000812534
0.02559056798265046
0.012673085182489047
4.149658908903262E-16
0.012361565328205027
0.02434774582752864
0.035898195646728005
0.04695632858088957
0.05746953627456676
0.06738938324713183
0.07667177800935279
0.08527711967004929
0.11875816037923491
0.08196130753664707
0.04695530538516442
0.07137125981392028
0.14447815777030865
0.18508129862937997
0.15650802899473726
0.10632064800954232
0.08392278744794138
0.0764172956740658
0.06683823837347284
0.06377347544101351
0.06485533136531228
0.07359580948701452
0.08134605680878411
0.10471673909392484
0.15673064476753498
0.19431334948943185
0.1718540975623506
0.0995866112391411
0.07094423750780192
0.1036562055381946
0.13323065958911948
0.06711710121238196
0.05913896231121384
0.05093822132600266
0.04256756538062915
0.03407978162745311
0.025527457685863047
0.016962687462071135
0.008436783880032385
0.0
0.008298740059596146
0.01641209904919166
0.024294572090918662
0.031902718564961616
0.03919537927375612
0.046133877870154376
0.05268220563223821
0.05880718876800604
0.0369273133847868
0.02774026966852296
0.07271417322844058
0.05351804841725342
0.04630874002548081
0.029189072167159894
0.04959399281231086
0.07441554416482592
0.1037799721523689
0.1314722420087729
0.15028122208418015
0.15500221264563788
0.14859242523744579
0.1269534954153464
0.09538299965284676
0.06478560106991305
0.05348567174131846
0.03916087820833715
0.049920493094652636
0.03545981059643386
0.053036638833532115
0.01788279404688392
0.042833162424539675
0.04963964052493949
0.04384237336355503
0.03785067190997394
0.03170319158088212
0.025439031390897805
0.01909749911995542
0.012717877975441312
0.006339196069147046
8.88512471155449E-16
0.006261866202462456
0.012409475561786867
0.018407024902625125
0.024220032755730883
0.02981552737365894
0.035162223877609075
0.04023068962729639
0.04499349698177839
0.11155141226520333
0.08176511976356224
0.07453700560713925
0.09572354677347059
0.12449153103193861
0.1470326458655277
0.11881953272088978
0.11302682082166408
0.08502154736474839
0.05584698045302225
0.03664290177900896
0.03577503060330125
0.036510256239019434
0.05561912831504287
0.08602419162666396
0.11285902648224193
0.10699853973542582
0.12311072614397575
0.0874726068601525
0.0684515828879689
0.05515445705426997
0.05485616161040833
0.08106338967167755
0.039489974235266206
0.03492661100534898
0.03019487674906525
0.02532521601994546
0.020348602879243775
0.015296350844883273
0.010199922616159889
0.0050907406937656064
8.877293818761854E-16
0.005041516417229164
0.010003617540091951
0.01485687937291048
0.019572813786122727
0.02412403027178572
0.02848438971977297
0.03262914937775121
0.036535098216769236
0.030579451664797665
0.056559275222379655
0.06123439499726117
0.07366336559052546
0.07754445699357079
0.04456679251276247
0.04586165110028616
0.04412326457851769
0.036044384058051805
0.06393229233180102
0.09924741531888842
0.10942646466030967
0.09825127477046612
0.06175757332322029
0.034984571164802074
0.04432894940370606
0.043253605341987265
0.054586426552379434
0.09678868921335367
0.09029829976189667
0.0664994217904744
0.06470749783178978
0.04424593526859267
0.032878631378331254
0.02910609616761007
0.02518591587948761
0.021143214447609103
0.017003654284084964
0.012793277347068343
0.008538345181072046
0.004265178890458169
9.264173074495015E-16
0.004231226855953918
0.008402948491872642
0.0124901740761655
0.016468621510459153
0.020314858443546878
0.024006437118550956
0.027522022293951603
0.030841511525967882
0.02360941030242994
0.011058807658319155
0.01980374767516533
0.02612322278346629
0.04946454348262022
0.029585874672641694
0.057151242903530665
0.08412102549074774
0.08500230779442522
0.05271427676004518
0.034333984356998276
0.03700579066790882
0.03429436516702749
0.052508279947042186
0.08357114522697556
0.07857444263493919
0.05716153422353455
0.030327614370148363
0.0478663174063808
0.02399482563302355
0.025676507224776702
0.017108880231691832
0.028031746570141593
0.028245407809627806
0.02502101131459156
0.02166522776058714
0.018199480544475413
0.014645715469342038
0.011026264246839047
0.00736370658208387
0.003680731678743457
1.6316647879491045E-15
0.0036559938856934966
0.007265056556972807
0.010805428289310822
0.01425591212285109
0.0175959986945373
0.02080598611094459
0.023867094172387728
0.026761572296944043
0.05392499607673446
0.035263318753154305
0.04400457704646196
0.06862844539242027
0.07056463354529077
0.06238894134418991
0.040657893990651874
0.04006416947678072
0.03381488453997091
0.042115837999043844
0.06543195466900052
0.07882335323221688
0.06472924665671712
0.04194302916301303
0.03356546096313064
0.040150238584565776
0.04028928278748437
0.05514566207992597
0.050671777723618014
0.047498108653163285
0.034233215994046204
0.01996563653673915
0.04253915321596088
0.024830357014187444
0.022006789021948674
0.01906471839956824
0.016022861053656457
0.012900431665655798
0.009717023953107837
0.006492489323495094
0.003246814662534667
1.7702012879472337E-15
0.0032280632073148317
0.006417712443589325
0.009549632433255129
0.012604970668226077
0.015565449480289206
0.018413474000506826
0.021132235375584032
0.023705808643464697
0.029899874195833443
0.04653248147362185
0.04584919740230576
0.04702797391444361
0.04406747993096145
0.031000969880850243
0.03415106712092478
0.03323045035033355
0.055349240101346495
0.04466357700476394
0.03256683877571085
0.0356333983912258
0.032519810920314834
0.04403275027211524
0.052835900067741665
0.03064705320742115
0.028269195240477905
0.03266514665124743
0.05195575663959087
0.05795275992374959
0.0429174285351891
0.04547544889347577
0.0317456834421479
0.022219107023999575
0.019700210362086995
0.017073170655954338
0.014354647114386677
0.01156177296142708
0.008712048594943652
0.0058232330499879015
0.002913234433606987
1.2074563540776654E-15
0.002898593465302344
0.005764848289296201
0.008581352929304979
0.011331086723558583
0.01399752175036188
0.016564721191943414
0.01901743362329213
0.021341182673568833
0.014700926287443114
0.013538492392224828
0.02631768157965974
0.00419209956043933
0.032533965194573994
0.03360114624997986
0.05465813970726028
0.043215756885148206
0.031164605958635783
0.0402118090833135
0.042626320031199094
0.054229256122475256
0.04219890821533219
0.03997136748038404
0.031180411793134157
0.042645123866002506
0.05585951615505325
0.03313989913982063
0.030661744660453544
0.0034329273640036416
0.03163991382675646
0.02286912592724013
0.01354078655948087
0.020166556388833207
0.017886055366204384
0.015505857279755399
0.013041013712292519
0.010507026791995003
0.007919752519503633
0.005295302366420587
0.0026499437508182297
4.772767454636013E-15
0.0026382495895499627
0.005248668987355267
0.007815363359244532
0.01032277510272683
0.012755777411734611
0.015099764812139276
0.017340740130545814
0.019465397382424032
0.028289514818977336
0.014661048561184208
0.012775348892090688
0.041904950110521776
0.03401659430819221
0.02973776973779924
0.016661764720988372
0.027907591061464072
0.032183231447484285
0.031226656207597132
0.030526405762508813
0.03185511589739282
0.030467832026602738
0.030710314766744358
0.031486069165555124
0.028202933588608096
0.018990321635693634
0.027759788303232544
0.028162733735355275
0.03038241772600005
0.009025840325726387
0.007668730156416622
0.025033080433377125
0.01851851851852186
0.016428752422942356
0.01424625864490319
0.011984803983144315
0.009658584444420333
0.007282136745881844
0.004870248084482636
0.00243786472954048
3.720261710921917E-15
0.002428357810784366
0.004832337001507661
0.0071972729647190635
0.009508797076712724
0.011752923439940647
0.013916132957618801
0.015985454238320717
0.01794854084947879
0.02311127141654808
0.03620191198493775
0.03408115580133613
0.037935617220697965
0.02872242899362762
0.03005340593045463
0.03313697270706816
0.02839660969948642
0.02927269403105781
0.0316016048862025
0.03071521623307448
0.0354336501177637
0.030537613645036783
0.03103516923359865
0.028871080757655692
0.02675535081853679
0.02766706466665706
0.030402437577676238
0.0282569786397062
0.04163303070473465
0.025097008784390994
0.029826055941549214
0.025408892680865058
0.017173209640042535
0.015238710305112294
0.013217291849715694
0.011121676278225398
0.00896499579792592
0.006760710998605388
0.0045225273098707325
0.0022643102517700465
1.0356968087538619E-15
0.0022564742107772746
0.0044912793225886935
0.006690762809974717
0.008841535644203393
0.010930553364364777
0.012945194766962926
0.014873337741863444
0.01670343180137261
0.01991179391028217
0.019614672117081577
0.03194763013139862
0.00808449103913496
0.023813980964033636
0.018490274391300007
0.036354385788678015
0.031495825524898886
0.02809387072255349
0.02957345712147313
0.02773317745976706
0.02785090400224745
0.02765357724431031
0.029886004183300185
0.028064452117717558
0.03180147456880699
0.036717158528430174
0.01721106230813801
0.02395821981322868
0.01215230555604962
0.040601950680764214
0.027243531276314525
0.014835594723928168
0.016060791128660285
0.014254402945592088
0.012365975136839492
0.010407368373054534
0.008390836793720408
0.006328951709566724
0.004234523600875635
0.002120522893441304
2.8023876293592566E-15
0.00211399488237509
0.00420849172806499
0.00627067990420062
0.008287986175759477
0.010248151021483451
0.012139302799506866
0.013950029315994438
0.015669446367279603
0.022839525958823104
0.006179116241821152
0.005722123713258862
0.019988887227471448
0.025262938066368763
0.038278202119402936
0.017863423929521744
0.01976526102013195
0.028354387716550286
0.02063905983176569
0.026146465092007704
0.02618914004394518
0.026070515939647185
0.020160853291341794
0.028934122143149426
0.019199691672271948
0.019791421958242916
0.038914782159969866
0.026232823914308617
0.012504138343875421
0.0055742461315358375
0.006001937503016526
0.026870796269841363
0.01513180846432177
0.01343223112505294
0.011654737426114075
0.00981047034624733
0.007910951711347996
0.005968010510534708
0.00399370952924715
0.00200027075283212
2.7044092059034357E-15
0.0019947887508706564
0.003971848879046042
0.005919076020937987
0.007824581895458671
0.009676766606712574
0.011464388985838795
0.013176634547167814
0.014803180649468973
0.017639207749686466
0.02496409699880498
0.037096339780134505
0.03999625016635317
0.02253488587272504
0.016742120946368743
0.02161334565406943
0.031591459561643276
0.02960998966535312
0.034940541775572265
0.024824825142332314
0.024785200051652027
0.024773799888229902
0.03499719488740009
0.02966507156701091
0.03164219057062758
0.019581159446552632
0.016906325778682382
0.02077719043962812
0.04142948507620396
0.02769017575819368
0.016950854465256748
0.018906997205278966
0.01435031925391836
0.012740489276204933
0.011056240820024077
0.009308114012791396
0.007507015135158626
0.005664148820686124
0.003790948594130738
0.0018990061775879677
2.7490403106846927E-15
0.0018943766504770118
0.0037724873907044668
0.0056228239844464305
0.007434076627064478
0.00919520284530375
0.010895494593682876
0.0125246431412312
0.014072801356567365
0.032495414802352116
0.024296657146633777
0.02038366669571017
0.0030926675044013344
0.020512180137528948
0.023879790730116233
0.02670556496536981
0.01314912537706928
0.03605677750648128
0.013899872070887045
0.023135559652773106
0.028017297934096953
0.02305327998541294
0.013807026195583527
0.036188047280038826
0.013007140301391919
0.026122477436116162
0.019949049924618132
0.02221714862103266
0.007249195359211946
0.026230233491678658
0.02777870408248004
0.028120129231608084
0.013689633232427754
0.012155621864993972
0.010550164881392318
0.008883293100556017
0.0071653925487639705
0.005407139946445916
0.0036194365539003494
0.0018133407843648355
2.14887398380471E-15
0.001809418090034686
0.0036037940082525857
0.005372124644473658
0.007103590532065259
0.008787621854599428
0.010413962781399524
0.011972733741575066
0.013454491259361713
0.00670365716805295
0.0055376476551769775
0.006497675270015751
0.024225081391107142
0.03393297614105208
0.02652101755445611
0.017964045654181467
0.03675702462700505
0.024746392526439096
0.030370947218556134
0.024657930583085866
0.022305192281904966
0.02470866750812083
0.029864344496513654
0.023946914185331906
0.03725881314258444
0.018244212850190553
0.027152083703449938
0.033668740799762883
0.01772739342404402
0.008698425448762433
0.009951174415660076
0.011694307366502264
0.013129576318164067
0.011659817132515762
0.010121138014663987
0.008523137976572781
0.006875761877446087
0.005189238702480123
0.003474018218223941
0.0017407063958172848
1.0850070462698172E-15
0.0017373792535247477
0.00346075056836179
0.005159539561488781
0.006823342980652743
0.008441992249955439
0.010005615456475587
0.011504697401004228
0.012930137348572741
0.01671481397825548
0.014569240018904703
0.020092212653481722
0.025219189328352928
0.017730009632576746
0.01892607710460642
0.029235095580033666
0.012320232430297302
0.030173530684790752
0.018450029885595378
0.01952462329070569
0.03344910322546439
0.01942883944599542
0.018925390621541777
0.029271351120390973
0.011683264827887502
0.031088660604759077
0.021732021613291783
0.01640951317486233
0.028922288567009756
0.015761206916018584
0.008081240234705649
0.01373694399712318
0.012654679837935957
0.011239413419892147
0.009757366466509779
0.008217771418261962
0.0066301986482068705
0.005004497115000785
0.0033507334073862886
0.001679129556645976
1.6826789451155657E-15
0.0016763119168702702
0.003339497508481443
0.00497934599942555
0.006585807068185267
0.008149052303012135
0.00965953519448297
0.011108049299684614
0.01248578422425852
0.01998695993225494
0.02538066042384896
0.02387118521354121
0.020666531871657238
0.015615521441813761
0.025141821743830985
0.017721508606076707
0.0327067446155756
0.01803916445913608
0.01836166813041407
0.028181830179823106
0.019213357558057476
0.028291275162528537
0.017780483127015193
0.01824676729286949
0.031271591076168635
0.016287357847883425
0.025724288738180532
0.014813390758804676
0.022440119816538907
0.023952401655889494
0.024223276635584847
0.01851169332641566
0.012252950983888065
0.01088381640248397
0.009449702303207125
0.00795953029846009
0.006422553345595015
0.004848298416950987
0.003246507573123512
0.0016270778027902349
4.259944710813925E-15
0.0016247025455014801
0.003237035767176602
0.004827096171890313
0.006385131545149572
0.007901600640547535
0.009367231488449012
0.010773077968525264
0.012110574301548249
0.0106093829305347
0.009666099862586704
0.016512143229560895
0.026661669706874107
0.031172536399911587
0.025634108542794673
0.02675436248610632
0.01432627290695099
0.01947967095376762
0.027084135073169178
0.015653876380813638
0.03675593325363544
0.015556278487483166
0.02735728317999388
0.018990427849223748
0.0160656194727266
0.023549037386911748
0.02224449187094013
0.031118944583342908
0.021410043734698566
0.019822616571487837
0.015823311282704415
0.01430447752855353
0.011915019650561832
0.010584747402738692
0.009190996056042573
0.0077424247271498286
0.006248018519871592
0.004717032902421244
0.003158936495765209
0.001583352625869203
4.385692599442135E-15
0.0015813671279467376
0.0031510189353798038
0.0046993097840658535
0.006216737382104037
0.0076940009926839345
0.009122058333468287
0.01049218081939784
0.011796006812022263
0.017948510282502536
0.007086730228981579
0.010591831489617556
0.015915778661180123
0.011957644849915782
0.02998416345856019
0.02372073646664383
0.017825897590727814
0.021668815759848154
0.011694137249279542
0.03193941415244226
0.014701459943238201
0.03200132820520366
0.01169168944807347
0.021582554626296574
0.016672905290443053
0.02670795916701527
0.03103936700409108
0.012028290790185069
0.01922538365524936
0.007568917300576282
0.004208210706812496
0.018410498751716794
0.01163353573664007
0.01033571216538991
0.008975639047649746
0.007561755518895611
0.006102822496016122
0.004607868489187165
0.0030861338289886993
0.001547013652557733
1.2084352455391477E-14
0.0015453766227143777
0.003079605855298954
0.004593255909143589
0.006077031449699224
0.007521830580308908
0.008918800579134677
0.010259392048035996
0.011535411143207167
0.010976626075816051
0.02249133287464558
0.023005828170663722
0.02318642441945557
0.01840041705557026
0.007342459704710679
0.0057349645893502044
0.026530365113124597
0.018396974988102395
0.02763966624535366
0.011679383167892132
0.03625998144536056
0.011580414991716277
0.027399550885758028
0.018850777749702858
0.026572731895212923
0.005286576610950762
0.010782882592030398
0.01618514276332325
0.023435196848685506
0.01940509132146815
0.017833070977489447
0.005862735880263007
0.011402737382919722
0.01013162018526618
0.008799235330311858
0.007413839913162511
0.005984009696890468
0.004518586115973758
0.0030266216949456784
0.0015173242190195833
3.540369135983561E-15
0.0015160034130005504
0.0030213547264732916
0.004506796245603067
0.005963200715932649
0.007381627315088118
0.008753376451611207
0.010070043035633025
0.01132356789569667
0.023724267565849517
0.015557204233164581
0.015555165651173153
0.01761243847562939
0.01917693655822162
0.02298095104713202
0.028472633822544204
0.012036963657821417
0.015063962318172397
0.01481324653278122
0.03239648669236424
0.009585890559363867
0.03234980246760385
0.015053157503220211
0.014313071938517791
0.01272830916686529
0.026548232623923324
0.018332262151657248
0.019662619052122556
0.01340892658120693
0.018929987889332207
0.020639148686033122
0.024482431670395276
0.01121813874339279
0.009968509378497024
0.008658364370338055
0.0072958131323824634
0.005889281682090404
0.004447460615534918
0.0029792514937024162
0.001493711970465776
5.975838442160823E-15
0.0014926825331024103
0.002975146414708663
0.004438271585383034
0.005873063161222072
0.00727070664768948
0.008622622008377202
0.009920516256840903
0.011156434250421834
0.0020703143780746868
0.0039645199933279205
0.01167703586789089
0.02189226491668426
0.012396489044308453
0.02534770501662314
0.015828632050444755
0.019545881686039518
0.027382194946981537
0.020365758354697693
0.008817915130633952
0.03200538244884179
0.008807170063063943
0.01999741969085159
0.027962592375923283
0.018566982383213422
0.01720772909757843
0.02699949658965981
0.011866241245299477
0.026325889812863174
0.01402447998884271
0.005308467220716337
0.006702785835223182
0.01107630343983653
0.009843346313628315
0.008550408863436805
0.007205484406089797
0.0058168818202325645
0.004393174290422992
0.0029431464544584047
0.0014757402795381675
7.612199207504944E-15
0.0014749835446434022
0.002940128829354513
0.004386419477516885
0.005804959666130382
0.007187028762763542
0.008524134858655809
0.009808066870154342
0.011030944889174955
0.012508381326515664
0.016726761033120773
0.011342260449882863
0.021163149546484735
0.02185089358080524
0.010599952545160312
0.02149200174075435
0.02402258604635885
0.007698528137963741
0.01953441579064289
0.028316323414555356
0.0093414386556548
0.02816086033841584
0.019728310405257368
0.007536709902471452
0.024865514199189517
0.021868783672417735
0.011752374292066364
0.022683853818581005
0.017588320305355308
0.006251274000212046
0.010790410842725107
0.0063702086121443634
0.010974681112934865
0.009753882125001346
0.008473430582416674
0.0071412331910939665
0.005765512186413891
0.004354754658469663
0.0029176602675299967
0.0014630876723751042
1.4101331977134062E-14
0.0014625903073961265
0.002915676929895314
0.004350315050560361
0.005757676340103134
0.007129103207228628
0.00845616198230519
0.009730694707838957
0.010944869218238071
0.02210787335977087
0.020463643929531632
0.029020789143333208
0.02241669502368419
0.008410881950518973
0.018290109654639123
0.012249306806508766
0.01475699583414297
0.027954112226245383
0.017759974850997413
0.012326569386084976
0.024875078040437447
0.01250107967699802
0.017900043513171007
0.02731013580277918
0.01493631080110417
0.011512307469121203
0.017048477139388056
0.008649562109492307
0.022383629948712503
0.029443690852484335
0.02240914137970108
0.023496699302571582
0.010911491925412468
0.009698550779602216
0.008426082790694834
0.007101936019149772
0.005734275035345776
0.00433153064731335
0.002902348001856725
0.0014555333780362724
8.600494080394439E-15
0.0014552867977794114
0.002901364716142356
0.004329329608806788
0.005730390233511154
0.007095922300625127
0.008417521487014076
0.009687055090158702
0.010896712005363261
0.008596665541841781
0.0055150780033656295
0.003004720753947713
0.023638276518484314
0.020491394630614945
0.023218397244972985
0.02214138967578667
0.023006136536534598
0.013790052685236349
0.021093701429187865
0.020719981299185317
0.016379693604156812
0.02050616250765912
0.021017814810865756
0.014851244490302883
0.022005022500928763
0.021346236011323867
0.024665039252388863
0.018197156062685838
0.029576787931154445
0.009419076205701923
0.01018319563309821
0.013009047222989826
0.010885648950798767
0.00967640084369755
0.008407551610459647
0.007086917623863001
0.005722633777819436
0.004323103446454912
0.002896946794172502
0.0014529477539673124
