1.0
0.9989725854527287
0.9958941397184456
0.9907760398146891
0.9836371918337706
0.9745039478168502
0.9634099899352758
0.9503961825331785
0.9355103927392261
0.918807280505068
0.8633469377785684
0.8155652302588665
0.7205457243209611
0.6518172380425533
0.6103116479389531
0.6045673820908423
0.6082265904938748
0.6271629752138268
0.5902162148199788
0.5904552780459481
0.581858168197693
0.5280753942434036
0.46913035182061114
0.4456699522747876
0.3674537504860299
0.30107041993275846
0.24632847681982542
0.2261257271075913
0.23527630219675352
0.2703947656518731
0.2634995558108153
0.2668332813211877
0.23395677675898285
0.20167312991975292
0.1700806805333091
0.13927376632762756
0.10934235931995474
0.08037172439209742
0.05244210162743672
0.025628413765296666
3.412479523937E-16
0.024379622781927818
0.047452970371682474
0.06916877240348787
0.08948212364992557
0.10835460493099805
0.12575437327165515
0.1416562210946548
0.15604160438810732
0.16889863993921203
0.21645012864473065
0.2511389869777126
0.3233108492069881
0.36705899628709787
0.3724724075057938
0.3408087179612638
0.30193996521692973
0.2619988405123548
0.26695775896007645
0.26528374751633116
0.2633441983716247
0.2568116497275608
0.2465396426488559
0.2310178339027625
0.25785106219440046
0.28836923496262235
0.3163461274138619
0.3120625682636457
0.2681525434080727
0.19876357733261282
0.1643397292099854
0.11667245240793701
0.10413347464621683
0.09130375337943725
0.0782643459278
0.065095376703148
0.051875662795561266
0.038682351000812326
0.025590567982649238
0.012673085182488822
7.959480610334243E-16
0.012361565328205391
0.02434774582752922
0.035898195646727644
0.04695632858088985
0.05746953627456611
0.06738938324713137
0.0766717780093529
0.08527711967004864
0.09317041956355276
0.06669579720483428
0.05392001909952189
0.0644715552750225
0.06840971498878784
0.07135814557366735
0.08713082741764676
0.13177088251561947
0.14598359097587454
0.12167336244296412
0.10029117990567558
0.09451761847140673
0.0975218011244414
0.11457177093572248
0.1379348707026281
0.12849872591478562
0.08972958509200211
0.07047284827051072
0.06839286613607164
0.06693291307432736
0.04115288542597848
0.05044618414979143
0.07482035430154917
0.06711710121238221
0.05913896231121493
0.050938221326003695
0.042567565380627136
0.03407978162745376
0.025527457685862752
0.016962687462071222
0.008436783880032503
7.760799509107124E-16
0.00829874005959672
0.016412099049191615
0.024294572090918225
0.03190271856496186
0.0391953792737559
0.04613387787015483
0.05268220563223876
0.058807188768007355
0.06447863753738954
0.10185544868727901
0.11787395738264186
0.14870911922817198
0.15684250231154856
0.11064426015181798
0.0784300340995872
0.07438935918876209
0.09746199634820353
0.1334173981172162
0.13806708127288522
0.12726325714148629
0.13742866187724354
0.13429103095948014
0.09996106646640203
0.07581349398187588
0.07210925296477778
0.08688809166577671
0.1326083920397887
0.1274294464419224
0.10391154329477315
0.09125782245276033
0.05520449656085545
0.049639640524936
0.043842373363555155
0.0378506719099732
0.031703191580882334
0.0254390313908986
0.019097499119955456
0.012717877975441758
0.0063391960691472175
1.6054304003611114E-15
0.006261866202462052
0.012409475561786083
0.018407024902625236
0.024220032755730554
0.029815527373656812
0.03516222387760928
0.040230689627296194
0.04499349698177926
0.04942536269936598
0.02974179423123541
0.026457905642291335
0.06440084451721197
0.05032716838339262
0.08085641898158513
0.11239609562244632
0.08667830219565273
0.03404737848052829
0.05529115821374068
0.06849640648785325
0.07619240326246143
0.0698173043558034
0.05962120486256499
0.03196535860031216
0.08092229842064218
0.11128228078089102
0.08340204899564665
0.0475300914504653
0.0618294741531211
0.025787517513793958
0.02730405388509409
0.04385524009181615
0.03948997423526556
0.034926611005349564
0.030194876749065392
0.025325216019944884
0.020348602879242977
0.015296350844887036
0.01019992261615875
0.0050907406937664035
1.1179926396883023E-15
0.0050415164172290475
0.010003617540090272
0.01485687937291207
0.019572813786123206
0.024124030271788152
0.028484389719774694
0.03262914937775162
0.036535098216767925
0.040180681986828004
0.06926575789138315
0.0676361479927995
0.060158130679325746
0.05790939448929735
0.06240432350107047
0.08884137900308724
0.06956831527563515
0.08640884852829603
0.08396485847790867
0.08392871281239317
0.075012091103003
0.08175370518373426
0.07822878766090682
0.08081949047863174
0.06430432771253783
0.08759118709277305
0.0664766115223292
0.05325930361466992
0.04840330535515984
0.05969258029982127
0.06372490624094942
0.036479093000140406
0.032878631378332766
0.02910609616760815
0.025185915879489717
0.02114321444761083
0.017003654284083587
0.012793277347068631
0.0085383451810714
0.004265178890457033
8.052952305841108E-17
0.004231226855953067
0.008402948491872784
0.012490174076165194
0.01646862151045664
0.020314858443546326
0.024006437118552194
0.02752202229395044
0.030841511525969294
0.03394614715006029
0.024532132729665816
0.02752411597709456
0.05087668162127505
0.04675962868443549
0.06973622988438823
0.07501414369629085
0.06382150531343715
0.06148963700555844
0.08338823590896129
0.07998385969689711
0.0775668885475042
0.0789094512628686
0.08116732708086571
0.06129112242861015
0.06460771822818806
0.06922578722486059
0.06254041044604902
0.04665638330805091
0.04817621401366234
0.028416304979754305
0.024195610460675292
0.03131765050089805
0.028245407809627348
0.025021011314591165
0.02166522776058653
0.018199480544475937
0.014645715469341257
0.011026264246841142
0.00736370658208214
0.0036807316787405963
0.0
0.0036559938856953154
0.007265056556971646
0.010805428289309221
0.014255912122851598
0.01759599869453645
0.020805986110944384
0.023867094172388765
0.02676157229694595
0.02947280053486822
0.04983018324103726
0.040193730025379154
0.029110528286088917
0.05640170179477553
0.05825470774918026
0.0655690026205115
0.04238454332091986
0.035775631032846096
0.035130917024173966
0.039064818851510516
0.0397989210182557
0.03969242970543627
0.037566444680650166
0.03811750078845985
0.04388456470984288
0.06380849268136597
0.05263163536447022
0.056154184007952794
0.029623544105188387
0.036585755259529
0.045839392036057525
0.02751732263936842
0.024830357014187066
0.0220067890219492
0.019064718399568886
0.016022861053657772
0.012900431665655122
0.009717023953107926
0.006492489323495378
0.003246814662533894
1.1078136542210847E-15
0.0032280632073135042
0.006417712443587651
0.009549632433254482
0.012604970668224972
0.01556544948028896
0.018413474000507093
0.021132235375585357
0.023705808643462768
0.026119244705547388
0.023372598650780722
0.030090747836058248
0.036496357550804874
0.03775780540014504
0.03350623936569345
0.04208444079556091
0.03793487800662015
0.03065526348975629
0.029543334594772184
0.0474112643208964
0.07357227352529383
0.0480197943932654
0.0288275145292252
0.027934766490980166
0.03203285073691219
0.03887330004408924
0.036293876561470505
0.0351026867315263
0.03348899311640633
0.029910749792978503
0.023048237916220952
0.024613779935093918
0.022219107024003634
0.01970021036208855
0.017073170655952152
0.014354647114386927
0.011561772961430053
0.008712048594941159
0.0058232330499855284
0.0029132344336089554
2.139868755553863E-15
0.002898593465302278
0.00576484828929801
0.008581352929304866
0.011331086723563621
0.013997521750362273
0.016564721191945086
0.019017433623290014
0.021341182673568295
0.023522351538323803
0.03530643983322232
0.028520750000804042
0.031009493515765173
0.04173196525691207
0.019173014619343738
0.06903997123982408
0.05169458411855825
0.051717974407142146
0.04004588045696221
0.034928891050321945
0.013235472499649797
0.033802102153193465
0.03904079613433491
0.051091751659129075
0.050840074855250716
0.07027447765495777
0.0141946488605293
0.03698074714025372
0.03005912756783892
0.026792291556182155
0.032251469112253475
0.022332853656682035
0.020166556388831653
0.01788605536620399
0.015505857279756985
0.01304101371228887
0.010507026791997059
0.00791975251950464
0.0052953023664106145
0.0026499437508152503
2.294132543943291E-15
0.0026382495895474005
0.005248668987354562
0.007815363359246373
0.010322775102729529
0.012755777411736077
0.015099764812139116
0.017340740130549554
0.0194653973824254
0.02146120009284778
0.021837351592599856
0.027354936704609433
0.025613850311696173
0.03234884448838404
0.05627647375244821
0.015890960550845053
0.02652732013638811
0.015698952622214594
0.028199157148295604
0.060907204985190866
0.06341158989833812
0.06024245504535399
0.027416730310730778
0.014692337246601812
0.02813169991537666
0.012444217606865881
0.057029769455990996
0.03383591083625707
0.02542811099057063
0.026436012946346392
0.021368396183913264
0.020502305557442452
0.018518518518519853
0.01642875242294243
0.014246258644902065
0.011984803983147403
0.009658584444422623
0.007282136745885467
0.004870248084481732
0.002437864729540623
5.251000032680918E-17
0.0024283578107861512
0.0048323370015078415
0.007197272964718239
0.009508797076712736
0.011752923439940575
0.013916132957619341
0.015985454238321758
0.017948540849478774
0.019793744462759708
0.024600848994256706
0.021140164896441438
0.02303212782482819
0.01695514312464927
0.011780226099654727
0.05787606163921573
0.030950692048370854
0.058552115896906544
0.03700437639356033
0.022113942582167357
0.0064193576011806145
0.023149045755834517
0.03657647611360804
0.0597675837193995
0.030351778401709186
0.05269413715910654
0.016229120861056597
0.014206315004891366
0.021141618471645453
0.01958762198544429
0.02263337414085746
0.019008557644272867
0.01717320964004343
0.015238710305112318
0.013217291849713621
0.011121676278229204
0.008964995797927781
0.006760710998605314
0.0045225273098730935
0.002264310251771468
3.2221360905883785E-15
0.002256474210777123
0.004491279322586718
0.006690762809976462
0.008841535644204455
0.010930553364366675
0.012945194766964083
0.014873337741863854
0.016703431801372813
0.018424566870802475
0.019848951642525644
0.02523570064264747
0.02836155868541574
0.038269280258954375
0.04710962211955187
0.020778696589883704
0.01845614274163911
0.013873091454679276
0.02960472122190643
0.02264194710783634
0.04914856154059702
0.022886573398288656
0.030439447374592626
0.016391928105242867
0.016285227158729106
0.02536548520538609
0.04403167504174066
0.03784698632143396
0.02882262343081735
0.02573420471083276
0.019321006859364127
0.017773746605177426
0.016060791128660733
0.01425440294558597
0.012365975136843144
0.010407368373054197
0.008390836793722739
0.006328951709569342
0.004234523600870389
0.0021205228934391713
2.669533150507246E-15
0.0021139948823767265
0.00420849172805958
0.006270679904200417
0.008287986175752122
0.010248151021480552
0.01213930279950913
0.013950029315994582
0.01566944636728176
0.0172872628457318
0.018832161412462377
0.015334921231667391
0.016218158553587363
0.009121367056495015
0.03440092473172693
0.012719231551960686
0.044824341501518
0.048143958887091685
0.020040590600522636
0.028092965185171754
0.01851851851851457
0.027340543237252362
0.02081710881829013
0.04503197417812546
0.04509512329449695
0.00990861745500258
0.03557629011031202
0.00946454520796163
0.015969746713641337
0.01446497826778945
0.018292171796238033
0.016742774869487925
0.0151318084643239
0.013432231125056454
0.011654737426116075
0.009810470346247494
0.007910951711349166
0.00596801051053769
0.003993709529246398
0.002000270752830845
1.2062247189028103E-15
0.00199478875087259
0.003971848879046966
0.005919076020934387
0.007824581895460822
0.009676766606715174
0.011464388985835797
0.013176634547165464
0.014803180649466266
0.016334258471108375
0.0177044408986382
0.029031873124765215
0.026607380791504615
0.03267056502535514
0.02715528351016899
0.03939408773632821
0.006902588477969877
0.032754100268790845
0.024294614053932698
0.04451636252522366
0.033930455835486234
0.044349220604153854
0.022962219162934807
0.03243206807975097
0.007757104622464798
0.03818381906196934
0.02497577834360403
0.03187124392302374
0.025318439445625476
0.029895041711963527
0.017153317097122825
0.015875622498045062
0.014350319253918139
0.012740489276204794
0.011056240820026552
0.009308114012788185
0.007507015135161093
0.005664148820687342
0.0037909485941313506
0.0018990061775847119
2.9980346033437466E-15
0.001894376650477426
0.003772487390704141
0.00562282398444406
0.007434076627063073
0.009195202845301682
0.010895494593689877
0.012524643141227953
0.014072801356568083
0.015530643016465201
0.018437413671109668
0.011592910383193931
0.01892873989129741
0.014539220454329635
0.031358726676523
0.013245686385359681
0.036098699986423746
0.019381939139313034
0.03181910585998375
0.014833554528645135
0.023698577319194232
0.015576336574122024
0.030927699426202538
0.020320477457271738
0.03586673778687156
0.01395577512570694
0.02966247741698811
0.015432321138394028
0.02021760406340584
0.010488850046480837
0.018876895360488026
0.015142585844550732
0.013689633232424354
0.012155621865000965
0.010550164881393759
0.008883293100558522
0.007165392548761312
0.005407139946444995
0.003619436553903239
0.0018133407843664421
1.268307733843502E-15
0.0018094180900243798
0.003603794008248565
0.0053721246444698705
0.00710359053206372
0.008787621854597706
0.010413962781399586
0.011972733741572907
0.013454491259363719
0.014850284989618899
0.015430279408600889
0.03042709080989594
0.021722796646498403
0.030693131107628786
0.02115965051375474
0.026492469029193538
0.00877555541775518
0.01900755012266897
0.025592737945404193
0.02136420781533905
0.022852830879034267
0.021350773361049197
0.026664797943008224
0.018540287039811466
0.007093212706798601
0.02650777181499712
0.021090055077945456
0.030161245873846467
0.021803184091895224
0.02968837286434089
0.014822084079951598
0.01452122212282385
0.013129576318163189
0.011659817132510868
0.010121138014666674
0.008523137976576408
0.00687576187745277
0.005189238702481274
0.003474018218227361
0.001740706395818903
7.233847706515348E-15
0.0017373792535258202
0.0034607505683629637
0.005159539561483702
0.006823342980656288
0.008441992249959682
0.010005615456472631
0.011504697400995474
0.012930137348569883
0.014273304129174123
0.020546451838766494
0.006342721891998746
0.023859673365685275
0.015683985499263045
0.024346678339126883
0.018154326768745857
0.036652941911586336
0.02289883474902842
0.0257486285145997
0.01845718373264219
0.02252708580862751
0.017839283966221336
0.027524427851393755
0.022200368392008927
0.03587043948244969
0.017796244812004442
0.02449561800687472
0.01553726581882208
0.023882653534294324
0.006356263194670138
0.021074711560076096
0.013994328584077315
0.012654679837937914
0.011239413419891667
0.00975736646650973
0.008217771418265366
0.006630198648216029
0.005004497114998242
0.0033507334073876395
0.0016791295566407286
1.6240297110521639E-15
0.0016763119168716138
0.0033394975084874053
0.004979345999425685
0.006585807068180258
0.008149052303005916
0.009659535194486804
0.011108049299683403
0.012485784224262745
0.013784379082913209
0.012863633326409772
0.024297543699396643
0.023921618868633324
0.021808018695501905
0.014043196934071868
0.023394862341133478
0.026610733144467807
0.020192641192188374
0.02484879340259054
0.03799579091968816
0.022222857909564755
0.03800309547518329
0.02365862045966626
0.01964078885567918
0.02974948018644108
0.021437761689573905
0.011755960999390004
0.01889116073238355
0.02412351174225949
0.02213932215972192
0.012167004743366539
0.013548571158449735
0.012252950983890698
0.010883816402484444
0.00944970230321015
0.00795953029846607
0.006422553345596316
0.0048482984169606926
0.003246507573130621
0.0016270778027874032
4.211621942322517E-15
0.0016247025454895411
0.003237035767176068
0.004827096171894416
0.006385131545151783
0.007901600640547858
0.009367231488455667
0.0107730779685225
0.012110574301539766
0.01337158712927081
0.022192537675688764
0.014014317007318765
0.019460029881004776
0.022461812588400756
0.02900525875526372
0.023633502009823712
0.020841925380481297
0.02546085213667772
0.043476229117786834
0.016085662611413587
0.01638413504577692
0.016768774785294146
0.04303888218001459
0.025874661029409475
0.018510045371608334
0.02616734344700589
0.02996119637288756
0.02512948645249801
0.017607042029355154
0.01708834536681783
0.022359736082034135
0.013173533359921673
0.011915019650558781
0.010584747402741491
0.009190996056048995
0.007742424727150862
0.006248018519874576
0.004717032902420204
0.0031589364957671623
0.0015833526258733038
1.859459157537558E-15
0.0015813671279522796
0.003151018935382851
0.0046993097840588105
0.006216737382103218
0.007694000992687176
0.0091220583334695
0.010492180819399873
0.011796006812020194
0.013025592550941588
0.010022150002712291
0.014375868370214179
0.02136179356769469
0.004953869954219038
0.011463520941613688
0.009923622089723815
0.03518424503648228
0.017010505264389242
0.003506552010382513
0.018563904593173593
0.028045541938944853
0.018014128705831096
0.003610125545520682
0.018703988850113425
0.03342268593282869
0.009528897835459774
0.01331439610480623
0.0035966794161762837
0.019850694942557943
0.012386284928124852
0.009335218298717935
0.012861044675944426
0.011633535736642268
0.010335712165391402
0.00897563904764354
0.007561755518897222
0.006102822496016178
0.004607868489190702
0.0030861338289914723
0.001547013652556747
7.865806034364871E-15
0.0015453766227182502
0.0030796058552986405
0.004593255909147442
0.006077031449700197
0.007521830580313183
0.008918800579131868
0.010259392048037027
0.011535411143219649
0.012739069568691416
0.022149799122137732
0.026762301263093265
0.014685012920495498
0.033681704961995934
0.030250542414195357
0.034075027488853785
0.012705826620522671
0.012242971650900802
0.034331452263596185
0.023575025457635925
0.008330076028243772
0.023328603552445492
0.03425432606391943
0.009975590415041934
0.014290388133579905
0.033394210233706256
0.028986751722442132
0.03374315118449131
0.016201415828799463
0.028873185977108185
0.0218394095739392
0.012604699581221202
0.011402737382905476
0.01013162018526061
0.0087992353303133
0.0074138399131631295
0.0059840096968938475
0.004518586115974365
0.0030266216949457678
0.0015173242190206324
1.088091165223831E-15
0.0015160034130002687
0.003021354726476147
0.004506796245607783
0.005963200715947463
0.007381627315086658
0.008753376451606665
0.010070043035635221
0.011323567895701837
0.012506287027610188
0.007743428089269675
0.0073043298159513196
0.012276271611599282
0.007259048262505684
0.016981975725342914
0.011908922844745217
0.018869129147887572
0.034150827876683054
0.008373556868383912
0.018505283279690043
0.032456559391062
0.018497335480369487
0.009287483851433142
0.03403973040176677
0.018298241844182075
0.012878821628954132
0.016553385817747603
0.0080621111132567
0.01028098531862471
0.006164190583313892
0.007507422665099479
0.012399509771530974
0.011218138743399978
0.009968509378497635
0.008658364370339818
0.0072958131323749426
0.005889281682091159
0.004447460615541318
0.0029792514937136065
0.001493711970466286
6.445140575616337E-15
0.001492682533101348
0.002975146414707031
0.004438271585381522
0.005873063161212342
0.007270706647697064
0.0086226220083767
0.009920516256845275
0.01115643425042173
0.012322807374819812
0.02023137216219826
0.03233768019940957
0.024759975032090722
0.024668248644732684
0.018811591504599046
0.02929378500186493
0.019777110364458936
0.017725906269419427
0.02216125995091947
0.023661837759950188
0.009945255513416589
0.023957207697503317
0.02109183783422045
0.01865855287705109
0.02049207320808562
0.029561132216351742
0.017968097766684395
0.02148084333997728
0.026248354717968304
0.03211289872740648
0.019491386243495973
0.012241651830627615
0.011076303439823992
0.009843346313623508
0.008550408863438833
0.007205484406092631
0.005816881820235523
0.004393174290425631
0.0029431464544530904
0.0014757402795427712
4.251882578610506E-15
0.0014749835446463745
0.0029401288293519467
0.004386419477511416
0.005804959666131392
0.0071870287627671245
0.008524134858660833
0.009808066870156005
0.011030944889166923
0.012185268474427456
0.008140383519975137
0.0028637219075994575
0.0030115594355284293
0.01577936638271079
0.017089020727495078
0.009559941073583579
0.011629380654041548
0.02338103536335995
0.019319225336052896
0.009835156796810358
0.032559682752256465
0.009878214335825648
0.018925301023966973
0.02315437539139872
0.010362168702037981
0.007100610730477259
0.018128390736071885
0.01805379544265583
0.002968043262387609
0.0035901197470870317
0.008780668280591802
0.012128285123693261
0.010974681112930732
0.009753882124997854
0.008473430582416593
0.0071412331910855175
0.005765512186420527
0.004354754658463904
0.0029176602675234694
0.0014630876723649062
1.660029181590184E-14
0.0014625903074023407
0.0029156769298846865
0.004350315050565996
0.005757676340100703
0.007129103207223616
0.008456161982297218
0.009730694707838133
0.010944869218243072
0.012091227201865293
0.016789622116125027
0.02730380396474149
0.02645354816865419
0.015437959442625064
0.02234528183626267
0.03150201750813989
0.03163855888394007
0.016607628199459358
0.025883862961946818
0.026108831239066363
0.01964293304900298
0.02591419156659493
0.026430132693352554
0.016714359592440563
0.031667082067122015
0.031344383040931394
0.023336255600847306
0.017355829366648028
0.02505320170182212
0.024933821359563946
0.015768504581096233
0.012057423013995592
0.010911491925402032
0.009698550779603188
0.00842608279069197
0.007101936019152844
0.0057342750353431
0.004331530647307918
0.002902348001848817
0.0014555333780388348
6.775899215694415E-15
0.0014552867977785143
0.0029013647161474166
0.004329329608802684
0.005730390233524595
0.00709592230062945
0.008417521487006181
0.009687055090158797
0.01089671200536705
0.01203905071914575
0.011504639062673265
0.011981703060404927
0.012638298809861899
0.025022753857118444
0.02385651077304343
0.018447342326758216
0.011322859859877951
0.028007783893375555
0.01343419958531777
0.0193411261334706
0.027981327637706353
0.019481434407778987
0.014705298852089061
0.02770517076669453
0.014183023268622886
0.021446310064318606
0.024408917977909544
0.02496927159978213
0.015510149757394315
0.01499328790838178
0.01255775771069115
0.01202784616457964
0.010885648950796157
0.009676400843698078
0.008407551610459715
0.007086917623862975
0.005722633777814836
0.0043231034464540795
0.002896946794174614
0.0014529477539636233
