1.0
0.9989725854527294
0.9958941397184458
0.9907760398146894
0.9836371918337676
0.974503947816851
0.963409989935274
0.9503961825331813
0.9355103927392274
0.9188072805050687
0.873449100858069
0.8266544795469737
0.7863632894330779
0.7442712709272343
0.6916702392343849
0.6837398405783608
0.6839223893995412
0.6553765709576244
0.5898247343273613
0.5508165713209361
0.4943431834755951
0.48792219695444794
0.4639969182688749
0.46639665437828903
0.43304950142236975
0.3724310025480046
0.321838123816965
0.3175732264839353
0.3056308102340911
0.29304551741604673
0.2803982259300487
0.2668332813211873
0.23395677675898324
0.201673129919753
0.17008068053330958
0.13927376632762653
0.10934235931995467
0.08037172439209737
0.05244210162743657
0.0256284137652968
3.1316616236681005E-18
0.024379622781927693
0.04745297037168254
0.06916877240348826
0.08948212364992701
0.10835460493099826
0.12575437327165567
0.1416562210946549
0.1560416043881075
0.168898639939212
0.1910624497442745
0.21599924369745913
0.24736841476539262
0.2776391184220776
0.3090393463450321
0.29950273265718824
0.2776449042878818
0.2826438227051332
0.31311835834435153
0.316615338269729
0.3291671909725517
0.3084421550071539
0.29730353954447125
0.2602785481854066
0.24691835965760123
0.26061101266736686
0.26129254822368236
0.22520075279083387
0.18721859074986877
0.14826117696588634
0.12737910097497215
0.11667245240793662
0.1041334746462172
0.09130375337943862
0.07826434592780031
0.0650953767031485
0.05187566279556246
0.03868235100081265
0.02559056798265
0.012673085182488459
0.0
0.01236156532820495
0.024347745827527818
0.03589819564672849
0.04695632858088932
0.05746953627456646
0.06738938324713153
0.07667177800935229
0.08527711967004822
0.09317041956355224
0.11881554951566932
0.13944136397532114
0.1296030532952876
0.10408555569933398
0.06567617987343241
0.06805853885117659
0.0876746093206032
0.0974412748861123
0.09768251366237693
0.0974553673212264
0.11514028834836902
0.097154959189977
0.09736672355739781
0.09478139729855567
0.0831866274646253
0.06408392752428907
0.06337064121706591
0.10025126019468446
0.12519077546907312
0.13130841935846144
0.10724715465068758
0.07482035430154825
0.06711710121238171
0.059138962311212455
0.05093822132600366
0.04256756538062877
0.03407978162745223
0.0255274576858626
0.016962687462071316
0.00843678388003214
8.574742040088226E-16
0.008298740059596247
0.01641209904919189
0.024294572090919064
0.03190271856496287
0.0391953792737567
0.04613387787015442
0.05268220563223896
0.05880718876800583
0.06447863753738908
0.043312758010245055
0.030341575017783808
0.058489481062921796
0.09457797631848643
0.10901970786208934
0.11367516475188018
0.10181407112492405
0.1272473474375205
0.14155286738779052
0.13972393284442097
0.12302133197949221
0.13710629431056776
0.13643044621171432
0.12098943051899524
0.09148878862849495
0.10033288114921798
0.09193965118964495
0.07829514844803297
0.040718436139617245
0.02935303292728514
0.04099748609508178
0.05520449656085832
0.049639640524937856
0.04384237336355512
0.037850671909973294
0.03170319158088197
0.02543903139089967
0.019097499119956448
0.012717877975441258
0.006339196069147668
1.7265263711224775E-16
0.0062618662024639905
0.01240947556178521
0.018407024902624698
0.024220032755729967
0.029815527373656284
0.03516222387760973
0.04023068962729792
0.044993496981779825
0.049425362699366565
0.0696332504292645
0.08688915901034022
0.09429393190456536
0.07535031336358329
0.06996653827293095
0.06826117177578717
0.08288470633242248
0.08800958754349067
0.09432435688515883
0.08110891501699181
0.08565151113600347
0.08038320071775651
0.09363563823140388
0.08770281953644073
0.0843973276544038
0.06984118391009966
0.07108349077528127
0.06780302268944216
0.08327121757721967
0.07027089837046364
0.054445829063973765
0.04385524009181569
0.03948997423526607
0.034926611005348614
0.030194876749064462
0.02532521601994419
0.02034860287924239
0.015296350844883153
0.010199922616160047
0.00509074069376626
1.6781462733404877E-15
0.00504151641722849
0.010003617540091748
0.014856879372912989
0.01957281378612213
0.024124030271786556
0.028484389719772813
0.03262914937775036
0.036535098216766766
0.04018068198682724
0.058952715917140894
0.05988560361089973
0.034703643998709656
0.05075493085336841
0.044094110735937234
0.04584236609891993
0.027181933509659157
0.061497628678362115
0.06131999896082891
0.07068555866761295
0.06096324390864281
0.069885187773803
0.0584675248780919
0.057740430868074503
0.023641003476393217
0.04344444864897951
0.04268183155224907
0.05274191497232552
0.038387742847386844
0.06166885551299869
0.06104364932218438
0.03647909300014364
0.03287863137833098
0.029106096167607516
0.02518591587948946
0.021143214447611247
0.017003654284082858
0.012793277347068721
0.00853834518107234
0.004265178890456403
9.243397841511811E-16
0.004231226855953484
0.008402948491872451
0.012490174076165646
0.01646862151045424
0.020314858443544862
0.02400643711855282
0.027522022293951617
0.030841511525971
0.033946147150061265
0.014042675267715077
0.022273674647510535
0.04376485023340427
0.031066451414137684
0.0614966970075934
0.06780951312065742
0.09046611447967073
0.07800035069139584
0.07154885299673913
0.04847371323382419
0.026956576862079282
0.04775800430507911
0.07008449834077463
0.0767609001039447
0.08974126232804769
0.0651879916541944
0.05717866084141301
0.025196121513933037
0.039450221997264466
0.019617143641405804
0.0160375074774894
0.03131765050089731
0.02824540780962829
0.02502101131459168
0.021665227760588192
0.018199480544475864
0.014645715469341191
0.011026264246840072
0.007363706582084196
0.003680731678742414
5.547381503598185E-16
0.0036559938856953905
0.007265056556972106
0.010805428289310992
0.014255912122850285
0.01759599869453602
0.020805986110944055
0.02386709417238783
0.026761572296945594
0.029472800534868306
0.04857815563096313
0.04595236197230773
0.03463240723824175
0.05788676472957574
0.03830992462649097
0.040217895893728185
0.018351669092633097
0.023956563439404166
0.03186407617918531
0.05889691550097569
0.0932329670248918
0.05877536307574702
0.03190056358910377
0.022484227177852634
0.018360000786777537
0.04025068610929301
0.037291049826418864
0.056132705856687025
0.029841355919812032
0.03874241847687619
0.03959443262153922
0.027517322639368853
0.02483035701418627
0.02200678902194898
0.019064718399567842
0.016022861053658067
0.012900431665655318
0.009717023953106935
0.006492489323495696
0.0032468146625353246
1.2030885123188652E-15
0.003228063207316801
0.006417712443589399
0.009549632433255422
0.012604970668224474
0.01556544948029064
0.018413474000505005
0.021132235375583102
0.02370580864346395
0.026119244705549403
0.039224291033189404
0.030067042903972687
0.04432734636258212
0.023344684460802366
0.03527345339323805
0.03654665139071282
0.07051492060425228
0.058244060752869885
0.042828807399456256
0.03588984706378621
0.022761863952470728
0.03596404768972586
0.04160128559081381
0.05661952350513234
0.06737960020778476
0.03226558161513381
0.03426687671290433
0.025601238824447068
0.04573075282994292
0.029505003766875156
0.04258960419330339
0.024613779935095018
0.022219107024003076
0.019700210362086037
0.01707317065595272
0.014354647114388054
0.011561772961429632
0.00871204859493876
0.005823233049990503
0.00291323443360646
1.5694211488355965E-16
0.0028985934653011284
0.005764848289298975
0.008581352929306296
0.011331086723559926
0.013997521750360106
0.01656472119193973
0.019017433623293674
0.021341182673571272
0.02352235153832162
0.009551980160909813
0.028647842683681663
0.01324564252589991
0.03770158590846161
0.033586938892576274
0.04358920583380099
0.018758903896953488
0.021599644037923815
0.03749406259435938
0.04577170734799931
0.08235224374385308
0.045220369018228145
0.03759865557839135
0.02221214154071154
0.01950259151750897
0.04428557117270333
0.03279036970061571
0.03342332826788024
0.0152685457393604
0.030337240000915942
0.008533441478357495
0.022332853656680755
0.020166556388837176
0.017886055366206476
0.015505857279757288
0.013041013712296696
0.010507026791993338
0.00791975251950419
0.00529530236641019
0.00264994375081798
1.4142180871899166E-15
0.002638249589550232
0.005248668987356477
0.007815363359243524
0.010322775102729536
0.012755777411734847
0.015099764812139828
0.017340740130545304
0.019465397382426294
0.021461200092843188
0.037022743043503246
0.018033504599597742
0.038839611718015685
0.028698633338429456
0.03657799575088871
0.01977978457526209
0.03948531959615337
0.038316996850653096
0.027373185094114533
0.03921773865091134
0.04029513038148868
0.039173832594912694
0.02713189061344457
0.03711450818516415
0.037012503940436016
0.020379453471192292
0.036106484739174154
0.027450781088572622
0.03449047045637023
0.017161928206729786
0.031109876498055095
0.020502305557442577
0.01851851851852055
0.016428752422944014
0.014246258644904117
0.011984803983149045
0.009658584444419447
0.0072821367458798456
0.004870248084483373
0.0024378647295396974
1.4747521977730545E-15
0.002428357810788866
0.004832337001506568
0.007197272964718691
0.009508797076712608
0.011752923439938525
0.013916132957621136
0.01598545423832164
0.017948540849475992
0.01979374446275997
0.02718565014543837
0.02983529785008029
0.028120594646617172
0.02846344129321277
0.02467525105248109
0.04371581772803317
0.027837263346171617
0.02710025732464816
0.033349229374390506
0.02497182486955396
0.04032242878589764
0.024751813861438463
0.03290363279068116
0.027186959684587935
0.028304356723469586
0.04260074502622767
0.0237702805715887
0.030362268781298447
0.02910609546918189
0.02617834030744018
0.030243103725778753
0.019008557644270216
0.017173209640044786
0.015238710305110266
0.013217291849711663
0.011121676278227906
0.008964995797927188
0.006760710998605925
0.004522527309870374
0.002264310251769533
1.1207677705111993E-15
0.00225647421077598
0.004491279322585405
0.006690762809973521
0.008841535644205875
0.010930553364365644
0.012945194766962058
0.014873337741864969
0.01670343180137144
0.018424566870801844
0.010636985619507803
0.02930169333909638
0.018677740622311423
0.015756053932020467
0.025739725674907055
0.021484436643432935
0.024950835886125167
0.027548619556891484
0.026629803138379364
0.029881714001922976
0.033711398644051774
0.029475753137116645
0.026621824016717113
0.02716290092599792
0.024631543434132805
0.020932492848376966
0.023467176339361403
0.012990565565077897
0.0181988307272689
0.03202386879171166
0.008532701402356466
0.017773746605171777
0.01606079112866242
0.014254402945588284
0.012365975136842778
0.01040736837305804
0.008390836793719271
0.006328951709568042
0.004234523600870944
0.002120522893441993
9.994697395449778E-16
0.0021139948823751266
0.004208491728062373
0.006270679904202115
0.008287986175754516
0.010248151021479726
0.012139302799509756
0.013950029315998525
0.015669446367281535
0.01728726284573416
0.027666475042494993
0.0077455946968616055
0.022658565644170677
0.03569464505276843
0.02980484920298061
0.032050157574337726
0.025350670335565928
0.025577272952842824
0.025945397103488723
0.033125520655023284
0.026189140043941746
0.03348426965259565
0.025794890283842093
0.02535524532714325
0.02445257163752789
0.03086416593080864
0.03129466632915768
0.03497512509253874
0.019754373808476097
0.00754542429332667
0.02392658662790202
0.016742774869491515
0.01513180846432626
0.01343223112505036
0.01165473742612026
0.009810470346247036
0.007910951711350103
0.0059680105105356955
0.003993709529247862
0.0020002707528291356
3.3223440633264997E-15
0.001994788750867334
0.003971848879048861
0.0059190760209357745
0.007824581895466901
0.009676766606712484
0.011464388985834826
0.013176634547166893
0.014803180649466714
0.016334258471110138
0.019027537591224813
0.029258897610909836
0.024251270144424877
0.01179979896657881
0.01434976220697468
0.01765862212749256
0.027095796192179264
0.024023858212441237
0.023830541649176827
0.011640448110468635
0.019847977848832434
0.011244882538488753
0.02356005962667276
0.02374282317620199
0.02770243518909685
0.01752718145053591
0.013513261801242514
0.013736812817205582
0.024678909742389493
0.02539684587667558
0.02102227083226265
0.015875622498042034
0.014350319253920487
0.012740489276205984
0.011056240820027168
0.009308114012790508
0.0075070151351615474
0.005664148820683444
0.0037909485941318216
0.0018990061775900683
8.371824355266018E-16
0.0018943766504750147
0.0037724873907033457
0.005622823984445143
0.007434076627063926
0.009195202845304581
0.010895494593691107
0.012524643141229851
0.014072801356566193
0.015530643016465786
0.012831451692507226
0.02126191882299611
0.018561892887995757
0.02451384829221601
0.030190877963712153
0.02671158968742826
0.018048689997588022
0.024519192780842886
0.026172731310556977
0.03979383926302829
0.02789160799082033
0.03972088684952927
0.02621185381805141
0.024685423442637685
0.017826218096993262
0.02618308654132069
0.028234942193875456
0.02203875096827335
0.021091160277761065
0.022962449790821012
0.012091302121445132
0.015142585844552026
0.01368963323242522
0.01215562186499698
0.010550164881387998
0.008883293100555762
0.007165392548761129
0.00540713994644844
0.0036194365538981268
0.0018133407843666971
2.0078784388637536E-15
0.0018094180900319
0.003603794008244792
0.005372124644472548
0.007103590532063652
0.008787621854597548
0.010413962781397994
0.011972733741574128
0.01345449125936146
0.01485028498961709
0.01940001511516383
0.012354820434479033
0.017578913653113575
0.019640753600765375
0.018104884982702563
0.018090304567823713
0.031050728040895748
0.018159569604144717
0.01911581363020933
0.012486984567056462
0.024925612698142655
0.012762983134273334
0.01904848648547635
0.017539671084315922
0.03090049101895243
0.01865510602583953
0.02030744671719161
0.019662628764730825
0.01429673285826279
0.012278576238069343
0.017505932938870115
0.014521222122821704
0.013129576318167514
0.011659817132508514
0.010121138014666648
0.008523137976575796
0.0068757618774442815
0.005189238702475591
0.0034740182182256274
0.001740706395814534
6.385120300719992E-15
0.0017373792535269612
0.0034607505683588095
0.005159539561487829
0.006823342980649814
0.00844199224995577
0.01000561545647476
0.01150469740100196
0.012930137348571688
0.014273304129174316
0.01528011270523365
0.01926497906269922
0.02768142495669418
0.02108854962110628
0.01377529649008071
0.01964012965016561
0.017637655129424036
0.02871699037124483
0.02334244816281469
0.030338360171846997
0.016330066862017985
0.030020497816274028
0.022976391108389827
0.029085292251806248
0.01761892118985795
0.01856983421316952
0.011677502956884904
0.02272809548804938
0.027354363675519515
0.017156700329707317
0.015384963234935259
0.013994328584078898
0.012654679837931913
0.011239413419891963
0.009757366466509858
0.008217771418266316
0.006630198648209802
0.005004497114997331
0.0033507334073872965
0.0016791295566425833
9.477972951669147E-16
0.0016763119168744334
0.003339497508489356
0.004979345999417427
0.0065858070681840035
0.008149052303015356
0.009659535194487737
0.01110804929967843
0.012485784224258745
0.013784379082914813
0.015321832018040623
0.016411034716772226
0.009135598326186425
0.014142361171322539
0.029040209257452907
0.028205314616197817
0.024064236115900695
0.010317601903084233
0.02258765512382209
0.019059629511020155
0.03652494509070801
0.019078715465566443
0.022932534536630446
0.010050594238039435
0.02295657387671456
0.029841769975446852
0.029080881258390437
0.0122822326518787
0.011294623905300338
0.01570753533418561
0.01606727138714108
0.013548571158454556
0.012252950983887935
0.010883816402487067
0.009449702303205125
0.007959530298471195
0.006422553345599446
0.004848298416960303
0.003246507573135347
0.001627077802789637
6.6604688734165615E-15
0.001624702545492546
0.0032370357671757752
0.004827096171893026
0.006385131545149479
0.00790160064054773
0.00936723148844357
0.010773077968523852
0.012110574301546282
0.01337158712926735
0.012368645564867638
0.01868712431402873
0.019636015914446008
0.02687421258228035
0.0097446084643544
0.013614226867782051
0.01990392088868548
0.03173589108213045
0.014988603449351514
0.022906771071003043
0.040270713973959295
0.02291066483906229
0.014745771917841481
0.031725841583544113
0.020586801147207862
0.01301567242776054
0.01103990963907467
0.026278907208512427
0.01756905772401357
0.020700029703036988
0.012140341051387143
0.013173533359922775
0.011915019650558504
0.010584747402746546
0.009190996056049247
0.007742424727155648
0.006248018519869593
0.004717032902420777
0.00315893649576098
0.00158335262587085
5.743757041873721E-15
0.001581367127954056
0.0031510189353831856
0.004699309784060498
0.006216737382102006
0.007694000992691125
0.009122058333467926
0.010492180819401611
0.011796006812012594
0.013025592550939718
0.016037507477485915
0.008092279761356807
0.0161902770677781
0.010308005465438246
0.020713021942115696
0.03575685564661108
0.01768783283492098
0.014616825994415394
0.028079106762697127
0.01599594569638632
0.033301876742778215
0.015890375756443996
0.028183842713650358
0.015343409605947229
0.017905516951935478
0.03550072082866145
0.01849836279375483
0.011977164694811537
0.015534748394218267
0.008512914027805366
0.014289690769135307
0.012861044675936859
0.011633535736634618
0.01033571216539253
0.008975639047644916
0.007561755518895214
0.006102822496015505
0.004607868489189826
0.003086133828985697
0.0015470136525600332
5.8817200366699E-15
0.0015453766227209488
0.0030796058553000847
0.004593255909149599
0.006077031449695344
0.007521830580314219
0.008918800579127946
0.010259392048031998
0.01153541114321937
0.012739069568689232
0.017376316018708128
0.021334668110111223
0.019227324906269373
0.018074735732633667
0.02102840583504164
0.005861409819971584
0.026836482601068478
0.028184298193264026
0.019562960167074206
0.024374761517117705
0.054037585572634966
0.02434030188317118
0.020121466504755835
0.027631713594655636
0.027181933509655667
0.005277728012861983
0.022451078191440547
0.016246781456429115
0.02111870706746774
0.018977661279471654
0.019167740065036673
0.012604699581221955
0.011402737382909168
0.01013162018526415
0.008799235330315925
0.007413839913162144
0.005984009696892748
0.004518586115965988
0.0030266216949533064
0.0015173242190146617
3.34731544763449E-15
0.001516003413003523
0.0030213547264732136
0.004506796245602632
0.005963200715937528
0.007381627315090618
0.008753376451605442
0.010070043035632395
0.011323567895694693
0.012506287027603726
0.007110134405172657
0.01981844302326402
0.007867170812089635
0.018909685190307182
0.012289713660859009
0.027540149880895416
0.020900773939166818
0.023311913308100257
0.025381752867432456
0.01748118477825916
0.014436074908869568
0.017675095338839607
0.024980285544007438
0.02376444907859098
0.0209488115260257
0.02598975811194833
0.012569722012953179
0.019370037427824963
0.006968573759585106
0.022067035218040522
0.008118081539147828
0.012399509771535793
0.011218138743396035
0.009968509378499038
0.008658364370328547
0.007295813132384093
0.0058892816820949375
0.0044474606155391295
0.00297925149370509
0.0014937119704663134
5.524848141107992E-15
0.0014926825330969901
0.0029751464147041388
0.004438271585384251
0.005873063161205657
0.007270706647693427
0.00862262200837856
0.0099205162568408
0.01115643425042249
0.01232280737481805
0.018572992092014448
0.006462634621307247
0.023805313710435035
0.016999543126483236
0.02321156049736151
0.01592214911414344
0.024995002512805783
0.018788532329685716
0.02858465135722723
0.017536687456440832
0.042211150454135406
0.017258927581385013
0.028799256360067773
0.018024355433142143
0.02429176489112922
0.017677237566247412
0.02206127933254044
0.018526892290432223
0.02267908262828861
0.005852020215235434
0.01601147225869128
0.012241651830622167
0.01107630343982202
0.00984334631363088
0.00855040886345172
0.00720548440609378
0.00581688182023844
0.0043931742904177494
0.0029431464544572715
0.0014757402795307164
2.4191837618637846E-15
0.0014749835446389748
0.0029401288293695533
0.0043864194775053425
0.005804959666124581
0.007187028762771568
0.00852413485866421
0.009808066870150766
0.011030944889169893
0.012185268474428653
0.01831649568975868
0.020993026973650172
0.015033094828630428
0.015728806783923677
0.0153516659166291
0.017777467137839065
0.01880970992164052
0.02573540168357605
0.01455155433372791
0.025011142704081685
0.010081016316788037
0.025116090799508828
0.014018260637009911
0.025587002961796845
0.01852402668704331
0.017195455004416105
0.01598818947779662
0.014165422436201199
0.0169432069242689
0.01856416790440855
0.02072932217655173
0.012128285123690768
0.010974681112941706
0.009753882125002118
0.008473430582405392
0.0071412331910768135
0.0057655121864193925
0.0043547546584609825
0.002917660267527827
0.001463087672366624
1.1161973038166453E-14
0.001462590307410441
0.002915676929889771
0.004350315050557637
0.005757676340101566
0.0071291032072265895
0.008456161982299894
0.00973069470783764
0.010944869218247456
0.012091227201865062
0.0046211009812607284
0.01492911550472852
0.013993296825029871
0.02201499071834306
0.015990563837481687
0.023411998861740654
0.01852625922510503
0.012956108042142514
0.02688235413868897
0.012444448405778519
0.022114183161377993
0.012627769530058244
0.026476741548049618
0.013137365646808253
0.018215018138487513
0.023212765384615034
0.01612420000586478
0.021444407808692195
0.012487019341655086
0.01605151653310686
0.005451747282285805
0.012057423013999714
0.010911491925413658
0.00969855077960664
0.008426082790693835
0.007101936019152228
0.005734275035346981
0.00433153064731417
0.0029023480018553448
0.0014555333780303585
3.328207736799985E-15
0.0014552867977836034
0.0029013647161468606
0.004329329608803681
0.005730390233531495
0.007095922300625335
0.008417521487003476
0.009687055090155567
0.010896712005369834
0.012039050719146734
0.020468557028969613
0.012367640503093188
0.01766800275174362
0.01247748605132538
0.01923297372371666
0.01760326004609023
0.0176121599328669
0.020439733516106784
0.014851904630333517
0.023130575175236107
0.018410413853162548
0.022923980022060995
0.015445104232652955
0.019820986036338625
0.017612642636378528
0.018274773892352544
0.019242585323117754
0.014074160111419945
0.016246960238860873
0.01322665077216913
0.017787559586478062
0.01202784616457976
0.010885648950797282
0.009676400843691783
0.0084075516104607
0.007086917623864165
0.005722633777815609
0.004323103446450537
0.0028969467941641126
0.0014529477539654224
