1.0
0.9989725854527298
0.9958941397184476
0.9907760398146914
0.9836371918337694
0.9745039478168525
0.9634099899352776
0.9503961825331838
0.9355103927392293
0.9188072805050731
0.8725811461981202
0.8247578916525025
0.8030165008028639
0.7797410397075107
0.7641785667305607
0.7106485169124215
0.6833298153537434
0.6548453038842772
0.652709305002027
0.6681453370740588
0.6367095615426736
0.6045294994987146
0.5258414101762782
0.4653701075706506
0.431731980648112
0.39781022816854555
0.39044148247409644
0.3473225538229179
0.31317951949860307
0.2792070291223096
0.2725224281647357
0.26683328132118805
0.23395677675898352
0.20167312991975367
0.17008068053330966
0.1392737663276274
0.10934235931995497
0.08037172439209744
0.05244210162743667
0.025628413765296978
1.6274002483985052E-16
0.024379622781927665
0.047452970371682626
0.06916877240348816
0.08948212364992632
0.10835460493099812
0.12575437327165592
0.1416562210946554
0.15604160438810785
0.1688986399392121
0.20774108907313196
0.2433411942965951
0.2515163446355388
0.2581802367134407
0.2553495133906132
0.28263031118178233
0.2848007369696365
0.2855751213569437
0.2608780914062627
0.21540232555182676
0.21247617121610687
0.20835759281111527
0.2465736694862004
0.2636586389701295
0.2561313390905195
0.2476776220062507
0.21659731244381497
0.2140632194619331
0.2034045659570058
0.1921309496221582
0.15611724874363891
0.11667245240793668
0.10413347464621675
0.09130375337943802
0.07826434592780036
0.06509537670314862
0.051875662795561946
0.038682351000812465
0.025590567982649602
0.0126730851824887
3.349321761848829E-16
0.012361565328205192
0.024347745827528855
0.0358981956467284
0.046956328580889516
0.05746953627456682
0.06738938324713148
0.07667177800935288
0.08527711967004797
0.09317041956355265
0.07349233715748549
0.059853488983679745
0.06549517112363666
0.0703649771539161
0.07877477429237081
0.06841424406320554
0.07100722721658256
0.07280724380850544
0.09169550229112917
0.12865770971349247
0.12777396638002375
0.1261278435526181
0.08746425541357532
0.06762305314371737
0.06432039701223631
0.06041803640463716
0.06625143434907271
0.058050308384635374
0.052363177077742275
0.04628779266353135
0.05586590451906695
0.07482035430154862
0.06711710121238232
0.059138962311214106
0.05093822132600384
0.04256756538062774
0.03407978162745242
0.025527457685863026
0.01696268746207159
0.008436783880032887
7.199897027185937E-16
0.008298740059596518
0.016412099049191713
0.024294572090918207
0.03190271856496255
0.039195379273756346
0.04613387787015495
0.05268220563223894
0.05880718876800726
0.06447863753739012
0.09579640992726335
0.11683218738505469
0.1207674718263967
0.12416645402077803
0.1242465965390036
0.13279379287734042
0.1343291840728528
0.1352929539131157
0.12599207284000496
0.09194262377130534
0.09157719729772659
0.09065641992766499
0.12283845274022923
0.12930968678387697
0.12646097240251894
0.12313319802649302
0.11607337194831273
0.11382208982654354
0.10939823319003004
0.10461099479334038
0.08610998093565282
0.055204496560855944
0.04963964052493524
0.04384237336355566
0.03785067190997298
0.031703191580882646
0.02543903139089906
0.019097499119954606
0.012717877975441341
0.006339196069147036
1.0586525571327556E-15
0.006261866202462836
0.012409475561785944
0.018407024902625434
0.024220032755730835
0.029815527373656128
0.0351622238776097
0.04023068962729716
0.044993496981780325
0.04942536269936614
0.029394623732440926
0.030137813819106518
0.03304658103794094
0.035711832117866
0.03295949958651889
0.042395346281789925
0.044202676045873766
0.04560658358642047
0.052620227304969944
0.07171886540085741
0.07155006120659793
0.07094448137915293
0.05198148297602439
0.045343081376986616
0.04390321246504086
0.0421016402837523
0.030516347215160878
0.03431865216479721
0.031719911498652095
0.028970684471127977
0.024877198492271536
0.04385524009181731
0.03948997423526643
0.034926611005350036
0.030194876749066284
0.02532521601994565
0.02034860287924285
0.015296350844886102
0.010199922616159677
0.005090740693764799
3.3267986389963074E-17
0.005041516417229155
0.010003617540091
0.014856879372912406
0.01957281378612333
0.02412403027178668
0.028484389719773684
0.03262914937775124
0.036535098216767516
0.04018068198682816
0.06724664873923888
0.0727744549071825
0.07523012357391576
0.0773708733146165
0.08317360995784481
0.07097039081687721
0.07199087454956385
0.0726559722542621
0.07966483855642838
0.05895135939704079
0.058874033524158875
0.05843611535484386
0.07795096500651107
0.06914896285257052
0.06735666385623634
0.06524415791099615
0.0787318545962355
0.07122643730791967
0.06838810501246094
0.0653033955027267
0.06283801990231302
0.036479093000142584
0.032878631378332475
0.02910609616760774
0.02518591587948859
0.021143214447611334
0.01700365428408392
0.012793277347067547
0.008538345181071726
0.004265178890456589
4.629110785954358E-16
0.004231226855953341
0.008402948491872182
0.01249017407616454
0.016468621510455316
0.020314858443546382
0.024006437118552233
0.02752202229395218
0.03084151152596972
0.03394614715006002
0.017308153206015905
0.027577733912092974
0.029762997319559507
0.031756109853041975
0.024376468603747228
0.044036364757661255
0.04546353206997628
0.046584295332269474
0.045119742792629945
0.05018683577473317
0.050157665719566515
0.04982070318229392
0.04486087632060227
0.046807419811887074
0.04579046441560132
0.04449179186416484
0.024098306656955865
0.03159715867302311
0.02964262398051051
0.02750409013420098
0.016037507477489357
0.03131765050089838
0.02824540780962652
0.025021011314591453
0.021665227760587942
0.018199480544475215
0.014645715469343288
0.011026264246839865
0.007363706582084322
0.003680731678742044
1.1452826140996844E-15
0.0036559938856945812
0.007265056556971975
0.010805428289310071
0.014255912122851143
0.017595998694536086
0.02080598611094316
0.02386709417238791
0.026761572296945636
0.02947280053486806
0.05241447065243484
0.043803022423916045
0.04564454560449081
0.047260881796302834
0.05745757443816876
0.03726596885524428
0.0382239263998168
0.038920664891446397
0.051517553607352794
0.04382019394244109
0.043818547836156685
0.043547688181469986
0.05041571256997629
0.03756871449717193
0.036450638417153194
0.03509667852857235
0.05422759581650687
0.043211928301798756
0.041100788293218074
0.038794990161846316
0.04955377589046369
0.02751732263936837
0.024830357014185067
0.022006789021949042
0.01906471839956738
0.016022861053656197
0.012900431665656093
0.00971702395310725
0.006492489323495012
0.0032468146625350127
1.4106562751375641E-15
0.0032280632073138416
0.006417712443588337
0.009549632433255874
0.012604970668223914
0.015565449480290728
0.018413474000508443
0.021132235375583508
0.023705808643463284
0.026119244705550375
0.014116529482234023
0.027856280171031478
0.029787049308209183
0.03151503261010523
0.024628609369688175
0.04556996449296747
0.0465820922535135
0.047363200920310586
0.039533129991775336
0.039004151709924016
0.039019182661752645
0.03879429573612192
0.03921538040923578
0.04712540626084816
0.046287207884872276
0.04523694611662994
0.02496302338237833
0.03155378073289047
0.029892502153323425
0.028049560752641374
0.013840044663232918
0.02461377993509385
0.02221910702400393
0.019700210362088875
0.017073170655952638
0.014354647114387633
0.011561772961430967
0.008712048594938043
0.005823233049988963
0.002913234433608538
1.0484839635489676E-15
0.002898593465299942
0.005764848289297211
0.008581352929305957
0.011331086723561565
0.013997521750361435
0.016564721191942043
0.019017433623292397
0.02134118267356964
0.02352235153832205
0.04207500222618387
0.02663546715384786
0.028255247381616357
0.029689631346161566
0.0383377151066367
0.02929387468673118
0.030113045680015844
0.030752211008357084
0.03513047387692625
0.03524935683058656
0.03527494218259396
0.03508351124205971
0.0346408724029892
0.030629518928800163
0.029966927653575604
0.0291392284992033
0.03595527440540585
0.02808507036733598
0.02649132267609091
0.024740589221311605
0.0398525834902172
0.022332853656682566
0.020166556388835317
0.017886055366204433
0.015505857279756303
0.013041013712291603
0.010507026791995307
0.007919752519504148
0.005295302366408687
0.0026499437508177323
0.0
0.0026382495895481946
0.005248668987355609
0.007815363359241571
0.010322775102729092
0.01275577741173293
0.015099764812139984
0.01734074013054574
0.019465397382425063
0.021461200092846994
0.013478905306063852
0.02839159556408052
0.029941357323690444
0.031326020615896635
0.02739942751676239
0.03896751095245023
0.03965218632291812
0.040158566343593945
0.0324734318245338
0.03225355443787293
0.032286051770761576
0.03211984069032695
0.03208866501154234
0.03932630985929661
0.03855365457189134
0.037612116743853785
0.02785075181923351
0.031101846085062227
0.02975120432723384
0.028262739600415195
0.013445006400669226
0.020502305557443846
0.018518518518519895
0.01642875242294226
0.014246258644901325
0.011984803983148617
0.009658584444420864
0.007282136745882509
0.004870248084483595
0.0024378647295416585
1.4677025775909276E-15
0.002428357810787045
0.00483233700150846
0.007197272964716602
0.009508797076712315
0.011752923439939836
0.01391613295762092
0.015985454238322178
0.017948540849476773
0.01979374446275985
0.03376031885786394
0.02285369158622885
0.024178222535917202
0.025373985575448413
0.025045027852735224
0.027605355397230864
0.028306108826785126
0.028850415482379863
0.03087308310189316
0.02982008163179581
0.02985723774150998
0.02971057844208152
0.030904532428233333
0.02862441592228785
0.028005453133541178
0.027229941242215235
0.02360744691647342
0.025428934660864794
0.0243021301709516
0.023072045195656175
0.031890989833599497
0.01900855764427223
0.017173209640042517
0.015238710305110412
0.013217291849712725
0.011121676278226786
0.008964995797927526
0.006760710998606142
0.004522527309870438
0.0022643102517699966
1.8107157490794888E-15
0.0022564742107774103
0.00449127932259041
0.006690762809976121
0.008841535644206873
0.010930553364365925
0.012945194766962955
0.014873337741863871
0.016703431801373042
0.018424566870801733
0.013482087294034193
0.026576539955504252
0.02774303138372749
0.028790517216323055
0.029953861250165845
0.027752074109509913
0.0283738809018921
0.028837726096800347
0.024531940240631035
0.02781556614951968
0.02785594718074372
0.02772479413203492
0.024131613574396218
0.028169038067222967
0.027485286789232656
0.02664575512154067
0.030194990082786477
0.028022643511954336
0.02691180888366395
0.025701113565897164
0.01353304796170579
0.01777374660517201
0.016060791128662117
0.0142544029455883
0.012365975136843711
0.010407368373052067
0.008390836793720127
0.006328951709567772
0.0042345236008705395
0.0021205228934395733
1.3006451163521997E-15
0.002113994882374291
0.004208491728063635
0.00627067990420127
0.008287986175756223
0.010248151021481513
0.012139302799505298
0.013950029315995326
0.015669446367281938
0.01728726284573333
0.026709158570315108
0.023838199520234398
0.024922168237981736
0.025908218776466013
0.018279106393418714
0.02437441517635471
0.02505389538534003
0.02557749053904235
0.03300744589502872
0.02614646379714426
0.026189140043945968
0.026070517223235584
0.0331288115897554
0.02535525311023946
0.024764062982029374
0.024022456985692515
0.017787339575997825
0.02584071891722307
0.024860425118362096
0.023786428653921502
0.025122315637924043
0.01674277486948751
0.015131808464326407
0.013432231125051784
0.011654737426117674
0.009810470346245263
0.007910951711350285
0.005968010510536982
0.0039937095292464295
0.0020002707528282387
2.316465794905175E-15
0.0019947887508699027
0.0039718488790473185
0.005919076020935596
0.007824581895462954
0.0096767666067141
0.011464388985834758
0.013176634547165769
0.01480318064946803
0.016334258471108778
0.01379936434825517
0.021641819144394402
0.022590596064090855
0.023448258870344355
0.03051612568041263
0.02406221190632853
0.02474786338371076
0.02528942689839963
0.016930247976095943
0.02474532485472993
0.02478968809942957
0.024681349757808006
0.016590548605753153
0.025438787882880114
0.024956325960550862
0.024337915793266558
0.03037143621788411
0.02239195092907825
0.021395192406423725
0.02031117720505447
0.013926372292802375
0.015875622498043397
0.014350319253919101
0.01274048927620489
0.011056240820025744
0.009308114012790287
0.007507015135160279
0.005664148820685383
0.0037909485941287823
0.001899006177587568
2.1011912513238815E-16
0.0018943766504772156
0.0037724873907053137
0.005622823984444843
0.007434076627064348
0.009195202845305065
0.010895494593689152
0.012524643141229
0.0140728013565662
0.01553064301646581
0.02081605343792685
0.022263337514079565
0.02327699426294543
0.024190331539903572
0.01659343005924728
0.02185433835291359
0.02240986081426882
0.02283694148361569
0.034160735549308915
0.023562389190296126
0.023608042708349493
0.023508256832646617
0.034128367446997265
0.022608066523221827
0.022115155968702026
0.021503082298044335
0.016546673822630115
0.02357703563064998
0.02257553289943519
0.0214713750333111
0.019548088433231862
0.015142585844549153
0.01368963323242623
0.01215562186499781
0.010550164881390671
0.008883293100557486
0.007165392548763012
0.005407139946447664
0.0036194365538985604
0.0018133407843671952
3.309687076599842E-16
0.0018094180900307105
0.00360379400824757
0.005372124644470346
0.007103590532065116
0.008787621854596268
0.010413962781402539
0.011972733741575646
0.0134544912593591
0.014850284989616989
0.014412639981919073
0.016482113797904083
0.017477178096318904
0.018375553148560975
0.02841378435429827
0.026746010024637636
0.0273311969345534
0.02779308796343653
0.011878506141829465
0.022560246635125052
0.022606936828916145
0.02251434216452594
0.011759264217134765
0.02785898875700669
0.02742235995153494
0.026865158959633154
0.02788503017597676
0.017949983587106758
0.016983440532114563
0.015913961411284087
0.014603923884396424
0.014521222122822499
0.013129576318166249
0.011659817132509916
0.010121138014664596
0.008523137976576165
0.006875761877445221
0.005189238702478677
0.003474018218226804
0.001740706395814379
3.1903075721583526E-15
0.0017373792535287668
0.003460750568360619
0.005159539561486008
0.006823342980654629
0.00844199224995507
0.010005615456474024
0.011504697400999108
0.012930137348573041
0.014273304129175659
0.016340790819097006
0.01802105231065024
0.01901687413345783
0.019904315647694914
0.01650018318472761
0.018267194035765263
0.01872541466160715
0.019077560402558005
0.031682897287789176
0.021710335509811426
0.021757908308262488
0.021671417165722535
0.031463438862143485
0.018783510405438828
0.018333022678728713
0.01777595953068203
0.016500467571448355
0.019039077823007136
0.01803593528446169
0.01692660642766795
0.015496318295319464
0.013994328584080175
0.01265467983793404
0.011239413419892557
0.00975736646650925
0.008217771418264892
0.00663019864821327
0.005004497114996768
0.0033507334073886006
0.001679129556640986
2.170002741371001E-15
0.0016763119168710023
0.003339497508491701
0.004979345999418939
0.006585807068179248
0.008149052303015115
0.009659535194490202
0.011108049299684931
0.012485784224257265
0.013784379082913075
0.015226744914191584
0.016671218895679817
0.01774074602878459
0.018703621585482468
0.024163333994238083
0.024817838489201167
0.02530651682738399
0.025675825238338227
0.012496842491073919
0.020990583713820208
0.021038956202610322
0.020957686697648525
0.012665896973037834
0.025271891453781246
0.024768137797717343
0.02414502871778182
0.023429564308625368
0.019330144552622868
0.018472006029852578
0.017513497374138307
0.015439103073196328
0.013548571158449457
0.012252950983887836
0.010883816402480845
0.009449702303209045
0.007959530298470928
0.006422553345600037
0.0048482984169538135
0.003246507573133185
0.0016270778027906425
6.12104538256156E-16
0.0016247025454885528
0.0032370357671774185
0.0048270961718914025
0.0063851315451532754
0.007901600640545526
0.00936723148844589
0.010773077968524543
0.012110574301538918
0.01337158712926465
0.013725318633495315
0.01333663018816036
0.014248911814260438
0.015062410108571653
0.016579957387284697
0.016677641016757512
0.01725608947024036
0.017718556064746805
0.026050452840783916
0.020383782721311052
0.020432924425231813
0.020356152185520424
0.025721175099528107
0.017942672276667505
0.01755410679482923
0.017048581905901146
0.016627261539561036
0.014285190146094685
0.013387697960928821
0.012405023079604135
0.013395624635710085
0.013173533359925434
0.0119150196505589
0.010584747402742215
0.009190996056045751
0.007742424727153499
0.006248018519872713
0.00471703290241738
0.003158936495761137
0.0015833526258674127
3.0035930167241587E-15
0.0015813671279557647
0.003151018935382556
0.004699309784057809
0.0062167373821057715
0.0076940009926884986
0.009122058333471192
0.010492180819398716
0.011796006812015173
0.013025592550939906
0.016037507477495452
0.02091446909963684
0.021910661541114297
0.022810115465152117
0.01943956090580298
0.01805116893918833
0.018500548517073456
0.01883228002285896
0.016778927299075066
0.01987644512169645
0.019926365579897135
0.019853488654957528
0.017006249874502426
0.018271819481421248
0.01775596757401919
0.017124805682377325
0.018842175874637584
0.023454538854192263
0.022655913365607554
0.021763865581939237
0.016211477622220586
0.012861044675941654
0.011633535736639706
0.010335712165390311
0.00897563904764316
0.007561755518893279
0.006102822496016856
0.0046078684891893715
0.003086133828986913
0.001547013652559277
5.579136519367554E-16
0.0015453766227164606
0.0030796058552987103
0.004593255909151899
0.0060770314497026615
0.007521830580311667
0.008918800579125238
0.010259392048030478
0.011535411143217513
0.012739069568690017
0.013114102454698467
0.009623915517494551
0.010377611016995374
0.011068270434803228
0.017217167611555343
0.022147407268846047
0.022755305372329532
0.023248806499750252
0.019639687796307714
0.019457989522053167
0.01950873008487275
0.019439243015840216
0.01936563146918763
0.023724241865052433
0.02339125309018388
0.022945611938104953
0.017376789495099975
0.01049383325589807
0.009738612997428286
0.008930832765845064
0.013215202648447751
0.012604699581219944
0.011402737382908321
0.01013162018526222
0.008799235330313992
0.007413839913161384
0.005984009696895077
0.0045185861159739394
0.003026621694947952
0.001517324219012282
1.3437939953555575E-15
0.0015160034130044025
0.003021354726473328
0.004506796245605759
0.005963200715940485
0.007381627315087996
0.008753376451611622
0.010070043035632146
0.011323567895697334
0.012506287027607801
0.016608128218641088
0.02335241680905152
0.0242720402950575
0.025098140428467166
0.016687866887061722
0.011609900916696671
0.012038017601998118
0.012361942852365417
0.020690802558834036
0.019120152571691373
0.019171781118707428
0.019105255496473312
0.020836368504742495
0.012007211410390562
0.011568873185944701
0.011029992487232304
0.016558674853471272
0.02508814801148479
0.024262948767055727
0.023344837625740522
0.016688603768249828
0.012399509771531638
0.01121813874339661
0.009968509378498108
0.008658364370333098
0.007295813132383831
0.005889281682090815
0.004447460615540417
0.0029792514937077054
0.0014937119704675668
3.839283516881517E-15
0.001492682533099996
0.002975146414704976
0.004438271585379082
0.005873063161208928
0.0072707066476927215
0.008622622008379485
0.009920516256842758
0.011156434250421782
0.012322807374821278
0.013886088606487395
0.007229683662777581
0.008015486237114832
0.00874393750168077
0.01841363213041046
0.026360008531646047
0.02688010947932922
0.02728911250300853
0.01635547493226414
0.018856562463150067
0.01890917021815494
0.018845239928353723
0.016334585313898763
0.02732080231842196
0.026922898998586645
0.026414327714550236
0.018587222802345253
0.008711428853462813
0.007956801377378116
0.007129850891108616
0.014181553294373293
0.0122416518306316
0.011076303439819406
0.009843346313623878
0.00855040886344615
0.00720548440609179
0.005816881820235534
0.00439317429042264
0.002943146454457823
0.0014757402795400041
3.43903705932661E-15
0.0014749835446447425
0.0029401288293591883
0.004386419477508109
0.005804959666128875
0.0071870287627674
0.008524134858661202
0.009808066870152947
0.011030944889173942
0.012185268474425255
0.01674221193205909
0.021644994476738035
0.022503991478932284
0.0232696280161512
0.017015803890338393
0.009299225220202021
0.009804110924579746
0.01020690547276923
0.02235107299884107
0.018662430263370805
0.018716130185384507
0.018654480104853557
0.02236041313623503
0.01034039840089726
0.00997941498292208
0.009513545761860386
0.017234231197371472
0.022539910847540347
0.02167131833216841
0.02070970247779753
0.01669238086335459
0.012128285123685887
0.010974681112939366
0.009753882124996432
0.008473430582416265
0.007141233191074698
0.005765512186419361
0.004354754658460825
0.0029176602675240228
0.0014630876723633827
4.093580249211555E-15
0.0014625903074065977
0.00291567692988943
0.004350315050559756
0.005757676340100803
0.007129103207222923
0.008456161982298779
0.009730694707843544
0.010944869218248256
0.01209122720186497
0.015109683065942736
0.009048823628086693
0.010006069827162485
0.010872796714921014
0.01921135729717164
0.0234851207128441
0.023910887586232468
0.02422682552808162
0.01803228635050835
0.01853432982032357
0.01858925625080431
0.0185296135375804
0.018190178859950088
0.023729462689988216
0.023248080493866067
0.02265715080265086
0.019231695411741863
0.011759272029931279
0.011017685430253703
0.010184273237507176
0.01540248104274241
0.012057423013996645
0.01091149192541104
0.009698550779598615
0.00842608279069472
0.0071019360191549655
0.0057342750353453365
0.004331530647312417
0.002902348001855674
0.0014555333780364818
2.850028520258024E-15
0.0014552867977850159
0.002901364716146575
0.004329329608802953
0.005730390233526525
0.007095922300633186
0.008417521487008348
0.009687055090155496
0.010896712005368028
0.012039050719147175
0.016332034722076817
0.01640743787861753
0.017229637967584546
0.017959147773013315
0.0185500640234392
0.014471166204567634
0.015076412978427286
0.015573437414198423
0.021227628618815563
0.01847004670519503
0.018526356091938537
0.018468483468749495
0.02110615004910737
0.016194676419948473
0.015904677994412645
0.015506405801095
0.018736558504681422
0.01684011795134964
0.015951528004633734
0.014970541190740212
0.016143638812712083
0.01202784616457806
0.010885648950798724
0.009676400843694555
0.008407551610460987
0.007086917623865899
0.005722633777814371
0.004323103446455939
0.002896946794169008
0.0014529477539611355
