1.0
0.9989725854527294
0.9958941397184462
0.9907760398146922
0.983637191833768
0.9745039478168523
0.9634099899352744
0.9503961825331807
0.935510392739227
0.9188072805050685
0.8732570591456136
0.8258146114935949
0.7580597867876667
0.716192845564053
0.5906846893351069
0.5579512276118177
0.5761023226462977
0.6376073646550702
0.6250353846241634
0.6035291511103303
0.5629335569904316
0.5399579014641575
0.4982162350411952
0.44920625082750826
0.32951479031396314
0.25338189830262425
0.22287793598582578
0.2880612399645208
0.274853323468255
0.287106606727531
0.27872981969104643
0.2668332813211881
0.2339567767589831
0.20167312991975336
0.17008068053330927
0.13927376632762692
0.10934235931995465
0.0803717243920972
0.05244210162743642
0.02562841376529663
3.891747418136321E-17
0.024379622781927714
0.047452970371682494
0.06916877240348816
0.08948212364992623
0.10835460493099808
0.12575437327165614
0.14165622109465467
0.15604160438810774
0.1688986399392122
0.19450299886300618
0.22773302195256862
0.2802272968841905
0.30453755200883337
0.397197950832323
0.38191349012680886
0.35598400523721707
0.2920872956593902
0.2873345268963049
0.27844833052370394
0.28432344303743895
0.2712851838330886
0.2728335710853759
0.26785049175660613
0.3166221915552302
0.3266596837931217
0.343009312427458
0.25061148041509307
0.22207960324649212
0.1666380045410305
0.13288311030676603
0.11667245240793694
0.10413347464621707
0.0913037533794379
0.0782643459278
0.06509537670314804
0.051875662795561744
0.03868235100081247
0.025590567982649887
0.012673085182488669
4.448703270215275E-16
0.012361565328204819
0.024347745827527766
0.035898195646728186
0.046956328580889384
0.057469536274565615
0.06738938324713123
0.07667177800935183
0.0852771196700482
0.09317041956355232
0.11351533863770501
0.1186449424423061
0.09050179432019101
0.06120597629926425
0.017460383418587355
0.05518405967298804
0.07624276249269103
0.08572223701630959
0.06600906643379297
0.06990079335018676
0.06377347544101301
0.06764013896266728
0.06191362601958869
0.08258414950280303
0.07960368449508781
0.06814298922959933
0.01753182871218587
0.05906780510204468
0.0866372780489308
0.11405797840557667
0.10358328463881245
0.07482035430154862
0.06711710121238229
0.059138962311214335
0.05093822132600344
0.042567565380627476
0.03407978162745293
0.02552745768586271
0.016962687462071344
0.008436783880031822
6.472184604680069E-16
0.008298740059596054
0.01641209904919195
0.024294572090918072
0.031902718564962816
0.03919537927375599
0.04613387787015402
0.0526822056322391
0.05880718876800653
0.06447863753738887
0.04513256836391165
0.0562809557268675
0.09677018660502348
0.10689391954493849
0.14290195472920705
0.0659173382703147
0.09422008415975554
0.11039928543182989
0.14611550445958094
0.14765831501993798
0.15500221264563807
0.14612706189053565
0.14253566186603633
0.10299906777987801
0.07841070957118332
0.043222955190554274
0.11695364083875653
0.08729671600631188
0.07816054768929889
0.03676972069445114
0.03484613554555889
0.055204496560857096
0.04963964052493695
0.04384237336355495
0.037850671909972475
0.03170319158088113
0.025439031390899956
0.019097499119956608
0.012717877975441303
0.006339196069147963
7.820886563973376E-16
0.006261866202463606
0.01240947556178567
0.018407024902625264
0.024220032755730314
0.029815527373657044
0.03516222387760937
0.040230689627297034
0.04499349698177963
0.04942536269936583
0.07630571432630037
0.09442717520974557
0.06459783214135754
0.06699684757917718
0.0671053153006273
0.14214378630021482
0.11069256932166707
0.0699709125776943
0.030723712757233852
0.02885491299457643
0.0357750306032963
0.028574856391313262
0.03035424384727606
0.0694974271363496
0.11097527757665437
0.14366376275454507
0.07485937897313084
0.06852714159601676
0.05718182987255826
0.08563042148234813
0.06496023407434219
0.04385524009181669
0.03948997423526565
0.03492661100534833
0.030194876749064847
0.025325216019944398
0.02034860287924328
0.015296350844884633
0.010199922616159292
0.005090740693765768
0.0
0.005041516417228064
0.010003617540090402
0.01485687937291143
0.01957281378612205
0.024124030271785758
0.028484389719772903
0.03262914937774956
0.036535098216767384
0.04018068198682774
0.0470672525774539
0.026171458283699267
0.05392178003045863
0.042165580608960536
0.02334923091880061
0.031100232439386973
0.01088491207949252
0.05519687543675166
0.09053204328843657
0.10306551317730633
0.10942646466031024
0.10222109134974927
0.08835454948233712
0.05396978000923106
0.01090862147929888
0.028802627787657447
0.01660242615376497
0.04073574716327668
0.05633081273063236
0.032600629350329424
0.05222076340324863
0.036479093000142
0.032878631378331344
0.02910609616760757
0.025185915879491073
0.02114321444761188
0.017003654284084468
0.012793277347067828
0.008538345181072007
0.0042651788904563585
2.371710774872754E-16
0.004231226855955107
0.00840294849187229
0.012490174076166129
0.016468621510453616
0.02031485844354686
0.024006437118552187
0.0275220222939523
0.030841511525970273
0.03394614715006207
0.027203911814819928
0.0504367988966956
0.027255833450581007
0.06000245442963639
0.07990666082587658
0.09491466734626038
0.07944677286467265
0.05824875186869852
0.030761728745799456
0.025686430263237078
0.03700579066791367
0.025706626292168255
0.03099744389431037
0.05696621347112632
0.07413464630939061
0.08400624323213131
0.07456491112340037
0.05506265274264908
0.02106924961017974
0.041058820620202045
0.016037507477489592
0.03131765050089674
0.02824540780962828
0.02502101131459169
0.021665227760587998
0.018199480544475597
0.014645715469340183
0.011026264246838443
0.007363706582082037
0.003680731678741248
8.650941315411067E-16
0.0036559938856949186
0.007265056556971777
0.010805428289311091
0.014255912122851933
0.017595998694535847
0.02080598611094472
0.02386709417238712
0.026761572296944685
0.02947280053486644
0.053543414172071556
0.04064858128531502
0.058615100532924194
0.03681124586462692
0.023467618348352568
0.028779282278563766
0.0296438054044823
0.03989145783788116
0.054323262062904505
0.07394925065784597
0.07882335323221501
0.07331486823921361
0.0529053270532934
0.03821625472699096
0.03155793214824079
0.03338725055585858
0.02876880058815025
0.03562291625066311
0.05547296296912628
0.03884712777248744
0.04938927351046946
0.027517322639368177
0.02483035701418488
0.022006789021948456
0.01906471839956736
0.016022861053656724
0.012900431665657039
0.009717023953107785
0.006492489323494918
0.0032468146625359317
8.920183738160367E-16
0.0032280632073147233
0.006417712443587974
0.009549632433255574
0.012604970668224053
0.015565449480290046
0.018413474000505893
0.021132235375583668
0.023705808643463163
0.02611924470554906
0.02265017163726452
0.02614518248892133
0.016723826328770012
0.033881774727320964
0.03226968585429285
0.031226113740936222
0.039813599238448884
0.04950024007703412
0.035726743745808205
0.027303823879892344
0.03563339839122749
0.027359121154443274
0.03591205336558046
0.05000483934954874
0.03794553892509892
0.028649226586878858
0.02571278994064508
0.03277874957210264
0.019977771631786136
0.02717966044735981
0.029350406295542024
0.024613779935093127
0.022219107024003107
0.019700210362087394
0.017073170655951892
0.014354647114387732
0.011561772961428433
0.008712048594940675
0.005823233049989014
0.0029132344336076973
7.496779914736408E-16
0.002898593465302247
0.005764848289297455
0.008581352929307529
0.011331086723561755
0.01399752175035838
0.016564721191941106
0.019017433623291117
0.02134118267357217
0.023522351538323494
0.027907873581401205
0.02571381364631249
0.033946378497745004
0.03236886261390333
0.052710982284998764
0.04041442278160522
0.034380948876447756
0.014745405666128579
0.03310858468128915
0.05114097074180232
0.054229256122472765
0.050634391562040124
0.03243477272215051
0.013019164654557495
0.034031318336013514
0.03845268581735497
0.05386469308458818
0.03153120220573682
0.028930182336848312
0.022583180028250355
0.019465276319894347
0.022332853656682142
0.020166556388835844
0.01788605536620466
0.015505857279756003
0.013041013712294923
0.01050702679199394
0.007919752519503623
0.005295302366409564
0.0026499437508183993
1.741087750409807E-15
0.002638249589549892
0.005248668987355926
0.007815363359246718
0.010322775102730457
0.012755777411735746
0.015099764812136518
0.01734074013054557
0.019465397382425153
0.02146120009284316
0.0383218175832002
0.029987211543543214
0.02935013829229616
0.035465783827109194
0.008233634605566822
0.02836336194808865
0.03427347306484324
0.05805095261945584
0.03648903720550412
0.029879147248291653
0.031855115897392254
0.02994913618213417
0.03634448529597795
0.05806842262479281
0.034571119233503506
0.028888046453253942
0.008511824845701928
0.03493441063867393
0.02973254818247798
0.02857534997072738
0.037443047771573694
0.020502305557440943
0.01851851851851982
0.0164287524229406
0.014246258644903358
0.011984803983146202
0.009658584444421301
0.007282136745880989
0.004870248084483756
0.0024378647295416715
2.2217821262556192E-15
0.002428357810789772
0.0048323370015058344
0.007197272964718244
0.009508797076712677
0.011752923439938553
0.013916132957622241
0.01598545423832117
0.017948540849476308
0.019793744462758837
0.010081598661827644
0.025671364643180775
0.026192768251592283
0.02373081797306647
0.04037521583350964
0.027029159115853376
0.03503283632646736
0.0077865884761017905
0.025358685429566666
0.03329290157689561
0.03543365011776292
0.03291218862467914
0.025231226766341406
0.009106233722237692
0.03473313693868152
0.02678680191398014
0.03568144118990807
0.022651873164133602
0.02810057422578307
0.028561229338818963
0.01531891006291171
0.0190085576442711
0.01717320964004415
0.01523871030511005
0.013217291849712574
0.011121676278226834
0.00896499579792581
0.006760710998605546
0.004522527309871453
0.002264310251769139
2.2193347130966735E-15
0.0022564742107758916
0.0044912793225886346
0.006690762809973209
0.008841535644205513
0.010930553364367261
0.01294519476696317
0.014873337741864827
0.016703431801372712
0.018424566870803214
0.02622113304590456
0.016273569762256412
0.023069082691425238
0.024853267535631916
0.025715268165256853
0.024043710576520966
0.028556511922938177
0.04444813025920802
0.030576955650969895
0.03244986549374985
0.02785090400225193
0.032501675344730335
0.030150097765873324
0.04241568376511657
0.027264102989675684
0.022595108842252763
0.0292143239419353
0.02223007240398906
0.020220805914711523
0.011721279195608801
0.02094967579047743
0.017773746605173134
0.016060791128663817
0.014254402945587944
0.012365975136843002
0.010407368373056025
0.008390836793720876
0.006328951709569173
0.004234523600869072
0.0021205228934392216
2.340945382881929E-15
0.002113994882375909
0.0042084917280610324
0.006270679904201141
0.008287986175748783
0.010248151021481185
0.012139302799507156
0.013950029315995476
0.01566944636728069
0.017287262845732305
0.025437823302641053
0.033310229169053795
0.02933704784044402
0.028672867783523914
0.011566141914135604
0.031159598488889082
0.02537567892182153
0.027940383631625328
0.025790818514801174
0.020748593279387575
0.026189140043942516
0.020507835906949757
0.025945038447403455
0.029310157764103215
0.02447624626148492
0.031643326277498336
0.009104933135573012
0.030434154070417673
0.02745656958802183
0.03244938861701186
0.026034988193103983
0.016742774869490024
0.015131808464323084
0.013432231125053947
0.011654737426117934
0.009810470346247734
0.007910951711348582
0.00596801051053572
0.003993709529246117
0.0020002707528281884
2.8504018011921877E-15
0.00199478875086956
0.003971848879048278
0.005919076020935116
0.00782458189546264
0.009676766606716
0.011464388985832567
0.01317663454716531
0.014803180649468513
0.016334258471107484
0.010229643240284402
0.01070925284149602
0.0173003178632663
0.01361655273796169
0.03829180213890035
0.017725836061992607
0.028237084678595797
0.015668280081209292
0.02184051450390149
0.033641669630092776
0.024785200051647815
0.03364483402300113
0.0214746350244206
0.014002673110003831
0.0289302014073514
0.017712824871894305
0.037681685964162485
0.012649395639798569
0.019646412991736386
0.014104896202843054
0.011211505153255863
0.015875622498043165
0.014350319253919186
0.012740489276206397
0.011056240820028918
0.009308114012789762
0.007507015135160412
0.00566414882068612
0.0037909485941288786
0.0018990061775881152
1.5702587494575828E-15
0.001894376650476425
0.003772487390701983
0.005622823984445545
0.007434076627065848
0.009195202845304585
0.010895494593688262
0.012524643141226838
0.014072801356570309
0.015530643016466967
0.02128372505622767
0.023197289536122344
0.015015730380098463
0.029431245738233663
0.009143294385188346
0.02739817614801178
0.018357220310676728
0.03605791092335833
0.030104825804074753
0.013927792585583814
0.028017297934093605
0.013828016822956474
0.030348411612931028
0.03555613503715681
0.017678300996913095
0.02621559652223838
0.010682294016232753
0.02716086529145668
0.012171096115535624
0.019757718680837207
0.018676073016230834
0.015142585844550449
0.01368963323242272
0.012155621864994649
0.010550164881391731
0.008883293100556699
0.007165392548761172
0.005407139946450083
0.003619436553898316
0.001813340784369234
2.4198663244541038E-15
0.0018094180900267045
0.003603794008250548
0.005372124644471369
0.0071035905320632016
0.00878762185459909
0.010413962781397933
0.011972733741575326
0.01345449125935906
0.014850284989615105
0.016658685134909486
0.02057130839192794
0.027673847052173732
0.017054842761461755
0.027205626469227567
0.018969354065068996
0.024861540616417335
0.016759059751936638
0.018315151558998613
0.03266362229242027
0.02230519228189783
0.03261132307364951
0.01835240077049226
0.01803748968416585
0.02383802518166909
0.018925317848736474
0.025107283589020014
0.019632898462934027
0.027931548707126164
0.02041756559691362
0.01708008955944487
0.014521222122818263
0.013129576318158347
0.01165981713251196
0.010121138014666268
0.008523137976576365
0.006875761877446238
0.005189238702476626
0.0034740182182242513
0.0017407063958135203
7.607784528685513E-15
0.001737379253525213
0.00346075056835942
0.0051595395614877785
0.006823342980654774
0.008441992249955683
0.01000561545647533
0.01150469740100066
0.012930137348573543
0.01427330412917367
0.014415635866038237
0.014340938411017533
0.01238896297540567
0.013127398396198168
0.0182714483558015
0.023479851168150614
0.028242957245823427
0.018098852108130812
0.033954341881342845
0.012022394383097237
0.0334491032254811
0.012018616816458829
0.03405420540271081
0.016232086002954574
0.030279462415797927
0.024175399551382513
0.01879103924709419
0.010692107005796514
0.01396209467889394
0.015399560795378197
0.014791109196715512
0.013994328584073013
0.0126546798379332
0.01123941341989276
0.00975736646650841
0.008217771418267088
0.0066301986482141285
0.00500449711499729
0.003350733407387148
0.0016791295566434587
3.1562931205444873E-15
0.001676311916875906
0.0033394975084833542
0.004979345999422375
0.0065858070681823165
0.008149052303014805
0.009659535194493354
0.011108049299681524
0.012485784224259328
0.013784379082912022
0.014544752164457829
0.015117651050509296
0.0215455102062686
0.028200700948667116
0.018805741246818886
0.01733307063681057
0.018025433393223943
0.03312152668913977
0.020501011286864858
0.029764204530196445
0.019213357558049506
0.0296757089423607
0.02061088422908909
0.03408970397760739
0.01699359402529829
0.017829773394809397
0.019053467258101572
0.02825758287098253
0.019184610061306746
0.01365868865372417
0.013706736739404311
0.013548571158453334
0.012252950983883099
0.010883816402484753
0.009449702303199166
0.00795953029846868
0.006422553345607295
0.004848298416963351
0.003246507573129912
0.0016270778027897676
3.233256750649819E-15
0.0016247025454964054
0.0032370357671761044
0.0048270961718899375
0.006385131545148715
0.007901600640544343
0.009367231488451633
0.010773077968528782
0.012110574301544339
0.013371587129266066
0.015701295717581967
0.018737630082657292
0.016778752534468686
0.008884821591884553
0.018774801936734087
0.03144246638481966
0.034700493687180776
0.016383315747397896
0.033495404423885336
0.012860400230287599
0.03675593325363922
0.012901784669643483
0.03333354065192085
0.01781772852527
0.033596925380469135
0.03156048402178292
0.01896540194889065
0.010397381149086967
0.016378093236816042
0.0183108507131651
0.01480293778611704
0.013173533359921904
0.011915019650559106
0.010584747402744512
0.009190996056054094
0.007742424727156989
0.006248018519873123
0.004717032902422066
0.0031589364957643937
0.001583352625868426
5.571117337372613E-15
0.0015813671279492594
0.003151018935385286
0.004699309784059486
0.006216737382100599
0.007694000992689975
0.009122058333464968
0.01049218081939949
0.011796006812017491
0.01302559255093508
0.016037507477485134
0.016937198870718168
0.0182477390215264
0.02013247842397637
0.023481295286234407
0.019384311426934
0.010175644926930794
0.03823296179642293
0.021243915428169297
0.026100065104837835
0.014701459943219142
0.026012022173314487
0.02119847426388291
0.03782790416773359
0.012072320436231654
0.018539236524642934
0.023729845141886478
0.01755633861884557
0.02013929460373619
0.019276753370977694
0.01765588970263265
0.012861044675939359
0.011633535736635005
0.010335712165392487
0.008975639047642345
0.007561755518895703
0.006102822496011392
0.004607868489187899
0.0030861338289844705
0.0015470136525532136
9.069703060005551E-15
0.0015453766227218556
0.0030796058552979254
0.0045932559091489515
0.006077031449696179
0.00752183058031065
0.008918800579126626
0.010259392048034322
0.011535411143217131
0.012739069568689386
0.008980607741061183
0.011278360877366644
0.011221275017938114
0.020150660024534965
0.022608906787165234
0.019556878488335688
0.0222559986599555
0.02746853621681838
0.028295935339520285
0.015002185692657996
0.036259981445362015
0.015065012710395854
0.02796065176022362
0.02749825018066825
0.021480615426443424
0.01785756879320751
0.02344842559209505
0.021820161609603185
0.009457933719677127
0.008293697325396504
0.007908094869025165
0.012604699581219172
0.011402737382909664
0.010131620185261342
0.008799235330317628
0.007413839913163211
0.0059840096968891395
0.004518586115974155
0.003026621694946151
0.0015173242190135846
2.8301918590171992E-15
0.0015160034130041354
0.0030213547264749726
0.004506796245603463
0.005963200715943375
0.007381627315092107
0.008753376451610442
0.010070043035634874
0.01132356789569566
0.01250628702760664
0.019411810967145032
0.024150276552029604
0.024743244964847626
0.011642103280558074
0.016735292821938794
0.02425256112442559
0.0241557781511208
0.02638592953812102
0.01957440412110577
0.02315128780532844
0.009585890559360032
0.023096046391284708
0.019480941622328943
0.0252948027105648
0.023976298903045246
0.02654257072091097
0.01414941164219335
0.011994321441731095
0.0242116183127401
0.023981447451288374
0.01827967330304776
0.012399509771536976
0.011218138743391204
0.009968509378500813
0.008658364370334305
0.007295813132377889
0.005889281682098146
0.004447460615538487
0.0029792514937038187
0.0014937119704679276
3.630821397445289E-15
0.0014926825331004828
0.0029751464147076256
0.00443827158538515
0.005873063161208746
0.0072707066476916495
0.008622622008382224
0.009920516256842595
0.01115643425041826
0.012322807374819325
0.01449703339310666
0.008095561046944085
0.008581077866206304
0.022602810465984436
0.029619112520716792
0.025042072006157694
0.01865081072798311
0.022474694052067565
0.021827060939448247
0.017568515773660885
0.03200538244884412
0.017629988089280717
0.02156344429158721
0.02190789351902019
0.01909013081425655
0.025531183887592047
0.030819059934171646
0.021262434390140153
0.01058515597958525
0.010854983317558714
0.017456074456882614
0.012241651830622403
0.011076303439822532
0.009843346313629906
0.008550408863447162
0.007205484406092605
0.005816881820232458
0.004393174290418505
0.0029431464544537665
0.0014757402795359917
8.541663254357528E-15
0.0014749835446442835
0.0029401288293612925
0.004386419477507188
0.005804959666127491
0.007187028762767943
0.008524134858664056
0.009808066870153813
0.011030944889176617
0.012185268474426709
0.009800249843452036
0.01823510045225076
0.016488674584371543
0.014604535746918168
0.003263481209524333
0.02722906831002643
0.014144266911885545
0.018508057439791448
0.018376363354476406
0.021639959361621008
0.009341438655652934
0.021617008099799682
0.018357154969820117
0.018518424229925574
0.013100570933762015
0.025005017860116982
0.005963456092737687
0.015331021207397526
0.014384153087801978
0.01579548972926903
0.006190246827809407
0.012128285123689447
0.010974681112934218
0.009753882124996833
0.008473430582413264
0.007141233191080953
0.005765512186423923
0.004354754658465339
0.002917660267523989
0.001463087672364084
1.2867627161154698E-14
0.0014625903074063742
0.0029156769298877903
0.004350315050558474
0.00575767634009918
0.007129103207224345
0.008456161982300758
0.009730694707843976
0.010944869218247982
0.012091227201862287
0.022034361726693916
0.01677956473961511
0.018120991488667523
0.015296576183612454
0.033139338755511887
0.017543173671984828
0.02431649627915526
0.017381219478909547
0.01860523641932499
0.019668695412236533
0.024875078040432576
0.019709720796914035
0.018549221832618278
0.017285897528778977
0.02414982824811563
0.01711730281007128
0.032335374007324676
0.015475963434933706
0.018967090516961986
0.016923486880934386
0.02157864765373408
0.012057423013993715
0.010911491925412294
0.009698550779602697
0.008426082790691874
0.007101936019154349
0.0057342750353483775
0.004331530647306559
0.0029023480018523407
0.0014555333780331059
1.0293217371767406E-14
0.0014552867977835982
0.002901364716139882
0.00432932960880013
0.00573039023352464
0.007095922300619831
0.008417521487011529
0.009687055090155654
0.010896712005370224
0.012039050719145015
0.010468649177392469
0.01211699578064895
0.014971667475386531
0.01857673843628557
0.019941488988653673
0.018152163466647973
0.013964683227965298
0.018583838284404304
0.01829404342556038
0.0208837222744163
0.016379693604157485
0.020863496918559692
0.018293448162812448
0.01844874156946755
0.01509721313405573
0.018863001133543365
0.022226316308759986
0.018605711301004073
0.016551732194128407
0.013213212701350632
0.014305484380935056
0.012027846164574689
0.01088564895080106
0.009676400843694845
0.00840755161045971
0.007086917623866648
0.005722633777814504
0.004323103446447965
0.0028969467941664215
0.0014529477539657182
